0  12.961 22.251
5  13.438 25.133
10 13.379 25.267
15 13.237 25.199
20 12.954 25.388
25 12.614 25.085
30 12.050 24.969
35 11.515 25.046
40 10.706 25.046
45 9.939 25.033
50 8.946 24.944
55 8.153 24.952
60 6.929 24.913
65 5.828 24.776
70 4.543 24.738
75 3.101 23.999
80 2.142 24.166
85 1.003 24.359
90 0.438 24.428
95 1.528 24.112
100 2.597 24.289
105 3.559 24.357
110 4.564 24.383
115 5.693 24.140
120 6.786 24.170
125 7.590 24.058
130 8.444 24.149
135 9.270 24.177
140 9.964 24.175
145 10.660 24.780
150 11.344 23.992
155 11.906 24.902
160 12.130 23.916
165 12.527 23.812
170 12.878 22.127
175 12.794 22.406
180 13.427 25.182