0 10.969    7.359   9.032
5 10.518    7.088   8.990
10 10.648   7.285   9.058
15 10.385   6.917   9.018
20 10.546   7.092   9.026
25 10.590   6.973   9.024
30 10.517   7.168   8.995
35 10.412   6.895   8.917
40 10.608   6.768   9.020
45 10.618   6.647   8.991
50 10.423   5.987   8.997
55 10.487   6.171   8.987
60 10.510   5.403   8.992
65 11.340   5.742   8.978
70 10.374   5.070   9.009
75 10.584   5.197   9.055
80 10.514   5.311   9.005
85 10.497   5.670   8.975
90 10.760   5.511   8.970
95 10.965   5.663   8.937
100 10.630  5.891   9.044
105 11.005  5.818   8.982
110 10.735  6.052   9.060
115 10.355  6.333   9.038
120 10.522  6.300   8.994
125 11.347  5.712   8.958
130 11.370  5.893   8.970
135 11.448  6.033   8.949
140 10.102  7.361   8.935
145 10.500  7.051   8.881
150 11.599  6.183   8.916
155 11.566  6.552   8.906	
160 11.671  6.155   8.926
165 9.883   8.028   8.982
170 11.447  6.481   8.904
175 11.491  6.514   8.932
180 11.284  6.907   8.914