# I in A, B in T

0 0
111.2e-3 1 
273.5e-3 2 
397.8e-3 3 
479.9e-3 4 
537.9e-3 5 
585.1e-3 6 
621.8e-3 7 
653.1e-3 8 
679.9e-3 9 
704.3e-3 10 
689.1e-3 9 
671.7e-3 8 
651.9e-3 7 
627.7e-3 6 
600.7e-3 5 
565.1e-3 4 
519.2e-3 3 
455.4e-3 2 
326.2e-3 1 
122.8e-3 0 
-82.1e-3 -1 
-256.3e-3 -2 
-391.4e-3 -3 
-479.6e-3 -4 
-536.9e-3 -5 
-582.8e-3 -6 
-619.5e-3 -7 
-649.6e-3 -8 
-678.1e-3 -9 
-702.7e-3 -10 
-687.8e-3 -9 
-669.6e-3 -8 
-650.1e-3 -7 
-627.4e-3 -6 
-599.7e-3 -5 
-564.2e-3 -4 
-519.6e-3 -3 
-452.3e-3 -2 
-320.6e-3 -1 
-123.3e-3 0 
78.4e-3 1 
258.9e-3 2 
391.9e-3 3 
479.0e-3 4 
537.6e-3 5 
585.0e-3 6 
620.1e-3 7 
650.1e-3 8 
678.7e-3 9 
702.4e-3 10 
