# #x(mm), I(micro A)
0.00    0.1
0.25    0.14
0.50    0.23
0.75    0.40
1.00    0.68
1.25    1.09
1.50    1.6
1.75    2.3
2.00    3.0
2.25    3.6
2.50    4.5
2.75    5.4
3.00    6.4
3.25    7.3
3.50    8.1
3.75    9.7
4.00    10.6
4.25    11.6
4.50    10.7
4.75    9.7
5.00    8.4
5.25    6.7
5.50    4.1
5.75    2.6
6.00    1.1
6.25    0.4
6.50    0.3
6.75    0.7
7.00    1.4
7.25    2.4
7.50    3.6
7.75    4.9
8.00    6.5
8.25    7.8
8.50    8.6
8.75    9.1
9.00    10.3
9.25    9.7
9.50    8.9
9.75    8.4
10.00   7.9
10.25   7.1
10.50   6.7
10.75   5.1
11.00   4.2
11.25   3.3
11.50   2.4
11.75   1.4
12.00   0.9
12.25   0.7
12.50   0.4
12.75   0.3
