# #x(mm), I(micro A)
0.00    0.24
0.25    0.35
0.50    0.46
0.75    0.60
1.00    0.65
1.25    0.9
1.50    0.95
1.75    1.1
2.00    1.0
2.25    0.97
2.50    0.98
2.75    0.84
3.00    0.75
3.25    0.57
3.50    0.43
3.75    0.35
4.00    0.22
4.25    0.11
4.50    0.06
4.75    0.03
5.00    0.04
5.25    0.08
5.50    0.13
5.75    0.22
6.00    0.30
6.25    0.36
6.50    0.43
6.75    0.34
7.00    0.32
7.25    0.34
7.50    0.24
7.75    0.16
8.00    0.06
8.25    0.05
8.50    0.11
8.75    0.21
9.00    0.27
9.25    0.43
9.50    0.65
9.75    0.72
10.00   0.76
10.25   0.80
10.50   0.70
10.75   0.65
11.00   0.51
11.25   0.44
11.50   0.32
11.75   0.26
12.00   0.18
12.25   0.14
12.50   0.1
12.75   0.06
13.00   0.04
   