# D in m, x in m
4.000000000000003715e-05 2.821689000000000835e-02
7.000000000000006163e-05 4.670815000000001771e-02
9.999999999999997769e-05 7.348504000000002923e-02
1.300000000000000157e-04 9.853393000000003343e-02
2.000000000000000638e-04 1.212068200000000623e-01
2.500000000000000052e-04 1.408557100000000506e-01
3.200000000000000262e-04 1.568326000000000719e-01
3.600000000000000227e-04 1.684894900000000750e-01
3.200000000000000262e-04 1.568326000000000719e-01
3.600000000000000227e-04 1.684894900000000750e-01
4.000000000000000192e-04 1.751783800000000779e-01
