105.000 5.342
110.000 6.886
115.000 7.037
120.000 7.262
125.000 7.402
130.000 7.468
135.000 7.518
140.000 7.599
145.000 7.797
150.000 7.871
155.000 7.989
160.000 7.956
165.000 8.169
170.000 8.267
175.000 8.257
180.000 8.324
185.000 8.437
190.000 8.650
195.000 8.784
200.000 8.863
205.000 8.983
210.000 9.035
215.000 9.185
220.000 9.475
225.000 9.519
230.000 9.734
235.000 9.799
240.000 10.208
245.000 10.291
250.000 10.361
255.000 10.637
260.000 10.791
265.000 11.077
270.000 11.294
275.000 11.580
280.000 11.921
285.000 12.103
290.000 12.480
295.000 12.657
300.000 13.114
305.000 13.579
310.000 13.857
315.000 14.394
320.000 14.694
325.000 15.328
330.000 15.953
335.000 16.313
340.000 17.098
345.000 17.566
350.000 18.499
355.000 19.462
360.000 20.025
365.000 21.152
370.000 21.746
375.000 23.068
380.000 24.449
385.000 25.268
390.000 26.809
395.000 27.669
400.000 29.465
405.000 31.188
410.000 32.174
415.000 33.920
420.000 34.691
425.000 36.214
430.000 37.362
435.000 37.800
440.000 38.235
445.000 38.415
450.000 38.122
455.000 37.431
460.000 36.960
465.000 35.691
470.000 34.931
475.000 33.548
480.000 32.042
485.000 31.288
490.000 29.873
495.000 29.129
500.000 27.893
505.000 26.751
510.000 25.989
515.000 25.125
520.000 24.650
525.000 23.844
530.000 23.054
535.000 22.636
540.000 22.165
545.000 21.796
550.000 21.377
555.000 21.049
560.000 20.864
565.000 20.559
570.000 20.497
575.000 20.333
580.000 20.312
585.000 20.308
590.000 20.369
595.000 20.439
600.000 20.646
605.000 20.948
610.000 21.151
615.000 21.699
620.000 21.957
625.000 22.780
630.000 23.911
635.000 24.397
640.000 25.696
645.000 26.541
650.000 28.587
655.000 31.171
660.000 32.811
665.000 36.807
670.000 39.222
675.000 45.614
680.000 55.157
685.000 61.551
690.000 78.629
695.000 89.259
700.000 106.748
705.000 99.091
710.000 82.229
715.000 53.412
720.000 45.163
725.000 33.752
730.000 26.584
735.000 24.188
740.000 19.869
745.000 18.175
750.000 15.414
755.000 13.268
760.000 12.363
765.000 10.850
770.000 10.162
775.000 9.031
780.000 8.100
785.000 7.691
790.000 6.995
795.000 6.690
800.000 6.134
805.000 5.611
810.000 5.384
815.000 4.928
820.000 4.731
825.000 4.339
830.000 3.993
835.000 3.831
840.000 3.541
845.000 3.402
850.000 3.148
855.000 2.921
860.000 2.805
865.000 2.614
870.000 2.514
875.000 2.347
880.000 2.259
885.000 2.107
890.000 1.970
895.000 1.904
900.000 1.783
905.000 1.723
910.000 1.610
915.000 1.504
920.000 1.457
925.000 1.369
930.000 1.320
935.000 1.226
940.000 1.143
945.000 1.107
950.000 1.040
955.000 1.007
960.000 0.943
965.000 0.874
970.000 0.842
975.000 0.788
980.000 0.755
985.000 0.720
990.000 0.667
995.000 0.628
1000.000 0.597
1005.000 0.576
1010.000 0.542
1015.000 0.495
1020.000 0.494
1025.000 0.465
1030.000 0.438
1035.000 0.422
1040.000 0.393
1045.000 0.390
1050.000 0.377
1055.000 0.377
1060.000 0.377
1065.000 0.371
1070.000 0.373
1075.000 0.386
1080.000 0.390
1085.000 0.404
1090.000 0.420
1095.000 0.431
1100.000 0.462
1105.000 0.468
1110.000 0.502
1115.000 0.535
1120.000 0.551
1125.000 0.587
1130.000 0.607
1135.000 0.645
1140.000 0.687
1145.000 0.709
1150.000 0.754
1155.000 0.773
1160.000 0.831
1165.000 0.885
1170.000 0.912
1175.000 0.972
1180.000 1.007
1185.000 1.070
1190.000 1.139
1195.000 1.173
1200.000 1.247
1205.000 1.286
1210.000 1.370
1215.000 1.462
1220.000 1.512
1225.000 1.614
1230.000 1.665
1235.000 1.778
1240.000 1.897
1245.000 1.965
1250.000 2.106
1255.000 2.178
1260.000 2.349
1265.000 2.535
1270.000 2.634
1275.000 2.846
1280.000 2.963
1285.000 3.227
1290.000 3.522
1295.000 3.677
1300.000 4.049
1305.000 4.261
1310.000 4.712
1315.000 5.275
1320.000 5.592
1325.000 6.323
1330.000 6.771
1335.000 7.835
1340.000 9.165
1345.000 10.010
1350.000 12.104
1355.000 13.427
1360.000 16.830
1365.000 21.790
1370.000 24.887
1375.000 31.762
1380.000 34.833
1385.000 35.725
1390.000 28.505
1395.000 24.438
1400.000 18.981
1405.000 17.133
1410.000 14.221
1415.000 12.218
1420.000 11.455
1425.000 10.151
1430.000 9.634
1435.000 8.754
1440.000 8.032
1445.000 7.732
1450.000 7.209
1455.000 6.944
1460.000 6.530
1465.000 6.348
1470.000 6.025
1475.000 5.739
1480.000 5.611
1485.000 5.378
1490.000 5.267
1495.000 5.083
1500.000 4.899
1505.000 4.818
1510.000 4.667
1515.000 4.597
1520.000 4.464
1525.000 4.341
1530.000 4.282
1535.000 4.171
1540.000 4.122
1545.000 4.018
1550.000 3.916
1555.000 3.872
1560.000 3.775
1565.000 3.730
1570.000 3.640
1575.000 3.552
1580.000 3.504
1585.000 3.417
1590.000 3.374
1595.000 3.274
1600.000 3.184
1605.000 3.143
1610.000 3.045
1615.000 3.006
1620.000 2.912
1625.000 2.833
1630.000 2.811
1635.000 2.770
1640.000 2.755
1645.000 2.774
1650.000 2.821
1655.000 2.861
1660.000 2.971
1665.000 3.037
1670.000 3.191
1675.000 3.363
1680.000 3.459
1685.000 3.641
1690.000 3.741
1695.000 3.924
1700.000 4.096
1705.000 4.182
1710.000 4.345
1715.000 4.414
1720.000 4.568
1725.000 4.706
1730.000 4.774
1735.000 4.908
1740.000 4.974
1745.000 5.092
1750.000 5.225
1755.000 5.294
1760.000 5.420
1765.000 5.478
1770.000 5.610
1775.000 5.676
1780.000 5.809
1785.000 5.946
1790.000 6.020
1795.000 6.166
1800.000 6.241
1805.000 6.400
1810.000 6.554
1815.000 6.640
1820.000 6.805
1825.000 6.896
1830.000 7.080
1835.000 7.274
1840.000 7.368
1845.000 7.586
1850.000 7.697
1855.000 7.918
1860.000 8.167
1865.000 8.294
1870.000 8.554
1875.000 8.840
1880.000 8.988
1885.000 9.286
1890.000 9.443
1895.000 9.777
1900.000 10.106
1905.000 10.285
1910.000 10.665
1915.000 10.854
1920.000 11.254
1925.000 11.695
1930.000 11.924
1935.000 12.396
1940.000 12.642
1945.000 13.179
1950.000 13.748
1955.000 14.067
1960.000 14.726
1965.000 15.075
1970.000 15.857
1975.000 16.684
1980.000 17.109
1985.000 18.069
1990.000 18.595
1995.000 19.658
2000.000 20.903
2005.000 21.548
2010.000 22.927
2015.000 23.690
2020.000 25.354
2025.000 27.103
2030.000 28.058
2035.000 30.170
2040.000 31.258
2045.000 33.434
2050.000 34.765
2055.000 37.007
2060.000 38.989
2065.000 39.886
2070.000 41.160
2075.000 41.506
2080.000 41.621
2085.000 40.828
2090.000 40.151
2095.000 38.174
2100.000 36.974
2105.000 34.562
2110.000 31.967
2115.000 30.730
2120.000 28.404
2125.000 27.270
2130.000 25.092
2135.000 23.221
2140.000 22.298
2145.000 20.642
2150.000 19.888
2155.000 18.531
2160.000 17.264
2165.000 16.689
2170.000 15.632
2175.000 15.138
2180.000 14.227
2185.000 13.404
2190.000 13.004
2195.000 12.288
2200.000 11.969
2205.000 11.314
2210.000 10.730
2215.000 10.475
2220.000 9.951
2225.000 9.717
2230.000 9.289
2235.000 8.870
2240.000 8.680
2245.000 8.331
2250.000 8.156
2255.000 7.839
2260.000 7.549
2265.000 7.402
2270.000 7.132
2275.000 7.002
2280.000 6.763
2285.000 6.530
2290.000 6.418
2295.000 6.214
2300.000 6.107
2305.000 5.919
2310.000 5.746
2315.000 5.662
2320.000 5.504
2325.000 5.429
2330.000 5.278
2335.000 5.144
2340.000 5.083
2345.000 4.949
2350.000 4.892
2355.000 4.780
2360.000 4.730
2365.000 4.633
2370.000 4.538
2375.000 4.488
2380.000 4.405
2385.000 4.366
2390.000 4.293
2395.000 4.222
2400.000 4.191
2405.000 4.127
2410.000 4.096
2415.000 4.040
2420.000 3.984
2425.000 3.963
2430.000 3.918
2435.000 3.894
2440.000 3.851
2445.000 3.821
2450.000 3.803
2455.000 3.776
2460.000 3.763
2465.000 3.735
2470.000 3.715
2475.000 3.703
2480.000 3.693
2485.000 3.688
2490.000 3.675
2495.000 3.671
2500.000 3.668
2505.000 3.667
2510.000 3.668
2515.000 3.673
2520.000 3.683
2525.000 3.687
2530.000 3.700
2535.000 3.707
2540.000 3.730
2545.000 3.757
2550.000 3.772
2555.000 3.802
2560.000 3.823
2565.000 3.860
2570.000 3.903
2575.000 3.929
2580.000 3.983
2585.000 4.011
2590.000 4.075
2595.000 4.148
2600.000 4.188
2605.000 4.268
2610.000 4.315
2615.000 4.412
2620.000 4.518
2625.000 4.582
2630.000 4.707
2635.000 4.773
2640.000 4.921
2645.000 5.093
2650.000 5.178
2655.000 5.370
2660.000 5.478
2665.000 5.700
2670.000 5.970
2675.000 6.108
2680.000 6.409
2685.000 6.586
2690.000 6.975
2695.000 7.397
2700.000 7.639
2705.000 8.198
2710.000 8.506
2715.000 9.185
2720.000 10.056
2725.000 10.547
2730.000 11.658
2735.000 12.379
2740.000 14.010
2745.000 16.025
2750.000 17.396
2755.000 20.547
2760.000 22.325
2765.000 27.051
2770.000 32.121
2775.000 34.263
2780.000 36.051
2785.000 34.903
2790.000 29.578
2795.000 23.491
2800.000 21.098
2805.000 17.463
2810.000 15.952
2815.000 13.506
2820.000 11.773
2825.000 11.000
2830.000 9.751
2835.000 9.229
2840.000 8.344
2845.000 7.582
2850.000 7.261
2855.000 6.706
2860.000 6.431
2865.000 5.975
2870.000 5.585
2875.000 5.408
2880.000 5.077
2885.000 4.946
2890.000 4.665
2895.000 4.425
2900.000 4.320
2905.000 4.104
2910.000 4.011
2915.000 3.844
2920.000 3.677
2925.000 3.606
2930.000 3.468
2935.000 3.398
2940.000 3.274
2945.000 3.217
2950.000 3.111
2955.000 3.021
2960.000 2.963
2965.000 2.882
2970.000 2.835
2975.000 2.757
2980.000 2.689
2985.000 2.663
2990.000 2.602
2995.000 2.557
3000.000 2.514
3005.000 2.458
3010.000 2.437
3015.000 2.373
3020.000 2.354
3025.000 2.311
3030.000 2.273
3035.000 2.259
3040.000 2.222
3045.000 2.201
3050.000 2.165
3055.000 2.137
3060.000 2.122
3065.000 2.097
3070.000 2.086
3075.000 2.059
3080.000 2.036
3085.000 2.026
3090.000 2.007
3095.000 1.994
3100.000 1.976
3105.000 1.962
3110.000 1.955
3115.000 1.942
3120.000 1.937
3125.000 1.925
3130.000 1.915
3135.000 1.914
3140.000 1.905
3145.000 1.903
3150.000 1.899
3155.000 1.895
3160.000 1.894
3165.000 1.892
3170.000 1.896
3175.000 1.893
3180.000 1.895
3185.000 1.896
3190.000 1.903
3195.000 1.907
3200.000 1.910
3205.000 1.924
3210.000 1.927
3215.000 1.943
3220.000 1.944
3225.000 1.958
3230.000 1.976
3235.000 1.985
3240.000 2.002
3245.000 2.015
3250.000 2.036
3255.000 2.063
3260.000 2.074
3265.000 2.106
3270.000 2.119
3275.000 2.156
3280.000 2.191
3285.000 2.213
3290.000 2.252
3295.000 2.278
3300.000 2.328
3305.000 2.385
3310.000 2.414
3315.000 2.474
3320.000 2.509
3325.000 2.589
3330.000 2.669
3335.000 2.711
3340.000 2.812
3345.000 2.861
3350.000 2.973
3355.000 3.107
3360.000 3.175
3365.000 3.323
3370.000 3.411
3375.000 3.606
3380.000 3.820
3385.000 3.955
3390.000 4.233
3395.000 4.393
3400.000 4.749
3405.000 5.198
3410.000 5.452
3415.000 6.057
3420.000 6.413
3425.000 7.280
3430.000 8.382
3435.000 9.125
3440.000 10.921
3445.000 11.938
3450.000 14.886
3455.000 18.317
3460.000 19.863
3465.000 21.416
3470.000 20.580
3475.000 16.581
3480.000 12.467
3485.000 11.039
3490.000 8.979
3495.000 8.097
3500.000 6.819
3505.000 5.912
3510.000 5.488
3515.000 4.853
3520.000 4.587
3525.000 4.120
3530.000 3.744
3535.000 3.581
3540.000 3.273
3545.000 3.149
3550.000 2.929
3555.000 2.830
3560.000 2.633
3565.000 2.480
3570.000 2.406
3575.000 2.264
3580.000 2.199
3585.000 2.096
3590.000 1.988
3595.000 1.939
3600.000 1.858
3605.000 1.815
3610.000 1.741
3615.000 1.678
3620.000 1.639
3625.000 1.585
3630.000 1.555
3635.000 1.500
3640.000 1.455
3645.000 1.432
3650.000 1.390
3655.000 1.372
3660.000 1.334
3665.000 1.299
3670.000 1.282
3675.000 1.252
3680.000 1.235
3685.000 1.210
3690.000 1.186
3695.000 1.175
3700.000 1.151
3705.000 1.143
3710.000 1.126
3715.000 1.107
3720.000 1.094
3725.000 1.080
3730.000 1.074
3735.000 1.060
3740.000 1.044
3745.000 1.038
3750.000 1.029
3755.000 1.023
3760.000 1.011
3765.000 1.004
3770.000 1.000
3775.000 0.991
3780.000 0.989
3785.000 0.982
3790.000 0.974
3795.000 0.973
3800.000 0.968
3805.000 0.968
3810.000 0.960
3815.000 0.959
3820.000 0.957
3825.000 0.957
3830.000 0.956
3835.000 0.953
3840.000 0.954
3845.000 0.955
3850.000 0.953
3855.000 0.957
3860.000 0.956
3865.000 0.961
3870.000 0.966
3875.000 0.969
3880.000 0.967
3885.000 0.976
3890.000 0.980
3895.000 0.982
3900.000 0.990
3905.000 0.995
3910.000 1.001
3915.000 1.014
3920.000 1.020
3925.000 1.030
3930.000 1.034
3935.000 1.048
3940.000 1.067
3945.000 1.078
3950.000 1.086
3955.000 1.099
3960.000 1.121
3965.000 1.147
3970.000 1.162
3975.000 1.184
3980.000 1.205
3985.000 1.213
3990.000 1.249
3995.000 1.280
4000.000 1.299
4005.000 1.317
4010.000 1.365
4015.000 1.416
4020.000 1.434
4025.000 1.493
4030.000 1.533
4035.000 1.606
4040.000 1.683
4045.000 1.719
4050.000 1.809
4055.000 1.852
4060.000 1.965
4065.000 2.092
4070.000 2.168
4075.000 2.327
4080.000 2.405
4085.000 2.627
4090.000 2.877
4095.000 3.008
4100.000 3.363
4105.000 3.563
4110.000 4.008
4115.000 4.668
4120.000 5.057
4125.000 5.971
4130.000 6.694
4135.000 8.379
4140.000 9.409
4145.000 11.674
4150.000 13.849
4155.000 14.139
4160.000 12.459
4165.000 10.754
4170.000 8.151
4175.000 6.535
4180.000 5.854
4185.000 4.906
4190.000 4.567
4195.000 3.935
4200.000 3.474
4205.000 3.299
4210.000 2.943
4215.000 2.801
4220.000 2.559
4225.000 2.335
4230.000 2.242
4235.000 2.081
4240.000 1.999
4245.000 1.875
4250.000 1.773
4255.000 1.720
4260.000 1.635
4265.000 1.598
4270.000 1.530
4275.000 1.473
4280.000 1.454
4285.000 1.402
4290.000 1.382
4295.000 1.342
4300.000 1.304
4305.000 1.290
4310.000 1.263
4315.000 1.247
4320.000 1.216
4325.000 1.191
4330.000 1.178
4335.000 1.158
4340.000 1.145
4345.000 1.125
4350.000 1.109
4355.000 1.100
4360.000 1.084
4365.000 1.081
4370.000 1.065
4375.000 1.056
4380.000 1.050
4385.000 1.039
4390.000 1.035
4395.000 1.027
4400.000 1.021
4405.000 1.017
4410.000 1.004
4415.000 1.003
4420.000 0.995
4425.000 0.992
4430.000 0.987
4435.000 0.985
4440.000 0.981
4445.000 0.977
4450.000 0.976
4455.000 0.978
4460.000 0.978
4465.000 0.977
4470.000 0.978
4475.000 0.978
4480.000 0.978
4485.000 0.976
4490.000 0.978
4495.000 0.982
4500.000 0.982
4505.000 0.983
4510.000 0.987
4515.000 0.991
4520.000 0.995
4525.000 0.998
4530.000 1.002
4535.000 1.010
4540.000 1.012
4545.000 1.019
4550.000 1.033
4555.000 1.037
4560.000 1.045
4565.000 1.052
4570.000 1.062
4575.000 1.074
4580.000 1.076
4585.000 1.090
4590.000 1.096
4595.000 1.106
4600.000 1.119
4605.000 1.127
4610.000 1.140
4615.000 1.141
4620.000 1.156
4625.000 1.171
4630.000 1.181
4635.000 1.197
4640.000 1.204
4645.000 1.220
4650.000 1.236
4655.000 1.248
4660.000 1.264
4665.000 1.268
4670.000 1.281
4675.000 1.296
4680.000 1.303
4685.000 1.314
4690.000 1.319
4695.000 1.338
4700.000 1.351
4705.000 1.365
4710.000 1.386
4715.000 1.393
4720.000 1.424
4725.000 1.436
4730.000 1.469
4735.000 1.512
4740.000 1.538
4745.000 1.585
4750.000 1.620
4755.000 1.693
4760.000 1.782
4765.000 1.831
4770.000 1.960
4775.000 2.035
4780.000 2.200
4785.000 2.423
4790.000 2.553
4795.000 2.846
4800.000 3.061
4805.000 3.529
4810.000 4.128
4815.000 4.555
4820.000 5.548
4825.000 6.089
4830.000 7.648
4835.000 9.193
4840.000 9.710
4845.000 9.695
4850.000 9.021
4855.000 7.351
4860.000 5.867
4865.000 5.343
4870.000 4.564
4875.000 4.213
4880.000 3.688
4885.000 3.315
4890.000 3.142
4895.000 2.859
4900.000 2.744
4905.000 2.532
4910.000 2.372
4915.000 2.297
4920.000 2.169
4925.000 2.109
4930.000 2.011
4935.000 1.928
4940.000 1.886
4945.000 1.820
4950.000 1.794
4955.000 1.734
4960.000 1.689
4965.000 1.666
4970.000 1.638
4975.000 1.621
4980.000 1.586
4985.000 1.565
4990.000 1.548
4995.000 1.521
5000.000 1.524
5005.000 1.525
5010.000 1.514
5015.000 1.505
5020.000 1.511
5025.000 1.506
5030.000 1.525
5035.000 1.525
5040.000 1.531
5045.000 1.540
5050.000 1.536
5055.000 1.543
5060.000 1.555
5065.000 1.556
5070.000 1.563
5075.000 1.565
5080.000 1.578
5085.000 1.583
5090.000 1.589
5095.000 1.603
5100.000 1.607
5105.000 1.621
5110.000 1.635
5115.000 1.640
5120.000 1.655
5125.000 1.662
5130.000 1.671
5135.000 1.682
5140.000 1.690
5145.000 1.698
5150.000 1.701
5155.000 1.707
5160.000 1.719
5165.000 1.724
5170.000 1.732
5175.000 1.736
5180.000 1.744
5185.000 1.753
5190.000 1.761
5195.000 1.767
5200.000 1.768
5205.000 1.775
5210.000 1.781
5215.000 1.786
5220.000 1.796
5225.000 1.796
5230.000 1.806
5235.000 1.816
5240.000 1.818
5245.000 1.829
5250.000 1.832
5255.000 1.845
5260.000 1.856
5265.000 1.862
5270.000 1.875
5275.000 1.887
5280.000 1.902
5285.000 1.917
5290.000 1.930
5295.000 1.950
5300.000 1.959
5305.000 1.983
5310.000 2.009
5315.000 2.024
5320.000 2.046
5325.000 2.063
5330.000 2.097
5335.000 2.112
5340.000 2.150
5345.000 2.192
5350.000 2.211
5355.000 2.262
5360.000 2.282
5365.000 2.332
5370.000 2.395
5375.000 2.428
5380.000 2.490
5385.000 2.527
5390.000 2.605
5395.000 2.683
5400.000 2.728
5405.000 2.835
5410.000 2.887
5415.000 2.998
5420.000 3.136
5425.000 3.206
5430.000 3.349
5435.000 3.446
5440.000 3.636
5445.000 3.851
5450.000 3.978
5455.000 4.245
5460.000 4.382
5465.000 4.750
5470.000 5.165
5475.000 5.368
5480.000 5.963
5485.000 6.290
5490.000 7.009
5495.000 8.083
5500.000 8.694
5505.000 10.098
5510.000 11.114
5515.000 13.592
5520.000 16.499
5525.000 18.381
5530.000 21.624
5535.000 22.315
5540.000 20.677
5545.000 16.064
5550.000 14.139
5555.000 11.130
5560.000 10.034
5565.000 8.344
5570.000 7.082
5575.000 6.605
5580.000 5.839
5585.000 5.497
5590.000 4.877
5595.000 4.433
5600.000 4.235
5605.000 3.857
5610.000 3.700
5615.000 3.423
5620.000 3.287
5625.000 3.064
5630.000 2.886
5635.000 2.790
5640.000 2.630
5645.000 2.564
5650.000 2.423
5655.000 2.304
5660.000 2.259
5665.000 2.151
5670.000 2.104
5675.000 2.021
5680.000 1.944
5685.000 1.905
5690.000 1.839
5695.000 1.809
5700.000 1.743
5705.000 1.690
5710.000 1.660
5715.000 1.611
5720.000 1.589
5725.000 1.545
5730.000 1.499
5735.000 1.482
5740.000 1.446
5745.000 1.430
5750.000 1.398
5755.000 1.370
5760.000 1.355
5765.000 1.328
5770.000 1.323
5775.000 1.295
5780.000 1.274
5785.000 1.262
5790.000 1.238
5795.000 1.230
5800.000 1.212
5805.000 1.197
5810.000 1.188
5815.000 1.173
5820.000 1.164
5825.000 1.149
5830.000 1.137
5835.000 1.132
5840.000 1.120
5845.000 1.117
5850.000 1.108
5855.000 1.100
5860.000 1.101
5865.000 1.095
5870.000 1.088
5875.000 1.087
5880.000 1.075
5885.000 1.080
5890.000 1.068
5895.000 1.063
5900.000 1.062
5905.000 1.058
5910.000 1.058
5915.000 1.056
5920.000 1.056
5925.000 1.056
5930.000 1.060
5935.000 1.057
5940.000 1.061
5945.000 1.061
5950.000 1.067
5955.000 1.065
5960.000 1.077
5965.000 1.073
5970.000 1.079
5975.000 1.090
5980.000 1.088
5985.000 1.096
5990.000 1.100
5995.000 1.109
6000.000 1.118
6005.000 1.128
6010.000 1.135
6015.000 1.162
6020.000 1.159
6025.000 1.177
6030.000 1.208
6035.000 1.217
6040.000 1.239
6045.000 1.258
6050.000 1.274
6055.000 1.303
6060.000 1.330
6065.000 1.355
6070.000 1.374
6075.000 1.414
6080.000 1.458
6085.000 1.486
6090.000 1.537
6095.000 1.559
6100.000 1.628
6105.000 1.692
6110.000 1.733
6115.000 1.821
6120.000 1.870
6125.000 1.962
6130.000 2.086
6135.000 2.148
6140.000 2.280
6145.000 2.374
6150.000 2.561
6155.000 2.757
6160.000 2.901
6165.000 3.190
6170.000 3.326
6175.000 3.757
6180.000 4.266
6185.000 4.512
6190.000 5.324
6195.000 5.791
6200.000 6.878
6205.000 8.524
6210.000 9.588
6215.000 11.558
6220.000 12.437
6225.000 13.125
6230.000 12.497
6235.000 10.295
6240.000 7.919
6245.000 7.094
6250.000 5.904
6255.000 5.357
6260.000 4.594
6265.000 4.048
6270.000 3.781
6275.000 3.387
6280.000 3.242
6285.000 2.931
6290.000 2.696
6295.000 2.610
6300.000 2.410
6305.000 2.329
6310.000 2.205
6315.000 2.072
6320.000 2.010
6325.000 1.919
6330.000 1.867
6335.000 1.782
6340.000 1.715
6345.000 1.670
6350.000 1.610
6355.000 1.585
6360.000 1.526
6365.000 1.477
6370.000 1.457
6375.000 1.413
6380.000 1.394
6385.000 1.357
6390.000 1.325
6395.000 1.313
6400.000 1.284
6405.000 1.274
6410.000 1.248
6415.000 1.224
6420.000 1.217
6425.000 1.196
6430.000 1.180
6435.000 1.167
6440.000 1.150
6445.000 1.136
6450.000 1.122
6455.000 1.115
6460.000 1.103
6465.000 1.092
6470.000 1.087
6475.000 1.076
6480.000 1.074
6485.000 1.071
6490.000 1.058
6495.000 1.056
6500.000 1.053
6505.000 1.049
6510.000 1.042
6515.000 1.035
6520.000 1.032
6525.000 1.023
6530.000 1.023
6535.000 1.020
6540.000 1.013
6545.000 1.013
6550.000 1.011
6555.000 1.008
6560.000 1.016
6565.000 1.011
6570.000 1.009
6575.000 1.018
6580.000 1.017
6585.000 1.018
6590.000 1.022
6595.000 1.020
6600.000 1.024
6605.000 1.022
6610.000 1.024
6615.000 1.032
6620.000 1.032
6625.000 1.033
6630.000 1.041
6635.000 1.045
6640.000 1.052
6645.000 1.056
6650.000 1.065
6655.000 1.072
6660.000 1.083
6665.000 1.093
6670.000 1.102
6675.000 1.110
6680.000 1.114
6685.000 1.129
6690.000 1.144
6695.000 1.148
6700.000 1.162
6705.000 1.172
6710.000 1.188
6715.000 1.211
6720.000 1.219
6725.000 1.238
6730.000 1.255
6735.000 1.281
6740.000 1.307
6745.000 1.325
6750.000 1.357
6755.000 1.373
6760.000 1.415
6765.000 1.454
6770.000 1.475
6775.000 1.524
6780.000 1.546
6785.000 1.599
6790.000 1.662
6795.000 1.693
6800.000 1.760
6805.000 1.799
6810.000 1.891
6815.000 1.940
6820.000 2.037
6825.000 2.169
6830.000 2.238
6835.000 2.376
6840.000 2.474
6845.000 2.673
6850.000 2.883
6855.000 3.045
6860.000 3.352
6865.000 3.504
6870.000 3.977
6875.000 4.540
6880.000 4.861
6885.000 5.733
6890.000 6.251
6895.000 7.490
6900.000 9.082
6905.000 9.904
6910.000 10.971
6915.000 11.012
6920.000 9.624
6925.000 7.709
6930.000 6.919
6935.000 5.467
6940.000 4.964
6945.000 4.227
6950.000 3.580
6955.000 3.347
6960.000 2.982
6965.000 2.777
6970.000 2.499
6975.000 2.283
6980.000 2.167
6985.000 1.990
6990.000 1.925
6995.000 1.772
7000.000 1.659
7005.000 1.609
7010.000 1.505
7015.000 1.461
7020.000 1.388
7025.000 1.309
7030.000 1.265
7035.000 1.212
7040.000 1.182
7045.000 1.128
7050.000 1.088
7055.000 1.062
7060.000 1.029
7065.000 1.006
7070.000 0.975
7075.000 0.947
7080.000 0.933
7085.000 0.905
7090.000 0.895
7095.000 0.869
7100.000 0.844
7105.000 0.833
7110.000 0.817
7115.000 0.801
7120.000 0.784
7125.000 0.769
7130.000 0.758
7135.000 0.743
7140.000 0.738
7145.000 0.728
7150.000 0.717
7155.000 0.711
7160.000 0.707
7165.000 0.699
7170.000 0.691
7175.000 0.681
7180.000 0.679
7185.000 0.669
7190.000 0.669
7195.000 0.660
7200.000 0.651
7205.000 0.645
7210.000 0.638
7215.000 0.635
7220.000 0.633
7225.000 0.628
7230.000 0.626
7235.000 0.623
7240.000 0.623
7245.000 0.620
7250.000 0.619
7255.000 0.616
7260.000 0.618
7265.000 0.612
7270.000 0.613
7275.000 0.613
7280.000 0.613
7285.000 0.605
7290.000 0.609
7295.000 0.606
7300.000 0.604
7305.000 0.604
7310.000 0.609
7315.000 0.608
7320.000 0.609
7325.000 0.612
7330.000 0.617
7335.000 0.621
7340.000 0.621
7345.000 0.625
7350.000 0.629
7355.000 0.633
7360.000 0.636
7365.000 0.639
7370.000 0.645
7375.000 0.648
7380.000 0.651
7385.000 0.658
7390.000 0.660
7395.000 0.671
7400.000 0.675
7405.000 0.688
7410.000 0.703
7415.000 0.710
7420.000 0.724
7425.000 0.738
7430.000 0.754
7435.000 0.768
7440.000 0.781
7445.000 0.801
7450.000 0.817
7455.000 0.835
7460.000 0.865
7465.000 0.880
7470.000 0.914
7475.000 0.936
7480.000 0.977
7485.000 1.023
7490.000 1.048
7495.000 1.107
7500.000 1.133
7505.000 1.209
7510.000 1.285
7515.000 1.328
7520.000 1.434
7525.000 1.496
7530.000 1.607
7535.000 1.775
7540.000 1.859
7545.000 2.043
7550.000 2.185
7555.000 2.467
7560.000 2.792
7565.000 3.052
7570.000 3.578
7575.000 3.875
7580.000 4.724
7585.000 5.784
7590.000 6.389
7595.000 7.588
7600.000 8.134
7605.000 8.358
7610.000 7.369
7615.000 6.619
7620.000 5.465
7625.000 4.981
7630.000 4.122
7635.000 3.610
7640.000 3.375
7645.000 2.962
7650.000 2.807
7655.000 2.568
7660.000 2.331
7665.000 2.246
7670.000 2.098
7675.000 2.015
7680.000 1.892
7685.000 1.798
7690.000 1.744
7695.000 1.655
7700.000 1.628
7705.000 1.555
7710.000 1.494
7715.000 1.474
7720.000 1.418
7725.000 1.396
7730.000 1.357
7735.000 1.314
7740.000 1.299
7745.000 1.263
7750.000 1.241
7755.000 1.212
7760.000 1.187
7765.000 1.176
7770.000 1.152
7775.000 1.144
7780.000 1.126
7785.000 1.109
7790.000 1.102
7795.000 1.090
7800.000 1.083
7805.000 1.068
7810.000 1.052
7815.000 1.047
7820.000 1.039
7825.000 1.028
7830.000 1.018
7835.000 1.005
7840.000 1.000
7845.000 0.990
7850.000 0.989
7855.000 0.979
7860.000 0.974
7865.000 0.969
7870.000 0.972
7875.000 0.968
7880.000 0.965
7885.000 0.964
7890.000 0.963
7895.000 0.959
7900.000 0.957
7905.000 0.951
7910.000 0.951
7915.000 0.949
7920.000 0.942
7925.000 0.945
7930.000 0.938
7935.000 0.943
7940.000 0.943
7945.000 0.946
7950.000 0.943
7955.000 0.949
7960.000 0.952
7965.000 0.954
7970.000 0.947
7975.000 0.948
7980.000 0.950
7985.000 0.954
7990.000 0.950
7995.000 0.956
8000.000 0.948
8005.000 0.958
8010.000 0.951
8015.000 0.969
8020.000 0.965
8025.000 0.979
8030.000 0.970
8035.000 0.979
8040.000 0.990
8045.000 1.001
8050.000 1.009
8055.000 1.021
8060.000 1.020
8065.000 1.033
8070.000 1.043
8075.000 1.048
8080.000 1.060
8085.000 1.068
8090.000 1.079
8095.000 1.092
8100.000 1.097
8105.000 1.113
8110.000 1.123
8115.000 1.142
8120.000 1.163
8125.000 1.174
8130.000 1.197
8135.000 1.217
8140.000 1.243
8145.000 1.271
8150.000 1.290
8155.000 1.328
8160.000 1.346
8165.000 1.384
8170.000 1.426
8175.000 1.453
8180.000 1.498
8185.000 1.524
8190.000 1.581
8195.000 1.652
8200.000 1.689
8205.000 1.768
8210.000 1.817
8215.000 1.936
8220.000 2.064
8225.000 2.142
8230.000 2.328
8235.000 2.424
8240.000 2.621
8245.000 2.913
8250.000 3.075
8255.000 3.409
8260.000 3.690
8265.000 4.239
8270.000 4.873
8275.000 5.385
8280.000 6.336
8285.000 6.792
8290.000 7.488
8295.000 7.255
8300.000 6.833
8305.000 5.491
8310.000 4.900
8315.000 4.038
8320.000 3.251
8325.000 2.974
8330.000 2.572
8335.000 2.370
8340.000 2.036
8345.000 1.818
8350.000 1.692
8355.000 1.517
8360.000 1.435
8365.000 1.309
8370.000 1.193
8375.000 1.142
8380.000 1.050
8385.000 1.010
8390.000 0.944
8395.000 0.871
8400.000 0.844
8405.000 0.797
8410.000 0.772
8415.000 0.731
8420.000 0.712
8425.000 0.698
8430.000 0.664
8435.000 0.649
8440.000 0.620
8445.000 0.585
8450.000 0.571
8455.000 0.551
8460.000 0.537
8465.000 0.514
8470.000 0.499
8475.000 0.490
8480.000 0.472
8485.000 0.467
8490.000 0.449
8495.000 0.437
8500.000 0.428
8505.000 0.414
8510.000 0.411
8515.000 0.401
8520.000 0.391
8525.000 0.383
8530.000 0.379
8535.000 0.375
8540.000 0.370
8545.000 0.361
8550.000 0.362
8555.000 0.354
8560.000 0.354
8565.000 0.351
8570.000 0.345
8575.000 0.348
8580.000 0.337
8585.000 0.335
8590.000 0.332
8595.000 0.331
8600.000 0.324
8605.000 0.317
8610.000 0.316
8615.000 0.313
8620.000 0.312
8625.000 0.310
8630.000 0.313
8635.000 0.307
8640.000 0.310
8645.000 0.312
8650.000 0.311
8655.000 0.309
8660.000 0.309
8665.000 0.307
8670.000 0.308
8675.000 0.303
8680.000 0.300
8685.000 0.298
8690.000 0.290
8695.000 0.291
8700.000 0.290
8705.000 0.287
8710.000 0.288
8715.000 0.288
8720.000 0.288
8725.000 0.291
8730.000 0.292
8735.000 0.293
8740.000 0.294
8745.000 0.296
8750.000 0.295
8755.000 0.297
8760.000 0.296
8765.000 0.292
8770.000 0.293
8775.000 0.297
8780.000 0.303
8785.000 0.301
8790.000 0.308
8795.000 0.312
8800.000 0.322
8805.000 0.329
8810.000 0.332
8815.000 0.334
8820.000 0.366
8825.000 0.371
8830.000 0.366
8835.000 0.378
8840.000 0.398
8845.000 0.413
8850.000 0.433
8855.000 0.456
8860.000 0.470
8865.000 0.506
8870.000 0.517
8875.000 0.564
8880.000 0.612
8885.000 0.633
8890.000 0.699
8895.000 0.731
8900.000 0.796
8905.000 0.829
8910.000 0.933
8915.000 1.025
8920.000 1.086
8925.000 1.239
8930.000 1.325
8935.000 1.497
8940.000 1.765
8945.000 1.915
8950.000 2.228
8955.000 2.466
8960.000 2.927
8965.000 3.438
8970.000 3.743
8975.000 4.357
8980.000 4.619
8985.000 5.200
8990.000 5.183
8995.000 4.982
9000.000 4.242
9005.000 3.902
9010.000 3.403
9015.000 2.915
9020.000 2.734
9025.000 2.478
9030.000 2.329
9035.000 2.136
9040.000 1.985
9045.000 1.892
9050.000 1.766
9055.000 1.726
9060.000 1.613
9065.000 1.533
9070.000 1.504
9075.000 1.435
9080.000 1.402
9085.000 1.357
9090.000 1.309
9095.000 1.287
9100.000 1.254
9105.000 1.236
9110.000 1.199
9115.000 1.170
9120.000 1.158
9125.000 1.126
9130.000 1.115
9135.000 1.087
9140.000 1.063
9145.000 1.054
9150.000 1.033
9155.000 1.022
9160.000 1.008
9165.000 1.000
9170.000 0.991
9175.000 0.979
9180.000 0.974
9185.000 0.967
9190.000 0.951
9195.000 0.954
9200.000 0.940
9205.000 0.936
9210.000 0.929
9215.000 0.917
9220.000 0.915
9225.000 0.898
9230.000 0.894
9235.000 0.890
9240.000 0.885
9245.000 0.883
9250.000 0.875
9255.000 0.873
9260.000 0.877
9265.000 0.876
9270.000 0.874
9275.000 0.874
9280.000 0.871
9285.000 0.870
9290.000 0.868
9295.000 0.864
9300.000 0.859
9305.000 0.854
9310.000 0.851
9315.000 0.846
9320.000 0.842
9325.000 0.845
9330.000 0.842
9335.000 0.846
9340.000 0.849
9345.000 0.846
9350.000 0.853
9355.000 0.854
9360.000 0.854
9365.000 0.860
9370.000 0.859
9375.000 0.860
9380.000 0.862
9385.000 0.861
9390.000 0.866
9395.000 0.864
9400.000 0.865
9405.000 0.865
9410.000 0.864
9415.000 0.871
9420.000 0.872
9425.000 0.881
9430.000 0.886
9435.000 0.892
9440.000 0.902
9445.000 0.907
9450.000 0.916
9455.000 0.921
9460.000 0.928
9465.000 0.938
9470.000 0.939
9475.000 0.947
9480.000 0.950
9485.000 0.958
9490.000 0.960
9495.000 0.973
9500.000 0.991
9505.000 0.996
9510.000 1.017
9515.000 1.019
9520.000 1.046
9525.000 1.064
9530.000 1.077
9535.000 1.104
9540.000 1.116
9545.000 1.144
9550.000 1.170
9555.000 1.186
9560.000 1.221
9565.000 1.233
9570.000 1.278
9575.000 1.326
9580.000 1.344
9585.000 1.406
9590.000 1.438
9595.000 1.501
9600.000 1.598
9605.000 1.646
9610.000 1.746
9615.000 1.823
9620.000 1.966
9625.000 2.124
9630.000 2.250
9635.000 2.496
9640.000 2.621
9645.000 2.970
9650.000 3.363
9655.000 3.567
9660.000 3.907
9665.000 4.036
9670.000 3.995
9675.000 3.588
9680.000 3.317
9685.000 2.913
9690.000 2.733
9695.000 2.358
9700.000 2.051
9705.000 1.886
9710.000 1.541
9715.000 1.407
9720.000 1.205
9725.000 1.004
9730.000 0.926
9735.000 0.816
9740.000 0.744
9745.000 0.648
9750.000 0.577
9755.000 0.537
9760.000 0.473
9765.000 0.453
9770.000 0.395
9775.000 0.346
9780.000 0.331
9785.000 0.291
9790.000 0.275
9795.000 0.249
9800.000 0.210
9805.000 0.195
9810.000 0.203
9815.000 0.182
9820.000 0.167
9825.000 0.155
9830.000 0.152
9835.000 0.142
9840.000 0.138
9845.000 0.137
9850.000 0.136
9855.000 0.132
9860.000 0.135
9865.000 0.133
9870.000 0.137
9875.000 0.140
9880.000 0.140
9885.000 0.140
9890.000 0.143
9895.000 0.145
9900.000 0.148
9905.000 0.146
9910.000 0.147
9915.000 0.150
9920.000 0.146
9925.000 0.148
9930.000 0.150
9935.000 0.156
9940.000 0.158
9945.000 0.162
9950.000 0.169
9955.000 0.171
9960.000 0.171
9965.000 0.173
9970.000 0.181
9975.000 0.185
9980.000 0.182
9985.000 0.177
9990.000 0.185
9995.000 0.177
10000.000 0.179
10005.000 0.178
10010.000 0.179
10015.000 0.179
10020.000 0.178
10025.000 0.185
10030.000 0.176
10035.000 0.179
10040.000 0.180
10045.000 0.184
10050.000 0.186
10055.000 0.191
10060.000 0.189
10065.000 0.192
10070.000 0.185
10075.000 0.181
10080.000 0.176
10085.000 0.169
10090.000 0.163
10095.000 0.154
10100.000 0.151
10105.000 0.146
10110.000 0.138
10115.000 0.138
10120.000 0.138
10125.000 0.139
10130.000 0.135
10135.000 0.136
10140.000 0.134
10145.000 0.126
10150.000 0.127
10155.000 0.115
10160.000 0.110
10165.000 0.102
10170.000 0.093
10175.000 0.089
10180.000 0.077
10185.000 0.065
10190.000 0.061
10195.000 0.050
10200.000 0.046
10205.000 0.038
10210.000 0.033
10215.000 0.026
10220.000 0.029
10225.000 0.031
10230.000 0.042
10235.000 0.060
10240.000 0.067
10245.000 0.094
10250.000 0.111
10255.000 0.134
10260.000 0.178
10265.000 0.194
10270.000 0.232
10275.000 0.257
10280.000 0.314
10285.000 0.359
10290.000 0.393
10295.000 0.476
10300.000 0.519
10305.000 0.595
10310.000 0.727
10315.000 0.797
10320.000 0.953
10325.000 1.061
10330.000 1.296
10335.000 1.563
10340.000 1.782
10345.000 2.203
10350.000 2.372
10355.000 2.878
10360.000 3.167
10365.000 3.201
10370.000 3.008
10375.000 2.846
10380.000 2.543
10385.000 2.204
10390.000 2.076
10395.000 1.892
10400.000 1.779
10405.000 1.635
10410.000 1.531
10415.000 1.463
10420.000 1.375
10425.000 1.346
10430.000 1.262
10435.000 1.204
10440.000 1.184
10445.000 1.127
10450.000 1.106
10455.000 1.074
10460.000 1.036
10465.000 1.020
10470.000 1.001
10475.000 0.991
10480.000 0.969
10485.000 0.951
10490.000 0.945
10495.000 0.929
10500.000 0.920
10505.000 0.904
10510.000 0.891
10515.000 0.884
10520.000 0.862
10525.000 0.850
10530.000 0.830
10535.000 0.808
10540.000 0.799
10545.000 0.783
10550.000 0.779
10555.000 0.780
10560.000 0.769
10565.000 0.768
10570.000 0.765
10575.000 0.763
10580.000 0.761
10585.000 0.754
10590.000 0.756
10595.000 0.746
10600.000 0.743
10605.000 0.737
10610.000 0.730
10615.000 0.724
10620.000 0.724
10625.000 0.720
10630.000 0.717
10635.000 0.713
10640.000 0.712
10645.000 0.711
10650.000 0.709
10655.000 0.705
10660.000 0.714
10665.000 0.710
10670.000 0.713
10675.000 0.708
10680.000 0.705
10685.000 0.705
10690.000 0.699
10695.000 0.701
10700.000 0.697
10705.000 0.691
10710.000 0.694
10715.000 0.692
10720.000 0.689
10725.000 0.695
10730.000 0.690
10735.000 0.691
10740.000 0.698
10745.000 0.697
10750.000 0.701
10755.000 0.706
10760.000 0.701
10765.000 0.703
10770.000 0.705
10775.000 0.702
10780.000 0.702
10785.000 0.700
10790.000 0.705
10795.000 0.700
10800.000 0.701
10805.000 0.705
10810.000 0.704
10815.000 0.715
10820.000 0.717
10825.000 0.720
10830.000 0.727
10835.000 0.729
10840.000 0.736
10845.000 0.740
10850.000 0.744
10855.000 0.747
10860.000 0.750
10865.000 0.753
10870.000 0.756
10875.000 0.758
10880.000 0.764
10885.000 0.770
10890.000 0.776
10895.000 0.785
10900.000 0.792
10905.000 0.808
10910.000 0.815
10915.000 0.827
10920.000 0.845
10925.000 0.855
10930.000 0.869
10935.000 0.876
10940.000 0.894
10945.000 0.914
10950.000 0.922
10955.000 0.950
10960.000 0.969
10965.000 0.993
10970.000 1.033
10975.000 1.050
10980.000 1.093
10985.000 1.113
10990.000 1.170
10995.000 1.222
11000.000 1.271
11005.000 1.342
11010.000 1.367
11015.000 1.477
11020.000 1.609
11025.000 1.663
11030.000 1.863
11035.000 1.963
11040.000 2.142
11045.000 2.326
11050.000 2.363
11055.000 2.307
11060.000 2.209
11065.000 1.811
11070.000 1.485
11075.000 1.298
11080.000 0.995
11085.000 0.885
11090.000 0.715
11095.000 0.552
11100.000 0.494
11105.000 0.388
11110.000 0.352
11115.000 0.281
11120.000 0.218
11125.000 0.191
11130.000 0.150
11135.000 0.133
11140.000 0.097
11145.000 0.074
11150.000 0.063
11155.000 0.055
11160.000 0.055
11165.000 0.064
11170.000 0.079
11175.000 0.086
11180.000 0.097
11185.000 0.108
11190.000 0.120
11195.000 0.131
11200.000 0.138
11205.000 0.149
11210.000 0.149
11215.000 0.157
11220.000 0.168
11225.000 0.168
11230.000 0.177
11235.000 0.179
11240.000 0.186
11245.000 0.194
11250.000 0.198
11255.000 0.205
11260.000 0.208
11265.000 0.218
11270.000 0.222
11275.000 0.227
11280.000 0.234
11285.000 0.235
11290.000 0.237
11295.000 0.232
11300.000 0.239
11305.000 0.236
11310.000 0.239
11315.000 0.241
11320.000 0.242
11325.000 0.246
11330.000 0.247
11335.000 0.247
11340.000 0.254
11345.000 0.256
11350.000 0.259
11355.000 0.263
11360.000 0.262
11365.000 0.263
11370.000 0.265
11375.000 0.263
11380.000 0.264
11385.000 0.264
11390.000 0.265
11395.000 0.264
11400.000 0.263
11405.000 0.260
11410.000 0.260
11415.000 0.263
11420.000 0.262
11425.000 0.261
11430.000 0.265
11435.000 0.264
11440.000 0.266
11445.000 0.269
11450.000 0.269
11455.000 0.268
11460.000 0.264
11465.000 0.265
11470.000 0.265
11475.000 0.257
11480.000 0.253
11485.000 0.248
11490.000 0.239
11495.000 0.238
11500.000 0.236
11505.000 0.235
11510.000 0.235
11515.000 0.235
11520.000 0.234
11525.000 0.230
11530.000 0.230
11535.000 0.231
11540.000 0.229
11545.000 0.225
11550.000 0.222
11555.000 0.215
11560.000 0.214
11565.000 0.206
11570.000 0.203
11575.000 0.201
11580.000 0.190
11585.000 0.187
11590.000 0.185
11595.000 0.177
11600.000 0.173
11605.000 0.164
11610.000 0.165
11615.000 0.158
11620.000 0.155
11625.000 0.151
11630.000 0.147
11635.000 0.144
11640.000 0.141
11645.000 0.143
11650.000 0.147
11655.000 0.153
11660.000 0.162
11665.000 0.185
11670.000 0.194
11675.000 0.228
11680.000 0.278
11685.000 0.298
11690.000 0.373
11695.000 0.415
11700.000 0.490
11705.000 0.633
11710.000 0.705
11715.000 0.860
11720.000 0.954
11725.000 1.220
11730.000 1.441
11735.000 1.551
11740.000 1.763
11745.000 1.805
11750.000 1.793
11755.000 1.664
11760.000 1.593
11765.000 1.473
11770.000 1.388
11775.000 1.276
11780.000 1.195
11785.000 1.144
11790.000 1.078
11795.000 1.054
11800.000 0.997
11805.000 0.950
11810.000 0.936
11815.000 0.893
11820.000 0.873
11825.000 0.846
11830.000 0.820
11835.000 0.808
11840.000 0.789
11845.000 0.776
11850.000 0.760
11855.000 0.744
11860.000 0.738
11865.000 0.722
11870.000 0.717
11875.000 0.710
11880.000 0.704
11885.000 0.696
11890.000 0.686
11895.000 0.681
11900.000 0.673
11905.000 0.667
11910.000 0.659
11915.000 0.654
11920.000 0.648
11925.000 0.644
11930.000 0.640
11935.000 0.635
11940.000 0.631
11945.000 0.628
11950.000 0.623
11955.000 0.626
11960.000 0.622
11965.000 0.626
11970.000 0.624
11975.000 0.623
11980.000 0.618
11985.000 0.615
11990.000 0.616
11995.000 0.620
12000.000 0.610
