105.000 1.391
110.000 4.700
115.000 4.644
120.000 5.124
125.000 5.160
130.000 5.558
135.000 6.003
140.000 6.162
145.000 6.688
150.000 6.984
155.000 7.740
160.000 8.270
165.000 8.732
170.000 9.614
175.000 10.161
180.000 11.388
185.000 12.906
190.000 13.658
195.000 15.907
200.000 17.191
205.000 20.358
210.000 24.639
215.000 27.339
220.000 34.555
225.000 39.190
230.000 51.493
235.000 67.117
240.000 74.796
245.000 81.365
250.000 77.173
255.000 60.238
260.000 47.708
265.000 43.389
270.000 37.121
275.000 34.822
280.000 31.222
285.000 28.698
290.000 27.793
295.000 26.274
300.000 25.667
305.000 24.799
310.000 24.551
315.000 24.182
320.000 24.107
325.000 24.156
330.000 24.442
335.000 24.658
340.000 25.308
345.000 26.215
350.000 26.686
355.000 28.094
360.000 28.846
365.000 30.690
370.000 32.885
375.000 34.178
380.000 37.147
385.000 38.806
390.000 42.593
395.000 47.115
400.000 49.683
405.000 55.474
410.000 58.762
415.000 66.144
420.000 74.752
425.000 79.367
430.000 89.895
435.000 95.711
440.000 108.679
445.000 124.025
450.000 129.726
455.000 137.893
460.000 141.018
465.000 145.773
470.000 148.594
475.000 149.262
480.000 148.489
485.000 146.296
490.000 134.758
495.000 104.351
500.000 90.333
505.000 69.871
510.000 62.330
515.000 50.601
520.000 42.229
525.000 38.791
530.000 33.309
535.000 31.065
540.000 27.209
545.000 24.281
550.000 23.048
555.000 20.868
560.000 19.946
565.000 18.359
570.000 17.056
575.000 16.530
580.000 15.608
585.000 15.212
590.000 14.484
595.000 13.920
600.000 13.652
605.000 13.328
610.000 13.208
615.000 13.072
620.000 13.031
625.000 13.076
630.000 13.278
635.000 13.424
640.000 13.847
645.000 14.131
650.000 14.934
655.000 16.054
660.000 16.769
665.000 18.668
670.000 19.896
675.000 23.250
680.000 28.231
685.000 31.694
690.000 40.420
695.000 45.303
700.000 51.427
705.000 42.160
710.000 33.516
715.000 22.489
720.000 19.181
725.000 14.745
730.000 11.800
735.000 10.687
740.000 9.002
745.000 8.330
750.000 7.250
755.000 6.416
760.000 6.052
765.000 5.424
770.000 5.154
775.000 4.724
780.000 4.384
785.000 4.231
790.000 4.017
795.000 3.915
800.000 3.744
805.000 3.609
810.000 3.536
815.000 3.416
820.000 3.369
825.000 3.300
830.000 3.260
835.000 3.250
840.000 3.241
845.000 3.259
850.000 3.310
855.000 3.417
860.000 3.481
865.000 3.652
870.000 3.761
875.000 4.055
880.000 4.455
885.000 4.717
890.000 5.403
895.000 5.849
900.000 7.142
905.000 8.969
910.000 10.091
915.000 12.403
920.000 13.098
925.000 11.779
930.000 8.210
935.000 6.905
940.000 5.209
945.000 4.637
950.000 3.796
955.000 3.205
960.000 2.994
965.000 2.624
970.000 2.484
975.000 2.254
980.000 2.065
985.000 1.992
990.000 1.860
995.000 1.816
1000.000 1.720
1005.000 1.644
1010.000 1.622
1015.000 1.583
1020.000 1.553
1025.000 1.522
1030.000 1.511
1035.000 1.494
1040.000 1.492
1045.000 1.497
1050.000 1.502
1055.000 1.531
1060.000 1.552
1065.000 1.599
1070.000 1.639
1075.000 1.727
1080.000 1.840
1085.000 1.917
1090.000 2.100
1095.000 2.211
1100.000 2.519
1105.000 2.948
1110.000 3.232
1115.000 3.992
1120.000 4.473
1125.000 5.599
1130.000 6.400
1135.000 6.291
1140.000 4.877
1145.000 4.068
1150.000 3.033
1155.000 2.416
1160.000 2.191
1165.000 1.870
1170.000 1.741
1175.000 1.546
1180.000 1.408
1185.000 1.357
1190.000 1.265
1195.000 1.231
1200.000 1.178
1205.000 1.160
1210.000 1.128
1215.000 1.120
1220.000 1.114
1225.000 1.117
1230.000 1.126
1235.000 1.148
1240.000 1.185
1245.000 1.203
1250.000 1.264
1255.000 1.297
1260.000 1.385
1265.000 1.494
1270.000 1.556
1275.000 1.715
1280.000 1.809
1285.000 2.048
1290.000 2.362
1295.000 2.551
1300.000 3.072
1305.000 3.400
1310.000 4.247
1315.000 5.504
1320.000 6.277
1325.000 7.925
1330.000 8.552
1335.000 8.443
1340.000 6.640
1345.000 5.815
1350.000 4.630
1355.000 4.222
1360.000 3.625
1365.000 3.205
1370.000 3.047
1375.000 2.800
1380.000 2.694
1385.000 2.538
1390.000 2.428
1395.000 2.377
1400.000 2.315
1405.000 2.288
1410.000 2.262
1415.000 2.260
1420.000 2.262
1425.000 2.288
1430.000 2.313
1435.000 2.370
1440.000 2.467
1445.000 2.522
1450.000 2.668
1455.000 2.752
1460.000 2.972
1465.000 3.267
1470.000 3.445
1475.000 3.913
1480.000 4.205
1485.000 4.950
1490.000 6.095
1495.000 6.753
1500.000 8.177
1505.000 8.799
1510.000 8.983
1515.000 7.350
1520.000 6.305
1525.000 4.760
1530.000 4.213
1535.000 3.422
1540.000 2.878
1545.000 2.661
1550.000 2.328
1555.000 2.193
1560.000 1.979
1565.000 1.810
1570.000 1.743
1575.000 1.637
1580.000 1.596
1585.000 1.527
1590.000 1.486
1595.000 1.476
1600.000 1.478
1605.000 1.485
1610.000 1.535
1615.000 1.621
1620.000 1.692
1625.000 1.874
1630.000 2.008
1635.000 2.386
1640.000 2.917
1645.000 3.270
1650.000 4.001
1655.000 4.239
1660.000 4.135
1665.000 3.433
1670.000 3.113
1675.000 2.656
1680.000 2.476
1685.000 2.242
1690.000 2.092
1695.000 2.045
1700.000 1.977
1705.000 1.960
1710.000 1.963
1715.000 2.003
1720.000 2.042
1725.000 2.171
1730.000 2.253
1735.000 2.486
1740.000 2.789
1745.000 2.948
1750.000 3.123
1755.000 3.044
1760.000 2.425
1765.000 1.660
1770.000 1.390
1775.000 1.000
1780.000 0.872
1785.000 0.693
1790.000 0.623
1795.000 0.538
1800.000 0.490
1805.000 0.468
1810.000 0.440
1815.000 0.438
1820.000 0.425
1825.000 0.421
1830.000 0.422
1835.000 0.420
1840.000 0.418
1845.000 0.421
1850.000 0.422
1855.000 0.424
1860.000 0.423
1865.000 0.432
1870.000 0.433
1875.000 0.435
1880.000 0.436
1885.000 0.436
1890.000 0.437
1895.000 0.439
1900.000 0.445
1905.000 0.445
1910.000 0.445
1915.000 0.446
1920.000 0.445
1925.000 0.449
1930.000 0.454
1935.000 0.449
1940.000 0.455
1945.000 0.455
1950.000 0.451
1955.000 0.463
1960.000 0.466
1965.000 0.453
1970.000 0.464
1975.000 0.466
1980.000 0.459
1985.000 0.466
1990.000 0.462
1995.000 0.454
2000.000 0.468
2005.000 0.464
2010.000 0.471
2015.000 0.465
2020.000 0.470
2025.000 0.473
2030.000 0.459
2035.000 0.468
2040.000 0.470
2045.000 0.464
2050.000 0.470
2055.000 0.468
2060.000 0.471
2065.000 0.471
2070.000 0.470
2075.000 0.468
2080.000 0.475
2085.000 0.474
2090.000 0.473
2095.000 0.475
2100.000 0.472
2105.000 0.474
2110.000 0.475
2115.000 0.473
2120.000 0.478
2125.000 0.478
2130.000 0.473
2135.000 0.476
2140.000 0.480
2145.000 0.475
2150.000 0.479
2155.000 0.477
2160.000 0.479
2165.000 0.478
2170.000 0.476
2175.000 0.474
2180.000 0.471
2185.000 0.475
2190.000 0.474
2195.000 0.476
2200.000 0.472
2205.000 0.474
2210.000 0.473
2215.000 0.474
2220.000 0.477
2225.000 0.474
2230.000 0.472
2235.000 0.477
2240.000 0.476
2245.000 0.476
2250.000 0.476
2255.000 0.475
2260.000 0.477
2265.000 0.473
2270.000 0.470
2275.000 0.478
2280.000 0.476
2285.000 0.474
2290.000 0.475
2295.000 0.470
2300.000 0.472
2305.000 0.476
2310.000 0.470
2315.000 0.475
2320.000 0.471
2325.000 0.471
2330.000 0.469
2335.000 0.472
2340.000 0.474
2345.000 0.471
2350.000 0.471
2355.000 0.473
2360.000 0.468
2365.000 0.471
2370.000 0.470
2375.000 0.469
2380.000 0.470
2385.000 0.469
2390.000 0.472
2395.000 0.471
2400.000 0.473
2405.000 0.471
2410.000 0.475
2415.000 0.471
2420.000 0.472
2425.000 0.471
2430.000 0.475
2435.000 0.474
2440.000 0.476
2445.000 0.474
2450.000 0.473
2455.000 0.470
2460.000 0.477
2465.000 0.473
2470.000 0.474
2475.000 0.474
2480.000 0.475
2485.000 0.478
2490.000 0.474
2495.000 0.473
2500.000 0.478
2505.000 0.473
2510.000 0.478
2515.000 0.477
2520.000 0.478
2525.000 0.478
2530.000 0.476
2535.000 0.474
2540.000 0.477
2545.000 0.480
2550.000 0.477
2555.000 0.476
2560.000 0.480
2565.000 0.478
2570.000 0.482
2575.000 0.482
2580.000 0.480
2585.000 0.485
2590.000 0.485
2595.000 0.486
2600.000 0.483
2605.000 0.487
2610.000 0.488
2615.000 0.489
2620.000 0.483
2625.000 0.483
2630.000 0.487
2635.000 0.484
2640.000 0.485
2645.000 0.485
2650.000 0.484
2655.000 0.489
2660.000 0.482
2665.000 0.482
2670.000 0.484
2675.000 0.488
2680.000 0.486
2685.000 0.490
2690.000 0.486
2695.000 0.483
2700.000 0.485
2705.000 0.486
2710.000 0.480
2715.000 0.479
2720.000 0.480
2725.000 0.479
2730.000 0.477
2735.000 0.481
2740.000 0.478
2745.000 0.477
2750.000 0.481
2755.000 0.478
2760.000 0.481
2765.000 0.481
2770.000 0.479
2775.000 0.480
2780.000 0.481
2785.000 0.480
2790.000 0.481
2795.000 0.483
2800.000 0.480
2805.000 0.485
2810.000 0.484
2815.000 0.482
2820.000 0.483
2825.000 0.484
2830.000 0.485
2835.000 0.484
2840.000 0.482
2845.000 0.486
2850.000 0.485
2855.000 0.483
2860.000 0.483
2865.000 0.482
2870.000 0.482
2875.000 0.484
2880.000 0.483
2885.000 0.483
2890.000 0.481
2895.000 0.481
2900.000 0.481
2905.000 0.479
2910.000 0.481
2915.000 0.480
2920.000 0.480
2925.000 0.482
2930.000 0.479
2935.000 0.488
2940.000 0.488
2945.000 0.490
2950.000 0.488
2955.000 0.485
2960.000 0.487
2965.000 0.477
2970.000 0.484
2975.000 0.486
2980.000 0.484
2985.000 0.474
2990.000 0.480
2995.000 0.475
3000.000 0.485
3005.000 0.490
3010.000 0.488
3015.000 0.474
3020.000 0.483
3025.000 0.485
3030.000 0.488
3035.000 0.491
3040.000 0.495
3045.000 0.479
3050.000 0.480
3055.000 0.480
3060.000 0.486
3065.000 0.480
3070.000 0.478
3075.000 0.480
3080.000 0.485
3085.000 0.479
3090.000 0.479
3095.000 0.481
3100.000 0.485
3105.000 0.485
3110.000 0.485
3115.000 0.484
3120.000 0.486
3125.000 0.483
3130.000 0.485
3135.000 0.486
3140.000 0.484
3145.000 0.483
3150.000 0.483
3155.000 0.487
3160.000 0.481
3165.000 0.481
3170.000 0.480
3175.000 0.482
3180.000 0.481
3185.000 0.486
3190.000 0.483
3195.000 0.483
3200.000 0.483
3205.000 0.488
3210.000 0.486
3215.000 0.485
3220.000 0.481
3225.000 0.483
3230.000 0.482
3235.000 0.486
3240.000 0.480
3245.000 0.480
3250.000 0.480
3255.000 0.481
3260.000 0.482
3265.000 0.482
3270.000 0.482
3275.000 0.482
3280.000 0.485
3285.000 0.481
3290.000 0.483
3295.000 0.488
3300.000 0.490
3305.000 0.489
3310.000 0.492
3315.000 0.490
3320.000 0.497
3325.000 0.499
3330.000 0.503
3335.000 0.505
3340.000 0.517
3345.000 0.532
3350.000 0.551
3355.000 0.582
3360.000 0.605
3365.000 0.677
3370.000 0.787
3375.000 0.856
3380.000 1.080
3385.000 1.231
3390.000 1.665
3395.000 2.384
3400.000 2.899
3405.000 4.432
3410.000 5.437
3415.000 8.376
3420.000 11.024
3425.000 11.591
3430.000 11.654
3435.000 11.804
3440.000 12.757
3445.000 14.549
3450.000 15.439
3455.000 16.215
3460.000 15.707
3465.000 13.012
3470.000 10.691
3475.000 9.784
3480.000 8.671
3485.000 8.330
3490.000 7.994
3495.000 8.006
3500.000 8.142
3505.000 8.658
3510.000 9.094
3515.000 10.277
3520.000 11.967
3525.000 13.067
3530.000 15.322
3535.000 16.179
3540.000 16.487
3545.000 14.139
3550.000 12.715
3555.000 10.083
3560.000 9.161
3565.000 7.841
3570.000 6.868
3575.000 6.487
3580.000 6.018
3585.000 5.821
3590.000 5.601
3595.000 5.542
3600.000 5.512
3605.000 5.621
3610.000 5.729
3615.000 6.043
3620.000 6.293
3625.000 6.937
3630.000 7.816
3635.000 8.464
3640.000 9.925
3645.000 10.688
3650.000 12.236
3655.000 12.531
3660.000 11.971
3665.000 9.722
3670.000 8.618
3675.000 6.981
3680.000 5.767
3685.000 5.340
3690.000 4.726
3695.000 4.471
3700.000 4.077
3705.000 3.833
3710.000 3.743
3715.000 3.620
3720.000 3.592
3725.000 3.585
3730.000 3.650
3735.000 3.709
3740.000 3.884
3745.000 4.020
3750.000 4.364
3755.000 4.829
3760.000 5.168
3765.000 5.972
3770.000 6.433
3775.000 7.712
3780.000 9.107
3785.000 9.689
3790.000 10.100
3795.000 9.702
3800.000 8.089
3805.000 6.468
3810.000 5.835
3815.000 4.931
3820.000 4.557
3825.000 3.966
3830.000 3.588
3835.000 3.424
3840.000 3.169
3845.000 3.066
3850.000 2.927
3855.000 2.832
3860.000 2.801
3865.000 2.778
3870.000 2.787
3875.000 2.833
3880.000 2.871
3885.000 3.011
3890.000 3.214
3895.000 3.338
3900.000 3.710
3905.000 3.931
3910.000 4.508
3915.000 5.225
3920.000 5.619
3925.000 6.202
3930.000 6.250
3935.000 5.619
3940.000 4.493
3945.000 4.026
3950.000 3.215
3955.000 2.920
3960.000 2.512
3965.000 2.190
3970.000 2.079
3975.000 1.925
3980.000 1.851
3985.000 1.766
3990.000 1.718
3995.000 1.706
4000.000 1.714
4005.000 1.725
4010.000 1.789
4015.000 1.898
4020.000 1.951
4025.000 2.134
4030.000 2.264
4035.000 2.559
4040.000 2.980
4045.000 3.238
4050.000 3.817
4055.000 4.101
4060.000 4.553
4065.000 4.414
4070.000 4.152
4075.000 3.389
4080.000 3.072
4085.000 2.577
4090.000 2.200
4095.000 2.061
4100.000 1.859
4105.000 1.768
4110.000 1.640
4115.000 1.551
4120.000 1.515
4125.000 1.464
4130.000 1.449
4135.000 1.438
4140.000 1.454
4145.000 1.472
4150.000 1.526
4155.000 1.568
4160.000 1.673
4165.000 1.796
4170.000 1.866
4175.000 1.915
4180.000 1.875
4185.000 1.610
4190.000 1.257
4195.000 1.130
4200.000 0.911
4205.000 0.843
4210.000 0.757
4215.000 0.713
4220.000 0.705
4225.000 0.702
4230.000 0.710
4235.000 0.741
4240.000 0.788
4245.000 0.828
4250.000 0.928
4255.000 0.992
4260.000 1.142
4265.000 1.302
4270.000 1.352
4275.000 1.336
4280.000 1.259
4285.000 1.083
4290.000 0.945
4295.000 0.880
4300.000 0.793
4305.000 0.760
4310.000 0.696
4315.000 0.639
4320.000 0.606
4325.000 0.514
4330.000 0.463
4335.000 0.376
4340.000 0.368
4345.000 0.382
4350.000 0.417
4355.000 0.435
4360.000 0.451
4365.000 0.464
4370.000 0.469
4375.000 0.477
4380.000 0.479
4385.000 0.484
4390.000 0.487
4395.000 0.485
4400.000 0.488
4405.000 0.488
4410.000 0.488
4415.000 0.487
4420.000 0.487
4425.000 0.487
4430.000 0.490
4435.000 0.490
4440.000 0.492
4445.000 0.493
4450.000 0.496
4455.000 0.498
4460.000 0.498
4465.000 0.496
4470.000 0.498
4475.000 0.495
4480.000 0.494
4485.000 0.495
4490.000 0.491
4495.000 0.491
4500.000 0.494
4505.000 0.490
4510.000 0.492
4515.000 0.493
4520.000 0.494
4525.000 0.497
4530.000 0.495
4535.000 0.494
4540.000 0.495
4545.000 0.499
4550.000 0.498
4555.000 0.495
4560.000 0.497
4565.000 0.493
4570.000 0.497
4575.000 0.492
4580.000 0.494
4585.000 0.491
4590.000 0.493
4595.000 0.493
4600.000 0.493
4605.000 0.494
4610.000 0.495
4615.000 0.495
4620.000 0.497
4625.000 0.499
4630.000 0.499
4635.000 0.496
4640.000 0.500
4645.000 0.498
4650.000 0.498
4655.000 0.499
4660.000 0.498
4665.000 0.496
4670.000 0.495
4675.000 0.495
4680.000 0.496
4685.000 0.494
4690.000 0.498
4695.000 0.495
4700.000 0.494
4705.000 0.498
4710.000 0.497
4715.000 0.498
4720.000 0.500
4725.000 0.501
4730.000 0.499
4735.000 0.497
4740.000 0.498
4745.000 0.496
4750.000 0.496
4755.000 0.494
4760.000 0.493
4765.000 0.495
4770.000 0.490
4775.000 0.493
4780.000 0.495
4785.000 0.493
4790.000 0.494
4795.000 0.494
4800.000 0.495
4805.000 0.498
4810.000 0.499
4815.000 0.497
4820.000 0.499
4825.000 0.496
4830.000 0.496
4835.000 0.496
4840.000 0.493
4845.000 0.492
4850.000 0.495
4855.000 0.491
4860.000 0.491
4865.000 0.491
4870.000 0.491
4875.000 0.494
4880.000 0.495
4885.000 0.493
4890.000 0.501
4895.000 0.497
4900.000 0.501
4905.000 0.498
4910.000 0.498
4915.000 0.498
4920.000 0.494
4925.000 0.495
4930.000 0.494
4935.000 0.494
4940.000 0.497
4945.000 0.497
4950.000 0.490
4955.000 0.493
4960.000 0.493
4965.000 0.492
4970.000 0.500
4975.000 0.506
4980.000 0.505
4985.000 0.495
4990.000 0.504
4995.000 0.502
5000.000 0.500
5005.000 0.497
5010.000 0.501
5015.000 0.506
5020.000 0.495
5025.000 0.502
5030.000 0.491
5035.000 0.503
5040.000 0.499
5045.000 0.496
5050.000 0.506
5055.000 0.499
5060.000 0.506
5065.000 0.504
5070.000 0.503
5075.000 0.505
5080.000 0.508
5085.000 0.508
5090.000 0.503
5095.000 0.502
5100.000 0.500
5105.000 0.498
5110.000 0.497
5115.000 0.494
5120.000 0.491
5125.000 0.495
5130.000 0.494
5135.000 0.495
5140.000 0.495
5145.000 0.493
5150.000 0.492
5155.000 0.496
5160.000 0.495
5165.000 0.494
5170.000 0.495
5175.000 0.497
5180.000 0.497
5185.000 0.492
5190.000 0.493
5195.000 0.493
5200.000 0.491
5205.000 0.487
5210.000 0.486
5215.000 0.490
5220.000 0.491
5225.000 0.491
5230.000 0.491
5235.000 0.492
5240.000 0.493
5245.000 0.491
5250.000 0.496
5255.000 0.494
5260.000 0.496
5265.000 0.495
5270.000 0.496
5275.000 0.497
5280.000 0.493
5285.000 0.494
5290.000 0.493
5295.000 0.493
5300.000 0.490
5305.000 0.494
5310.000 0.493
5315.000 0.494
5320.000 0.496
5325.000 0.501
5330.000 0.500
5335.000 0.505
5340.000 0.505
5345.000 0.502
5350.000 0.505
5355.000 0.502
5360.000 0.501
5365.000 0.501
5370.000 0.501
5375.000 0.496
5380.000 0.495
5385.000 0.498
5390.000 0.497
5395.000 0.497
5400.000 0.498
5405.000 0.498
5410.000 0.501
5415.000 0.498
5420.000 0.504
5425.000 0.505
5430.000 0.502
5435.000 0.504
5440.000 0.505
5445.000 0.504
5450.000 0.506
5455.000 0.504
5460.000 0.501
5465.000 0.502
5470.000 0.497
5475.000 0.496
5480.000 0.493
5485.000 0.496
5490.000 0.496
5495.000 0.498
5500.000 0.501
5505.000 0.500
5510.000 0.502
5515.000 0.505
5520.000 0.505
5525.000 0.503
5530.000 0.504
5535.000 0.504
5540.000 0.501
5545.000 0.498
5550.000 0.496
5555.000 0.498
5560.000 0.497
5565.000 0.496
5570.000 0.492
5575.000 0.497
5580.000 0.499
5585.000 0.499
5590.000 0.501
5595.000 0.505
5600.000 0.506
5605.000 0.502
5610.000 0.506
5615.000 0.501
5620.000 0.503
5625.000 0.502
5630.000 0.504
5635.000 0.498
5640.000 0.499
5645.000 0.497
5650.000 0.496
5655.000 0.495
5660.000 0.494
5665.000 0.494
5670.000 0.498
5675.000 0.497
5680.000 0.497
5685.000 0.497
5690.000 0.503
5695.000 0.501
5700.000 0.502
5705.000 0.502
5710.000 0.501
5715.000 0.500
5720.000 0.497
5725.000 0.497
5730.000 0.493
5735.000 0.493
5740.000 0.496
5745.000 0.493
5750.000 0.497
5755.000 0.495
5760.000 0.491
5765.000 0.499
5770.000 0.497
5775.000 0.499
5780.000 0.504
5785.000 0.503
5790.000 0.501
5795.000 0.501
5800.000 0.501
5805.000 0.501
5810.000 0.498
5815.000 0.496
5820.000 0.496
5825.000 0.492
5830.000 0.500
5835.000 0.494
5840.000 0.492
5845.000 0.495
5850.000 0.498
5855.000 0.498
5860.000 0.502
5865.000 0.501
5870.000 0.498
5875.000 0.505
5880.000 0.503
5885.000 0.503
5890.000 0.498
5895.000 0.498
5900.000 0.495
5905.000 0.497
5910.000 0.495
5915.000 0.494
5920.000 0.492
5925.000 0.494
5930.000 0.496
5935.000 0.495
5940.000 0.496
5945.000 0.498
5950.000 0.498
5955.000 0.499
5960.000 0.505
5965.000 0.508
5970.000 0.505
5975.000 0.503
5980.000 0.508
5985.000 0.499
5990.000 0.502
5995.000 0.493
6000.000 0.501
6005.000 0.501
6010.000 0.501
6015.000 0.491
6020.000 0.495
6025.000 0.493
6030.000 0.506
6035.000 0.504
6040.000 0.501
6045.000 0.502
6050.000 0.494
6055.000 0.496
6060.000 0.504
6065.000 0.494
6070.000 0.496
6075.000 0.497
6080.000 0.494
6085.000 0.487
6090.000 0.492
6095.000 0.490
6100.000 0.491
6105.000 0.493
6110.000 0.490
6115.000 0.495
6120.000 0.495
6125.000 0.496
6130.000 0.496
6135.000 0.496
6140.000 0.501
6145.000 0.500
6150.000 0.499
6155.000 0.497
6160.000 0.496
6165.000 0.502
6170.000 0.496
6175.000 0.493
6180.000 0.491
6185.000 0.494
6190.000 0.492
6195.000 0.494
6200.000 0.498
6205.000 0.504
6210.000 0.500
6215.000 0.504
6220.000 0.508
6225.000 0.505
6230.000 0.507
6235.000 0.505
6240.000 0.504
6245.000 0.505
6250.000 0.503
6255.000 0.501
6260.000 0.500
6265.000 0.498
6270.000 0.496
6275.000 0.499
6280.000 0.498
6285.000 0.496
6290.000 0.493
6295.000 0.496
6300.000 0.498
6305.000 0.506
6310.000 0.497
6315.000 0.501
6320.000 0.503
6325.000 0.499
6330.000 0.500
6335.000 0.497
6340.000 0.498
6345.000 0.496
6350.000 0.495
6355.000 0.493
6360.000 0.493
6365.000 0.489
6370.000 0.491
6375.000 0.498
6380.000 0.499
6385.000 0.497
6390.000 0.500
6395.000 0.506
6400.000 0.501
6405.000 0.506
6410.000 0.504
6415.000 0.506
6420.000 0.505
6425.000 0.499
6430.000 0.500
6435.000 0.500
6440.000 0.497
6445.000 0.499
6450.000 0.497
6455.000 0.495
6460.000 0.495
6465.000 0.498
6470.000 0.500
6475.000 0.499
6480.000 0.501
6485.000 0.503
6490.000 0.507
6495.000 0.506
6500.000 0.506
6505.000 0.500
6510.000 0.501
6515.000 0.497
6520.000 0.496
6525.000 0.500
6530.000 0.495
6535.000 0.496
6540.000 0.495
6545.000 0.496
6550.000 0.500
6555.000 0.497
6560.000 0.496
6565.000 0.505
6570.000 0.504
6575.000 0.503
6580.000 0.505
6585.000 0.508
6590.000 0.509
6595.000 0.505
6600.000 0.507
6605.000 0.503
6610.000 0.500
6615.000 0.498
6620.000 0.498
6625.000 0.498
6630.000 0.496
6635.000 0.494
6640.000 0.498
6645.000 0.500
6650.000 0.502
6655.000 0.506
6660.000 0.507
6665.000 0.505
6670.000 0.509
6675.000 0.508
6680.000 0.508
6685.000 0.507
6690.000 0.503
6695.000 0.501
6700.000 0.505
6705.000 0.501
6710.000 0.499
6715.000 0.501
6720.000 0.502
6725.000 0.503
6730.000 0.507
6735.000 0.513
6740.000 0.518
6745.000 0.518
6750.000 0.529
6755.000 0.544
6760.000 0.549
6765.000 0.565
6770.000 0.579
6775.000 0.617
6780.000 0.661
6785.000 0.710
6790.000 0.823
6795.000 0.905
6800.000 1.124
6805.000 1.537
6810.000 1.805
6815.000 2.429
6820.000 2.833
6825.000 3.543
6830.000 4.194
6835.000 4.622
6840.000 5.360
6845.000 5.581
6850.000 5.626
6855.000 5.526
6860.000 5.436
6865.000 5.603
6870.000 5.793
6875.000 6.309
6880.000 6.705
6885.000 7.513
6890.000 7.898
6895.000 7.796
6900.000 6.948
6905.000 6.413
6910.000 5.492
6915.000 4.863
6920.000 4.668
6925.000 4.443
6930.000 4.416
6935.000 4.519
6940.000 4.818
6945.000 5.050
6950.000 5.668
6955.000 5.953
6960.000 6.626
6965.000 6.736
6970.000 6.573
6975.000 5.748
6980.000 5.330
6985.000 4.707
6990.000 4.210
6995.000 4.074
7000.000 3.895
7005.000 3.852
7010.000 3.876
7015.000 4.021
7020.000 4.161
7025.000 4.506
7030.000 4.742
7035.000 5.298
7040.000 5.968
7045.000 6.270
7050.000 6.560
7055.000 6.464
7060.000 5.786
7065.000 4.822
7070.000 4.388
7075.000 3.718
7080.000 3.497
7085.000 3.068
7090.000 2.820
7095.000 2.743
7100.000 2.627
7105.000 2.606
7110.000 2.622
7115.000 2.734
7120.000 2.824
7125.000 3.055
7130.000 3.240
7135.000 3.642
7140.000 3.853
7145.000 4.094
7150.000 3.996
7155.000 3.815
7160.000 3.353
7165.000 3.129
7170.000 2.782
7175.000 2.550
7180.000 2.477
7185.000 2.378
7190.000 2.356
7195.000 2.361
7200.000 2.419
7205.000 2.471
7210.000 2.650
7215.000 2.759
7220.000 2.998
7225.000 3.335
7230.000 3.480
7235.000 3.622
7240.000 3.582
7245.000 3.238
7250.000 2.753
7255.000 2.455
7260.000 2.031
7265.000 1.878
7270.000 1.614
7275.000 1.438
7280.000 1.382
7285.000 1.269
7290.000 1.236
7295.000 1.204
7300.000 1.190
7305.000 1.209
7310.000 1.270
7315.000 1.305
7320.000 1.381
7325.000 1.383
7330.000 1.358
7335.000 1.260
7340.000 1.222
7345.000 1.163
7350.000 1.142
7355.000 1.142
7360.000 1.159
7365.000 1.184
7370.000 1.235
7375.000 1.285
7380.000 1.295
7385.000 1.262
7390.000 1.205
7395.000 1.027
7400.000 0.830
7405.000 0.752
7410.000 0.590
7415.000 0.532
7420.000 0.426
7425.000 0.343
7430.000 0.326
7435.000 0.351
7440.000 0.375
7445.000 0.435
7450.000 0.458
7455.000 0.475
7460.000 0.489
7465.000 0.493
7470.000 0.495
7475.000 0.499
7480.000 0.503
7485.000 0.500
7490.000 0.495
7495.000 0.498
7500.000 0.493
7505.000 0.497
7510.000 0.497
7515.000 0.493
7520.000 0.497
7525.000 0.496
7530.000 0.494
7535.000 0.504
7540.000 0.501
7545.000 0.503
7550.000 0.509
7555.000 0.506
7560.000 0.505
7565.000 0.504
7570.000 0.503
7575.000 0.501
7580.000 0.496
7585.000 0.500
7590.000 0.499
7595.000 0.494
7600.000 0.493
7605.000 0.494
7610.000 0.493
7615.000 0.497
7620.000 0.500
7625.000 0.501
7630.000 0.502
7635.000 0.505
7640.000 0.502
7645.000 0.508
7650.000 0.508
7655.000 0.503
7660.000 0.498
7665.000 0.501
7670.000 0.497
7675.000 0.495
7680.000 0.496
7685.000 0.491
7690.000 0.492
7695.000 0.495
7700.000 0.492
7705.000 0.496
7710.000 0.499
7715.000 0.499
7720.000 0.501
7725.000 0.506
7730.000 0.503
7735.000 0.501
7740.000 0.501
7745.000 0.504
7750.000 0.501
7755.000 0.496
7760.000 0.497
7765.000 0.493
7770.000 0.493
7775.000 0.494
7780.000 0.490
7785.000 0.496
7790.000 0.496
7795.000 0.492
7800.000 0.498
7805.000 0.503
7810.000 0.501
7815.000 0.504
7820.000 0.504
7825.000 0.506
7830.000 0.499
7835.000 0.501
7840.000 0.501
7845.000 0.493
7850.000 0.495
7855.000 0.493
7860.000 0.491
7865.000 0.492
7870.000 0.495
7875.000 0.493
7880.000 0.495
7885.000 0.496
7890.000 0.499
7895.000 0.503
7900.000 0.506
7905.000 0.505
7910.000 0.502
7915.000 0.504
7920.000 0.502
7925.000 0.499
7930.000 0.497
7935.000 0.497
7940.000 0.492
7945.000 0.489
7950.000 0.490
7955.000 0.486
7960.000 0.488
7965.000 0.497
7970.000 0.495
7975.000 0.497
7980.000 0.500
7985.000 0.499
7990.000 0.507
7995.000 0.511
8000.000 0.499
8005.000 0.495
8010.000 0.501
8015.000 0.499
8020.000 0.488
8025.000 0.497
8030.000 0.487
8035.000 0.492
8040.000 0.493
8045.000 0.487
8050.000 0.493
8055.000 0.495
8060.000 0.493
8065.000 0.494
8070.000 0.500
8075.000 0.497
8080.000 0.504
8085.000 0.506
8090.000 0.500
8095.000 0.500
8100.000 0.498
8105.000 0.500
8110.000 0.490
8115.000 0.491
8120.000 0.490
8125.000 0.491
8130.000 0.492
8135.000 0.490
8140.000 0.490
8145.000 0.494
8150.000 0.495
8155.000 0.496
8160.000 0.499
8165.000 0.499
8170.000 0.503
8175.000 0.503
8180.000 0.501
8185.000 0.497
8190.000 0.496
8195.000 0.495
8200.000 0.494
8205.000 0.489
8210.000 0.492
8215.000 0.492
8220.000 0.487
8225.000 0.489
8230.000 0.490
8235.000 0.499
8240.000 0.497
8245.000 0.496
8250.000 0.498
8255.000 0.502
8260.000 0.501
8265.000 0.501
8270.000 0.500
8275.000 0.499
8280.000 0.496
8285.000 0.495
8290.000 0.492
8295.000 0.489
8300.000 0.488
8305.000 0.491
8310.000 0.490
8315.000 0.490
8320.000 0.493
8325.000 0.493
8330.000 0.497
8335.000 0.498
8340.000 0.499
8345.000 0.500
8350.000 0.504
8355.000 0.500
8360.000 0.498
8365.000 0.496
8370.000 0.497
8375.000 0.493
8380.000 0.492
8385.000 0.492
8390.000 0.488
8395.000 0.487
8400.000 0.490
8405.000 0.491
8410.000 0.495
8415.000 0.494
8420.000 0.493
8425.000 0.499
8430.000 0.502
8435.000 0.499
8440.000 0.500
8445.000 0.499
8450.000 0.500
8455.000 0.492
8460.000 0.497
8465.000 0.496
8470.000 0.487
8475.000 0.490
8480.000 0.486
8485.000 0.488
8490.000 0.490
8495.000 0.488
8500.000 0.490
8505.000 0.496
8510.000 0.494
8515.000 0.500
8520.000 0.501
8525.000 0.502
8530.000 0.500
8535.000 0.496
8540.000 0.500
8545.000 0.494
8550.000 0.491
8555.000 0.491
8560.000 0.490
8565.000 0.489
8570.000 0.488
8575.000 0.487
8580.000 0.491
8585.000 0.493
8590.000 0.491
8595.000 0.499
8600.000 0.499
8605.000 0.497
8610.000 0.498
8615.000 0.499
8620.000 0.499
8625.000 0.495
8630.000 0.492
8635.000 0.493
8640.000 0.491
8645.000 0.488
8650.000 0.488
8655.000 0.482
8660.000 0.486
8665.000 0.487
8670.000 0.491
8675.000 0.491
8680.000 0.493
8685.000 0.491
8690.000 0.498
8695.000 0.498
8700.000 0.497
8705.000 0.494
8710.000 0.498
8715.000 0.497
8720.000 0.492
8725.000 0.487
8730.000 0.490
8735.000 0.487
8740.000 0.485
8745.000 0.486
8750.000 0.486
8755.000 0.486
8760.000 0.492
8765.000 0.489
8770.000 0.494
8775.000 0.494
8780.000 0.494
8785.000 0.496
8790.000 0.498
8795.000 0.499
8800.000 0.497
8805.000 0.496
8810.000 0.495
8815.000 0.472
8820.000 0.511
8825.000 0.467
8830.000 0.499
8835.000 0.496
8840.000 0.482
8845.000 0.491
8850.000 0.488
8855.000 0.487
8860.000 0.490
8865.000 0.493
8870.000 0.494
8875.000 0.499
8880.000 0.497
8885.000 0.500
8890.000 0.493
8895.000 0.492
8900.000 0.493
8905.000 0.484
8910.000 0.483
8915.000 0.483
8920.000 0.481
8925.000 0.482
8930.000 0.483
8935.000 0.486
8940.000 0.495
8945.000 0.491
8950.000 0.492
8955.000 0.498
8960.000 0.493
8965.000 0.501
8970.000 0.492
8975.000 0.491
8980.000 0.494
8985.000 0.494
8990.000 0.495
8995.000 0.482
9000.000 0.488
9005.000 0.486
9010.000 0.486
9015.000 0.486
9020.000 0.483
9025.000 0.482
9030.000 0.493
9035.000 0.495
9040.000 0.495
9045.000 0.496
9050.000 0.494
9055.000 0.490
9060.000 0.497
9065.000 0.489
9070.000 0.487
9075.000 0.490
9080.000 0.484
9085.000 0.482
9090.000 0.483
9095.000 0.483
9100.000 0.482
9105.000 0.482
9110.000 0.483
9115.000 0.486
9120.000 0.487
9125.000 0.492
9130.000 0.492
9135.000 0.492
9140.000 0.492
9145.000 0.495
9150.000 0.498
9155.000 0.495
9160.000 0.488
9165.000 0.486
9170.000 0.492
9175.000 0.484
9180.000 0.482
9185.000 0.484
9190.000 0.482
9195.000 0.481
9200.000 0.482
9205.000 0.487
9210.000 0.488
9215.000 0.489
9220.000 0.496
9225.000 0.495
9230.000 0.498
9235.000 0.495
9240.000 0.492
9245.000 0.494
9250.000 0.489
9255.000 0.485
9260.000 0.484
9265.000 0.482
9270.000 0.483
9275.000 0.482
9280.000 0.483
9285.000 0.483
9290.000 0.483
9295.000 0.485
9300.000 0.488
9305.000 0.490
9310.000 0.493
9315.000 0.493
9320.000 0.494
9325.000 0.494
9330.000 0.489
9335.000 0.490
9340.000 0.487
9345.000 0.483
9350.000 0.481
9355.000 0.480
9360.000 0.480
9365.000 0.480
9370.000 0.479
9375.000 0.484
9380.000 0.485
9385.000 0.486
9390.000 0.489
9395.000 0.491
9400.000 0.491
9405.000 0.493
9410.000 0.490
9415.000 0.492
9420.000 0.491
9425.000 0.485
9430.000 0.484
9435.000 0.483
9440.000 0.480
9445.000 0.478
9450.000 0.481
9455.000 0.479
9460.000 0.480
9465.000 0.484
9470.000 0.486
9475.000 0.484
9480.000 0.490
9485.000 0.492
9490.000 0.489
9495.000 0.491
9500.000 0.490
9505.000 0.489
9510.000 0.488
9515.000 0.483
9520.000 0.482
9525.000 0.481
9530.000 0.482
9535.000 0.477
9540.000 0.476
9545.000 0.479
9550.000 0.482
9555.000 0.484
9560.000 0.482
9565.000 0.489
9570.000 0.491
9575.000 0.489
9580.000 0.490
9585.000 0.491
9590.000 0.490
9595.000 0.484
9600.000 0.486
9605.000 0.488
9610.000 0.482
9615.000 0.479
9620.000 0.480
9625.000 0.478
9630.000 0.479
9635.000 0.478
9640.000 0.482
9645.000 0.485
9650.000 0.480
9655.000 0.487
9660.000 0.490
9665.000 0.489
9670.000 0.489
9675.000 0.490
9680.000 0.491
9685.000 0.486
9690.000 0.482
9695.000 0.483
9700.000 0.480
9705.000 0.477
9710.000 0.478
9715.000 0.478
9720.000 0.477
9725.000 0.479
9730.000 0.479
9735.000 0.483
9740.000 0.483
9745.000 0.484
9750.000 0.490
9755.000 0.488
9760.000 0.489
9765.000 0.487
9770.000 0.487
9775.000 0.490
9780.000 0.483
9785.000 0.479
9790.000 0.481
9795.000 0.477
9800.000 0.479
9805.000 0.483
9810.000 0.471
9815.000 0.481
9820.000 0.478
9825.000 0.478
9830.000 0.484
9835.000 0.485
9840.000 0.488
9845.000 0.491
9850.000 0.489
9855.000 0.489
9860.000 0.482
9865.000 0.485
9870.000 0.485
9875.000 0.477
9880.000 0.479
9885.000 0.477
9890.000 0.472
9895.000 0.475
9900.000 0.476
9905.000 0.477
9910.000 0.480
9915.000 0.478
9920.000 0.485
9925.000 0.486
9930.000 0.486
9935.000 0.489
9940.000 0.485
9945.000 0.487
9950.000 0.485
9955.000 0.478
9960.000 0.477
9965.000 0.477
9970.000 0.468
9975.000 0.472
9980.000 0.473
9985.000 0.481
9990.000 0.478
9995.000 0.476
10000.000 0.485
10005.000 0.489
10010.000 0.487
10015.000 0.484
10020.000 0.490
10025.000 0.490
10030.000 0.483
10035.000 0.478
10040.000 0.480
10045.000 0.477
10050.000 0.480
10055.000 0.477
10060.000 0.477
10065.000 0.472
10070.000 0.475
10075.000 0.476
10080.000 0.482
10085.000 0.480
10090.000 0.482
10095.000 0.482
10100.000 0.485
10105.000 0.487
10110.000 0.489
10115.000 0.488
10120.000 0.491
10125.000 0.486
10130.000 0.486
10135.000 0.488
10140.000 0.485
10145.000 0.486
10150.000 0.489
10155.000 0.490
10160.000 0.483
10165.000 0.477
10170.000 0.457
10175.000 0.384
10180.000 0.320
10185.000 0.148
10190.000 0.072
10195.000 0.427
10200.000 0.792
10205.000 1.052
10210.000 1.423
10215.000 1.528
10220.000 1.722
10225.000 1.794
10230.000 1.814
10235.000 1.887
10240.000 1.925
10245.000 1.984
10250.000 1.958
10255.000 1.900
10260.000 1.709
10265.000 1.586
10270.000 1.311
10275.000 1.154
10280.000 1.110
10285.000 1.099
10290.000 1.136
10295.000 1.259
10300.000 1.510
10305.000 1.650
10310.000 1.899
10315.000 2.046
10320.000 2.182
10325.000 2.173
10330.000 2.125
10335.000 2.027
10340.000 1.993
10345.000 1.934
10350.000 1.916
10355.000 1.921
10360.000 1.962
10365.000 1.989
10370.000 2.055
10375.000 2.124
10380.000 2.137
10385.000 2.110
10390.000 2.046
10395.000 1.778
10400.000 1.505
10405.000 1.358
10410.000 1.061
10415.000 0.966
10420.000 0.843
10425.000 0.781
10430.000 0.731
10435.000 0.726
10440.000 0.753
10445.000 0.848
10450.000 0.897
10455.000 1.096
10460.000 1.311
10465.000 1.405
10470.000 1.603
10475.000 1.650
10480.000 1.668
10485.000 1.621
10490.000 1.590
10495.000 1.534
10500.000 1.507
10505.000 1.467
10510.000 1.454
10515.000 1.454
10520.000 1.467
10525.000 1.473
10530.000 1.488
10535.000 1.472
10540.000 1.446
10545.000 1.346
10550.000 1.230
10555.000 1.000
10560.000 0.777
10565.000 0.651
10570.000 0.469
10575.000 0.414
10580.000 0.274
10585.000 0.196
10590.000 0.189
10595.000 0.236
10600.000 0.284
10605.000 0.398
10610.000 0.566
10615.000 0.636
10620.000 0.742
10625.000 0.787
10630.000 0.839
10635.000 0.851
10640.000 0.851
10645.000 0.836
10650.000 0.825
10655.000 0.804
10660.000 0.769
10665.000 0.748
10670.000 0.689
10675.000 0.645
10680.000 0.554
10685.000 0.469
10690.000 0.423
10695.000 0.380
10700.000 0.373
10705.000 0.374
10710.000 0.396
10715.000 0.408
10720.000 0.444
10725.000 0.453
10730.000 0.467
10735.000 0.473
10740.000 0.473
10745.000 0.471
10750.000 0.469
10755.000 0.469
10760.000 0.468
10765.000 0.466
10770.000 0.466
10775.000 0.467
10780.000 0.467
10785.000 0.466
10790.000 0.468
10795.000 0.472
10800.000 0.474
10805.000 0.473
10810.000 0.474
10815.000 0.476
10820.000 0.476
10825.000 0.471
10830.000 0.470
10835.000 0.471
10840.000 0.468
10845.000 0.466
10850.000 0.465
10855.000 0.461
10860.000 0.463
10865.000 0.463
10870.000 0.466
10875.000 0.467
10880.000 0.468
10885.000 0.470
10890.000 0.472
10895.000 0.473
10900.000 0.473
10905.000 0.473
10910.000 0.474
10915.000 0.472
10920.000 0.469
10925.000 0.468
10930.000 0.470
10935.000 0.463
10940.000 0.460
10945.000 0.461
10950.000 0.459
10955.000 0.459
10960.000 0.465
10965.000 0.468
10970.000 0.465
10975.000 0.464
10980.000 0.469
10985.000 0.470
10990.000 0.471
10995.000 0.474
11000.000 0.469
11005.000 0.468
11010.000 0.465
11015.000 0.463
11020.000 0.462
11025.000 0.471
11030.000 0.463
11035.000 0.465
11040.000 0.462
11045.000 0.463
11050.000 0.462
11055.000 0.462
11060.000 0.468
11065.000 0.468
11070.000 0.467
11075.000 0.471
11080.000 0.471
11085.000 0.470
11090.000 0.467
11095.000 0.465
11100.000 0.464
11105.000 0.462
11110.000 0.463
11120.000 0.468
11125.000 0.463
11130.000 0.463
11135.000 0.464
11140.000 0.457
11145.000 0.458
11150.000 0.460
11155.000 0.460
11160.000 0.463
11165.000 0.465
11170.000 0.470
11175.000 0.465
11180.000 0.465
11185.000 0.471
11190.000 0.469
11195.000 0.469
11200.000 0.463
11205.000 0.465
11210.000 0.463
11215.000 0.460
11220.000 0.463
11225.000 0.458
11230.000 0.461
11235.000 0.458
11240.000 0.459
11245.000 0.461
11250.000 0.461
11255.000 0.461
11260.000 0.465
11265.000 0.467
11270.000 0.465
11275.000 0.468
11280.000 0.470
11285.000 0.467
11290.000 0.467
11295.000 0.461
11300.000 0.463
11305.000 0.463
11310.000 0.457
11315.000 0.457
11320.000 0.457
11325.000 0.459
11330.000 0.458
11335.000 0.459
11340.000 0.459
11345.000 0.463
11350.000 0.462
11355.000 0.466
11360.000 0.465
11365.000 0.466
11370.000 0.463
11375.000 0.464
11380.000 0.462
11385.000 0.461
11390.000 0.462
11395.000 0.458
11400.000 0.458
11405.000 0.457
11410.000 0.457
11415.000 0.458
11420.000 0.460
11425.000 0.457
11430.000 0.459
11435.000 0.461
11440.000 0.458
11445.000 0.463
11450.000 0.464
11455.000 0.465
11460.000 0.464
11465.000 0.460
11470.000 0.461
11475.000 0.460
11480.000 0.458
11485.000 0.457
11490.000 0.457
11495.000 0.454
11500.000 0.457
11505.000 0.454
11510.000 0.457
11515.000 0.460
11520.000 0.457
11525.000 0.461
11530.000 0.463
11535.000 0.461
11540.000 0.462
11545.000 0.463
11550.000 0.462
11555.000 0.462
11560.000 0.461
11565.000 0.459
11570.000 0.456
11575.000 0.453
11580.000 0.454
11585.000 0.454
11590.000 0.454
11595.000 0.454
11600.000 0.455
11605.000 0.457
11610.000 0.459
11615.000 0.458
11620.000 0.461
11625.000 0.462
11630.000 0.461
11635.000 0.458
11640.000 0.461
11645.000 0.458
11650.000 0.455
11655.000 0.456
11660.000 0.452
11665.000 0.455
11670.000 0.453
11675.000 0.451
11680.000 0.451
11685.000 0.456
11690.000 0.455
11695.000 0.453
11700.000 0.461
11705.000 0.460
11710.000 0.454
11715.000 0.457
11720.000 0.460
11725.000 0.456
11730.000 0.459
11735.000 0.456
11740.000 0.459
11745.000 0.452
11750.000 0.453
11755.000 0.453
11760.000 0.451
11765.000 0.451
11770.000 0.454
11775.000 0.451
11780.000 0.453
11785.000 0.453
11790.000 0.455
11795.000 0.456
11800.000 0.459
11805.000 0.458
11810.000 0.455
11815.000 0.456
11820.000 0.452
11825.000 0.449
11830.000 0.455
11835.000 0.452
11840.000 0.450
11845.000 0.450
11850.000 0.449
11855.000 0.449
11860.000 0.451
11865.000 0.452
11870.000 0.452
11875.000 0.452
11880.000 0.453
11885.000 0.454
11890.000 0.459
11895.000 0.456
11900.000 0.452
11905.000 0.454
11910.000 0.454
11915.000 0.451
11920.000 0.450
11925.000 0.448
11930.000 0.449
11935.000 0.449
11940.000 0.450
11945.000 0.447
11950.000 0.452
11955.000 0.452
11960.000 0.449
11965.000 0.452
11970.000 0.454
11975.000 0.456
11980.000 0.455
11985.000 0.450
11990.000 0.459
11995.000 0.449
12000.000 0.451
