105.000 2.024
110.000 3.492
115.000 3.571
120.000 3.924
125.000 4.095
130.000 4.339
135.000 4.536
140.000 4.772
145.000 5.229
150.000 5.421
155.000 5.899
160.000 6.071
165.000 6.704
170.000 7.456
175.000 7.906
180.000 10.371
185.000 12.011
190.000 11.161
195.000 12.067
200.000 12.988
205.000 15.233
210.000 16.677
215.000 20.302
220.000 25.612
225.000 29.144
230.000 39.023
235.000 45.876
240.000 64.318
245.000 85.070
250.000 88.086
255.000 67.918
260.000 54.932
265.000 41.182
270.000 33.499
275.000 31.194
280.000 27.042
285.000 26.324
290.000 23.655
295.000 22.216
300.000 21.595
305.000 20.690
310.000 20.367
315.000 19.948
320.000 19.725
325.000 19.652
330.000 19.760
335.000 19.908
340.000 20.345
345.000 20.870
350.000 21.223
355.000 22.097
360.000 22.644
365.000 23.907
370.000 25.408
375.000 26.263
380.000 28.291
385.000 29.417
390.000 32.092
395.000 35.193
400.000 36.899
405.000 40.779
410.000 42.881
415.000 47.631
420.000 52.611
425.000 55.562
430.000 61.932
435.000 65.307
440.000 72.866
445.000 81.725
450.000 86.832
455.000 99.121
460.000 106.922
465.000 126.104
470.000 138.334
475.000 142.550
480.000 147.960
485.000 149.306
490.000 148.626
495.000 133.964
500.000 112.738
505.000 78.429
510.000 67.341
515.000 51.721
520.000 41.318
525.000 37.393
530.000 31.198
535.000 28.749
540.000 24.478
545.000 22.845
550.000 20.138
555.000 17.952
560.000 17.025
565.000 15.475
570.000 14.786
575.000 13.667
580.000 12.670
585.000 12.238
590.000 11.558
595.000 11.231
600.000 10.695
605.000 10.286
610.000 10.098
615.000 9.824
620.000 9.708
625.000 9.558
630.000 9.485
635.000 9.480
640.000 9.527
645.000 9.590
650.000 9.796
655.000 10.112
660.000 10.318
665.000 10.882
670.000 11.244
675.000 12.194
680.000 13.560
685.000 14.453
690.000 16.819
695.000 18.433
700.000 23.129
705.000 30.802
710.000 36.075
715.000 48.309
720.000 51.652
725.000 38.782
730.000 20.581
735.000 17.232
740.000 12.640
745.000 11.083
750.000 8.849
755.000 7.319
760.000 6.703
765.000 5.738
770.000 5.360
775.000 4.713
780.000 4.222
785.000 4.011
790.000 3.687
795.000 3.543
800.000 3.296
805.000 3.074
810.000 2.977
815.000 2.794
820.000 2.713
825.000 2.573
830.000 2.453
835.000 2.406
840.000 2.331
845.000 2.293
850.000 2.235
855.000 2.208
860.000 2.197
865.000 2.183
870.000 2.198
875.000 2.236
880.000 2.285
885.000 2.320
890.000 2.421
895.000 2.492
900.000 2.649
905.000 2.891
910.000 3.036
915.000 3.427
920.000 3.687
925.000 4.399
930.000 5.505
935.000 6.310
940.000 8.585
945.000 10.098
950.000 12.825
955.000 11.234
960.000 8.394
965.000 5.322
970.000 4.545
975.000 3.546
980.000 2.899
985.000 2.665
990.000 2.315
995.000 2.182
1000.000 1.944
1005.000 1.767
1010.000 1.693
1015.000 1.590
1020.000 1.530
1025.000 1.450
1030.000 1.385
1035.000 1.349
1040.000 1.305
1045.000 1.289
1050.000 1.257
1055.000 1.239
1060.000 1.236
1065.000 1.218
1070.000 1.219
1075.000 1.220
1080.000 1.227
1085.000 1.235
1090.000 1.258
1095.000 1.259
1100.000 1.295
1105.000 1.331
1110.000 1.352
1115.000 1.413
1120.000 1.448
1125.000 1.535
1130.000 1.637
1135.000 1.700
1140.000 1.852
1145.000 1.948
1150.000 2.171
1155.000 2.310
1160.000 2.685
1165.000 3.204
1170.000 3.548
1175.000 4.539
1180.000 5.222
1185.000 7.088
1190.000 9.442
1195.000 10.182
1200.000 8.662
1205.000 6.716
1210.000 4.533
1215.000 3.489
1220.000 3.124
1225.000 2.617
1230.000 2.435
1235.000 2.139
1240.000 1.932
1245.000 1.849
1250.000 1.713
1255.000 1.660
1260.000 1.570
1265.000 1.508
1270.000 1.483
1275.000 1.449
1280.000 1.429
1285.000 1.419
1290.000 1.414
1295.000 1.412
1300.000 1.429
1305.000 1.435
1310.000 1.468
1315.000 1.514
1320.000 1.538
1325.000 1.596
1330.000 1.632
1335.000 1.722
1340.000 1.836
1345.000 1.892
1350.000 2.051
1355.000 2.138
1360.000 2.351
1365.000 2.624
1370.000 2.791
1375.000 3.185
1380.000 3.446
1385.000 4.070
1390.000 4.942
1395.000 5.542
1400.000 7.161
1405.000 8.267
1410.000 11.288
1415.000 15.363
1420.000 17.024
1425.000 16.286
1430.000 13.436
1435.000 8.960
1440.000 7.869
1445.000 6.298
1450.000 5.329
1455.000 4.976
1460.000 4.406
1465.000 4.181
1470.000 3.833
1475.000 3.560
1480.000 3.454
1485.000 3.273
1490.000 3.196
1495.000 3.075
1500.000 2.980
1505.000 2.941
1510.000 2.884
1515.000 2.859
1520.000 2.835
1525.000 2.823
1530.000 2.821
1535.000 2.838
1540.000 2.851
1545.000 2.883
1550.000 2.939
1555.000 2.973
1560.000 3.056
1565.000 3.101
1570.000 3.223
1575.000 3.366
1580.000 3.449
1585.000 3.651
1590.000 3.767
1595.000 4.043
1600.000 4.410
1605.000 4.625
1610.000 5.179
1615.000 5.526
1620.000 6.463
1625.000 7.830
1630.000 8.700
1635.000 11.126
1640.000 12.522
1645.000 14.888
1650.000 14.155
1655.000 12.470
1660.000 9.527
1665.000 8.516
1670.000 7.169
1675.000 6.331
1680.000 5.995
1685.000 5.485
1690.000 5.282
1695.000 4.950
1700.000 4.685
1705.000 4.578
1710.000 4.389
1715.000 4.307
1720.000 4.183
1725.000 4.086
1730.000 4.036
1735.000 3.991
1740.000 3.971
1745.000 3.962
1750.000 3.981
1755.000 4.003
1760.000 4.063
1765.000 4.105
1770.000 4.219
1775.000 4.376
1780.000 4.468
1785.000 4.695
1790.000 4.828
1795.000 5.164
1800.000 5.562
1805.000 5.817
1810.000 6.437
1815.000 6.808
1820.000 7.697
1825.000 8.951
1830.000 9.731
1835.000 11.676
1840.000 13.014
1845.000 16.345
1850.000 20.516
1855.000 22.722
1860.000 25.331
1865.000 24.692
1870.000 19.952
1875.000 15.222
1880.000 13.563
1885.000 11.133
1890.000 10.229
1895.000 8.840
1900.000 7.842
1905.000 7.437
1910.000 6.793
1915.000 6.535
1920.000 6.080
1925.000 5.739
1930.000 5.607
1935.000 5.366
1940.000 5.274
1945.000 5.129
1950.000 5.013
1955.000 4.987
1960.000 4.949
1965.000 4.933
1970.000 4.965
1975.000 5.026
1980.000 5.067
1985.000 5.200
1990.000 5.293
1995.000 5.508
2000.000 5.824
2005.000 6.013
2010.000 6.489
2015.000 6.815
2020.000 7.575
2025.000 8.618
2030.000 9.420
2035.000 11.201
2040.000 12.258
2045.000 14.477
2050.000 15.326
2055.000 14.931
2060.000 11.415
2065.000 9.518
2070.000 6.912
2075.000 5.986
2080.000 4.585
2085.000 3.663
2090.000 3.300
2095.000 2.695
2100.000 2.456
2105.000 2.068
2110.000 1.748
2115.000 1.616
2120.000 1.389
2125.000 1.290
2130.000 1.114
2135.000 0.974
2140.000 0.907
2145.000 0.798
2150.000 0.749
2155.000 0.655
2160.000 0.580
2165.000 0.549
2170.000 0.485
2175.000 0.461
2180.000 0.419
2185.000 0.373
2190.000 0.361
2195.000 0.329
2200.000 0.316
2205.000 0.295
2210.000 0.282
2215.000 0.277
2220.000 0.265
2225.000 0.261
2230.000 0.258
2235.000 0.259
2240.000 0.254
2245.000 0.258
2250.000 0.258
2255.000 0.259
2260.000 0.260
2265.000 0.266
2270.000 0.272
2275.000 0.272
2280.000 0.275
2285.000 0.285
2290.000 0.285
2295.000 0.295
2300.000 0.296
2305.000 0.301
2310.000 0.307
2315.000 0.308
2320.000 0.313
2325.000 0.318
2330.000 0.326
2335.000 0.332
2340.000 0.334
2345.000 0.340
2350.000 0.344
2355.000 0.353
2360.000 0.355
2365.000 0.357
2370.000 0.366
2375.000 0.367
2380.000 0.378
2385.000 0.386
2390.000 0.390
2395.000 0.397
2400.000 0.397
2405.000 0.406
2410.000 0.418
2415.000 0.426
2420.000 0.434
2425.000 0.444
2430.000 0.455
2435.000 0.469
2440.000 0.476
2445.000 0.494
2450.000 0.507
2455.000 0.528
2460.000 0.552
2465.000 0.565
2470.000 0.598
2475.000 0.613
2480.000 0.652
2485.000 0.697
2490.000 0.725
2495.000 0.780
2500.000 0.809
2505.000 0.888
2510.000 0.975
2515.000 1.022
2520.000 1.140
2525.000 1.213
2530.000 1.358
2535.000 1.562
2540.000 1.678
2545.000 1.947
2550.000 2.114
2555.000 2.544
2560.000 3.085
2565.000 3.446
2570.000 4.436
2575.000 5.082
2580.000 6.784
2585.000 9.570
2590.000 11.303
2595.000 14.700
2600.000 15.572
2605.000 13.211
2610.000 9.706
2615.000 8.551
2620.000 7.085
2625.000 6.640
2630.000 5.943
2635.000 5.709
2640.000 5.374
2645.000 5.167
2650.000 5.105
2655.000 5.066
2660.000 5.077
2665.000 5.171
2670.000 5.365
2675.000 5.490
2680.000 5.866
2685.000 6.107
2690.000 6.717
2695.000 7.631
2700.000 8.216
2705.000 9.686
2710.000 10.725
2715.000 13.344
2720.000 16.425
2725.000 17.824
2730.000 18.376
2735.000 16.893
2740.000 12.588
2745.000 9.409
2750.000 8.357
2755.000 6.874
2760.000 6.272
2765.000 5.409
2770.000 4.810
2775.000 4.551
2780.000 4.163
2785.000 4.014
2790.000 3.752
2795.000 3.574
2800.000 3.504
2805.000 3.398
2810.000 3.365
2815.000 3.328
2820.000 3.331
2825.000 3.343
2830.000 3.408
2835.000 3.456
2840.000 3.594
2845.000 3.779
2850.000 3.900
2855.000 4.225
2860.000 4.414
2865.000 4.889
2870.000 5.590
2875.000 6.028
2880.000 7.119
2885.000 7.921
2890.000 9.875
2895.000 12.375
2900.000 13.796
2905.000 15.433
2910.000 14.930
2915.000 11.560
2920.000 8.320
2925.000 7.340
2930.000 5.910
2935.000 5.402
2940.000 4.637
2945.000 4.046
2950.000 3.814
2955.000 3.466
2960.000 3.312
2965.000 3.066
2970.000 2.864
2975.000 2.786
2980.000 2.660
2985.000 2.609
2990.000 2.528
2995.000 2.461
3000.000 2.449
3005.000 2.415
3010.000 2.416
3015.000 2.428
3020.000 2.467
3025.000 2.481
3030.000 2.577
3035.000 2.621
3040.000 2.760
3045.000 2.957
3050.000 3.071
3055.000 3.375
3060.000 3.591
3065.000 4.111
3070.000 4.838
3075.000 5.368
3080.000 6.610
3085.000 7.292
3090.000 8.425
3095.000 7.951
3100.000 7.000
3105.000 4.909
3110.000 4.223
3115.000 3.300
3120.000 2.650
3125.000 2.420
3130.000 2.090
3135.000 1.944
3140.000 1.720
3145.000 1.568
3150.000 1.500
3155.000 1.398
3160.000 1.354
3165.000 1.292
3170.000 1.251
3175.000 1.235
3180.000 1.219
3185.000 1.218
3190.000 1.232
3195.000 1.256
3200.000 1.278
3205.000 1.341
3210.000 1.384
3215.000 1.513
3220.000 1.592
3225.000 1.802
3230.000 2.121
3235.000 2.322
3240.000 2.870
3245.000 3.175
3250.000 3.810
3255.000 3.804
3260.000 3.430
3265.000 2.406
3270.000 2.062
3275.000 1.616
3280.000 1.318
3285.000 1.209
3290.000 1.055
3295.000 0.986
3300.000 0.889
3305.000 0.825
3310.000 0.792
3315.000 0.742
3320.000 0.719
3325.000 0.685
3330.000 0.660
3335.000 0.647
3340.000 0.621
3345.000 0.615
3350.000 0.602
3355.000 0.589
3360.000 0.583
3365.000 0.575
3370.000 0.572
3375.000 0.563
3380.000 0.558
3385.000 0.553
3390.000 0.546
3395.000 0.551
3400.000 0.541
3405.000 0.537
3410.000 0.539
3415.000 0.535
3420.000 0.532
3425.000 0.532
3430.000 0.525
3435.000 0.527
3440.000 0.524
3445.000 0.522
3450.000 0.518
3455.000 0.520
3460.000 0.515
3465.000 0.519
3470.000 0.517
3475.000 0.513
3480.000 0.519
3485.000 0.521
3490.000 0.516
3495.000 0.516
3500.000 0.515
3505.000 0.514
3510.000 0.516
3515.000 0.514
3520.000 0.513
3525.000 0.513
3530.000 0.512
3535.000 0.506
3540.000 0.514
3545.000 0.506
3550.000 0.509
3555.000 0.512
3560.000 0.513
3565.000 0.509
3570.000 0.511
3575.000 0.508
3580.000 0.512
3585.000 0.512
3590.000 0.513
3595.000 0.512
3600.000 0.513
3605.000 0.514
3610.000 0.507
3615.000 0.511
3620.000 0.510
3625.000 0.509
3630.000 0.503
3635.000 0.508
3640.000 0.509
3645.000 0.508
3650.000 0.509
3655.000 0.515
3660.000 0.512
3665.000 0.512
3670.000 0.516
3675.000 0.512
3680.000 0.514
3685.000 0.518
3690.000 0.512
3695.000 0.513
3700.000 0.518
3705.000 0.514
3710.000 0.514
3715.000 0.513
3720.000 0.515
3725.000 0.516
3730.000 0.518
3735.000 0.520
3740.000 0.523
3745.000 0.525
3750.000 0.528
3755.000 0.536
3760.000 0.535
3765.000 0.535
3770.000 0.538
3775.000 0.542
3780.000 0.547
3785.000 0.550
3790.000 0.559
3795.000 0.564
3800.000 0.576
3805.000 0.591
3810.000 0.598
3815.000 0.624
3820.000 0.637
3825.000 0.680
3830.000 0.708
3835.000 0.777
3840.000 0.881
3845.000 0.948
3850.000 1.136
3855.000 1.246
3860.000 1.469
3865.000 1.639
3870.000 1.651
3875.000 1.541
3880.000 1.448
3885.000 1.303
3890.000 1.208
3895.000 1.167
3900.000 1.123
3905.000 1.113
3910.000 1.100
3915.000 1.106
3920.000 1.118
3925.000 1.150
3930.000 1.184
3935.000 1.240
3940.000 1.337
3945.000 1.394
3950.000 1.525
3955.000 1.617
3960.000 1.849
3965.000 2.140
3970.000 2.341
3975.000 2.886
3980.000 3.229
3985.000 4.053
3990.000 5.214
3995.000 5.728
4000.000 6.028
4005.000 5.656
4010.000 4.323
4015.000 3.423
4020.000 3.082
4025.000 2.597
4030.000 2.410
4035.000 2.149
4040.000 1.951
4045.000 1.876
4050.000 1.760
4055.000 1.704
4060.000 1.640
4065.000 1.583
4070.000 1.568
4075.000 1.543
4080.000 1.538
4085.000 1.540
4090.000 1.559
4095.000 1.575
4100.000 1.624
4105.000 1.661
4110.000 1.745
4115.000 1.867
4120.000 1.950
4125.000 2.139
4130.000 2.271
4135.000 2.616
4140.000 3.063
4145.000 3.358
4150.000 4.084
4155.000 4.419
4160.000 4.723
4165.000 4.080
4170.000 3.536
4175.000 2.664
4180.000 2.315
4185.000 1.863
4190.000 1.578
4195.000 1.451
4200.000 1.275
4205.000 1.219
4210.000 1.097
4215.000 1.024
4220.000 0.991
4225.000 0.939
4230.000 0.915
4235.000 0.884
4240.000 0.859
4245.000 0.855
4250.000 0.846
4255.000 0.843
4260.000 0.853
4265.000 0.868
4270.000 0.883
4275.000 0.922
4280.000 0.948
4285.000 1.006
4290.000 1.099
4295.000 1.155
4300.000 1.292
4305.000 1.390
4310.000 1.633
4315.000 1.946
4320.000 2.192
4325.000 2.736
4330.000 3.032
4335.000 3.549
4340.000 3.539
4345.000 3.263
4350.000 2.582
4355.000 2.293
4360.000 1.901
4365.000 1.624
4370.000 1.521
4375.000 1.369
4380.000 1.305
4385.000 1.199
4390.000 1.127
4395.000 1.097
4400.000 1.047
4405.000 1.022
4410.000 0.992
4415.000 0.977
4420.000 0.955
4425.000 0.940
4430.000 0.935
4435.000 0.932
4440.000 0.934
4445.000 0.938
4450.000 0.953
4455.000 0.968
4460.000 0.995
4465.000 1.016
4470.000 1.062
4475.000 1.124
4480.000 1.161
4485.000 1.233
4490.000 1.256
4495.000 1.236
4500.000 1.019
4505.000 0.852
4510.000 0.467
4515.000 0.342
4520.000 0.215
4525.000 0.185
4530.000 0.197
4535.000 0.232
4540.000 0.251
4545.000 0.284
4550.000 0.309
4555.000 0.323
4560.000 0.342
4565.000 0.353
4570.000 0.367
4575.000 0.376
4580.000 0.384
4585.000 0.394
4590.000 0.395
4595.000 0.405
4600.000 0.406
4605.000 0.408
4610.000 0.417
4615.000 0.419
4620.000 0.423
4625.000 0.426
4630.000 0.431
4635.000 0.438
4640.000 0.439
4645.000 0.440
4650.000 0.451
4655.000 0.450
4660.000 0.451
4665.000 0.452
4670.000 0.452
4675.000 0.454
4680.000 0.454
4685.000 0.455
4690.000 0.458
4695.000 0.457
4700.000 0.461
4705.000 0.460
4710.000 0.460
4715.000 0.461
4720.000 0.460
4725.000 0.460
4730.000 0.466
4735.000 0.465
4740.000 0.466
4745.000 0.468
4750.000 0.468
4755.000 0.469
4760.000 0.466
4765.000 0.459
4770.000 0.459
4775.000 0.457
4780.000 0.453
4785.000 0.451
4790.000 0.444
4795.000 0.445
4800.000 0.444
4805.000 0.442
4810.000 0.439
4815.000 0.440
4820.000 0.432
4825.000 0.433
4830.000 0.425
4835.000 0.421
4840.000 0.420
4845.000 0.404
4850.000 0.401
4855.000 0.387
4860.000 0.375
4865.000 0.369
4870.000 0.350
4875.000 0.338
4880.000 0.323
4885.000 0.301
4890.000 0.293
4895.000 0.262
4900.000 0.249
4905.000 0.222
4910.000 0.207
4915.000 0.219
4920.000 0.277
4925.000 0.326
4930.000 0.478
4935.000 0.766
4940.000 0.947
4945.000 1.405
4950.000 1.747
4955.000 2.437
4960.000 2.871
4965.000 2.896
4970.000 2.566
4975.000 2.398
4980.000 2.161
4985.000 1.981
4990.000 1.929
4995.000 1.852
5000.000 1.804
5005.000 1.761
5010.000 1.746
5015.000 1.751
5020.000 1.755
5025.000 1.778
5030.000 1.811
5035.000 1.875
5040.000 1.904
5045.000 1.993
5050.000 2.051
5055.000 2.183
5060.000 2.391
5065.000 2.502
5070.000 2.779
5075.000 2.986
5080.000 3.453
5085.000 4.036
5090.000 4.454
5095.000 5.415
5100.000 5.905
5105.000 6.583
5110.000 6.315
5115.000 5.767
5120.000 4.569
5125.000 4.041
5130.000 3.307
5135.000 2.835
5140.000 2.644
5145.000 2.372
5150.000 2.278
5155.000 2.113
5160.000 2.016
5165.000 1.985
5170.000 1.949
5175.000 1.943
5180.000 1.958
5185.000 2.017
5190.000 2.057
5195.000 2.165
5200.000 2.232
5205.000 2.427
5210.000 2.661
5215.000 2.819
5220.000 3.243
5225.000 3.499
5230.000 4.101
5235.000 5.033
5240.000 5.551
5245.000 6.557
5250.000 7.010
5255.000 7.035
5260.000 6.004
5265.000 5.245
5270.000 4.166
5275.000 3.813
5280.000 3.156
5285.000 2.731
5290.000 2.578
5295.000 2.274
5300.000 2.172
5305.000 2.014
5310.000 1.942
5315.000 1.829
5320.000 1.755
5325.000 1.725
5330.000 1.684
5335.000 1.671
5340.000 1.669
5345.000 1.691
5350.000 1.715
5355.000 1.773
5360.000 1.829
5365.000 1.962
5370.000 2.137
5375.000 2.271
5380.000 2.554
5385.000 2.696
5390.000 2.868
5395.000 2.689
5400.000 2.465
5405.000 1.893
5410.000 1.664
5415.000 1.355
5420.000 1.132
5425.000 1.064
5430.000 0.966
5435.000 0.933
5440.000 0.883
5445.000 0.863
5450.000 0.864
5455.000 0.874
5460.000 0.888
5465.000 0.921
5470.000 0.994
5475.000 1.039
5480.000 1.139
5485.000 1.217
5490.000 1.350
5495.000 1.397
5500.000 1.349
5505.000 1.139
5510.000 1.030
5515.000 0.837
5520.000 0.722
5525.000 0.691
5530.000 0.633
5535.000 0.611
5540.000 0.582
5545.000 0.562
5550.000 0.556
5555.000 0.541
5560.000 0.535
5565.000 0.526
5570.000 0.518
5575.000 0.517
5580.000 0.513
5585.000 0.512
5590.000 0.507
5595.000 0.506
5600.000 0.508
5605.000 0.506
5610.000 0.510
5615.000 0.509
5620.000 0.508
5625.000 0.507
5630.000 0.508
5635.000 0.510
5640.000 0.505
5645.000 0.504
5650.000 0.507
5655.000 0.502
5660.000 0.504
5665.000 0.501
5670.000 0.502
5675.000 0.497
5680.000 0.501
5685.000 0.500
5690.000 0.501
5695.000 0.500
5700.000 0.503
5705.000 0.505
5710.000 0.506
5715.000 0.504
5720.000 0.504
5725.000 0.505
5730.000 0.504
5735.000 0.507
5740.000 0.504
5745.000 0.500
5750.000 0.498
5755.000 0.502
5760.000 0.501
5765.000 0.499
5770.000 0.500
5775.000 0.496
5780.000 0.503
5785.000 0.502
5790.000 0.500
5795.000 0.506
5800.000 0.507
5805.000 0.508
5810.000 0.504
5815.000 0.506
5820.000 0.507
5825.000 0.507
5830.000 0.504
5835.000 0.503
5840.000 0.499
5845.000 0.498
5850.000 0.498
5855.000 0.498
5860.000 0.502
5865.000 0.498
5870.000 0.501
5875.000 0.501
5880.000 0.507
5885.000 0.506
5890.000 0.507
5895.000 0.507
5900.000 0.507
5905.000 0.505
5910.000 0.508
5915.000 0.504
5920.000 0.500
5925.000 0.500
5930.000 0.502
5935.000 0.497
5940.000 0.499
5945.000 0.504
5950.000 0.495
5955.000 0.506
5960.000 0.497
5965.000 0.504
5970.000 0.500
5975.000 0.501
5980.000 0.506
5985.000 0.514
5990.000 0.512
5995.000 0.500
6000.000 0.508
6005.000 0.498
6010.000 0.505
6015.000 0.506
6020.000 0.497
6025.000 0.494
6030.000 0.501
6035.000 0.496
6040.000 0.498
6045.000 0.501
6050.000 0.502
6055.000 0.501
6060.000 0.507
6065.000 0.506
6070.000 0.506
6075.000 0.507
6080.000 0.509
6085.000 0.506
6090.000 0.504
6095.000 0.504
6100.000 0.506
6105.000 0.502
6110.000 0.499
6115.000 0.500
6120.000 0.501
6125.000 0.500
6130.000 0.499
6135.000 0.498
6140.000 0.505
6145.000 0.505
6150.000 0.504
6155.000 0.508
6160.000 0.508
6165.000 0.507
6170.000 0.508
6175.000 0.506
6180.000 0.506
6185.000 0.505
6190.000 0.503
6195.000 0.502
6200.000 0.503
6205.000 0.500
6210.000 0.498
6215.000 0.495
6220.000 0.502
6225.000 0.499
6230.000 0.500
6235.000 0.504
6240.000 0.508
6245.000 0.505
6250.000 0.510
6255.000 0.508
6260.000 0.507
6265.000 0.504
6270.000 0.502
6275.000 0.503
6280.000 0.499
6285.000 0.501
6290.000 0.498
6295.000 0.498
6300.000 0.495
6305.000 0.492
6310.000 0.500
6315.000 0.502
6320.000 0.501
6325.000 0.502
6330.000 0.509
6335.000 0.509
6340.000 0.507
6345.000 0.508
6350.000 0.505
6355.000 0.506
6360.000 0.502
6365.000 0.499
6370.000 0.502
6375.000 0.495
6380.000 0.499
6385.000 0.497
6390.000 0.494
6395.000 0.497
6400.000 0.500
6405.000 0.501
6410.000 0.501
6415.000 0.507
6420.000 0.502
6425.000 0.507
6430.000 0.510
6435.000 0.504
6440.000 0.504
6445.000 0.505
6450.000 0.504
6455.000 0.500
6460.000 0.500
6465.000 0.499
6470.000 0.494
6475.000 0.493
6480.000 0.497
6485.000 0.498
6490.000 0.497
6495.000 0.501
6500.000 0.504
6505.000 0.506
6510.000 0.504
6515.000 0.504
6520.000 0.502
6525.000 0.504
6530.000 0.506
6535.000 0.499
6540.000 0.495
6545.000 0.497
6550.000 0.491
6555.000 0.490
6560.000 0.489
6565.000 0.487
6570.000 0.488
6575.000 0.483
6580.000 0.489
6585.000 0.490
6590.000 0.484
6595.000 0.487
6600.000 0.487
6605.000 0.481
6610.000 0.482
6615.000 0.477
6620.000 0.475
6625.000 0.461
6630.000 0.456
6635.000 0.449
6640.000 0.437
6645.000 0.424
6650.000 0.406
6655.000 0.396
6660.000 0.369
6665.000 0.337
6670.000 0.317
6675.000 0.274
6680.000 0.256
6685.000 0.254
6690.000 0.363
6695.000 0.513
6700.000 0.933
6705.000 1.182
6710.000 1.982
6715.000 2.691
6720.000 2.861
6725.000 3.002
6730.000 3.009
6735.000 3.100
6740.000 3.341
6745.000 3.516
6750.000 3.954
6755.000 4.281
6760.000 5.138
6765.000 5.954
6770.000 6.293
6775.000 6.308
6780.000 5.911
6785.000 4.805
6790.000 3.850
6795.000 3.534
6800.000 3.096
6805.000 2.902
6810.000 2.659
6815.000 2.510
6820.000 2.470
6825.000 2.437
6830.000 2.443
6835.000 2.515
6840.000 2.658
6845.000 2.741
6850.000 3.053
6855.000 3.246
6860.000 3.704
6865.000 4.463
6870.000 4.882
6875.000 5.697
6880.000 6.046
6885.000 6.206
6890.000 5.508
6895.000 5.030
6900.000 4.080
6905.000 3.750
6910.000 3.266
6915.000 2.904
6920.000 2.771
6925.000 2.579
6930.000 2.491
6935.000 2.381
6940.000 2.320
6945.000 2.299
6950.000 2.288
6955.000 2.286
6960.000 2.321
6965.000 2.397
6970.000 2.431
6975.000 2.569
6980.000 2.655
6985.000 2.850
6990.000 3.162
6995.000 3.329
7000.000 3.745
7005.000 4.037
7010.000 4.757
7015.000 5.486
7020.000 5.875
7025.000 6.391
7030.000 6.313
7035.000 5.644
7040.000 4.471
7045.000 4.002
7050.000 3.329
7055.000 2.986
7060.000 2.551
7065.000 2.259
7070.000 2.107
7075.000 1.906
7080.000 1.825
7085.000 1.685
7090.000 1.632
7095.000 1.553
7100.000 1.498
7105.000 1.475
7110.000 1.448
7115.000 1.444
7120.000 1.451
7125.000 1.475
7130.000 1.495
7135.000 1.567
7140.000 1.611
7145.000 1.714
7150.000 1.903
7155.000 2.016
7160.000 2.274
7165.000 2.486
7170.000 2.938
7175.000 3.444
7180.000 3.770
7185.000 4.174
7190.000 4.202
7195.000 3.834
7200.000 3.190
7205.000 2.951
7210.000 2.454
7215.000 2.137
7220.000 2.041
7225.000 1.822
7230.000 1.678
7235.000 1.633
7240.000 1.528
7245.000 1.490
7250.000 1.433
7255.000 1.384
7260.000 1.366
7265.000 1.343
7270.000 1.331
7275.000 1.322
7280.000 1.326
7285.000 1.331
7290.000 1.350
7295.000 1.361
7300.000 1.398
7305.000 1.448
7310.000 1.479
7315.000 1.549
7320.000 1.601
7325.000 1.708
7330.000 1.832
7335.000 1.927
7340.000 2.139
7345.000 2.237
7350.000 2.568
7355.000 2.941
7360.000 3.126
7365.000 3.513
7370.000 3.633
7375.000 3.586
7380.000 3.419
7385.000 2.820
7390.000 2.338
7395.000 2.115
7400.000 1.739
7405.000 1.600
7410.000 1.397
7415.000 1.216
7420.000 1.154
7425.000 1.048
7430.000 0.997
7435.000 0.921
7440.000 0.873
7445.000 0.843
7450.000 0.806
7455.000 0.792
7460.000 0.770
7465.000 0.752
7470.000 0.751
7475.000 0.745
7480.000 0.746
7485.000 0.761
7490.000 0.780
7495.000 0.797
7500.000 0.839
7505.000 0.870
7510.000 0.969
7515.000 1.094
7520.000 1.175
7525.000 1.414
7530.000 1.547
7535.000 1.834
7540.000 2.167
7545.000 2.268
7550.000 2.275
7555.000 2.180
7560.000 1.915
7565.000 1.706
7570.000 1.593
7575.000 1.447
7580.000 1.399
7585.000 1.300
7590.000 1.236
7595.000 1.213
7600.000 1.171
7605.000 1.154
7610.000 1.136
7615.000 1.118
7620.000 1.118
7625.000 1.124
7630.000 1.126
7635.000 1.150
7640.000 1.181
7645.000 1.203
7650.000 1.261
7655.000 1.295
7660.000 1.374
7665.000 1.498
7670.000 1.566
7675.000 1.731
7680.000 1.851
7685.000 2.065
7690.000 2.235
7695.000 2.300
7700.000 2.231
7705.000 2.108
7710.000 1.737
7715.000 1.385
7720.000 1.269
7725.000 1.028
7730.000 0.943
7735.000 0.821
7740.000 0.715
7745.000 0.678
7750.000 0.616
7755.000 0.588
7760.000 0.537
7765.000 0.502
7770.000 0.484
7775.000 0.447
7780.000 0.428
7785.000 0.404
7790.000 0.373
7795.000 0.362
7800.000 0.339
7805.000 0.327
7810.000 0.328
7815.000 0.358
7820.000 0.405
7825.000 0.534
7830.000 0.597
7835.000 0.711
7840.000 0.749
7845.000 0.750
7850.000 0.747
7855.000 0.742
7860.000 0.727
7865.000 0.718
7870.000 0.717
7875.000 0.713
7880.000 0.712
7885.000 0.721
7890.000 0.732
7895.000 0.739
7900.000 0.762
7905.000 0.772
7910.000 0.788
7915.000 0.784
7920.000 0.757
7925.000 0.702
7930.000 0.655
7935.000 0.588
7940.000 0.553
7945.000 0.534
7950.000 0.518
7955.000 0.518
7960.000 0.502
7965.000 0.488
7970.000 0.496
7975.000 0.493
7980.000 0.485
7985.000 0.498
7990.000 0.481
7995.000 0.487
8000.000 0.495
8005.000 0.506
8010.000 0.501
8015.000 0.493
8020.000 0.507
8025.000 0.500
8030.000 0.508
8035.000 0.504
8040.000 0.503
8045.000 0.500
8050.000 0.498
8055.000 0.494
8060.000 0.494
8065.000 0.489
8070.000 0.490
8075.000 0.489
8080.000 0.493
8085.000 0.498
8090.000 0.496
8095.000 0.495
8100.000 0.502
8105.000 0.505
8110.000 0.502
8115.000 0.506
8120.000 0.501
8125.000 0.505
8130.000 0.505
8135.000 0.497
8140.000 0.500
8145.000 0.491
8150.000 0.491
8155.000 0.490
8160.000 0.490
8165.000 0.492
8170.000 0.493
8175.000 0.497
8180.000 0.499
8185.000 0.500
8190.000 0.497
8195.000 0.504
8200.000 0.503
8205.000 0.504
8210.000 0.503
8215.000 0.502
8220.000 0.500
8225.000 0.496
8230.000 0.496
8235.000 0.494
8240.000 0.491
8245.000 0.493
8250.000 0.491
8255.000 0.494
8260.000 0.499
8265.000 0.497
8270.000 0.500
8275.000 0.502
8280.000 0.503
8285.000 0.507
8290.000 0.503
8295.000 0.505
8300.000 0.504
8305.000 0.502
8310.000 0.498
8315.000 0.499
8320.000 0.493
8325.000 0.491
8330.000 0.495
8335.000 0.494
8340.000 0.492
8345.000 0.493
8350.000 0.496
8355.000 0.498
8360.000 0.496
8365.000 0.501
8370.000 0.506
8375.000 0.505
8380.000 0.505
8385.000 0.500
8390.000 0.501
8395.000 0.498
8400.000 0.498
8405.000 0.499
8410.000 0.493
8415.000 0.492
8420.000 0.489
8425.000 0.493
8430.000 0.491
8435.000 0.488
8440.000 0.492
8445.000 0.498
8450.000 0.498
8455.000 0.498
8460.000 0.506
8465.000 0.503
8470.000 0.503
8475.000 0.498
8480.000 0.501
8485.000 0.502
8490.000 0.496
8495.000 0.490
8500.000 0.495
8505.000 0.491
8510.000 0.491
8515.000 0.489
8520.000 0.491
8525.000 0.494
8530.000 0.493
8535.000 0.498
8540.000 0.502
8545.000 0.502
8550.000 0.504
8555.000 0.502
8560.000 0.503
8565.000 0.503
8570.000 0.496
8575.000 0.496
8580.000 0.498
8585.000 0.491
8590.000 0.492
8595.000 0.488
8600.000 0.489
8605.000 0.493
8610.000 0.493
8615.000 0.493
8620.000 0.498
8625.000 0.497
8630.000 0.499
8635.000 0.501
8640.000 0.504
8645.000 0.502
8650.000 0.500
8655.000 0.500
8660.000 0.497
8665.000 0.493
8670.000 0.492
8675.000 0.494
8680.000 0.487
8685.000 0.487
8690.000 0.489
8695.000 0.494
8700.000 0.492
8705.000 0.493
8710.000 0.497
8715.000 0.500
8720.000 0.498
8725.000 0.500
8730.000 0.501
8735.000 0.500
8740.000 0.502
8745.000 0.498
8750.000 0.497
8755.000 0.497
8760.000 0.490
8765.000 0.490
8770.000 0.490
8775.000 0.488
8780.000 0.489
8785.000 0.491
8790.000 0.495
8795.000 0.497
8800.000 0.496
8805.000 0.505
8810.000 0.494
8815.000 0.506
8820.000 0.503
8825.000 0.515
8830.000 0.484
8835.000 0.509
8840.000 0.504
8845.000 0.494
8850.000 0.494
8855.000 0.489
8860.000 0.487
8865.000 0.487
8870.000 0.489
8875.000 0.491
8880.000 0.488
8885.000 0.494
8890.000 0.493
8895.000 0.498
8900.000 0.502
8905.000 0.504
8910.000 0.504
8915.000 0.499
8920.000 0.498
8925.000 0.502
8930.000 0.495
8935.000 0.491
8940.000 0.492
8945.000 0.485
8950.000 0.487
8955.000 0.485
8960.000 0.490
8965.000 0.488
8970.000 0.496
8975.000 0.495
8980.000 0.494
8985.000 0.496
8990.000 0.495
8995.000 0.501
9000.000 0.492
9005.000 0.493
9010.000 0.491
9015.000 0.497
9020.000 0.490
9025.000 0.491
9030.000 0.485
9035.000 0.489
9040.000 0.482
9045.000 0.486
9050.000 0.485
9055.000 0.494
9060.000 0.488
9065.000 0.487
9070.000 0.496
9075.000 0.495
9080.000 0.498
9085.000 0.498
9090.000 0.496
9095.000 0.497
9100.000 0.494
9105.000 0.492
9110.000 0.488
9115.000 0.486
9120.000 0.480
9125.000 0.479
9130.000 0.476
9135.000 0.475
9140.000 0.475
9145.000 0.476
9150.000 0.478
9155.000 0.474
9160.000 0.472
9165.000 0.472
9170.000 0.465
9175.000 0.460
9180.000 0.448
9185.000 0.441
9190.000 0.428
9195.000 0.403
9200.000 0.392
9205.000 0.378
9210.000 0.373
9215.000 0.405
9220.000 0.533
9225.000 0.611
9230.000 0.912
9235.000 1.043
9240.000 1.229
9245.000 1.374
9250.000 1.423
9255.000 1.518
9260.000 1.580
9265.000 1.695
9270.000 1.723
9275.000 1.679
9280.000 1.447
9285.000 1.292
9290.000 1.020
9295.000 0.783
9300.000 0.703
9305.000 0.603
9310.000 0.561
9315.000 0.526
9320.000 0.543
9325.000 0.576
9330.000 0.698
9335.000 0.753
9340.000 1.003
9345.000 1.262
9350.000 1.360
9355.000 1.520
9360.000 1.528
9365.000 1.477
9370.000 1.374
9375.000 1.335
9380.000 1.275
9385.000 1.244
9390.000 1.208
9395.000 1.193
9400.000 1.195
9405.000 1.213
9410.000 1.230
9415.000 1.276
9420.000 1.341
9425.000 1.370
9430.000 1.404
9435.000 1.393
9440.000 1.282
9445.000 1.051
9450.000 0.897
9455.000 0.639
9460.000 0.561
9465.000 0.396
9470.000 0.341
9475.000 0.269
9480.000 0.195
9485.000 0.166
9490.000 0.132
9495.000 0.119
9500.000 0.150
9505.000 0.228
9510.000 0.296
9515.000 0.395
9520.000 0.435
9525.000 0.492
9530.000 0.528
9535.000 0.531
9540.000 0.536
9545.000 0.532
9550.000 0.526
9555.000 0.517
9560.000 0.513
9565.000 0.508
9570.000 0.507
9575.000 0.504
9580.000 0.501
9585.000 0.501
9590.000 0.502
9595.000 0.500
9600.000 0.503
9605.000 0.504
9610.000 0.505
9615.000 0.506
9620.000 0.501
9625.000 0.503
9630.000 0.496
9635.000 0.492
9640.000 0.494
9645.000 0.494
9650.000 0.486
9655.000 0.484
9660.000 0.486
9665.000 0.486
9670.000 0.487
9675.000 0.488
9680.000 0.491
9685.000 0.492
9690.000 0.493
9695.000 0.493
9700.000 0.495
9705.000 0.496
9710.000 0.493
9715.000 0.495
9720.000 0.494
9725.000 0.490
9730.000 0.486
9735.000 0.485
9740.000 0.480
9745.000 0.482
9750.000 0.480
9755.000 0.482
9760.000 0.488
9765.000 0.486
9770.000 0.487
9775.000 0.492
9780.000 0.491
9785.000 0.489
9790.000 0.493
9795.000 0.493
9800.000 0.495
9805.000 0.494
9810.000 0.489
9815.000 0.489
9820.000 0.481
9825.000 0.484
9830.000 0.482
9835.000 0.480
9840.000 0.480
9845.000 0.483
9850.000 0.481
9855.000 0.487
9860.000 0.485
9865.000 0.489
9870.000 0.492
9875.000 0.492
9880.000 0.490
9885.000 0.491
9890.000 0.488
9895.000 0.489
9900.000 0.483
9905.000 0.486
9910.000 0.484
9915.000 0.475
9920.000 0.477
9925.000 0.476
9930.000 0.481
9935.000 0.477
9940.000 0.480
9945.000 0.484
9950.000 0.484
9955.000 0.486
9960.000 0.491
9965.000 0.488
9970.000 0.492
9975.000 0.493
9980.000 0.483
9985.000 0.483
9990.000 0.483
9995.000 0.481
10000.000 0.480
10005.000 0.474
10010.000 0.475
10015.000 0.478
10020.000 0.476
10025.000 0.478
10030.000 0.483
10035.000 0.486
10040.000 0.495
10045.000 0.490
10050.000 0.492
10055.000 0.489
10060.000 0.489
10065.000 0.486
10070.000 0.490
10075.000 0.482
10080.000 0.486
10085.000 0.476
10090.000 0.479
10095.000 0.478
10100.000 0.479
10105.000 0.479
10110.000 0.480
10115.000 0.479
10120.000 0.482
10125.000 0.478
10130.000 0.484
10135.000 0.488
10140.000 0.493
10145.000 0.487
10150.000 0.489
10155.000 0.489
10160.000 0.489
10165.000 0.481
10170.000 0.483
10175.000 0.482
10180.000 0.473
10185.000 0.477
10190.000 0.481
10195.000 0.480
10200.000 0.480
10205.000 0.481
10210.000 0.482
10215.000 0.487
10220.000 0.488
10225.000 0.491
10230.000 0.491
10235.000 0.491
10240.000 0.491
10245.000 0.489
10250.000 0.490
10255.000 0.490
10260.000 0.486
10265.000 0.484
10270.000 0.485
10275.000 0.486
10280.000 0.486
10285.000 0.491
10290.000 0.494
10295.000 0.495
10300.000 0.499
10305.000 0.504
10310.000 0.510
10315.000 0.516
10320.000 0.521
10325.000 0.527
10330.000 0.529
10335.000 0.534
10340.000 0.540
10345.000 0.539
10350.000 0.532
10355.000 0.525
10360.000 0.498
10365.000 0.453
10370.000 0.412
10375.000 0.332
10380.000 0.304
10385.000 0.243
10390.000 0.195
10395.000 0.182
10400.000 0.159
10405.000 0.148
10410.000 0.159
10415.000 0.229
10420.000 0.277
10425.000 0.412
10430.000 0.484
10435.000 0.703
10440.000 0.869
10445.000 0.912
10450.000 0.971
10455.000 0.973
10460.000 0.963
10465.000 0.940
10470.000 0.931
10475.000 0.926
10480.000 0.927
10485.000 0.929
10490.000 0.939
10495.000 0.948
10500.000 0.977
10505.000 0.992
10510.000 1.023
10515.000 1.059
10520.000 1.077
10525.000 1.075
10530.000 1.067
10535.000 0.994
10540.000 0.823
10545.000 0.720
10550.000 0.536
10555.000 0.468
10560.000 0.324
10565.000 0.237
10570.000 0.213
10575.000 0.156
10580.000 0.142
10585.000 0.121
10590.000 0.105
10595.000 0.104
10600.000 0.106
10605.000 0.115
10610.000 0.152
10615.000 0.205
10620.000 0.254
10625.000 0.366
10630.000 0.420
10635.000 0.564
10640.000 0.687
10645.000 0.731
10650.000 0.776
10655.000 0.780
10660.000 0.765
10665.000 0.761
10670.000 0.737
10675.000 0.720
10680.000 0.712
10685.000 0.697
10690.000 0.691
10695.000 0.680
10700.000 0.668
10705.000 0.662
10710.000 0.649
10715.000 0.631
10720.000 0.591
10725.000 0.551
10730.000 0.514
10735.000 0.468
10740.000 0.456
10745.000 0.445
10750.000 0.443
10755.000 0.449
10760.000 0.454
10765.000 0.453
10770.000 0.458
10775.000 0.454
10780.000 0.454
10785.000 0.459
10790.000 0.450
10795.000 0.456
10800.000 0.457
10805.000 0.456
10810.000 0.457
10815.000 0.461
10820.000 0.458
10825.000 0.466
10830.000 0.462
10835.000 0.470
10840.000 0.472
10845.000 0.470
10850.000 0.473
10855.000 0.473
10860.000 0.470
10865.000 0.474
10870.000 0.469
10875.000 0.470
10880.000 0.465
10885.000 0.465
10890.000 0.465
10895.000 0.463
10900.000 0.464
10905.000 0.464
10910.000 0.468
10915.000 0.467
10920.000 0.471
10925.000 0.472
10930.000 0.475
10935.000 0.477
10940.000 0.475
10945.000 0.474
10950.000 0.475
10955.000 0.469
10960.000 0.467
10965.000 0.467
10970.000 0.468
10975.000 0.467
10980.000 0.467
10985.000 0.464
10990.000 0.466
10995.000 0.465
11000.000 0.470
11005.000 0.470
11010.000 0.472
11015.000 0.468
11020.000 0.475
11025.000 0.474
11030.000 0.474
11035.000 0.475
11040.000 0.470
11045.000 0.471
11050.000 0.466
11055.000 0.464
11060.000 0.462
11065.000 0.464
11070.000 0.463
11075.000 0.460
11080.000 0.463
11085.000 0.465
11090.000 0.465
11095.000 0.464
11100.000 0.471
11105.000 0.472
11110.000 0.471
11115.000 0.473
11120.000 0.474
11125.000 0.472
11130.000 0.472
11135.000 0.467
11140.000 0.466
11145.000 0.468
11150.000 0.464
11155.000 0.464
11160.000 0.465
11165.000 0.461
11170.000 0.464
11175.000 0.464
11180.000 0.466
11185.000 0.468
11190.000 0.469
11195.000 0.471
11200.000 0.472
11205.000 0.470
11210.000 0.468
11215.000 0.468
11220.000 0.467
11225.000 0.468
11230.000 0.463
11235.000 0.462
11240.000 0.461
11245.000 0.460
11250.000 0.459
11255.000 0.463
11260.000 0.463
11265.000 0.463
11270.000 0.465
11275.000 0.470
11280.000 0.466
11285.000 0.467
11290.000 0.469
11295.000 0.468
11300.000 0.469
11305.000 0.464
11310.000 0.463
11315.000 0.463
11320.000 0.460
11325.000 0.459
11330.000 0.461
11335.000 0.462
11340.000 0.459
11345.000 0.457
11350.000 0.459
11355.000 0.462
11360.000 0.462
11365.000 0.464
11370.000 0.463
11375.000 0.468
11380.000 0.466
11385.000 0.467
11390.000 0.464
11395.000 0.465
11400.000 0.459
11405.000 0.458
11410.000 0.459
11415.000 0.454
11420.000 0.454
11425.000 0.454
11430.000 0.455
11435.000 0.453
11440.000 0.452
11445.000 0.453
11450.000 0.455
11455.000 0.454
11460.000 0.460
11465.000 0.456
11470.000 0.454
11475.000 0.455
11480.000 0.451
11485.000 0.449
11490.000 0.444
11495.000 0.440
11500.000 0.434
11505.000 0.433
11510.000 0.434
11515.000 0.437
11520.000 0.446
11525.000 0.462
11530.000 0.516
11535.000 0.593
11540.000 0.645
11545.000 0.729
11550.000 0.753
11555.000 0.779
11560.000 0.788
11565.000 0.792
11570.000 0.787
11575.000 0.790
11580.000 0.764
11585.000 0.713
11590.000 0.650
11595.000 0.509
11600.000 0.452
11605.000 0.288
11610.000 0.184
11615.000 0.159
11620.000 0.116
11625.000 0.113
11630.000 0.124
11635.000 0.159
11640.000 0.178
11645.000 0.223
11650.000 0.263
11655.000 0.351
11660.000 0.450
11665.000 0.511
11670.000 0.658
11675.000 0.709
11680.000 0.767
11685.000 0.785
11690.000 0.778
11695.000 0.764
11700.000 0.748
11705.000 0.730
11710.000 0.723
11715.000 0.714
11720.000 0.706
11725.000 0.707
11730.000 0.698
11735.000 0.686
11740.000 0.682
11745.000 0.648
11750.000 0.622
11755.000 0.561
11760.000 0.452
11765.000 0.413
11770.000 0.356
11775.000 0.336
11780.000 0.317
11785.000 0.320
11790.000 0.325
11795.000 0.333
11800.000 0.340
11805.000 0.364
11810.000 0.391
11815.000 0.403
11820.000 0.432
11825.000 0.445
11830.000 0.465
11835.000 0.467
11840.000 0.467
11845.000 0.468
11850.000 0.464
11855.000 0.466
11860.000 0.461
11865.000 0.459
11870.000 0.461
11875.000 0.456
11880.000 0.458
11885.000 0.463
11890.000 0.459
11895.000 0.460
11900.000 0.460
11905.000 0.462
11910.000 0.462
11915.000 0.456
11920.000 0.459
11925.000 0.457
11930.000 0.455
11935.000 0.453
11940.000 0.458
11945.000 0.451
11950.000 0.449
11955.000 0.453
11960.000 0.450
11965.000 0.456
11970.000 0.453
11975.000 0.452
11980.000 0.453
11985.000 0.455
11990.000 0.458
11995.000 0.456
12000.000 0.459
