105.000 2.085
110.000 2.005
115.000 2.075
120.000 2.073
125.000 2.174
130.000 2.176
135.000 2.154
140.000 2.214
145.000 2.183
150.000 2.149
155.000 2.214
160.000 2.240
165.000 2.170
170.000 2.257
175.000 2.289
180.000 2.303
185.000 2.263
190.000 2.281
195.000 2.289
200.000 2.335
205.000 2.328
210.000 2.361
215.000 2.380
220.000 2.410
225.000 2.432
230.000 2.471
235.000 2.488
240.000 2.528
245.000 2.591
250.000 2.624
255.000 2.631
260.000 2.681
265.000 2.742
270.000 2.787
275.000 2.852
280.000 2.906
285.000 2.984
290.000 3.059
295.000 3.104
300.000 3.188
305.000 3.259
310.000 3.345
315.000 3.446
320.000 3.533
325.000 3.663
330.000 3.801
335.000 3.934
340.000 4.036
345.000 4.283
350.000 4.429
355.000 4.641
360.000 4.727
365.000 4.958
370.000 5.160
375.000 5.396
380.000 5.610
385.000 5.801
390.000 5.986
395.000 6.131
400.000 6.202
405.000 6.289
410.000 6.252
415.000 6.204
420.000 6.050
425.000 5.838
430.000 5.577
435.000 5.299
440.000 4.982
445.000 4.661
450.000 4.346
455.000 4.060
460.000 3.771
465.000 3.521
470.000 3.403
475.000 3.068
480.000 2.978
485.000 2.805
490.000 2.617
495.000 2.464
500.000 2.329
505.000 2.194
510.000 2.075
515.000 1.958
520.000 1.864
525.000 1.782
530.000 1.702
535.000 1.620
540.000 1.583
545.000 1.502
550.000 1.452
555.000 1.386
560.000 1.331
565.000 1.275
570.000 1.233
575.000 1.189
580.000 1.151
585.000 1.104
590.000 1.087
595.000 1.043
600.000 1.016
605.000 0.974
610.000 0.965
615.000 0.925
620.000 0.908
625.000 0.892
630.000 0.852
635.000 0.838
640.000 0.832
645.000 0.802
650.000 0.788
655.000 0.762
660.000 0.747
665.000 0.738
670.000 0.727
675.000 0.715
680.000 0.693
685.000 0.693
690.000 0.672
695.000 0.663
700.000 0.656
705.000 0.646
710.000 0.636
715.000 0.619
720.000 0.616
725.000 0.609
730.000 0.601
735.000 0.592
740.000 0.591
745.000 0.585
750.000 0.578
755.000 0.570
760.000 0.564
765.000 0.566
770.000 0.554
775.000 0.556
780.000 0.550
785.000 0.547
790.000 0.546
795.000 0.548
800.000 0.548
805.000 0.538
810.000 0.534
815.000 0.528
820.000 0.525
825.000 0.519
830.000 0.517
835.000 0.513
840.000 0.511
845.000 0.505
850.000 0.510
855.000 0.509
860.000 0.503
865.000 0.506
870.000 0.499
875.000 0.503
880.000 0.495
885.000 0.495
890.000 0.496
895.000 0.495
900.000 0.491
905.000 0.495
910.000 0.494
915.000 0.490
920.000 0.490
925.000 0.490
930.000 0.488
935.000 0.488
940.000 0.480
945.000 0.487
950.000 0.485
955.000 0.492
960.000 0.485
965.000 0.490
970.000 0.485
975.000 0.489
980.000 0.485
985.000 0.479
990.000 0.478
995.000 0.483
1000.000 0.482
1005.000 0.479
1010.000 0.486
1015.000 0.490
1020.000 0.478
1025.000 0.494
1030.000 0.477
1035.000 0.487
1040.000 0.490
1045.000 0.480
1050.000 0.484
1055.000 0.484
1060.000 0.491
1065.000 0.486
1070.000 0.479
1075.000 0.491
1080.000 0.481
1085.000 0.482
1090.000 0.491
1095.000 0.483
1100.000 0.489
1105.000 0.487
1110.000 0.486
1115.000 0.490
1120.000 0.488
1125.000 0.488
1130.000 0.490
1135.000 0.486
1140.000 0.493
1145.000 0.493
1150.000 0.496
1155.000 0.494
1160.000 0.499
1165.000 0.501
1170.000 0.497
1175.000 0.498
1180.000 0.496
1185.000 0.493
1190.000 0.502
1195.000 0.501
1200.000 0.506
1205.000 0.505
1210.000 0.507
1215.000 0.505
1220.000 0.503
1225.000 0.503
1230.000 0.508
1235.000 0.507
1240.000 0.505
1245.000 0.505
1250.000 0.510
1255.000 0.516
1260.000 0.518
1265.000 0.515
1270.000 0.519
1275.000 0.522
1280.000 0.519
1285.000 0.524
1290.000 0.523
1295.000 0.519
1300.000 0.523
1305.000 0.524
1310.000 0.529
1315.000 0.527
1320.000 0.533
1325.000 0.530
1330.000 0.533
1335.000 0.537
1340.000 0.540
1345.000 0.542
1350.000 0.550
1355.000 0.544
1360.000 0.541
1365.000 0.547
1370.000 0.546
1375.000 0.550
1380.000 0.557
1385.000 0.554
1390.000 0.556
1395.000 0.559
1400.000 0.560
1405.000 0.560
1410.000 0.558
1415.000 0.562
1420.000 0.562
1425.000 0.564
1430.000 0.562
1435.000 0.559
1440.000 0.555
1445.000 0.557
1450.000 0.549
1455.000 0.548
1460.000 0.551
1465.000 0.554
1470.000 0.552
1475.000 0.560
1480.000 0.566
1485.000 0.574
1490.000 0.581
1495.000 0.592
1500.000 0.600
1505.000 0.610
1510.000 0.614
1515.000 0.619
1520.000 0.629
1525.000 0.633
1530.000 0.641
1535.000 0.653
1540.000 0.659
1545.000 0.665
1550.000 0.675
1555.000 0.687
1560.000 0.691
1565.000 0.700
1570.000 0.711
1575.000 0.717
1580.000 0.727
1585.000 0.733
1590.000 0.747
1595.000 0.759
1600.000 0.767
1605.000 0.781
1610.000 0.787
1615.000 0.794
1620.000 0.817
1625.000 0.828
1630.000 0.837
1635.000 0.848
1640.000 0.862
1645.000 0.875
1650.000 0.892
1655.000 0.904
1660.000 0.920
1665.000 0.938
1670.000 0.954
1675.000 0.968
1680.000 0.986
1685.000 1.004
1690.000 1.026
1695.000 1.039
1700.000 1.056
1705.000 1.079
1710.000 1.101
1715.000 1.125
1720.000 1.147
1725.000 1.169
1730.000 1.197
1735.000 1.225
1740.000 1.253
1745.000 1.278
1750.000 1.305
1755.000 1.318
1760.000 1.346
1765.000 1.377
1770.000 1.411
1775.000 1.444
1780.000 1.469
1785.000 1.503
1790.000 1.535
1795.000 1.560
1800.000 1.593
1805.000 1.629
1810.000 1.659
1815.000 1.688
1820.000 1.700
1825.000 1.726
1830.000 1.751
1835.000 1.781
1840.000 1.799
1845.000 1.817
1850.000 1.846
1855.000 1.864
1860.000 1.880
1865.000 1.897
1870.000 1.907
1875.000 1.915
1880.000 1.928
1885.000 1.936
1890.000 1.936
1895.000 1.943
1900.000 1.944
1905.000 1.944
1910.000 1.945
1915.000 1.936
1920.000 1.930
1925.000 1.925
1930.000 1.922
1935.000 1.926
1940.000 1.920
1945.000 1.913
1950.000 1.893
1955.000 1.886
1960.000 1.878
1965.000 1.866
1970.000 1.843
1975.000 1.838
1980.000 1.838
1985.000 1.811
1990.000 1.823
1995.000 1.796
2000.000 1.798
2005.000 1.778
2010.000 1.776
2015.000 1.761
2020.000 1.756
2025.000 1.741
2030.000 1.751
2035.000 1.733
2040.000 1.731
2045.000 1.729
2050.000 1.718
2055.000 1.713
2060.000 1.716
2065.000 1.706
2070.000 1.697
2075.000 1.702
2080.000 1.702
2085.000 1.708
2090.000 1.711
2095.000 1.718
2100.000 1.716
2105.000 1.727
2110.000 1.730
2115.000 1.741
2120.000 1.746
2125.000 1.753
2130.000 1.764
2135.000 1.782
2140.000 1.792
2145.000 1.807
2150.000 1.826
2155.000 1.848
2160.000 1.860
2165.000 1.883
2170.000 1.909
2175.000 1.939
2180.000 1.977
2185.000 2.005
2190.000 2.050
2195.000 2.089
2200.000 2.143
2205.000 2.199
2210.000 2.264
2215.000 2.341
2220.000 2.414
2225.000 2.517
2230.000 2.619
2235.000 2.736
2240.000 2.808
2245.000 2.974
2250.000 3.149
2255.000 3.382
2260.000 3.645
2265.000 3.998
2270.000 4.437
2275.000 4.993
2280.000 5.801
2285.000 6.318
2290.000 8.592
2295.000 11.295
2300.000 14.905
2305.000 16.498
2310.000 15.842
2315.000 15.248
2320.000 8.379
2325.000 6.204
2330.000 4.695
2335.000 3.755
2340.000 3.108
2345.000 2.597
2350.000 2.368
2355.000 2.055
2360.000 1.777
2365.000 1.554
2370.000 1.361
2375.000 1.214
2380.000 1.086
2385.000 0.966
2390.000 0.871
2395.000 0.780
2400.000 0.709
2405.000 0.671
2410.000 0.602
2415.000 0.543
2420.000 0.494
2425.000 0.441
2430.000 0.397
2435.000 0.363
2440.000 0.322
2445.000 0.290
2450.000 0.259
2455.000 0.229
2460.000 0.199
2465.000 0.177
2470.000 0.157
2475.000 0.129
2480.000 0.113
2485.000 0.104
2490.000 0.083
2495.000 0.072
2500.000 0.057
2505.000 0.040
2510.000 0.028
2515.000 0.016
2520.000 0.003
2525.000 0.013
2530.000 0.022
2535.000 0.031
2540.000 0.036
2545.000 0.044
2550.000 0.055
2555.000 0.063
2560.000 0.070
2565.000 0.075
2570.000 0.086
2575.000 0.091
2580.000 0.096
2585.000 0.103
2590.000 0.109
2595.000 0.108
2600.000 0.117
2605.000 0.119
2610.000 0.126
2615.000 0.130
2620.000 0.132
2625.000 0.139
2630.000 0.141
2635.000 0.141
2640.000 0.144
2645.000 0.148
2650.000 0.150
2655.000 0.150
2660.000 0.162
2665.000 0.158
2670.000 0.163
2675.000 0.166
2680.000 0.163
2685.000 0.167
2690.000 0.172
2695.000 0.175
2700.000 0.172
2705.000 0.179
2710.000 0.177
2715.000 0.179
2720.000 0.181
2725.000 0.188
2730.000 0.184
2735.000 0.186
2740.000 0.188
2745.000 0.192
2750.000 0.192
2755.000 0.194
2760.000 0.196
2765.000 0.202
2770.000 0.203
2775.000 0.202
2780.000 0.206
2785.000 0.208
2790.000 0.210
2795.000 0.216
2800.000 0.221
2805.000 0.222
2810.000 0.226
2815.000 0.231
2820.000 0.237
2825.000 0.239
2830.000 0.243
2835.000 0.247
2840.000 0.251
2845.000 0.255
2850.000 0.264
2855.000 0.269
2860.000 0.273
2865.000 0.278
2870.000 0.285
2875.000 0.295
2880.000 0.303
2885.000 0.307
2890.000 0.317
2895.000 0.317
2900.000 0.326
2905.000 0.332
2910.000 0.334
2915.000 0.345
2920.000 0.351
2925.000 0.361
2930.000 0.362
2935.000 0.375
2940.000 0.380
2945.000 0.386
2950.000 0.390
2955.000 0.401
2960.000 0.399
2965.000 0.412
2970.000 0.414
2975.000 0.417
2980.000 0.433
2985.000 0.422
2990.000 0.428
2995.000 0.446
3000.000 0.438
3005.000 0.443
3010.000 0.452
3015.000 0.463
3020.000 0.475
3025.000 0.465
3030.000 0.478
3035.000 0.480
3040.000 0.482
3045.000 0.487
3050.000 0.494
3055.000 0.496
3060.000 0.494
3065.000 0.501
3070.000 0.507
3075.000 0.506
3080.000 0.510
3085.000 0.509
3090.000 0.518
3095.000 0.520
3100.000 0.518
3105.000 0.520
3110.000 0.523
3115.000 0.524
3120.000 0.525
3125.000 0.532
3130.000 0.531
3135.000 0.536
3140.000 0.538
3145.000 0.538
3150.000 0.544
3155.000 0.544
3160.000 0.549
3165.000 0.549
3170.000 0.548
3175.000 0.553
3180.000 0.554
3185.000 0.556
3190.000 0.561
3195.000 0.561
3200.000 0.564
3205.000 0.565
3210.000 0.567
3215.000 0.567
3220.000 0.571
3225.000 0.578
3230.000 0.576
3235.000 0.577
3240.000 0.578
3245.000 0.575
3250.000 0.584
3255.000 0.581
3260.000 0.586
3265.000 0.587
3270.000 0.590
3275.000 0.595
3280.000 0.590
3285.000 0.593
3290.000 0.599
3295.000 0.599
3300.000 0.601
3305.000 0.607
3310.000 0.606
3315.000 0.610
3320.000 0.608
3325.000 0.613
3330.000 0.614
3335.000 0.616
3340.000 0.620
3345.000 0.618
3350.000 0.623
3355.000 0.624
3360.000 0.631
3365.000 0.635
3370.000 0.638
3375.000 0.640
3380.000 0.641
3385.000 0.645
3390.000 0.649
3395.000 0.651
3400.000 0.655
3405.000 0.658
3410.000 0.662
3415.000 0.667
3420.000 0.676
3425.000 0.678
3430.000 0.681
3435.000 0.685
3440.000 0.692
3445.000 0.698
3450.000 0.705
3455.000 0.708
3460.000 0.712
3465.000 0.720
3470.000 0.725
3475.000 0.732
3480.000 0.740
3485.000 0.747
3490.000 0.757
3495.000 0.764
3500.000 0.772
3505.000 0.783
3510.000 0.792
3515.000 0.810
3520.000 0.814
3525.000 0.830
3530.000 0.844
3535.000 0.851
3540.000 0.875
3545.000 0.883
3550.000 0.910
3555.000 0.927
3560.000 0.947
3565.000 0.962
3570.000 0.998
3575.000 1.014
3580.000 1.058
3585.000 1.077
3590.000 1.110
3595.000 1.150
3600.000 1.193
3605.000 1.240
3610.000 1.294
3615.000 1.356
3620.000 1.389
3625.000 1.499
3630.000 1.550
3635.000 1.692
3640.000 1.754
3645.000 1.891
3650.000 2.045
3655.000 2.245
3660.000 2.475
3665.000 2.742
3670.000 3.123
3675.000 3.547
3680.000 3.793
3685.000 4.870
3690.000 7.097
3695.000 14.345
3700.000 18.118
3705.000 15.231
3710.000 11.531
3715.000 6.934
3720.000 5.182
3725.000 4.105
3730.000 3.427
3735.000 2.897
3740.000 2.535
3745.000 2.244
3750.000 2.128
3755.000 1.845
3760.000 1.760
3765.000 1.622
3770.000 1.509
3775.000 1.405
3780.000 1.320
3785.000 1.246
3790.000 1.182
3795.000 1.129
3800.000 1.076
3805.000 1.032
3810.000 0.990
3815.000 0.971
3820.000 0.923
3825.000 0.907
3830.000 0.876
3835.000 0.849
3840.000 0.827
3845.000 0.805
3850.000 0.789
3855.000 0.772
3860.000 0.756
3865.000 0.741
3870.000 0.733
3875.000 0.717
3880.000 0.710
3885.000 0.697
3890.000 0.685
3895.000 0.677
3900.000 0.668
3905.000 0.657
3910.000 0.653
3915.000 0.641
3920.000 0.635
3925.000 0.630
3930.000 0.625
3935.000 0.619
3940.000 0.614
3945.000 0.612
3950.000 0.606
3955.000 0.606
3960.000 0.603
3965.000 0.586
3970.000 0.593
3975.000 0.583
3980.000 0.570
3985.000 0.571
3990.000 0.569
3995.000 0.580
4000.000 0.562
4005.000 0.561
4010.000 0.557
4015.000 0.575
4020.000 0.563
4025.000 0.568
4030.000 0.551
4035.000 0.553
4040.000 0.551
4045.000 0.545
4050.000 0.540
4055.000 0.536
4060.000 0.545
4065.000 0.538
4070.000 0.538
4075.000 0.544
4080.000 0.539
4085.000 0.534
4090.000 0.539
4095.000 0.536
4100.000 0.532
4105.000 0.533
4110.000 0.532
4115.000 0.531
4120.000 0.531
4125.000 0.525
4130.000 0.526
4135.000 0.520
4140.000 0.523
4145.000 0.522
4150.000 0.523
4155.000 0.519
4160.000 0.519
4165.000 0.521
4170.000 0.519
4175.000 0.519
4180.000 0.518
4185.000 0.513
4190.000 0.513
4195.000 0.515
4200.000 0.513
4205.000 0.508
4210.000 0.505
4215.000 0.508
4220.000 0.508
4225.000 0.508
4230.000 0.510
4235.000 0.513
4240.000 0.512
4245.000 0.512
4250.000 0.514
4255.000 0.515
4260.000 0.513
4265.000 0.516
4270.000 0.512
4275.000 0.512
4280.000 0.513
4285.000 0.511
4290.000 0.513
4295.000 0.514
4300.000 0.514
4305.000 0.516
4310.000 0.513
4315.000 0.518
4320.000 0.515
4325.000 0.516
4330.000 0.513
4335.000 0.512
4340.000 0.512
4345.000 0.513
4350.000 0.509
4355.000 0.510
4360.000 0.507
4365.000 0.510
4370.000 0.508
4375.000 0.513
4380.000 0.508
4385.000 0.512
4390.000 0.514
4395.000 0.511
4400.000 0.512
4405.000 0.510
4410.000 0.510
4415.000 0.508
4420.000 0.507
4425.000 0.501
4430.000 0.508
4435.000 0.507
4440.000 0.505
4445.000 0.504
4450.000 0.508
4455.000 0.511
4460.000 0.507
4465.000 0.509
4470.000 0.507
4475.000 0.508
4480.000 0.507
4485.000 0.507
4490.000 0.502
4495.000 0.502
4500.000 0.505
4505.000 0.503
4510.000 0.499
4515.000 0.501
4520.000 0.500
4525.000 0.500
4530.000 0.502
4535.000 0.505
4540.000 0.505
4545.000 0.505
4550.000 0.503
4555.000 0.505
4560.000 0.503
4565.000 0.502
4570.000 0.499
4575.000 0.499
4580.000 0.496
4585.000 0.491
4590.000 0.498
4595.000 0.500
4600.000 0.497
4605.000 0.498
4610.000 0.499
4615.000 0.498
4620.000 0.500
4625.000 0.499
4630.000 0.497
4635.000 0.496
4640.000 0.493
4645.000 0.490
4650.000 0.490
4655.000 0.490
4660.000 0.490
4665.000 0.489
4670.000 0.490
4675.000 0.494
4680.000 0.490
4685.000 0.494
4690.000 0.492
4695.000 0.493
4700.000 0.486
4705.000 0.489
4710.000 0.487
4715.000 0.489
4720.000 0.483
4725.000 0.481
4730.000 0.481
4735.000 0.480
4740.000 0.483
4745.000 0.479
4750.000 0.484
4755.000 0.482
4760.000 0.485
4765.000 0.482
4770.000 0.482
4775.000 0.482
4780.000 0.481
4785.000 0.480
4790.000 0.480
4795.000 0.481
4800.000 0.479
4805.000 0.480
4810.000 0.480
4815.000 0.482
4820.000 0.485
4825.000 0.490
4830.000 0.495
4835.000 0.496
4840.000 0.498
4845.000 0.506
4850.000 0.510
4855.000 0.519
4860.000 0.521
4865.000 0.534
4870.000 0.546
4875.000 0.563
4880.000 0.583
4885.000 0.602
4890.000 0.633
4895.000 0.666
4900.000 0.684
4905.000 0.721
4910.000 0.808
4915.000 0.877
4920.000 0.912
4925.000 1.012
4930.000 1.138
4935.000 1.288
4940.000 1.501
4945.000 1.765
4950.000 2.241
4955.000 2.925
4960.000 3.370
4965.000 6.246
4970.000 7.541
4975.000 6.694
4980.000 5.879
4985.000 5.919
4990.000 6.901
4995.000 3.250
5000.000 1.686
5005.000 1.948
5010.000 1.914
5015.000 1.753
5020.000 1.660
5025.000 1.554
5030.000 1.520
5035.000 1.412
5040.000 1.354
5045.000 1.317
5050.000 1.280
5055.000 1.233
5060.000 1.196
5065.000 1.162
5070.000 1.132
5075.000 1.105
5080.000 1.094
5085.000 1.065
5090.000 1.053
5095.000 1.027
5100.000 1.017
5105.000 1.010
5110.000 0.998
5115.000 0.987
5120.000 0.980
5125.000 0.967
5130.000 0.962
5135.000 0.953
5140.000 0.945
5145.000 0.944
5150.000 0.938
5155.000 0.926
5160.000 0.925
5165.000 0.919
5170.000 0.914
5175.000 0.912
5180.000 0.907
5185.000 0.906
5190.000 0.906
5195.000 0.904
5200.000 0.897
5205.000 0.900
5210.000 0.894
5215.000 0.893
5220.000 0.887
5225.000 0.885
5230.000 0.883
5235.000 0.879
5240.000 0.875
5245.000 0.875
5250.000 0.876
5255.000 0.869
5260.000 0.873
5265.000 0.875
5270.000 0.871
5275.000 0.871
5280.000 0.866
5285.000 0.869
5290.000 0.862
5295.000 0.865
5300.000 0.855
5305.000 0.849
5310.000 0.849
5315.000 0.844
5320.000 0.844
5325.000 0.846
5330.000 0.843
5335.000 0.840
5340.000 0.841
5345.000 0.838
5350.000 0.836
5355.000 0.833
5360.000 0.829
5365.000 0.821
5370.000 0.819
5375.000 0.815
5380.000 0.809
5385.000 0.809
5390.000 0.806
5395.000 0.804
5400.000 0.795
5405.000 0.800
5410.000 0.795
5415.000 0.794
5420.000 0.792
5425.000 0.787
5430.000 0.784
5435.000 0.779
5440.000 0.773
5445.000 0.769
5450.000 0.765
5455.000 0.761
5460.000 0.758
5465.000 0.754
5470.000 0.749
5475.000 0.750
5480.000 0.745
5485.000 0.743
5490.000 0.740
5495.000 0.740
5500.000 0.734
5505.000 0.734
5510.000 0.730
5515.000 0.726
5520.000 0.718
5525.000 0.714
5530.000 0.712
5535.000 0.710
5540.000 0.706
5545.000 0.700
5550.000 0.700
5555.000 0.699
5560.000 0.702
5565.000 0.696
5570.000 0.697
5575.000 0.693
5580.000 0.693
5585.000 0.690
5590.000 0.680
5595.000 0.679
5600.000 0.675
5605.000 0.673
5610.000 0.671
5615.000 0.668
5620.000 0.666
5625.000 0.666
5630.000 0.667
5635.000 0.663
5640.000 0.666
5645.000 0.666
5650.000 0.662
5655.000 0.658
5660.000 0.655
5665.000 0.656
5670.000 0.651
5675.000 0.650
5680.000 0.647
5685.000 0.647
5690.000 0.644
5695.000 0.649
5700.000 0.649
5705.000 0.653
5710.000 0.648
5715.000 0.651
5720.000 0.650
5725.000 0.646
5730.000 0.644
5735.000 0.643
5740.000 0.642
5745.000 0.639
5750.000 0.639
5755.000 0.638
5760.000 0.642
5765.000 0.641
5770.000 0.644
5775.000 0.642
5780.000 0.646
5785.000 0.649
5790.000 0.650
5795.000 0.649
5800.000 0.645
5805.000 0.649
5810.000 0.644
5815.000 0.643
5820.000 0.643
5825.000 0.644
5830.000 0.645
5835.000 0.650
5840.000 0.650
5845.000 0.653
5850.000 0.659
5855.000 0.658
5860.000 0.665
5865.000 0.664
5870.000 0.667
5875.000 0.664
5880.000 0.665
5885.000 0.673
5890.000 0.671
5895.000 0.671
5900.000 0.675
5905.000 0.676
5910.000 0.682
5915.000 0.689
5920.000 0.697
5925.000 0.701
5930.000 0.707
5935.000 0.709
5940.000 0.712
5945.000 0.714
5950.000 0.724
5955.000 0.723
5960.000 0.732
5965.000 0.742
5970.000 0.746
5975.000 0.758
5980.000 0.766
5985.000 0.776
5990.000 0.787
5995.000 0.801
6000.000 0.813
6005.000 0.812
6010.000 0.831
6015.000 0.837
6020.000 0.857
6025.000 0.866
6030.000 0.873
6035.000 0.893
6040.000 0.908
6045.000 0.939
6050.000 0.952
6055.000 0.980
6060.000 1.006
6065.000 1.036
6070.000 1.053
6075.000 1.082
6080.000 1.109
6085.000 1.149
6090.000 1.188
6095.000 1.220
6100.000 1.268
6105.000 1.317
6110.000 1.374
6115.000 1.439
6120.000 1.502
6125.000 1.584
6130.000 1.660
6135.000 1.709
6140.000 1.819
6145.000 1.921
6150.000 2.063
6155.000 2.209
6160.000 2.364
6165.000 2.581
6170.000 2.810
6175.000 3.114
6180.000 3.459
6185.000 3.849
6190.000 4.447
6195.000 4.777
6200.000 5.521
6205.000 6.708
6210.000 8.146
6215.000 10.439
6220.000 13.443
6225.000 16.638
6230.000 18.861
6235.000 16.651
6240.000 14.769
6245.000 10.678
6250.000 7.284
6255.000 6.107
6260.000 5.668
6265.000 5.010
6270.000 4.362
6275.000 3.883
6280.000 3.427
6285.000 3.063
6290.000 2.780
6295.000 2.492
6300.000 2.378
6305.000 2.212
6310.000 2.025
6315.000 1.894
6320.000 1.778
6325.000 1.684
6330.000 1.607
6335.000 1.529
6340.000 1.470
6345.000 1.398
6350.000 1.352
6355.000 1.307
6360.000 1.262
6365.000 1.225
6370.000 1.190
6375.000 1.173
6380.000 1.146
6385.000 1.112
6390.000 1.080
6395.000 1.057
6400.000 1.026
6405.000 1.001
6410.000 0.973
6415.000 0.949
6420.000 0.924
6425.000 0.901
6430.000 0.881
6435.000 0.873
6440.000 0.851
6445.000 0.831
6450.000 0.811
6455.000 0.790
6460.000 0.773
6465.000 0.745
6470.000 0.726
6475.000 0.701
6480.000 0.684
6485.000 0.643
6490.000 0.615
6495.000 0.590
6500.000 0.577
6505.000 0.538
6510.000 0.514
6515.000 0.478
6520.000 0.450
6525.000 0.431
6530.000 0.429
6535.000 0.475
6540.000 0.622
6545.000 0.876
6550.000 1.297
6555.000 2.530
6560.000 3.408
6565.000 6.314
6570.000 9.628
6575.000 3.429
6580.000 4.352
6585.000 2.205
6590.000 1.975
6595.000 1.728
6600.000 1.657
6605.000 1.556
6610.000 1.463
6615.000 1.398
6620.000 1.361
6625.000 1.312
6630.000 1.270
6635.000 1.227
6640.000 1.200
6645.000 1.165
6650.000 1.141
6655.000 1.124
6660.000 1.104
6665.000 1.090
6670.000 1.078
6675.000 1.063
6680.000 1.056
6685.000 1.044
6690.000 1.032
6695.000 1.024
6700.000 1.007
6705.000 1.001
6710.000 0.988
6715.000 0.981
6720.000 0.972
6725.000 0.965
6730.000 0.963
6735.000 0.960
6740.000 0.953
6745.000 0.950
6750.000 0.945
6755.000 0.945
6760.000 0.938
6765.000 0.936
6770.000 0.930
6775.000 0.922
6780.000 0.917
6785.000 0.908
6790.000 0.911
6795.000 0.905
6800.000 0.905
6805.000 0.903
6810.000 0.901
6815.000 0.901
6820.000 0.899
6825.000 0.900
6830.000 0.899
6835.000 0.900
6840.000 0.893
6845.000 0.892
6850.000 0.886
6855.000 0.885
6860.000 0.882
6865.000 0.880
6870.000 0.881
6875.000 0.882
6880.000 0.881
6885.000 0.881
6890.000 0.886
6895.000 0.887
6900.000 0.888
6905.000 0.886
6910.000 0.888
6915.000 0.882
6920.000 0.883
6925.000 0.884
6930.000 0.881
6935.000 0.876
6940.000 0.885
6945.000 0.880
6950.000 0.880
6955.000 0.882
6960.000 0.887
6965.000 0.896
6970.000 0.894
6975.000 0.899
6980.000 0.893
6985.000 0.900
6990.000 0.890
6995.000 0.899
7000.000 0.891
7005.000 0.897
7010.000 0.886
7015.000 0.904
7020.000 0.907
7025.000 0.911
7030.000 0.902
7035.000 0.907
7040.000 0.910
7045.000 0.929
7050.000 0.919
7055.000 0.924
7060.000 0.931
7065.000 0.926
7070.000 0.932
7075.000 0.933
7080.000 0.933
7085.000 0.938
7090.000 0.939
7095.000 0.946
7100.000 0.958
7105.000 0.961
7110.000 0.964
7115.000 0.972
7120.000 0.975
7125.000 0.982
7130.000 0.989
7135.000 0.994
7140.000 0.996
7145.000 1.005
7150.000 1.004
7155.000 1.011
7160.000 1.026
7165.000 1.029
7170.000 1.034
7175.000 1.042
7180.000 1.056
7185.000 1.064
7190.000 1.078
7195.000 1.091
7200.000 1.099
7205.000 1.109
7210.000 1.115
7215.000 1.129
7220.000 1.133
7225.000 1.153
7230.000 1.160
7235.000 1.173
7240.000 1.188
7245.000 1.207
7250.000 1.224
7255.000 1.251
7260.000 1.270
7265.000 1.291
7270.000 1.317
7275.000 1.336
7280.000 1.358
7285.000 1.373
7290.000 1.413
7295.000 1.425
7300.000 1.464
7305.000 1.490
7310.000 1.532
7315.000 1.572
7320.000 1.621
7325.000 1.670
7330.000 1.720
7335.000 1.755
7340.000 1.815
7345.000 1.920
7350.000 1.959
7355.000 2.043
7360.000 2.134
7365.000 2.240
7370.000 2.344
7375.000 2.495
7380.000 2.653
7385.000 2.832
7390.000 3.064
7395.000 3.301
7400.000 3.663
7405.000 4.068
7410.000 4.258
7415.000 4.896
7420.000 5.653
7425.000 6.610
7430.000 7.997
7435.000 9.498
7440.000 11.354
7445.000 12.149
7450.000 11.021
7455.000 8.146
7460.000 7.011
7465.000 4.375
7470.000 3.804
7475.000 3.529
7480.000 3.041
7485.000 2.686
7490.000 2.405
7495.000 2.185
7500.000 2.006
7505.000 1.800
7510.000 1.651
7515.000 1.516
7520.000 1.400
7525.000 1.313
7530.000 1.214
7535.000 1.131
7540.000 1.108
7545.000 1.027
7550.000 0.972
7555.000 0.905
7560.000 0.859
7565.000 0.814
7570.000 0.770
7575.000 0.732
7580.000 0.718
7585.000 0.667
7590.000 0.639
7595.000 0.628
7600.000 0.605
7605.000 0.589
7610.000 0.561
7615.000 0.549
7620.000 0.529
7625.000 0.512
7630.000 0.500
7635.000 0.486
7640.000 0.472
7645.000 0.461
7650.000 0.444
7655.000 0.439
7660.000 0.430
7665.000 0.422
7670.000 0.416
7675.000 0.407
7680.000 0.407
7685.000 0.405
7690.000 0.395
7695.000 0.397
7700.000 0.396
7705.000 0.390
7710.000 0.384
7715.000 0.381
7720.000 0.382
7725.000 0.368
7730.000 0.371
7735.000 0.366
7740.000 0.363
7745.000 0.362
7750.000 0.366
7755.000 0.365
7760.000 0.368
7765.000 0.366
7770.000 0.369
7775.000 0.370
7780.000 0.371
7785.000 0.366
7790.000 0.365
7795.000 0.365
7800.000 0.360
7805.000 0.360
7810.000 0.361
7815.000 0.360
7820.000 0.361
7825.000 0.365
7830.000 0.370
7835.000 0.368
7840.000 0.374
7845.000 0.377
7850.000 0.379
7855.000 0.377
7860.000 0.382
7865.000 0.379
7870.000 0.380
7875.000 0.380
7880.000 0.378
7885.000 0.379
7890.000 0.384
7895.000 0.383
7900.000 0.385
7905.000 0.392
7910.000 0.392
7915.000 0.399
7920.000 0.405
7925.000 0.408
7930.000 0.414
7935.000 0.413
7940.000 0.414
7945.000 0.413
7950.000 0.422
7955.000 0.418
7960.000 0.421
7965.000 0.437
7970.000 0.438
7975.000 0.444
7980.000 0.466
7985.000 0.473
7990.000 0.484
7995.000 0.511
8000.000 0.514
8005.000 0.527
8010.000 0.574
8015.000 0.589
8020.000 0.637
8025.000 0.668
8030.000 0.733
8035.000 0.826
8040.000 0.980
8045.000 1.201
8050.000 1.619
8055.000 2.198
8060.000 2.689
8065.000 2.782
8070.000 1.685
8075.000 1.008
8080.000 0.425
8085.000 0.622
8090.000 0.446
8095.000 0.403
8100.000 0.368
8105.000 0.345
8110.000 0.335
8115.000 0.327
8120.000 0.322
8125.000 0.322
8130.000 0.317
8135.000 0.314
8140.000 0.316
8145.000 0.316
8150.000 0.317
8155.000 0.312
8160.000 0.311
8165.000 0.306
8170.000 0.305
8175.000 0.305
8180.000 0.301
8185.000 0.300
8190.000 0.305
8195.000 0.306
8200.000 0.309
8205.000 0.313
8210.000 0.316
8215.000 0.314
8220.000 0.316
8225.000 0.315
8230.000 0.309
8235.000 0.311
8240.000 0.309
8245.000 0.303
8250.000 0.300
8255.000 0.302
8260.000 0.300
8265.000 0.302
8270.000 0.302
8275.000 0.306
8280.000 0.306
8285.000 0.311
8290.000 0.308
8295.000 0.307
8300.000 0.303
8305.000 0.306
8310.000 0.297
8315.000 0.295
8320.000 0.290
8325.000 0.290
8330.000 0.288
8335.000 0.292
8340.000 0.288
8345.000 0.294
8350.000 0.294
8355.000 0.293
8360.000 0.295
8365.000 0.294
8370.000 0.292
8375.000 0.286
8380.000 0.285
8385.000 0.280
8390.000 0.274
8395.000 0.271
8400.000 0.264
8405.000 0.267
8410.000 0.263
8415.000 0.269
8420.000 0.263
8425.000 0.267
8430.000 0.265
8435.000 0.264
8440.000 0.265
8445.000 0.263
8450.000 0.254
8455.000 0.251
8460.000 0.248
8465.000 0.240
8470.000 0.238
8475.000 0.238
8480.000 0.239
8485.000 0.237
8490.000 0.243
8495.000 0.250
8500.000 0.262
8505.000 0.289
8510.000 0.317
8515.000 0.367
8520.000 0.460
8525.000 0.648
8530.000 0.985
8535.000 1.871
8540.000 3.279
8545.000 3.723
8550.000 1.275
8555.000 1.325
8560.000 0.833
8565.000 0.810
8570.000 0.750
8575.000 0.780
8580.000 0.814
8585.000 0.871
8590.000 0.936
8595.000 1.048
8600.000 1.174
8605.000 1.324
8610.000 1.453
8615.000 1.700
8620.000 2.222
8625.000 2.434
8630.000 2.902
8635.000 3.342
8640.000 3.599
8645.000 3.472
8650.000 3.001
8655.000 2.615
8660.000 2.349
8665.000 2.230
8670.000 2.175
8675.000 2.015
8680.000 2.014
8685.000 2.148
8690.000 2.047
8695.000 1.820
8700.000 1.598
8705.000 1.445
8710.000 1.349
8715.000 1.245
8720.000 1.186
8725.000 1.121
8730.000 1.069
8735.000 1.052
8740.000 1.008
8745.000 0.972
8750.000 0.941
8755.000 0.907
8760.000 0.886
8765.000 0.854
8770.000 0.831
8775.000 0.816
8780.000 0.794
8785.000 0.782
8790.000 0.782
8795.000 0.760
8800.000 0.758
8805.000 0.751
8810.000 0.735
8815.000 0.719
8820.000 0.701
8825.000 0.697
8830.000 0.678
8835.000 0.682
8840.000 0.667
8845.000 0.664
8850.000 0.664
8855.000 0.660
8860.000 0.652
8865.000 0.651
8870.000 0.650
8875.000 0.642
8880.000 0.642
8885.000 0.638
8890.000 0.635
8895.000 0.627
8900.000 0.622
8905.000 0.614
8910.000 0.606
8915.000 0.605
8920.000 0.602
8925.000 0.597
8930.000 0.596
8935.000 0.596
8940.000 0.594
8945.000 0.601
8950.000 0.592
8955.000 0.596
8960.000 0.590
8965.000 0.592
8970.000 0.580
8975.000 0.575
8980.000 0.578
8985.000 0.568
8990.000 0.569
8995.000 0.564
9000.000 0.571
9005.000 0.567
9010.000 0.573
9015.000 0.564
9020.000 0.568
9025.000 0.563
9030.000 0.568
9035.000 0.565
9040.000 0.568
9045.000 0.554
9050.000 0.556
9055.000 0.553
9060.000 0.553
9065.000 0.545
9070.000 0.544
9075.000 0.552
9080.000 0.548
9085.000 0.549
9090.000 0.553
9095.000 0.553
9100.000 0.553
9105.000 0.551
9110.000 0.550
9115.000 0.544
9120.000 0.547
9125.000 0.545
9130.000 0.536
9135.000 0.534
9140.000 0.532
9145.000 0.532
9150.000 0.533
9155.000 0.538
9160.000 0.536
9165.000 0.545
9170.000 0.543
9175.000 0.545
9180.000 0.541
9185.000 0.541
9190.000 0.537
9195.000 0.533
9200.000 0.533
9205.000 0.527
9210.000 0.527
9215.000 0.528
9220.000 0.527
9225.000 0.529
9230.000 0.536
9235.000 0.536
9240.000 0.535
9245.000 0.539
9250.000 0.539
9255.000 0.537
9260.000 0.536
9265.000 0.537
9270.000 0.531
9275.000 0.528
9280.000 0.527
9285.000 0.527
9290.000 0.525
9295.000 0.529
9300.000 0.531
9305.000 0.532
9310.000 0.540
9315.000 0.540
9320.000 0.542
9325.000 0.545
9330.000 0.544
9335.000 0.542
9340.000 0.543
9345.000 0.541
9350.000 0.538
9355.000 0.542
9360.000 0.541
9365.000 0.543
9370.000 0.548
9375.000 0.562
9380.000 0.562
9385.000 0.570
9390.000 0.579
9395.000 0.581
9400.000 0.591
9405.000 0.596
9410.000 0.599
9415.000 0.613
9420.000 0.621
9425.000 0.628
9430.000 0.656
9435.000 0.672
9440.000 0.716
9445.000 0.763
9450.000 0.828
9455.000 0.947
9460.000 1.105
9465.000 1.198
9470.000 1.662
9475.000 2.308
9480.000 2.859
9485.000 2.388
9490.000 1.107
9495.000 0.472
9500.000 0.344
9505.000 0.270
9510.000 0.281
9515.000 0.287
9520.000 0.300
9525.000 0.304
9530.000 0.314
9535.000 0.325
9540.000 0.330
9545.000 0.331
9550.000 0.338
9555.000 0.332
9560.000 0.333
9565.000 0.335
9570.000 0.330
9575.000 0.332
9580.000 0.331
9585.000 0.333
9590.000 0.332
9595.000 0.337
9600.000 0.339
9605.000 0.340
9610.000 0.339
9615.000 0.335
9620.000 0.334
9625.000 0.330
9630.000 0.326
9635.000 0.319
9640.000 0.313
9645.000 0.307
9650.000 0.302
9655.000 0.298
9660.000 0.293
9665.000 0.294
9670.000 0.291
9675.000 0.286
9680.000 0.276
9685.000 0.276
9690.000 0.262
9695.000 0.256
9700.000 0.239
9705.000 0.227
9710.000 0.207
9715.000 0.191
9720.000 0.178
9725.000 0.163
9730.000 0.146
9735.000 0.128
9740.000 0.107
9745.000 0.077
9750.000 0.060
9755.000 0.044
9760.000 0.067
9765.000 0.119
9770.000 0.188
9775.000 0.287
9780.000 0.335
9785.000 0.449
9790.000 0.624
9795.000 0.827
9800.000 1.052
9805.000 1.409
9810.000 1.758
9815.000 2.041
9820.000 2.197
9825.000 2.183
9830.000 2.084
9835.000 1.908
9840.000 1.782
9845.000 1.641
9850.000 1.555
9855.000 1.447
9860.000 1.362
9865.000 1.264
9870.000 1.118
9875.000 1.018
9880.000 0.859
9885.000 0.658
9890.000 0.573
9895.000 0.555
9900.000 0.567
9905.000 0.572
9910.000 0.585
9915.000 0.594
9920.000 0.596
9925.000 0.601
9930.000 0.597
9935.000 0.597
9940.000 0.594
9945.000 0.590
9950.000 0.591
9955.000 0.592
9960.000 0.594
9965.000 0.590
9970.000 0.593
9975.000 0.588
9980.000 0.588
9985.000 0.582
9990.000 0.582
9995.000 0.574
10000.000 0.574
10005.000 0.572
10010.000 0.561
10015.000 0.558
10020.000 0.554
10025.000 0.544
10030.000 0.546
10035.000 0.547
10040.000 0.542
10045.000 0.549
10050.000 0.544
10055.000 0.538
10060.000 0.530
10065.000 0.525
10070.000 0.521
10075.000 0.509
10080.000 0.501
10085.000 0.499
10090.000 0.486
10095.000 0.483
10100.000 0.471
10105.000 0.460
10110.000 0.453
10115.000 0.443
10120.000 0.423
10125.000 0.408
10130.000 0.380
10135.000 0.355
10140.000 0.298
10145.000 0.233
10150.000 0.205
10155.000 0.103
10160.000 0.244
10165.000 0.602
10170.000 1.654
10175.000 2.592
10180.000 1.120
10185.000 1.560
10190.000 1.051
10195.000 0.921
10200.000 0.882
10205.000 0.845
10210.000 0.809
10215.000 0.795
10220.000 0.768
10225.000 0.752
10230.000 0.730
10235.000 0.718
10240.000 0.705
10245.000 0.700
10250.000 0.692
10255.000 0.688
10260.000 0.684
10265.000 0.680
10270.000 0.675
10275.000 0.672
10280.000 0.670
10285.000 0.664
10290.000 0.660
10295.000 0.648
10300.000 0.648
10305.000 0.639
10310.000 0.637
10315.000 0.634
10320.000 0.635
10325.000 0.634
10330.000 0.633
10335.000 0.637
10340.000 0.636
10345.000 0.637
10350.000 0.633
10355.000 0.632
10360.000 0.623
10365.000 0.625
10370.000 0.617
10375.000 0.615
10380.000 0.612
10385.000 0.611
10390.000 0.611
10395.000 0.610
10400.000 0.616
10405.000 0.616
10410.000 0.618
10415.000 0.618
10420.000 0.617
10425.000 0.617
10430.000 0.616
10435.000 0.613
10440.000 0.608
10445.000 0.609
10450.000 0.602
10455.000 0.599
10460.000 0.604
10465.000 0.600
10470.000 0.602
10475.000 0.609
10480.000 0.610
10485.000 0.608
10490.000 0.611
10495.000 0.612
10500.000 0.611
10505.000 0.608
10510.000 0.605
10515.000 0.600
10520.000 0.603
10525.000 0.598
10530.000 0.597
10535.000 0.596
10540.000 0.600
10545.000 0.600
10550.000 0.602
10555.000 0.605
10560.000 0.608
10565.000 0.607
10570.000 0.609
10575.000 0.607
10580.000 0.605
10585.000 0.605
10590.000 0.600
10595.000 0.601
10600.000 0.601
10605.000 0.601
10610.000 0.599
10615.000 0.598
10620.000 0.602
10625.000 0.604
10630.000 0.609
10635.000 0.607
10640.000 0.611
10645.000 0.607
10650.000 0.608
10655.000 0.604
10660.000 0.604
10665.000 0.601
10670.000 0.599
10675.000 0.600
10680.000 0.599
10685.000 0.602
10690.000 0.602
10695.000 0.605
10700.000 0.607
10705.000 0.605
10710.000 0.611
10715.000 0.610
10720.000 0.607
10725.000 0.605
10730.000 0.603
10735.000 0.596
10740.000 0.594
10745.000 0.591
10750.000 0.588
10755.000 0.583
10760.000 0.584
10765.000 0.578
10770.000 0.578
10775.000 0.574
10780.000 0.571
10785.000 0.564
10790.000 0.551
10795.000 0.540
10800.000 0.510
10805.000 0.487
10810.000 0.476
10815.000 0.437
10820.000 0.394
10825.000 0.359
10830.000 0.318
10835.000 0.381
10840.000 0.637
10845.000 1.100
10850.000 1.556
10855.000 1.835
10860.000 1.711
10865.000 1.680
10870.000 1.556
10875.000 1.341
10880.000 1.134
10885.000 1.002
10890.000 1.124
10895.000 1.164
10900.000 1.184
10905.000 1.216
10910.000 1.243
10915.000 1.273
10920.000 1.319
10925.000 1.357
10930.000 1.416
10935.000 1.480
10940.000 1.512
10945.000 1.596
10950.000 1.689
10955.000 1.782
10960.000 1.941
10965.000 2.092
10970.000 2.272
10975.000 2.456
10980.000 2.581
10985.000 2.647
10990.000 2.544
10995.000 2.444
11000.000 1.879
11005.000 1.742
11010.000 1.372
11015.000 1.089
11020.000 0.916
11025.000 0.712
11030.000 0.601
11035.000 0.458
11040.000 0.407
11045.000 0.270
11050.000 0.174
11055.000 0.146
11060.000 0.161
11065.000 0.247
11070.000 0.281
11075.000 0.299
11080.000 0.293
11085.000 0.288
11090.000 0.280
11095.000 0.274
11100.000 0.264
11105.000 0.262
11110.000 0.263
11115.000 0.255
11120.000 0.258
11125.000 0.265
11130.000 0.266
11135.000 0.268
11140.000 0.275
11145.000 0.278
11150.000 0.278
11155.000 0.281
11160.000 0.287
11165.000 0.283
11170.000 0.289
11175.000 0.288
11180.000 0.294
11185.000 0.291
11190.000 0.296
11195.000 0.295
11200.000 0.299
11205.000 0.304
11210.000 0.308
11215.000 0.318
11220.000 0.316
11225.000 0.322
11230.000 0.318
11235.000 0.324
11240.000 0.322
11245.000 0.325
11250.000 0.324
11255.000 0.324
11260.000 0.324
11265.000 0.325
11270.000 0.330
11275.000 0.330
11280.000 0.335
11285.000 0.334
11290.000 0.342
11295.000 0.342
11300.000 0.346
11305.000 0.349
11310.000 0.344
11315.000 0.349
11320.000 0.346
11325.000 0.345
11330.000 0.340
11335.000 0.343
11340.000 0.349
11345.000 0.349
11350.000 0.353
11355.000 0.358
11360.000 0.357
11365.000 0.357
11370.000 0.363
11375.000 0.364
11380.000 0.363
11385.000 0.363
11390.000 0.364
11395.000 0.364
11400.000 0.360
11405.000 0.361
11410.000 0.362
11415.000 0.364
11420.000 0.364
11425.000 0.369
11430.000 0.368
11435.000 0.372
11440.000 0.376
11445.000 0.375
11450.000 0.374
11455.000 0.379
11460.000 0.375
11465.000 0.373
11470.000 0.374
11475.000 0.374
11480.000 0.376
11485.000 0.375
11490.000 0.376
11495.000 0.378
11500.000 0.380
11505.000 0.379
11510.000 0.382
11515.000 0.386
11520.000 0.387
11525.000 0.390
11530.000 0.388
11535.000 0.388
11540.000 0.382
11545.000 0.386
11550.000 0.386
11555.000 0.383
11560.000 0.383
11565.000 0.384
11570.000 0.387
11575.000 0.387
11580.000 0.393
11585.000 0.393
11590.000 0.398
11595.000 0.395
11600.000 0.399
11605.000 0.400
11610.000 0.394
11615.000 0.399
11620.000 0.396
11625.000 0.397
11630.000 0.399
11635.000 0.403
11640.000 0.405
11645.000 0.408
11650.000 0.411
11655.000 0.416
11660.000 0.423
11665.000 0.422
11670.000 0.428
11675.000 0.431
11680.000 0.436
11685.000 0.440
11690.000 0.451
11695.000 0.461
11700.000 0.477
11705.000 0.494
11710.000 0.524
11715.000 0.541
11720.000 0.536
11725.000 0.485
11730.000 0.605
11735.000 0.510
11740.000 0.116
11745.000 0.140
11750.000 0.221
11755.000 0.257
11760.000 0.273
11765.000 0.281
11770.000 0.286
11775.000 0.297
11780.000 0.300
11785.000 0.304
11790.000 0.309
11795.000 0.312
11800.000 0.316
11805.000 0.321
11810.000 0.320
11815.000 0.324
11820.000 0.322
11825.000 0.321
11830.000 0.321
11835.000 0.321
11840.000 0.319
11845.000 0.318
11850.000 0.319
11855.000 0.318
11860.000 0.321
11865.000 0.318
11870.000 0.319
11875.000 0.320
11880.000 0.318
11885.000 0.321
11890.000 0.318
11895.000 0.319
11900.000 0.317
11905.000 0.309
11910.000 0.312
11915.000 0.310
11920.000 0.304
11925.000 0.303
11930.000 0.303
11935.000 0.300
11940.000 0.302
11945.000 0.299
11950.000 0.297
11955.000 0.299
11960.000 0.295
11965.000 0.293
11970.000 0.293
11975.000 0.288
11980.000 0.286
11985.000 0.291
11990.000 0.288
11995.000 0.288
12000.000 0.284
