105.000 1.760
110.000 2.119
115.000 2.119
120.000 1.985
125.000 2.149
130.000 2.149
135.000 2.074
140.000 2.148
145.000 2.128
150.000 2.183
155.000 2.191
160.000 2.251
165.000 2.203
170.000 2.316
175.000 2.343
180.000 2.384
185.000 2.358
190.000 2.399
195.000 2.346
200.000 2.337
205.000 2.356
210.000 2.403
215.000 2.397
220.000 2.461
225.000 2.481
230.000 2.491
235.000 2.503
240.000 2.557
245.000 2.603
250.000 2.632
255.000 2.664
260.000 2.722
265.000 2.779
270.000 2.811
275.000 2.872
280.000 2.908
285.000 2.985
290.000 3.055
295.000 3.145
300.000 3.194
305.000 3.271
310.000 3.358
315.000 3.441
320.000 3.564
325.000 3.699
330.000 3.791
335.000 3.947
340.000 4.087
345.000 4.243
350.000 4.399
355.000 4.611
360.000 4.804
365.000 4.912
370.000 5.100
375.000 5.325
380.000 5.548
385.000 5.750
390.000 5.926
395.000 6.078
400.000 6.163
405.000 6.202
410.000 6.169
415.000 6.083
420.000 5.901
425.000 5.789
430.000 5.533
435.000 5.222
440.000 4.899
445.000 4.580
450.000 4.283
455.000 3.978
460.000 3.697
465.000 3.451
470.000 3.209
475.000 3.008
480.000 2.918
485.000 2.708
490.000 2.557
495.000 2.390
500.000 2.252
505.000 2.134
510.000 2.014
515.000 1.911
520.000 1.817
525.000 1.721
530.000 1.645
535.000 1.570
540.000 1.492
545.000 1.463
550.000 1.403
555.000 1.344
560.000 1.281
565.000 1.235
570.000 1.181
575.000 1.145
580.000 1.104
585.000 1.080
590.000 1.031
595.000 1.001
600.000 0.984
605.000 0.955
610.000 0.927
615.000 0.911
620.000 0.879
625.000 0.854
630.000 0.837
635.000 0.808
640.000 0.785
645.000 0.768
650.000 0.755
655.000 0.738
660.000 0.721
665.000 0.712
670.000 0.697
675.000 0.690
680.000 0.677
685.000 0.657
690.000 0.653
695.000 0.643
700.000 0.633
705.000 0.621
710.000 0.622
715.000 0.608
720.000 0.601
725.000 0.607
730.000 0.580
735.000 0.577
740.000 0.576
745.000 0.575
750.000 0.566
755.000 0.556
760.000 0.550
765.000 0.554
770.000 0.548
775.000 0.545
780.000 0.532
785.000 0.548
790.000 0.550
795.000 0.552
800.000 0.549
805.000 0.539
810.000 0.534
815.000 0.529
820.000 0.526
825.000 0.522
830.000 0.514
835.000 0.514
840.000 0.519
845.000 0.516
850.000 0.509
855.000 0.517
860.000 0.512
865.000 0.510
870.000 0.503
875.000 0.508
880.000 0.500
885.000 0.496
890.000 0.505
895.000 0.497
900.000 0.497
905.000 0.500
910.000 0.492
915.000 0.500
920.000 0.504
925.000 0.495
930.000 0.495
935.000 0.498
940.000 0.495
945.000 0.496
950.000 0.475
955.000 0.488
960.000 0.483
965.000 0.491
970.000 0.493
975.000 0.495
980.000 0.502
985.000 0.493
990.000 0.488
995.000 0.492
1000.000 0.480
1005.000 0.486
1010.000 0.497
1015.000 0.484
1020.000 0.493
1025.000 0.485
1030.000 0.494
1035.000 0.495
1040.000 0.500
1045.000 0.488
1050.000 0.500
1055.000 0.490
1060.000 0.489
1065.000 0.494
1070.000 0.496
1075.000 0.486
1080.000 0.496
1085.000 0.491
1090.000 0.502
1095.000 0.495
1100.000 0.493
1105.000 0.494
1110.000 0.492
1115.000 0.496
1120.000 0.502
1125.000 0.497
1130.000 0.494
1135.000 0.495
1140.000 0.495
1145.000 0.497
1150.000 0.495
1155.000 0.506
1160.000 0.503
1165.000 0.500
1170.000 0.504
1175.000 0.506
1180.000 0.498
1185.000 0.508
1190.000 0.500
1195.000 0.500
1200.000 0.503
1205.000 0.504
1210.000 0.504
1215.000 0.509
1220.000 0.506
1225.000 0.511
1230.000 0.506
1235.000 0.506
1240.000 0.514
1245.000 0.506
1250.000 0.510
1255.000 0.511
1260.000 0.510
1265.000 0.511
1270.000 0.517
1275.000 0.512
1280.000 0.515
1285.000 0.515
1290.000 0.521
1295.000 0.516
1300.000 0.520
1305.000 0.519
1310.000 0.521
1315.000 0.522
1320.000 0.522
1325.000 0.521
1330.000 0.522
1335.000 0.525
1340.000 0.525
1345.000 0.525
1350.000 0.532
1355.000 0.529
1360.000 0.534
1365.000 0.533
1370.000 0.530
1375.000 0.536
1380.000 0.530
1385.000 0.532
1390.000 0.534
1395.000 0.539
1400.000 0.535
1405.000 0.537
1410.000 0.534
1415.000 0.537
1420.000 0.533
1425.000 0.533
1430.000 0.537
1435.000 0.533
1440.000 0.532
1445.000 0.525
1450.000 0.532
1455.000 0.527
1460.000 0.523
1465.000 0.521
1470.000 0.524
1475.000 0.523
1480.000 0.532
1485.000 0.530
1490.000 0.536
1495.000 0.541
1500.000 0.546
1505.000 0.546
1510.000 0.552
1515.000 0.555
1520.000 0.559
1525.000 0.564
1530.000 0.566
1535.000 0.567
1540.000 0.575
1545.000 0.577
1550.000 0.579
1555.000 0.585
1560.000 0.588
1565.000 0.591
1570.000 0.597
1575.000 0.601
1580.000 0.600
1585.000 0.606
1590.000 0.611
1595.000 0.613
1600.000 0.621
1605.000 0.624
1610.000 0.627
1615.000 0.628
1620.000 0.638
1625.000 0.644
1630.000 0.644
1635.000 0.653
1640.000 0.658
1645.000 0.661
1650.000 0.667
1655.000 0.673
1660.000 0.677
1665.000 0.684
1670.000 0.689
1675.000 0.700
1680.000 0.703
1685.000 0.720
1690.000 0.724
1695.000 0.719
1700.000 0.735
1705.000 0.737
1710.000 0.742
1715.000 0.757
1720.000 0.766
1725.000 0.771
1730.000 0.783
1735.000 0.796
1740.000 0.800
1745.000 0.810
1750.000 0.818
1755.000 0.833
1760.000 0.835
1765.000 0.846
1770.000 0.857
1775.000 0.870
1780.000 0.881
1785.000 0.885
1790.000 0.898
1795.000 0.913
1800.000 0.920
1805.000 0.930
1810.000 0.942
1815.000 0.949
1820.000 0.954
1825.000 0.960
1830.000 0.972
1835.000 0.979
1840.000 0.983
1845.000 0.987
1850.000 0.989
1855.000 0.995
1860.000 0.995
1865.000 0.994
1870.000 0.997
1875.000 1.001
1880.000 0.996
1885.000 0.997
1890.000 0.998
1895.000 0.993
1900.000 0.990
1905.000 0.978
1910.000 0.971
1915.000 0.964
1920.000 0.953
1925.000 0.946
1930.000 0.939
1935.000 0.935
1940.000 0.932
1945.000 0.917
1950.000 0.914
1955.000 0.898
1960.000 0.887
1965.000 0.894
1970.000 0.866
1975.000 0.861
1980.000 0.862
1985.000 0.846
1990.000 0.833
1995.000 0.828
2000.000 0.826
2005.000 0.816
2010.000 0.812
2015.000 0.789
2020.000 0.791
2025.000 0.775
2030.000 0.775
2035.000 0.762
2040.000 0.754
2045.000 0.751
2050.000 0.744
2055.000 0.739
2060.000 0.723
2065.000 0.722
2070.000 0.716
2075.000 0.710
2080.000 0.708
2085.000 0.702
2090.000 0.698
2095.000 0.688
2100.000 0.682
2105.000 0.681
2110.000 0.676
2115.000 0.670
2120.000 0.671
2125.000 0.656
2130.000 0.661
2135.000 0.653
2140.000 0.646
2145.000 0.646
2150.000 0.633
2155.000 0.636
2160.000 0.630
2165.000 0.631
2170.000 0.625
2175.000 0.622
2180.000 0.614
2185.000 0.620
2190.000 0.609
2195.000 0.600
2200.000 0.593
2205.000 0.589
2210.000 0.586
2215.000 0.571
2220.000 0.568
2225.000 0.561
2230.000 0.551
2235.000 0.541
2240.000 0.527
2245.000 0.522
2250.000 0.501
2255.000 0.480
2260.000 0.452
2265.000 0.425
2270.000 0.387
2275.000 0.358
2280.000 0.388
2285.000 0.646
2290.000 1.223
2295.000 2.464
2300.000 5.682
2305.000 11.960
2310.000 15.631
2315.000 14.942
2320.000 1.598
2325.000 0.799
2330.000 0.431
2335.000 0.093
2340.000 0.201
2345.000 0.292
2350.000 0.358
2355.000 0.403
2360.000 0.430
2365.000 0.458
2370.000 0.469
2375.000 0.488
2380.000 0.500
2385.000 0.508
2390.000 0.521
2395.000 0.530
2400.000 0.531
2405.000 0.537
2410.000 0.541
2415.000 0.547
2420.000 0.553
2425.000 0.552
2430.000 0.552
2435.000 0.559
2440.000 0.559
2445.000 0.560
2450.000 0.563
2455.000 0.566
2460.000 0.566
2465.000 0.567
2470.000 0.570
2475.000 0.574
2480.000 0.576
2485.000 0.574
2490.000 0.578
2495.000 0.580
2500.000 0.579
2505.000 0.583
2510.000 0.583
2515.000 0.587
2520.000 0.584
2525.000 0.588
2530.000 0.588
2535.000 0.592
2540.000 0.599
2545.000 0.598
2550.000 0.599
2555.000 0.602
2560.000 0.601
2565.000 0.605
2570.000 0.608
2575.000 0.610
2580.000 0.611
2585.000 0.612
2590.000 0.616
2595.000 0.619
2600.000 0.622
2605.000 0.624
2610.000 0.628
2615.000 0.630
2620.000 0.631
2625.000 0.633
2630.000 0.635
2635.000 0.645
2640.000 0.645
2645.000 0.649
2650.000 0.654
2655.000 0.656
2660.000 0.661
2665.000 0.667
2670.000 0.665
2675.000 0.673
2680.000 0.678
2685.000 0.684
2690.000 0.685
2695.000 0.694
2700.000 0.697
2705.000 0.703
2710.000 0.708
2715.000 0.713
2720.000 0.719
2725.000 0.726
2730.000 0.728
2735.000 0.730
2740.000 0.739
2745.000 0.748
2750.000 0.752
2755.000 0.752
2760.000 0.769
2765.000 0.771
2770.000 0.783
2775.000 0.785
2780.000 0.791
2785.000 0.800
2790.000 0.805
2795.000 0.809
2800.000 0.815
2805.000 0.821
2810.000 0.827
2815.000 0.837
2820.000 0.841
2825.000 0.851
2830.000 0.854
2835.000 0.861
2840.000 0.870
2845.000 0.873
2850.000 0.881
2855.000 0.884
2860.000 0.886
2865.000 0.893
2870.000 0.896
2875.000 0.906
2880.000 0.905
2885.000 0.913
2890.000 0.921
2895.000 0.922
2900.000 0.929
2905.000 0.936
2910.000 0.941
2915.000 0.941
2920.000 0.941
2925.000 0.950
2930.000 0.950
2935.000 0.956
2940.000 0.957
2945.000 0.964
2950.000 0.961
2955.000 0.970
2960.000 0.966
2965.000 0.965
2970.000 0.962
2975.000 0.960
2980.000 0.970
2985.000 0.968
2990.000 0.970
2995.000 0.962
3000.000 0.978
3005.000 0.980
3010.000 0.971
3015.000 0.972
3020.000 0.963
3025.000 0.974
3030.000 0.957
3035.000 0.964
3040.000 0.960
3045.000 0.958
3050.000 0.957
3055.000 0.956
3060.000 0.960
3065.000 0.960
3070.000 0.957
3075.000 0.950
3080.000 0.954
3085.000 0.951
3090.000 0.947
3095.000 0.945
3100.000 0.946
3105.000 0.943
3110.000 0.944
3115.000 0.939
3120.000 0.943
3125.000 0.939
3130.000 0.936
3135.000 0.939
3140.000 0.936
3145.000 0.932
3150.000 0.935
3155.000 0.934
3160.000 0.934
3165.000 0.932
3170.000 0.927
3175.000 0.926
3180.000 0.927
3185.000 0.927
3190.000 0.926
3195.000 0.928
3200.000 0.925
3205.000 0.929
3210.000 0.927
3215.000 0.926
3220.000 0.929
3225.000 0.928
3230.000 0.927
3235.000 0.929
3240.000 0.925
3245.000 0.924
3250.000 0.926
3255.000 0.927
3260.000 0.929
3265.000 0.928
3270.000 0.930
3275.000 0.934
3280.000 0.933
3285.000 0.938
3290.000 0.940
3295.000 0.942
3300.000 0.943
3305.000 0.945
3310.000 0.943
3315.000 0.946
3320.000 0.948
3325.000 0.953
3330.000 0.953
3335.000 0.956
3340.000 0.961
3345.000 0.963
3350.000 0.968
3355.000 0.974
3360.000 0.977
3365.000 0.983
3370.000 0.986
3375.000 0.991
3380.000 0.994
3385.000 1.003
3390.000 1.003
3395.000 1.008
3400.000 1.017
3405.000 1.020
3410.000 1.024
3415.000 1.035
3420.000 1.039
3425.000 1.048
3430.000 1.058
3435.000 1.067
3440.000 1.076
3445.000 1.086
3450.000 1.094
3455.000 1.106
3460.000 1.112
3465.000 1.120
3470.000 1.133
3475.000 1.145
3480.000 1.160
3485.000 1.175
3490.000 1.189
3495.000 1.206
3500.000 1.222
3505.000 1.244
3510.000 1.266
3515.000 1.282
3520.000 1.303
3525.000 1.322
3530.000 1.340
3535.000 1.366
3540.000 1.393
3545.000 1.421
3550.000 1.459
3555.000 1.486
3560.000 1.531
3565.000 1.570
3570.000 1.612
3575.000 1.663
3580.000 1.709
3585.000 1.744
3590.000 1.799
3595.000 1.864
3600.000 1.937
3605.000 2.019
3610.000 2.105
3615.000 2.208
3620.000 2.312
3625.000 2.444
3630.000 2.593
3635.000 2.763
3640.000 2.952
3645.000 3.169
3650.000 3.304
3655.000 3.608
3660.000 3.974
3665.000 4.441
3670.000 5.008
3675.000 5.684
3680.000 6.716
3685.000 7.900
3690.000 10.440
3695.000 16.277
3700.000 28.030
3705.000 32.509
3710.000 24.262
3715.000 16.088
3720.000 10.614
3725.000 8.081
3730.000 6.415
3735.000 5.381
3740.000 4.652
3745.000 4.029
3750.000 3.604
3755.000 3.211
3760.000 2.914
3765.000 2.808
3770.000 2.563
3775.000 2.367
3780.000 2.212
3785.000 2.062
3790.000 1.940
3795.000 1.822
3800.000 1.724
3805.000 1.640
3810.000 1.560
3815.000 1.493
3820.000 1.426
3825.000 1.369
3830.000 1.342
3835.000 1.293
3840.000 1.242
3845.000 1.209
3850.000 1.166
3855.000 1.128
3860.000 1.091
3865.000 1.062
3870.000 1.039
3875.000 1.010
3880.000 0.984
3885.000 0.961
3890.000 0.951
3895.000 0.932
3900.000 0.912
3905.000 0.895
3910.000 0.876
3915.000 0.864
3920.000 0.848
3925.000 0.831
3930.000 0.820
3935.000 0.806
3940.000 0.796
3945.000 0.783
3950.000 0.781
3955.000 0.768
3960.000 0.758
3965.000 0.753
3970.000 0.742
3975.000 0.731
3980.000 0.736
3985.000 0.718
3990.000 0.705
3995.000 0.717
4000.000 0.693
4005.000 0.685
4010.000 0.682
4015.000 0.694
4020.000 0.687
4025.000 0.686
4030.000 0.670
4035.000 0.674
4040.000 0.667
4045.000 0.664
4050.000 0.658
4055.000 0.651
4060.000 0.658
4065.000 0.648
4070.000 0.648
4075.000 0.649
4080.000 0.641
4085.000 0.647
4090.000 0.640
4095.000 0.640
4100.000 0.640
4105.000 0.639
4110.000 0.638
4115.000 0.637
4120.000 0.632
4125.000 0.634
4130.000 0.629
4135.000 0.631
4140.000 0.626
4145.000 0.624
4150.000 0.625
4155.000 0.619
4160.000 0.622
4165.000 0.620
4170.000 0.616
4175.000 0.613
4180.000 0.616
4185.000 0.612
4190.000 0.614
4195.000 0.612
4200.000 0.607
4205.000 0.600
4210.000 0.598
4215.000 0.597
4220.000 0.590
4225.000 0.588
4230.000 0.585
4235.000 0.580
4240.000 0.576
4245.000 0.572
4250.000 0.569
4255.000 0.569
4260.000 0.565
4265.000 0.561
4270.000 0.558
4275.000 0.554
4280.000 0.553
4285.000 0.551
4290.000 0.547
4295.000 0.544
4300.000 0.543
4305.000 0.544
4310.000 0.541
4315.000 0.543
4320.000 0.544
4325.000 0.544
4330.000 0.544
4335.000 0.546
4340.000 0.542
4345.000 0.541
4350.000 0.543
4355.000 0.540
4360.000 0.537
4365.000 0.536
4370.000 0.536
4375.000 0.538
4380.000 0.537
4385.000 0.540
4390.000 0.539
4395.000 0.537
4400.000 0.541
4405.000 0.541
4410.000 0.537
4415.000 0.539
4420.000 0.537
4425.000 0.539
4430.000 0.541
4435.000 0.534
4440.000 0.531
4445.000 0.536
4450.000 0.535
4455.000 0.533
4460.000 0.534
4465.000 0.537
4470.000 0.541
4475.000 0.539
4480.000 0.539
4485.000 0.538
4490.000 0.538
4495.000 0.536
4500.000 0.537
4505.000 0.535
4510.000 0.533
4515.000 0.531
4520.000 0.530
4525.000 0.533
4530.000 0.529
4535.000 0.531
4540.000 0.535
4545.000 0.537
4550.000 0.532
4555.000 0.535
4560.000 0.540
4565.000 0.535
4570.000 0.533
4575.000 0.534
4580.000 0.530
4585.000 0.531
4590.000 0.530
4595.000 0.528
4600.000 0.533
4605.000 0.531
4610.000 0.532
4615.000 0.530
4620.000 0.533
4625.000 0.536
4630.000 0.532
4635.000 0.532
4640.000 0.536
4645.000 0.530
4650.000 0.528
4655.000 0.529
4660.000 0.527
4665.000 0.528
4670.000 0.533
4675.000 0.529
4680.000 0.528
4685.000 0.527
4690.000 0.531
4695.000 0.528
4700.000 0.532
4705.000 0.532
4710.000 0.529
4715.000 0.525
4720.000 0.527
4725.000 0.526
4730.000 0.527
4735.000 0.526
4740.000 0.526
4745.000 0.525
4750.000 0.529
4755.000 0.527
4760.000 0.531
4765.000 0.527
4770.000 0.532
4775.000 0.528
4780.000 0.533
4785.000 0.534
4790.000 0.530
4795.000 0.528
4800.000 0.528
4805.000 0.528
4810.000 0.526
4815.000 0.527
4820.000 0.527
4825.000 0.526
4830.000 0.533
4835.000 0.534
4840.000 0.535
4845.000 0.535
4850.000 0.541
4855.000 0.542
4860.000 0.543
4865.000 0.543
4870.000 0.548
4875.000 0.547
4880.000 0.549
4885.000 0.552
4890.000 0.553
4895.000 0.562
4900.000 0.570
4905.000 0.580
4910.000 0.594
4915.000 0.605
4920.000 0.610
4925.000 0.631
4930.000 0.651
4935.000 0.684
4940.000 0.723
4945.000 0.784
4950.000 0.879
4955.000 1.026
4960.000 1.344
4965.000 1.965
4970.000 3.329
4975.000 5.410
4980.000 3.434
4985.000 1.154
4990.000 0.649
4995.000 1.882
5000.000 3.610
5005.000 2.296
5010.000 1.325
5015.000 0.997
5020.000 0.818
5025.000 0.724
5030.000 0.668
5035.000 0.625
5040.000 0.599
5045.000 0.583
5050.000 0.568
5055.000 0.550
5060.000 0.547
5065.000 0.532
5070.000 0.521
5075.000 0.520
5080.000 0.511
5085.000 0.509
5090.000 0.499
5095.000 0.496
5100.000 0.493
5105.000 0.489
5110.000 0.492
5115.000 0.485
5120.000 0.484
5125.000 0.482
5130.000 0.484
5135.000 0.483
5140.000 0.481
5145.000 0.483
5150.000 0.480
5155.000 0.477
5160.000 0.473
5165.000 0.474
5170.000 0.470
5175.000 0.466
5180.000 0.467
5185.000 0.465
5190.000 0.461
5195.000 0.463
5200.000 0.459
5205.000 0.466
5210.000 0.465
5215.000 0.466
5220.000 0.465
5225.000 0.468
5230.000 0.465
5235.000 0.458
5240.000 0.461
5245.000 0.457
5250.000 0.456
5255.000 0.456
5260.000 0.460
5265.000 0.460
5270.000 0.459
5275.000 0.460
5280.000 0.463
5285.000 0.465
5290.000 0.467
5295.000 0.466
5300.000 0.470
5305.000 0.470
5310.000 0.472
5315.000 0.467
5320.000 0.470
5325.000 0.473
5330.000 0.472
5335.000 0.475
5340.000 0.479
5345.000 0.479
5350.000 0.484
5355.000 0.482
5360.000 0.488
5365.000 0.492
5370.000 0.496
5375.000 0.496
5380.000 0.502
5385.000 0.497
5390.000 0.501
5395.000 0.504
5400.000 0.506
5405.000 0.505
5410.000 0.510
5415.000 0.513
5420.000 0.518
5425.000 0.521
5430.000 0.527
5435.000 0.529
5440.000 0.537
5445.000 0.538
5450.000 0.540
5455.000 0.544
5460.000 0.548
5465.000 0.547
5470.000 0.546
5475.000 0.552
5480.000 0.555
5485.000 0.559
5490.000 0.561
5495.000 0.572
5500.000 0.575
5505.000 0.575
5510.000 0.583
5515.000 0.585
5520.000 0.586
5525.000 0.589
5530.000 0.591
5535.000 0.589
5540.000 0.592
5545.000 0.597
5550.000 0.594
5555.000 0.595
5560.000 0.602
5565.000 0.604
5570.000 0.607
5575.000 0.611
5580.000 0.615
5585.000 0.620
5590.000 0.620
5595.000 0.621
5600.000 0.624
5605.000 0.626
5610.000 0.626
5615.000 0.628
5620.000 0.633
5625.000 0.633
5630.000 0.631
5635.000 0.641
5640.000 0.641
5645.000 0.641
5650.000 0.650
5655.000 0.654
5660.000 0.656
5665.000 0.660
5670.000 0.662
5675.000 0.663
5680.000 0.664
5685.000 0.668
5690.000 0.667
5695.000 0.672
5700.000 0.675
5705.000 0.677
5710.000 0.677
5715.000 0.682
5720.000 0.684
5725.000 0.690
5730.000 0.697
5735.000 0.700
5740.000 0.707
5745.000 0.706
5750.000 0.710
5755.000 0.710
5760.000 0.715
5765.000 0.716
5770.000 0.718
5775.000 0.721
5780.000 0.725
5785.000 0.730
5790.000 0.734
5795.000 0.739
5800.000 0.744
5805.000 0.751
5810.000 0.755
5815.000 0.761
5820.000 0.766
5825.000 0.770
5830.000 0.774
5835.000 0.777
5840.000 0.780
5845.000 0.782
5850.000 0.786
5855.000 0.796
5860.000 0.799
5865.000 0.806
5870.000 0.815
5875.000 0.823
5880.000 0.830
5885.000 0.837
5890.000 0.845
5895.000 0.847
5900.000 0.856
5905.000 0.864
5910.000 0.867
5915.000 0.875
5920.000 0.881
5925.000 0.888
5930.000 0.899
5935.000 0.911
5940.000 0.924
5945.000 0.930
5950.000 0.944
5955.000 0.951
5960.000 0.960
5965.000 0.969
5970.000 0.984
5975.000 0.993
5980.000 0.995
5985.000 1.018
5990.000 1.026
5995.000 1.024
6000.000 1.053
6005.000 1.072
6010.000 1.073
6015.000 1.098
6020.000 1.099
6025.000 1.111
6030.000 1.136
6035.000 1.144
6040.000 1.163
6045.000 1.187
6050.000 1.199
6055.000 1.213
6060.000 1.232
6065.000 1.251
6070.000 1.272
6075.000 1.291
6080.000 1.299
6085.000 1.326
6090.000 1.350
6095.000 1.382
6100.000 1.413
6105.000 1.436
6110.000 1.471
6115.000 1.504
6120.000 1.532
6125.000 1.571
6130.000 1.609
6135.000 1.630
6140.000 1.681
6145.000 1.727
6150.000 1.787
6155.000 1.849
6160.000 1.909
6165.000 1.996
6170.000 2.072
6175.000 2.176
6180.000 2.283
6185.000 2.393
6190.000 2.540
6195.000 2.698
6200.000 2.773
6205.000 2.996
6210.000 3.224
6215.000 3.549
6220.000 3.908
6225.000 4.311
6230.000 4.876
6235.000 5.386
6240.000 5.764
6245.000 6.117
6250.000 5.420
6255.000 3.896
6260.000 3.349
6265.000 3.012
6270.000 2.969
6275.000 3.036
6280.000 3.079
6285.000 3.092
6290.000 3.045
6295.000 2.931
6300.000 2.803
6305.000 2.652
6310.000 2.497
6315.000 2.354
6320.000 2.193
6325.000 2.124
6330.000 2.005
6335.000 1.871
6340.000 1.765
6345.000 1.660
6350.000 1.571
6355.000 1.501
6360.000 1.417
6365.000 1.353
6370.000 1.288
6375.000 1.234
6380.000 1.188
6385.000 1.157
6390.000 1.115
6395.000 1.076
6400.000 1.028
6405.000 0.997
6410.000 0.958
6415.000 0.924
6420.000 0.899
6425.000 0.872
6430.000 0.844
6435.000 0.822
6440.000 0.814
6445.000 0.795
6450.000 0.776
6455.000 0.760
6460.000 0.746
6465.000 0.727
6470.000 0.716
6475.000 0.696
6480.000 0.688
6485.000 0.669
6490.000 0.654
6495.000 0.648
6500.000 0.636
6505.000 0.631
6510.000 0.624
6515.000 0.618
6520.000 0.610
6525.000 0.606
6530.000 0.599
6535.000 0.595
6540.000 0.587
6545.000 0.585
6550.000 0.580
6555.000 0.607
6560.000 0.687
6565.000 0.744
6570.000 1.415
6575.000 3.020
6580.000 5.061
6585.000 4.175
6590.000 0.425
6595.000 0.602
6600.000 0.299
6605.000 0.447
6610.000 0.456
6615.000 0.483
6620.000 0.480
6625.000 0.478
6630.000 0.474
6635.000 0.471
6640.000 0.472
6645.000 0.470
6650.000 0.469
6655.000 0.471
6660.000 0.468
6665.000 0.470
6670.000 0.474
6675.000 0.471
6680.000 0.471
6685.000 0.473
6690.000 0.472
6695.000 0.470
6700.000 0.468
6705.000 0.469
6710.000 0.460
6715.000 0.460
6720.000 0.459
6725.000 0.458
6730.000 0.458
6735.000 0.457
6740.000 0.458
6745.000 0.462
6750.000 0.466
6755.000 0.461
6760.000 0.463
6765.000 0.466
6770.000 0.466
6775.000 0.456
6780.000 0.456
6785.000 0.458
6790.000 0.443
6795.000 0.451
6800.000 0.448
6805.000 0.449
6810.000 0.449
6815.000 0.450
6820.000 0.451
6825.000 0.461
6830.000 0.455
6835.000 0.456
6840.000 0.457
6845.000 0.454
6850.000 0.453
6855.000 0.448
6860.000 0.447
6865.000 0.445
6870.000 0.444
6875.000 0.444
6880.000 0.444
6885.000 0.444
6890.000 0.448
6895.000 0.449
6900.000 0.450
6905.000 0.451
6910.000 0.450
6915.000 0.451
6920.000 0.448
6925.000 0.447
6930.000 0.446
6935.000 0.438
6940.000 0.442
6945.000 0.436
6950.000 0.444
6955.000 0.438
6960.000 0.441
6965.000 0.445
6970.000 0.454
6975.000 0.451
6980.000 0.447
6985.000 0.456
6990.000 0.447
6995.000 0.448
7000.000 0.442
7005.000 0.450
7010.000 0.438
7015.000 0.442
7020.000 0.436
7025.000 0.441
7030.000 0.435
7035.000 0.446
7040.000 0.442
7045.000 0.444
7050.000 0.444
7055.000 0.447
7060.000 0.447
7065.000 0.446
7070.000 0.446
7075.000 0.443
7080.000 0.442
7085.000 0.434
7090.000 0.434
7095.000 0.433
7100.000 0.434
7105.000 0.436
7110.000 0.436
7115.000 0.442
7120.000 0.439
7125.000 0.443
7130.000 0.442
7135.000 0.440
7140.000 0.439
7145.000 0.441
7150.000 0.438
7155.000 0.432
7160.000 0.430
7165.000 0.429
7170.000 0.426
7175.000 0.428
7180.000 0.430
7185.000 0.431
7190.000 0.433
7195.000 0.438
7200.000 0.434
7205.000 0.435
7210.000 0.436
7215.000 0.436
7220.000 0.430
7225.000 0.428
7230.000 0.423
7235.000 0.423
7240.000 0.421
7245.000 0.420
7250.000 0.420
7255.000 0.424
7260.000 0.423
7265.000 0.423
7270.000 0.425
7275.000 0.427
7280.000 0.428
7285.000 0.423
7290.000 0.420
7295.000 0.419
7300.000 0.414
7305.000 0.412
7310.000 0.405
7315.000 0.405
7320.000 0.399
7325.000 0.404
7330.000 0.403
7335.000 0.407
7340.000 0.404
7345.000 0.404
7350.000 0.403
7355.000 0.399
7360.000 0.400
7365.000 0.389
7370.000 0.386
7375.000 0.377
7380.000 0.372
7385.000 0.365
7390.000 0.358
7395.000 0.352
7400.000 0.345
7405.000 0.338
7410.000 0.328
7415.000 0.327
7420.000 0.314
7425.000 0.298
7430.000 0.289
7435.000 0.294
7440.000 0.331
7445.000 0.469
7450.000 0.678
7455.000 0.983
7460.000 1.217
7465.000 1.215
7470.000 0.956
7475.000 0.837
7480.000 0.857
7485.000 1.027
7490.000 0.868
7495.000 0.604
7500.000 0.517
7505.000 0.488
7510.000 0.477
7515.000 0.465
7520.000 0.458
7525.000 0.457
7530.000 0.447
7535.000 0.449
7540.000 0.448
7545.000 0.448
7550.000 0.449
7555.000 0.450
7560.000 0.450
7565.000 0.448
7570.000 0.455
7575.000 0.452
7580.000 0.451
7585.000 0.446
7590.000 0.443
7595.000 0.436
7600.000 0.434
7605.000 0.432
7610.000 0.432
7615.000 0.430
7620.000 0.429
7625.000 0.431
7630.000 0.430
7635.000 0.434
7640.000 0.431
7645.000 0.436
7650.000 0.432
7655.000 0.432
7660.000 0.432
7665.000 0.425
7670.000 0.428
7675.000 0.418
7680.000 0.414
7685.000 0.414
7690.000 0.413
7695.000 0.412
7700.000 0.417
7705.000 0.417
7710.000 0.418
7715.000 0.417
7720.000 0.418
7725.000 0.418
7730.000 0.412
7735.000 0.414
7740.000 0.404
7745.000 0.404
7750.000 0.398
7755.000 0.395
7760.000 0.394
7765.000 0.395
7770.000 0.394
7775.000 0.395
7780.000 0.397
7785.000 0.399
7790.000 0.396
7795.000 0.400
7800.000 0.395
7805.000 0.390
7810.000 0.388
7815.000 0.386
7820.000 0.376
7825.000 0.375
7830.000 0.372
7835.000 0.371
7840.000 0.370
7845.000 0.373
7850.000 0.374
7855.000 0.374
7860.000 0.373
7865.000 0.370
7870.000 0.367
7875.000 0.367
7880.000 0.359
7885.000 0.354
7890.000 0.352
7895.000 0.345
7900.000 0.345
7905.000 0.338
7910.000 0.337
7915.000 0.338
7920.000 0.338
7925.000 0.338
7930.000 0.338
7935.000 0.336
7940.000 0.332
7945.000 0.325
7950.000 0.323
7955.000 0.319
7960.000 0.309
7965.000 0.315
7970.000 0.307
7975.000 0.298
7980.000 0.305
7985.000 0.302
7990.000 0.308
7995.000 0.318
8000.000 0.328
8005.000 0.339
8010.000 0.352
8015.000 0.384
8020.000 0.448
8025.000 0.453
8030.000 0.521
8035.000 0.614
8040.000 0.749
8045.000 1.004
8050.000 1.297
8055.000 1.999
8060.000 3.044
8065.000 4.360
8070.000 5.543
8075.000 3.504
8080.000 2.104
8085.000 1.480
8090.000 1.543
8095.000 1.212
8100.000 1.085
8105.000 1.004
8110.000 0.911
8115.000 0.855
8120.000 0.804
8125.000 0.762
8130.000 0.728
8135.000 0.699
8140.000 0.681
8145.000 0.670
8150.000 0.650
8155.000 0.639
8160.000 0.627
8165.000 0.610
8170.000 0.598
8175.000 0.587
8180.000 0.574
8185.000 0.556
8190.000 0.548
8195.000 0.533
8200.000 0.527
8205.000 0.522
8210.000 0.521
8215.000 0.509
8220.000 0.507
8225.000 0.504
8230.000 0.496
8235.000 0.499
8240.000 0.489
8245.000 0.484
8250.000 0.475
8255.000 0.470
8260.000 0.459
8265.000 0.456
8270.000 0.449
8275.000 0.444
8280.000 0.437
8285.000 0.436
8290.000 0.437
8295.000 0.428
8300.000 0.432
8305.000 0.426
8310.000 0.426
8315.000 0.422
8320.000 0.416
8325.000 0.406
8330.000 0.405
8335.000 0.402
8340.000 0.393
8345.000 0.383
8350.000 0.379
8355.000 0.380
8360.000 0.373
8365.000 0.376
8370.000 0.371
8375.000 0.366
8380.000 0.365
8385.000 0.359
8390.000 0.355
8395.000 0.350
8400.000 0.346
8405.000 0.338
8410.000 0.325
8415.000 0.322
8420.000 0.312
8425.000 0.308
8430.000 0.309
8435.000 0.305
8440.000 0.302
8445.000 0.299
8450.000 0.299
8455.000 0.292
8460.000 0.287
8465.000 0.282
8470.000 0.273
8475.000 0.268
8480.000 0.261
8485.000 0.251
8490.000 0.252
8495.000 0.243
8500.000 0.247
8505.000 0.249
8510.000 0.265
8515.000 0.273
8520.000 0.293
8525.000 0.342
8530.000 0.445
8535.000 0.650
8540.000 1.140
8545.000 2.096
8550.000 3.500
8555.000 2.280
8560.000 1.613
8565.000 1.227
8570.000 0.950
8575.000 1.016
8580.000 1.039
8585.000 1.058
8590.000 1.143
8595.000 1.239
8600.000 1.367
8605.000 1.523
8610.000 1.704
8615.000 1.997
8620.000 2.320
8625.000 2.717
8630.000 2.995
8635.000 3.577
8640.000 4.256
8645.000 5.023
8650.000 5.476
8655.000 5.412
8660.000 4.738
8665.000 3.971
8670.000 3.128
8675.000 2.581
8680.000 2.093
8685.000 1.956
8690.000 1.940
8695.000 1.963
8700.000 2.000
8705.000 1.977
8710.000 1.907
8715.000 1.839
8720.000 1.749
8725.000 1.673
8730.000 1.608
8735.000 1.547
8740.000 1.507
8745.000 1.454
8750.000 1.409
8755.000 1.393
8760.000 1.353
8765.000 1.320
8770.000 1.280
8775.000 1.249
8780.000 1.219
8785.000 1.188
8790.000 1.168
8795.000 1.143
8800.000 1.125
8805.000 1.110
8810.000 1.087
8815.000 1.091
8820.000 1.091
8825.000 1.087
8830.000 1.049
8835.000 1.039
8840.000 1.020
8845.000 0.998
8850.000 0.985
8855.000 0.972
8860.000 0.958
8865.000 0.945
8870.000 0.938
8875.000 0.933
8880.000 0.922
8885.000 0.923
8890.000 0.914
8895.000 0.906
8900.000 0.902
8905.000 0.897
8910.000 0.886
8915.000 0.882
8920.000 0.870
8925.000 0.858
8930.000 0.851
8935.000 0.850
8940.000 0.843
8945.000 0.831
8950.000 0.831
8955.000 0.827
8960.000 0.823
8965.000 0.832
8970.000 0.820
8975.000 0.821
8980.000 0.819
8985.000 0.812
8990.000 0.804
8995.000 0.802
9000.000 0.800
9005.000 0.783
9010.000 0.788
9015.000 0.772
9020.000 0.776
9025.000 0.769
9030.000 0.777
9035.000 0.773
9040.000 0.775
9045.000 0.777
9050.000 0.773
9055.000 0.772
9060.000 0.764
9065.000 0.763
9070.000 0.753
9075.000 0.751
9080.000 0.743
9085.000 0.741
9090.000 0.741
9095.000 0.740
9100.000 0.739
9105.000 0.739
9110.000 0.741
9115.000 0.740
9120.000 0.740
9125.000 0.738
9130.000 0.739
9135.000 0.735
9140.000 0.728
9145.000 0.718
9150.000 0.714
9155.000 0.717
9160.000 0.713
9165.000 0.710
9170.000 0.715
9175.000 0.716
9180.000 0.714
9185.000 0.719
9190.000 0.718
9195.000 0.716
9200.000 0.714
9205.000 0.716
9210.000 0.705
9215.000 0.705
9220.000 0.703
9225.000 0.697
9230.000 0.696
9235.000 0.693
9240.000 0.692
9245.000 0.691
9250.000 0.700
9255.000 0.702
9260.000 0.702
9265.000 0.704
9270.000 0.700
9275.000 0.702
9280.000 0.697
9285.000 0.696
9290.000 0.688
9295.000 0.686
9300.000 0.684
9305.000 0.683
9310.000 0.685
9315.000 0.686
9320.000 0.685
9325.000 0.688
9330.000 0.695
9335.000 0.691
9340.000 0.693
9345.000 0.695
9350.000 0.690
9355.000 0.686
9360.000 0.687
9365.000 0.688
9370.000 0.683
9375.000 0.683
9380.000 0.682
9385.000 0.682
9390.000 0.683
9395.000 0.690
9400.000 0.689
9405.000 0.695
9410.000 0.699
9415.000 0.705
9420.000 0.704
9425.000 0.704
9430.000 0.704
9435.000 0.706
9440.000 0.712
9445.000 0.710
9450.000 0.719
9455.000 0.730
9460.000 0.753
9465.000 0.781
9470.000 0.822
9475.000 0.905
9480.000 1.017
9485.000 1.047
9490.000 0.960
9495.000 0.400
9500.000 0.384
9505.000 1.047
9510.000 0.710
9515.000 0.686
9520.000 0.653
9525.000 0.639
9530.000 0.639
9535.000 0.644
9540.000 0.642
9545.000 0.642
9550.000 0.651
9555.000 0.648
9560.000 0.654
9565.000 0.653
9570.000 0.653
9575.000 0.648
9580.000 0.649
9585.000 0.647
9590.000 0.640
9595.000 0.643
9600.000 0.645
9605.000 0.646
9610.000 0.643
9615.000 0.651
9620.000 0.652
9625.000 0.659
9630.000 0.663
9635.000 0.661
9640.000 0.662
9645.000 0.663
9650.000 0.659
9655.000 0.657
9660.000 0.658
9665.000 0.657
9670.000 0.657
9675.000 0.658
9680.000 0.663
9685.000 0.665
9690.000 0.671
9695.000 0.677
9700.000 0.680
9705.000 0.686
9710.000 0.690
9715.000 0.690
9720.000 0.691
9725.000 0.693
9730.000 0.692
9735.000 0.695
9740.000 0.700
9745.000 0.705
9750.000 0.708
9755.000 0.720
9760.000 0.731
9765.000 0.742
9770.000 0.756
9775.000 0.769
9780.000 0.785
9785.000 0.808
9790.000 0.820
9795.000 0.839
9800.000 0.873
9805.000 0.893
9810.000 0.912
9815.000 0.942
9820.000 0.936
9825.000 0.861
9830.000 0.714
9835.000 0.552
9840.000 0.366
9845.000 0.280
9850.000 0.228
9855.000 0.218
9860.000 0.225
9865.000 0.250
9870.000 0.274
9875.000 0.275
9880.000 0.256
9885.000 0.305
9890.000 0.489
9895.000 0.613
9900.000 0.662
9905.000 0.662
9910.000 0.661
9915.000 0.660
9920.000 0.653
9925.000 0.649
9930.000 0.636
9935.000 0.634
9940.000 0.622
9945.000 0.619
9950.000 0.613
9955.000 0.609
9960.000 0.605
9965.000 0.603
9970.000 0.601
9975.000 0.598
9980.000 0.607
9985.000 0.602
9990.000 0.607
9995.000 0.608
10000.000 0.613
10005.000 0.610
10010.000 0.611
10015.000 0.612
10020.000 0.607
10025.000 0.611
10030.000 0.598
10035.000 0.600
10040.000 0.594
10045.000 0.595
10050.000 0.596
10055.000 0.602
10060.000 0.606
10065.000 0.608
10070.000 0.617
10075.000 0.613
10080.000 0.615
10085.000 0.613
10090.000 0.614
10095.000 0.614
10100.000 0.607
10105.000 0.609
10110.000 0.608
10115.000 0.611
10120.000 0.614
10125.000 0.625
10130.000 0.621
10135.000 0.632
10140.000 0.638
10145.000 0.646
10150.000 0.660
10155.000 0.666
10160.000 0.675
10165.000 0.713
10170.000 0.773
10175.000 0.851
10180.000 1.050
10185.000 1.124
10190.000 1.625
10195.000 1.279
10200.000 0.611
10205.000 0.660
10210.000 0.667
10215.000 0.643
10220.000 0.634
10225.000 0.630
10230.000 0.628
10235.000 0.624
10240.000 0.619
10245.000 0.616
10250.000 0.612
10255.000 0.610
10260.000 0.609
10265.000 0.611
10270.000 0.610
10275.000 0.619
10280.000 0.619
10285.000 0.618
10290.000 0.625
10295.000 0.625
10300.000 0.626
10305.000 0.624
10310.000 0.624
10315.000 0.624
10320.000 0.618
10325.000 0.618
10330.000 0.616
10335.000 0.615
10340.000 0.618
10345.000 0.622
10350.000 0.624
10355.000 0.627
10360.000 0.631
10365.000 0.634
10370.000 0.636
10375.000 0.636
10380.000 0.634
10385.000 0.631
10390.000 0.633
10395.000 0.629
10400.000 0.630
10405.000 0.628
10410.000 0.630
10415.000 0.630
10420.000 0.636
10425.000 0.635
10430.000 0.642
10435.000 0.648
10440.000 0.646
10445.000 0.648
10450.000 0.652
10455.000 0.648
10460.000 0.644
10465.000 0.648
10470.000 0.645
10475.000 0.645
10480.000 0.644
10485.000 0.648
10490.000 0.652
10495.000 0.653
10500.000 0.661
10505.000 0.659
10510.000 0.667
10515.000 0.670
10520.000 0.671
10525.000 0.671
10530.000 0.672
10535.000 0.670
10540.000 0.668
10545.000 0.671
10550.000 0.669
10555.000 0.671
10560.000 0.673
10565.000 0.681
10570.000 0.680
10575.000 0.687
10580.000 0.692
10585.000 0.691
10590.000 0.698
10595.000 0.702
10600.000 0.703
10605.000 0.707
10610.000 0.710
10615.000 0.703
10620.000 0.709
10625.000 0.710
10630.000 0.715
10635.000 0.721
10640.000 0.719
10645.000 0.729
10650.000 0.735
10655.000 0.742
10660.000 0.749
10665.000 0.753
10670.000 0.755
10675.000 0.762
10680.000 0.762
10685.000 0.770
10690.000 0.768
10695.000 0.778
10700.000 0.777
10705.000 0.784
10710.000 0.795
10715.000 0.804
10720.000 0.816
10725.000 0.826
10730.000 0.837
10735.000 0.853
10740.000 0.863
10745.000 0.872
10750.000 0.889
10755.000 0.894
10760.000 0.909
10765.000 0.919
10770.000 0.933
10775.000 0.955
10780.000 0.979
10785.000 1.002
10790.000 1.034
10795.000 1.063
10800.000 1.109
10805.000 1.152
10810.000 1.200
10815.000 1.265
10820.000 1.328
10825.000 1.373
10830.000 1.481
10835.000 1.580
10840.000 1.791
10845.000 2.025
10850.000 2.257
10855.000 2.611
10860.000 2.735
10865.000 2.253
10870.000 1.358
10875.000 0.775
10880.000 0.507
10885.000 0.347
10890.000 0.242
10895.000 0.235
10900.000 0.152
10905.000 0.221
10910.000 0.294
10915.000 0.360
10920.000 0.423
10925.000 0.477
10930.000 0.543
10935.000 0.606
10940.000 0.670
10945.000 0.703
10950.000 0.759
10955.000 0.837
10960.000 0.914
10965.000 0.986
10970.000 1.092
10975.000 1.202
10980.000 1.301
10985.000 1.444
10990.000 1.541
10995.000 1.605
11000.000 1.566
11005.000 1.530
11010.000 1.311
11015.000 1.088
11020.000 0.863
11025.000 0.680
11030.000 0.554
11035.000 0.407
11040.000 0.311
11045.000 0.236
11050.000 0.204
11055.000 0.212
11060.000 0.285
11065.000 0.357
11070.000 0.371
11075.000 0.370
11080.000 0.322
11085.000 0.265
11090.000 0.211
11095.000 0.185
11100.000 0.158
11105.000 0.144
11110.000 0.135
11115.000 0.138
11120.000 0.132
11125.000 0.133
11130.000 0.139
11135.000 0.145
11140.000 0.150
11145.000 0.161
11150.000 0.171
11155.000 0.175
11160.000 0.184
11165.000 0.191
11170.000 0.195
11175.000 0.205
11180.000 0.209
11185.000 0.213
11190.000 0.218
11195.000 0.221
11200.000 0.223
11205.000 0.225
11210.000 0.230
11215.000 0.233
11220.000 0.237
11225.000 0.242
11230.000 0.246
11235.000 0.249
11240.000 0.257
11245.000 0.261
11250.000 0.263
11255.000 0.265
11260.000 0.269
11265.000 0.270
11270.000 0.270
11275.000 0.270
11280.000 0.269
11285.000 0.274
11290.000 0.276
11295.000 0.280
11300.000 0.278
11305.000 0.286
11310.000 0.287
11315.000 0.292
11320.000 0.294
11325.000 0.294
11330.000 0.298
11335.000 0.298
11340.000 0.296
11345.000 0.297
11350.000 0.297
11355.000 0.294
11360.000 0.295
11365.000 0.300
11370.000 0.303
11375.000 0.302
11380.000 0.307
11385.000 0.312
11390.000 0.312
11395.000 0.315
11400.000 0.316
11405.000 0.315
11410.000 0.314
11415.000 0.314
11420.000 0.311
11425.000 0.312
11430.000 0.310
11435.000 0.310
11440.000 0.314
11445.000 0.312
11450.000 0.315
11455.000 0.314
11460.000 0.321
11465.000 0.322
11470.000 0.323
11475.000 0.325
11480.000 0.322
11485.000 0.319
11490.000 0.321
11495.000 0.318
11500.000 0.313
11505.000 0.319
11510.000 0.316
11515.000 0.317
11520.000 0.315
11525.000 0.321
11530.000 0.322
11535.000 0.322
11540.000 0.323
11545.000 0.322
11550.000 0.322
11555.000 0.318
11560.000 0.318
11565.000 0.315
11570.000 0.314
11575.000 0.311
11580.000 0.308
11585.000 0.307
11590.000 0.305
11595.000 0.303
11600.000 0.305
11605.000 0.306
11610.000 0.302
11615.000 0.302
11620.000 0.300
11625.000 0.297
11630.000 0.292
11635.000 0.288
11640.000 0.278
11645.000 0.274
11650.000 0.268
11655.000 0.260
11660.000 0.253
11665.000 0.250
11670.000 0.239
11675.000 0.229
11680.000 0.227
11685.000 0.211
11690.000 0.195
11695.000 0.183
11700.000 0.168
11705.000 0.164
11710.000 0.187
11715.000 0.271
11720.000 0.409
11725.000 0.741
11730.000 1.104
11735.000 1.296
11740.000 1.133
11745.000 1.223
11750.000 1.287
11755.000 0.950
11760.000 0.823
11765.000 0.726
11770.000 0.684
11775.000 0.639
11780.000 0.611
11785.000 0.588
11790.000 0.565
11795.000 0.551
11800.000 0.543
11805.000 0.533
11810.000 0.525
11815.000 0.514
11820.000 0.505
11825.000 0.506
11830.000 0.497
11835.000 0.494
11840.000 0.493
11845.000 0.485
11850.000 0.482
11855.000 0.477
11860.000 0.476
11865.000 0.470
11870.000 0.466
11875.000 0.462
11880.000 0.462
11885.000 0.459
11890.000 0.460
11895.000 0.459
11900.000 0.460
11905.000 0.458
11910.000 0.454
11915.000 0.457
11920.000 0.455
11925.000 0.452
11930.000 0.450
11935.000 0.448
11940.000 0.448
11945.000 0.442
11950.000 0.446
11955.000 0.447
11960.000 0.445
11965.000 0.446
11970.000 0.451
11975.000 0.453
11980.000 0.449
11985.000 0.457
11990.000 0.457
11995.000 0.459
12000.000 0.460
