105.000 2.167
110.000 2.102
115.000 2.150
120.000 2.333
125.000 2.267
130.000 2.231
135.000 2.271
140.000 2.235
145.000 2.269
150.000 2.156
155.000 2.182
160.000 2.205
165.000 2.255
170.000 2.329
175.000 2.361
180.000 2.424
185.000 2.308
190.000 2.365
195.000 2.338
200.000 2.337
205.000 2.356
210.000 2.394
215.000 2.402
220.000 2.438
225.000 2.490
230.000 2.475
235.000 2.509
240.000 2.558
245.000 2.582
250.000 2.633
255.000 2.648
260.000 2.698
265.000 2.760
270.000 2.808
275.000 2.872
280.000 2.908
285.000 2.986
290.000 3.019
295.000 3.108
300.000 3.165
305.000 3.268
310.000 3.339
315.000 3.434
320.000 3.537
325.000 3.677
330.000 3.788
335.000 3.926
340.000 4.061
345.000 4.234
350.000 4.414
355.000 4.502
360.000 4.702
365.000 4.901
370.000 5.097
375.000 5.329
380.000 5.518
385.000 5.738
390.000 5.932
395.000 6.048
400.000 6.154
405.000 6.181
410.000 6.177
415.000 6.121
420.000 5.949
425.000 5.755
430.000 5.491
435.000 5.180
440.000 4.885
445.000 4.567
450.000 4.256
455.000 3.960
460.000 3.691
465.000 3.446
470.000 3.315
475.000 3.104
480.000 2.904
485.000 2.702
490.000 2.553
495.000 2.400
500.000 2.262
505.000 2.121
510.000 2.016
515.000 1.920
520.000 1.814
525.000 1.720
530.000 1.637
535.000 1.602
540.000 1.530
545.000 1.456
550.000 1.392
555.000 1.334
560.000 1.290
565.000 1.239
570.000 1.189
575.000 1.146
580.000 1.108
585.000 1.063
590.000 1.044
595.000 1.014
600.000 0.976
605.000 0.950
610.000 0.926
615.000 0.911
620.000 0.870
625.000 0.844
630.000 0.830
635.000 0.799
640.000 0.788
645.000 0.767
650.000 0.758
655.000 0.740
660.000 0.735
665.000 0.715
670.000 0.699
675.000 0.690
680.000 0.676
685.000 0.664
690.000 0.661
695.000 0.642
700.000 0.629
705.000 0.618
710.000 0.616
715.000 0.614
720.000 0.604
725.000 0.594
730.000 0.579
735.000 0.582
740.000 0.574
745.000 0.563
750.000 0.571
755.000 0.560
760.000 0.553
765.000 0.552
770.000 0.550
775.000 0.546
780.000 0.501
785.000 0.549
790.000 0.547
795.000 0.535
800.000 0.539
805.000 0.528
810.000 0.539
815.000 0.529
820.000 0.519
825.000 0.512
830.000 0.514
835.000 0.511
840.000 0.518
845.000 0.501
850.000 0.503
855.000 0.505
860.000 0.493
865.000 0.508
870.000 0.510
875.000 0.496
880.000 0.501
885.000 0.492
890.000 0.497
895.000 0.491
900.000 0.497
905.000 0.492
910.000 0.488
915.000 0.492
920.000 0.483
925.000 0.490
930.000 0.485
935.000 0.486
940.000 0.484
945.000 0.488
950.000 0.479
955.000 0.488
960.000 0.487
965.000 0.492
970.000 0.482
975.000 0.488
980.000 0.494
985.000 0.485
990.000 0.468
995.000 0.486
1000.000 0.482
1005.000 0.477
1010.000 0.487
1015.000 0.478
1020.000 0.484
1025.000 0.486
1030.000 0.484
1035.000 0.490
1040.000 0.488
1045.000 0.482
1050.000 0.487
1055.000 0.480
1060.000 0.479
1065.000 0.490
1070.000 0.486
1075.000 0.485
1080.000 0.489
1085.000 0.484
1090.000 0.483
1095.000 0.488
1100.000 0.487
1105.000 0.492
1110.000 0.491
1115.000 0.494
1120.000 0.496
1125.000 0.491
1130.000 0.492
1135.000 0.489
1140.000 0.492
1145.000 0.493
1150.000 0.491
1155.000 0.489
1160.000 0.491
1165.000 0.493
1170.000 0.498
1175.000 0.495
1180.000 0.501
1185.000 0.498
1190.000 0.496
1195.000 0.500
1200.000 0.496
1205.000 0.499
1210.000 0.502
1215.000 0.495
1220.000 0.499
1225.000 0.504
1230.000 0.501
1235.000 0.501
1240.000 0.502
1245.000 0.505
1250.000 0.506
1255.000 0.505
1260.000 0.506
1265.000 0.507
1270.000 0.505
1275.000 0.509
1280.000 0.507
1285.000 0.511
1290.000 0.515
1295.000 0.514
1300.000 0.512
1305.000 0.514
1310.000 0.515
1315.000 0.520
1320.000 0.518
1325.000 0.521
1330.000 0.521
1335.000 0.521
1340.000 0.526
1345.000 0.525
1350.000 0.526
1355.000 0.531
1360.000 0.524
1365.000 0.527
1370.000 0.530
1375.000 0.525
1380.000 0.532
1385.000 0.538
1390.000 0.533
1395.000 0.530
1400.000 0.532
1405.000 0.536
1410.000 0.531
1415.000 0.530
1420.000 0.533
1425.000 0.533
1430.000 0.529
1435.000 0.533
1440.000 0.529
1445.000 0.522
1450.000 0.523
1455.000 0.521
1460.000 0.519
1465.000 0.522
1470.000 0.526
1475.000 0.524
1480.000 0.531
1485.000 0.533
1490.000 0.538
1495.000 0.543
1500.000 0.550
1505.000 0.551
1510.000 0.548
1515.000 0.563
1520.000 0.563
1525.000 0.567
1530.000 0.574
1535.000 0.575
1540.000 0.583
1545.000 0.586
1550.000 0.591
1555.000 0.593
1560.000 0.599
1565.000 0.607
1570.000 0.604
1575.000 0.611
1580.000 0.612
1585.000 0.618
1590.000 0.624
1595.000 0.630
1600.000 0.634
1605.000 0.638
1610.000 0.642
1615.000 0.648
1620.000 0.655
1625.000 0.658
1630.000 0.664
1635.000 0.670
1640.000 0.678
1645.000 0.683
1650.000 0.692
1655.000 0.699
1660.000 0.703
1665.000 0.715
1670.000 0.723
1675.000 0.730
1680.000 0.735
1685.000 0.742
1690.000 0.754
1695.000 0.760
1700.000 0.773
1705.000 0.781
1710.000 0.793
1715.000 0.804
1720.000 0.812
1725.000 0.827
1730.000 0.837
1735.000 0.846
1740.000 0.856
1745.000 0.869
1750.000 0.877
1755.000 0.891
1760.000 0.900
1765.000 0.919
1770.000 0.930
1775.000 0.942
1780.000 0.954
1785.000 0.965
1790.000 0.975
1795.000 0.992
1800.000 1.003
1805.000 1.018
1810.000 1.028
1815.000 1.034
1820.000 1.049
1825.000 1.055
1830.000 1.065
1835.000 1.069
1840.000 1.077
1845.000 1.085
1850.000 1.093
1855.000 1.095
1860.000 1.100
1865.000 1.106
1870.000 1.103
1875.000 1.102
1880.000 1.103
1885.000 1.099
1890.000 1.102
1895.000 1.103
1900.000 1.094
1905.000 1.092
1910.000 1.083
1915.000 1.076
1920.000 1.064
1925.000 1.057
1930.000 1.055
1935.000 1.047
1940.000 1.041
1945.000 1.034
1950.000 1.019
1955.000 1.009
1960.000 0.996
1965.000 0.998
1970.000 0.979
1975.000 0.967
1980.000 0.970
1985.000 0.952
1990.000 0.951
1995.000 0.934
2000.000 0.933
2005.000 0.915
2010.000 0.916
2015.000 0.895
2020.000 0.888
2025.000 0.882
2030.000 0.877
2035.000 0.862
2040.000 0.858
2045.000 0.854
2050.000 0.847
2055.000 0.837
2060.000 0.830
2065.000 0.828
2070.000 0.822
2075.000 0.811
2080.000 0.809
2085.000 0.802
2090.000 0.798
2095.000 0.793
2100.000 0.790
2105.000 0.784
2110.000 0.785
2115.000 0.777
2120.000 0.777
2125.000 0.774
2130.000 0.766
2135.000 0.764
2140.000 0.763
2145.000 0.757
2150.000 0.755
2155.000 0.753
2160.000 0.747
2165.000 0.748
2170.000 0.750
2175.000 0.748
2180.000 0.749
2185.000 0.746
2190.000 0.741
2195.000 0.747
2200.000 0.742
2205.000 0.740
2210.000 0.744
2215.000 0.744
2220.000 0.742
2225.000 0.740
2230.000 0.746
2235.000 0.742
2240.000 0.739
2245.000 0.739
2250.000 0.739
2255.000 0.729
2260.000 0.722
2265.000 0.701
2270.000 0.674
2275.000 0.627
2280.000 0.542
2285.000 0.395
2290.000 0.407
2295.000 1.348
2300.000 2.408
2305.000 6.545
2310.000 13.801
2315.000 12.456
2320.000 3.598
2325.000 1.818
2330.000 0.767
2335.000 0.497
2340.000 0.301
2345.000 0.208
2350.000 0.200
2355.000 0.214
2360.000 0.249
2365.000 0.281
2370.000 0.313
2375.000 0.335
2380.000 0.353
2385.000 0.374
2390.000 0.386
2395.000 0.402
2400.000 0.414
2405.000 0.424
2410.000 0.432
2415.000 0.432
2420.000 0.443
2425.000 0.453
2430.000 0.457
2435.000 0.467
2440.000 0.470
2445.000 0.474
2450.000 0.481
2455.000 0.482
2460.000 0.486
2465.000 0.490
2470.000 0.495
2475.000 0.496
2480.000 0.497
2485.000 0.501
2490.000 0.503
2495.000 0.506
2500.000 0.509
2505.000 0.510
2510.000 0.520
2515.000 0.511
2520.000 0.519
2525.000 0.520
2530.000 0.526
2535.000 0.526
2540.000 0.528
2545.000 0.526
2550.000 0.532
2555.000 0.529
2560.000 0.533
2565.000 0.538
2570.000 0.540
2575.000 0.544
2580.000 0.549
2585.000 0.548
2590.000 0.551
2595.000 0.553
2600.000 0.555
2605.000 0.555
2610.000 0.558
2615.000 0.562
2620.000 0.561
2625.000 0.564
2630.000 0.570
2635.000 0.571
2640.000 0.573
2645.000 0.575
2650.000 0.579
2655.000 0.580
2660.000 0.589
2665.000 0.587
2670.000 0.597
2675.000 0.596
2680.000 0.601
2685.000 0.605
2690.000 0.607
2695.000 0.612
2700.000 0.616
2705.000 0.618
2710.000 0.622
2715.000 0.626
2720.000 0.628
2725.000 0.636
2730.000 0.640
2735.000 0.649
2740.000 0.649
2745.000 0.658
2750.000 0.665
2755.000 0.664
2760.000 0.675
2765.000 0.681
2770.000 0.686
2775.000 0.693
2780.000 0.694
2785.000 0.698
2790.000 0.707
2795.000 0.710
2800.000 0.717
2805.000 0.727
2810.000 0.730
2815.000 0.738
2820.000 0.746
2825.000 0.753
2830.000 0.758
2835.000 0.765
2840.000 0.770
2845.000 0.772
2850.000 0.779
2855.000 0.789
2860.000 0.790
2865.000 0.797
2870.000 0.803
2875.000 0.812
2880.000 0.815
2885.000 0.819
2890.000 0.829
2895.000 0.831
2900.000 0.836
2905.000 0.842
2910.000 0.839
2915.000 0.843
2920.000 0.849
2925.000 0.854
2930.000 0.855
2935.000 0.854
2940.000 0.858
2945.000 0.859
2950.000 0.868
2955.000 0.874
2960.000 0.874
2965.000 0.871
2970.000 0.862
2975.000 0.866
2980.000 0.868
2985.000 0.869
2990.000 0.871
2995.000 0.861
3000.000 0.878
3005.000 0.879
3010.000 0.875
3015.000 0.871
3020.000 0.868
3025.000 0.872
3030.000 0.865
3035.000 0.868
3040.000 0.863
3045.000 0.865
3050.000 0.864
3055.000 0.859
3060.000 0.861
3065.000 0.856
3070.000 0.860
3075.000 0.854
3080.000 0.855
3085.000 0.855
3090.000 0.855
3095.000 0.853
3100.000 0.853
3105.000 0.852
3110.000 0.853
3115.000 0.853
3120.000 0.852
3125.000 0.851
3130.000 0.847
3135.000 0.846
3140.000 0.847
3145.000 0.843
3150.000 0.845
3155.000 0.842
3160.000 0.845
3165.000 0.846
3170.000 0.847
3175.000 0.845
3180.000 0.842
3185.000 0.846
3190.000 0.843
3195.000 0.846
3200.000 0.839
3205.000 0.842
3210.000 0.842
3215.000 0.840
3220.000 0.841
3225.000 0.845
3230.000 0.844
3235.000 0.847
3240.000 0.847
3245.000 0.849
3250.000 0.850
3255.000 0.849
3260.000 0.852
3265.000 0.852
3270.000 0.855
3275.000 0.861
3280.000 0.857
3285.000 0.857
3290.000 0.857
3295.000 0.860
3300.000 0.863
3305.000 0.864
3310.000 0.868
3315.000 0.871
3320.000 0.881
3325.000 0.880
3330.000 0.883
3335.000 0.885
3340.000 0.887
3345.000 0.894
3350.000 0.898
3355.000 0.900
3360.000 0.905
3365.000 0.907
3370.000 0.914
3375.000 0.917
3380.000 0.925
3385.000 0.930
3390.000 0.933
3395.000 0.933
3400.000 0.946
3405.000 0.955
3410.000 0.960
3415.000 0.967
3420.000 0.974
3425.000 0.984
3430.000 0.991
3435.000 0.998
3440.000 1.006
3445.000 1.015
3450.000 1.020
3455.000 1.031
3460.000 1.042
3465.000 1.057
3470.000 1.065
3475.000 1.080
3480.000 1.095
3485.000 1.108
3490.000 1.124
3495.000 1.140
3500.000 1.156
3505.000 1.173
3510.000 1.191
3515.000 1.202
3520.000 1.223
3525.000 1.250
3530.000 1.274
3535.000 1.297
3540.000 1.327
3545.000 1.354
3550.000 1.384
3555.000 1.427
3560.000 1.457
3565.000 1.497
3570.000 1.538
3575.000 1.563
3580.000 1.608
3585.000 1.665
3590.000 1.727
3595.000 1.791
3600.000 1.864
3605.000 1.940
3610.000 2.035
3615.000 2.132
3620.000 2.249
3625.000 2.375
3630.000 2.445
3635.000 2.605
3640.000 2.788
3645.000 2.986
3650.000 3.255
3655.000 3.569
3660.000 3.932
3665.000 4.437
3670.000 5.037
3675.000 5.905
3680.000 7.113
3685.000 8.807
3690.000 11.750
3695.000 13.878
3700.000 19.967
3705.000 27.321
3710.000 23.128
3715.000 13.928
3720.000 9.678
3725.000 7.490
3730.000 6.000
3735.000 5.105
3740.000 4.344
3745.000 3.801
3750.000 3.405
3755.000 3.210
3760.000 2.908
3765.000 2.675
3770.000 2.451
3775.000 2.284
3780.000 2.121
3785.000 1.992
3790.000 1.879
3795.000 1.772
3800.000 1.688
3805.000 1.601
3810.000 1.524
3815.000 1.466
3820.000 1.433
3825.000 1.377
3830.000 1.324
3835.000 1.278
3840.000 1.235
3845.000 1.191
3850.000 1.154
3855.000 1.124
3860.000 1.092
3865.000 1.062
3870.000 1.034
3875.000 1.021
3880.000 1.002
3885.000 0.975
3890.000 0.956
3895.000 0.935
3900.000 0.917
3905.000 0.897
3910.000 0.883
3915.000 0.871
3920.000 0.852
3925.000 0.837
3930.000 0.827
3935.000 0.819
3940.000 0.813
3945.000 0.802
3950.000 0.784
3955.000 0.780
3960.000 0.766
3965.000 0.762
3970.000 0.748
3975.000 0.740
3980.000 0.741
3985.000 0.722
3990.000 0.715
3995.000 0.724
4000.000 0.709
4005.000 0.702
4010.000 0.701
4015.000 0.712
4020.000 0.703
4025.000 0.696
4030.000 0.680
4035.000 0.688
4040.000 0.679
4045.000 0.671
4050.000 0.669
4055.000 0.664
4060.000 0.666
4065.000 0.666
4070.000 0.663
4075.000 0.660
4080.000 0.660
4085.000 0.661
4090.000 0.656
4095.000 0.650
4100.000 0.655
4105.000 0.648
4110.000 0.649
4115.000 0.648
4120.000 0.644
4125.000 0.643
4130.000 0.643
4135.000 0.643
4140.000 0.643
4145.000 0.639
4150.000 0.639
4155.000 0.637
4160.000 0.635
4165.000 0.632
4170.000 0.628
4175.000 0.626
4180.000 0.625
4185.000 0.620
4190.000 0.620
4195.000 0.620
4200.000 0.617
4205.000 0.608
4210.000 0.610
4215.000 0.606
4220.000 0.605
4225.000 0.599
4230.000 0.596
4235.000 0.592
4240.000 0.586
4245.000 0.583
4250.000 0.575
4255.000 0.572
4260.000 0.566
4265.000 0.563
4270.000 0.560
4275.000 0.556
4280.000 0.558
4285.000 0.554
4290.000 0.552
4295.000 0.551
4300.000 0.550
4305.000 0.552
4310.000 0.551
4315.000 0.549
4320.000 0.550
4325.000 0.549
4330.000 0.544
4335.000 0.543
4340.000 0.547
4345.000 0.546
4350.000 0.543
4355.000 0.545
4360.000 0.546
4365.000 0.541
4370.000 0.548
4375.000 0.546
4380.000 0.548
4385.000 0.545
4390.000 0.546
4395.000 0.542
4400.000 0.543
4405.000 0.541
4410.000 0.542
4415.000 0.540
4420.000 0.538
4425.000 0.544
4430.000 0.541
4435.000 0.543
4440.000 0.545
4445.000 0.544
4450.000 0.544
4455.000 0.543
4460.000 0.544
4465.000 0.542
4470.000 0.545
4475.000 0.542
4480.000 0.542
4485.000 0.541
4490.000 0.539
4495.000 0.536
4500.000 0.539
4505.000 0.542
4510.000 0.539
4515.000 0.543
4520.000 0.542
4525.000 0.544
4530.000 0.543
4535.000 0.543
4540.000 0.542
4545.000 0.541
4550.000 0.541
4555.000 0.538
4560.000 0.539
4565.000 0.540
4570.000 0.537
4575.000 0.541
4580.000 0.542
4585.000 0.539
4590.000 0.545
4595.000 0.546
4600.000 0.547
4605.000 0.543
4610.000 0.541
4615.000 0.543
4620.000 0.541
4625.000 0.540
4630.000 0.541
4635.000 0.539
4640.000 0.538
4645.000 0.537
4650.000 0.540
4655.000 0.543
4660.000 0.544
4665.000 0.543
4670.000 0.542
4675.000 0.546
4680.000 0.544
4685.000 0.546
4690.000 0.545
4695.000 0.544
4700.000 0.545
4705.000 0.547
4710.000 0.542
4715.000 0.542
4720.000 0.546
4725.000 0.546
4730.000 0.546
4735.000 0.545
4740.000 0.547
4745.000 0.549
4750.000 0.555
4755.000 0.555
4760.000 0.556
4765.000 0.554
4770.000 0.556
4775.000 0.556
4780.000 0.556
4785.000 0.562
4790.000 0.560
4795.000 0.560
4800.000 0.568
4805.000 0.570
4810.000 0.574
4815.000 0.577
4820.000 0.579
4825.000 0.585
4830.000 0.589
4835.000 0.597
4840.000 0.602
4845.000 0.608
4850.000 0.608
4855.000 0.620
4860.000 0.625
4865.000 0.636
4870.000 0.645
4875.000 0.660
4880.000 0.673
4885.000 0.693
4890.000 0.714
4895.000 0.737
4900.000 0.767
4905.000 0.792
4910.000 0.809
4915.000 0.850
4920.000 0.894
4925.000 0.956
4930.000 1.016
4935.000 1.108
4940.000 1.215
4945.000 1.359
4950.000 1.572
4955.000 1.834
4960.000 2.389
4965.000 3.296
4970.000 5.021
4975.000 6.078
4980.000 5.087
4985.000 3.349
4990.000 3.834
4995.000 7.009
5000.000 7.446
5005.000 3.884
5010.000 2.938
5015.000 2.348
5020.000 1.977
5025.000 1.656
5030.000 1.470
5035.000 1.398
5040.000 1.261
5045.000 1.171
5050.000 1.087
5055.000 1.015
5060.000 0.968
5065.000 0.911
5070.000 0.872
5075.000 0.845
5080.000 0.812
5085.000 0.790
5090.000 0.779
5095.000 0.758
5100.000 0.743
5105.000 0.724
5110.000 0.714
5115.000 0.700
5120.000 0.687
5125.000 0.681
5130.000 0.664
5135.000 0.655
5140.000 0.646
5145.000 0.637
5150.000 0.631
5155.000 0.630
5160.000 0.619
5165.000 0.611
5170.000 0.610
5175.000 0.605
5180.000 0.603
5185.000 0.599
5190.000 0.594
5195.000 0.590
5200.000 0.586
5205.000 0.579
5210.000 0.574
5215.000 0.570
5220.000 0.567
5225.000 0.560
5230.000 0.554
5235.000 0.554
5240.000 0.551
5245.000 0.554
5250.000 0.550
5255.000 0.548
5260.000 0.543
5265.000 0.542
5270.000 0.545
5275.000 0.535
5280.000 0.536
5285.000 0.528
5290.000 0.525
5295.000 0.524
5300.000 0.522
5305.000 0.517
5310.000 0.518
5315.000 0.519
5320.000 0.514
5325.000 0.520
5330.000 0.517
5335.000 0.514
5340.000 0.515
5345.000 0.516
5350.000 0.511
5355.000 0.509
5360.000 0.509
5365.000 0.502
5370.000 0.505
5375.000 0.503
5380.000 0.500
5385.000 0.501
5390.000 0.504
5395.000 0.505
5400.000 0.505
5405.000 0.508
5410.000 0.509
5415.000 0.508
5420.000 0.507
5425.000 0.510
5430.000 0.506
5435.000 0.506
5440.000 0.504
5445.000 0.505
5450.000 0.506
5455.000 0.511
5460.000 0.507
5465.000 0.508
5470.000 0.514
5475.000 0.517
5480.000 0.522
5485.000 0.521
5490.000 0.521
5495.000 0.521
5500.000 0.527
5505.000 0.524
5510.000 0.526
5515.000 0.521
5520.000 0.525
5525.000 0.526
5530.000 0.526
5535.000 0.531
5540.000 0.531
5545.000 0.538
5550.000 0.544
5555.000 0.543
5560.000 0.547
5565.000 0.545
5570.000 0.548
5575.000 0.549
5580.000 0.548
5585.000 0.550
5590.000 0.547
5595.000 0.552
5600.000 0.554
5605.000 0.554
5610.000 0.561
5615.000 0.561
5620.000 0.562
5625.000 0.568
5630.000 0.570
5635.000 0.572
5640.000 0.570
5645.000 0.574
5650.000 0.576
5655.000 0.578
5660.000 0.574
5665.000 0.576
5670.000 0.578
5675.000 0.582
5680.000 0.583
5685.000 0.588
5690.000 0.591
5695.000 0.594
5700.000 0.602
5705.000 0.602
5710.000 0.603
5715.000 0.606
5720.000 0.604
5725.000 0.607
5730.000 0.606
5735.000 0.609
5740.000 0.613
5745.000 0.614
5750.000 0.612
5755.000 0.621
5760.000 0.624
5765.000 0.625
5770.000 0.630
5775.000 0.636
5780.000 0.637
5785.000 0.640
5790.000 0.648
5795.000 0.648
5800.000 0.651
5805.000 0.652
5810.000 0.654
5815.000 0.653
5820.000 0.658
5825.000 0.663
5830.000 0.666
5835.000 0.672
5840.000 0.677
5845.000 0.686
5850.000 0.689
5855.000 0.693
5860.000 0.698
5865.000 0.700
5870.000 0.704
5875.000 0.708
5880.000 0.715
5885.000 0.713
5890.000 0.716
5895.000 0.725
5900.000 0.730
5905.000 0.732
5910.000 0.739
5915.000 0.750
5920.000 0.760
5925.000 0.767
5930.000 0.773
5935.000 0.784
5940.000 0.791
5945.000 0.790
5950.000 0.798
5955.000 0.808
5960.000 0.817
5965.000 0.813
5970.000 0.834
5975.000 0.843
5980.000 0.843
5985.000 0.866
5990.000 0.878
5995.000 0.879
6000.000 0.903
6005.000 0.914
6010.000 0.926
6015.000 0.919
6020.000 0.942
6025.000 0.949
6030.000 0.963
6035.000 0.974
6040.000 0.985
6045.000 1.019
6050.000 1.030
6055.000 1.045
6060.000 1.078
6065.000 1.093
6070.000 1.109
6075.000 1.137
6080.000 1.159
6085.000 1.188
6090.000 1.217
6095.000 1.242
6100.000 1.275
6105.000 1.313
6110.000 1.350
6115.000 1.393
6120.000 1.434
6125.000 1.465
6130.000 1.517
6135.000 1.574
6140.000 1.648
6145.000 1.716
6150.000 1.805
6155.000 1.895
6160.000 1.994
6165.000 2.116
6170.000 2.246
6175.000 2.408
6180.000 2.591
6185.000 2.790
6190.000 2.940
6195.000 3.234
6200.000 3.568
6205.000 4.073
6210.000 4.680
6215.000 5.467
6220.000 6.574
6225.000 7.837
6230.000 9.460
6235.000 10.341
6240.000 9.874
6245.000 8.429
6250.000 7.413
6255.000 6.213
6260.000 4.898
6265.000 4.110
6270.000 3.459
6275.000 3.053
6280.000 2.791
6285.000 2.573
6290.000 2.429
6295.000 2.285
6300.000 2.157
6305.000 2.034
6310.000 1.910
6315.000 1.863
6320.000 1.761
6325.000 1.663
6330.000 1.579
6335.000 1.492
6340.000 1.421
6345.000 1.356
6350.000 1.294
6355.000 1.243
6360.000 1.186
6365.000 1.137
6370.000 1.121
6375.000 1.072
6380.000 1.032
6385.000 0.995
6390.000 0.960
6395.000 0.933
6400.000 0.905
6405.000 0.877
6410.000 0.860
6415.000 0.836
6420.000 0.819
6425.000 0.797
6430.000 0.787
6435.000 0.774
6440.000 0.760
6445.000 0.745
6450.000 0.730
6455.000 0.713
6460.000 0.699
6465.000 0.691
6470.000 0.681
6475.000 0.672
6480.000 0.663
6485.000 0.657
6490.000 0.651
6495.000 0.647
6500.000 0.644
6505.000 0.638
6510.000 0.639
6515.000 0.629
6520.000 0.627
6525.000 0.626
6530.000 0.616
6535.000 0.618
6540.000 0.619
6545.000 0.624
6550.000 0.623
6555.000 0.650
6560.000 0.658
6565.000 0.746
6570.000 1.042
6575.000 1.982
6580.000 3.282
6585.000 2.531
6590.000 0.535
6595.000 0.397
6600.000 0.551
6605.000 0.497
6610.000 0.431
6615.000 0.436
6620.000 0.439
6625.000 0.446
6630.000 0.453
6635.000 0.458
6640.000 0.458
6645.000 0.461
6650.000 0.464
6655.000 0.464
6660.000 0.466
6665.000 0.467
6670.000 0.459
6675.000 0.462
6680.000 0.462
6685.000 0.460
6690.000 0.459
6695.000 0.454
6700.000 0.455
6705.000 0.451
6710.000 0.459
6715.000 0.454
6720.000 0.454
6725.000 0.461
6730.000 0.460
6735.000 0.456
6740.000 0.459
6745.000 0.460
6750.000 0.454
6755.000 0.453
6760.000 0.451
6765.000 0.450
6770.000 0.447
6775.000 0.445
6780.000 0.448
6785.000 0.448
6790.000 0.443
6795.000 0.448
6800.000 0.454
6805.000 0.453
6810.000 0.450
6815.000 0.449
6820.000 0.450
6825.000 0.447
6830.000 0.443
6835.000 0.442
6840.000 0.442
6845.000 0.441
6850.000 0.439
6855.000 0.440
6860.000 0.437
6865.000 0.438
6870.000 0.442
6875.000 0.444
6880.000 0.444
6885.000 0.446
6890.000 0.445
6895.000 0.442
6900.000 0.440
6905.000 0.438
6910.000 0.435
6915.000 0.432
6920.000 0.431
6925.000 0.432
6930.000 0.433
6935.000 0.437
6940.000 0.439
6945.000 0.437
6950.000 0.435
6955.000 0.436
6960.000 0.434
6965.000 0.440
6970.000 0.430
6975.000 0.432
6980.000 0.438
6985.000 0.420
6990.000 0.419
6995.000 0.417
7000.000 0.432
7005.000 0.432
7010.000 0.433
7015.000 0.425
7020.000 0.423
7025.000 0.427
7030.000 0.434
7035.000 0.433
7040.000 0.435
7045.000 0.427
7050.000 0.428
7055.000 0.424
7060.000 0.416
7065.000 0.420
7070.000 0.417
7075.000 0.418
7080.000 0.420
7085.000 0.421
7090.000 0.424
7095.000 0.425
7100.000 0.423
7105.000 0.424
7110.000 0.424
7115.000 0.422
7120.000 0.419
7125.000 0.421
7130.000 0.412
7135.000 0.417
7140.000 0.410
7145.000 0.408
7150.000 0.412
7155.000 0.415
7160.000 0.416
7165.000 0.416
7170.000 0.418
7175.000 0.416
7180.000 0.420
7185.000 0.417
7190.000 0.416
7195.000 0.411
7200.000 0.410
7205.000 0.408
7210.000 0.409
7215.000 0.408
7220.000 0.405
7225.000 0.409
7230.000 0.408
7235.000 0.413
7240.000 0.411
7245.000 0.417
7250.000 0.419
7255.000 0.416
7260.000 0.414
7265.000 0.414
7270.000 0.416
7275.000 0.412
7280.000 0.414
7285.000 0.414
7290.000 0.417
7295.000 0.417
7300.000 0.423
7305.000 0.428
7310.000 0.437
7315.000 0.445
7320.000 0.451
7325.000 0.455
7330.000 0.464
7335.000 0.470
7340.000 0.474
7345.000 0.486
7350.000 0.497
7355.000 0.515
7360.000 0.536
7365.000 0.561
7370.000 0.589
7375.000 0.619
7380.000 0.664
7385.000 0.714
7390.000 0.769
7395.000 0.836
7400.000 0.903
7405.000 0.965
7410.000 1.083
7415.000 1.213
7420.000 1.428
7425.000 1.685
7430.000 2.017
7435.000 2.521
7440.000 3.079
7445.000 3.928
7450.000 4.556
7455.000 4.549
7460.000 3.604
7465.000 2.600
7470.000 2.006
7475.000 1.294
7480.000 1.367
7485.000 1.544
7490.000 1.467
7495.000 1.388
7500.000 1.294
7505.000 1.211
7510.000 1.129
7515.000 1.068
7520.000 1.013
7525.000 0.970
7530.000 0.948
7535.000 0.913
7540.000 0.883
7545.000 0.862
7550.000 0.831
7555.000 0.814
7560.000 0.787
7565.000 0.769
7570.000 0.749
7575.000 0.731
7580.000 0.720
7585.000 0.708
7590.000 0.695
7595.000 0.681
7600.000 0.674
7605.000 0.663
7610.000 0.659
7615.000 0.648
7620.000 0.646
7625.000 0.638
7630.000 0.629
7635.000 0.624
7640.000 0.614
7645.000 0.603
7650.000 0.603
7655.000 0.587
7660.000 0.582
7665.000 0.578
7670.000 0.574
7675.000 0.570
7680.000 0.567
7685.000 0.565
7690.000 0.565
7695.000 0.560
7700.000 0.558
7705.000 0.551
7710.000 0.549
7715.000 0.542
7720.000 0.537
7725.000 0.528
7730.000 0.518
7735.000 0.517
7740.000 0.516
7745.000 0.517
7750.000 0.510
7755.000 0.513
7760.000 0.509
7765.000 0.510
7770.000 0.509
7775.000 0.507
7780.000 0.501
7785.000 0.496
7790.000 0.494
7795.000 0.482
7800.000 0.479
7805.000 0.476
7810.000 0.468
7815.000 0.471
7820.000 0.468
7825.000 0.461
7830.000 0.464
7835.000 0.469
7840.000 0.463
7845.000 0.462
7850.000 0.457
7855.000 0.454
7860.000 0.445
7865.000 0.443
7870.000 0.433
7875.000 0.425
7880.000 0.425
7885.000 0.419
7890.000 0.415
7895.000 0.410
7900.000 0.416
7905.000 0.410
7910.000 0.411
7915.000 0.405
7920.000 0.405
7925.000 0.393
7930.000 0.390
7935.000 0.377
7940.000 0.366
7945.000 0.361
7950.000 0.350
7955.000 0.341
7960.000 0.336
7965.000 0.338
7970.000 0.324
7975.000 0.322
7980.000 0.323
7985.000 0.311
7990.000 0.303
7995.000 0.298
8000.000 0.296
8005.000 0.299
8010.000 0.297
8015.000 0.307
8020.000 0.340
8025.000 0.403
8030.000 0.482
8035.000 0.595
8040.000 0.753
8045.000 1.117
8050.000 1.697
8055.000 2.644
8060.000 4.533
8065.000 5.300
8070.000 3.828
8075.000 3.608
8080.000 1.891
8085.000 1.736
8090.000 1.378
8095.000 1.194
8100.000 1.102
8105.000 1.030
8110.000 0.960
8115.000 0.910
8120.000 0.874
8125.000 0.839
8130.000 0.816
8135.000 0.802
8140.000 0.778
8145.000 0.761
8150.000 0.736
8155.000 0.724
8160.000 0.701
8165.000 0.687
8170.000 0.672
8175.000 0.657
8180.000 0.651
8185.000 0.644
8190.000 0.632
8195.000 0.630
8200.000 0.627
8205.000 0.620
8210.000 0.616
8215.000 0.609
8220.000 0.601
8225.000 0.593
8230.000 0.586
8235.000 0.578
8240.000 0.568
8245.000 0.563
8250.000 0.555
8255.000 0.549
8260.000 0.547
8265.000 0.546
8270.000 0.545
8275.000 0.545
8280.000 0.543
8285.000 0.537
8290.000 0.535
8295.000 0.529
8300.000 0.523
8305.000 0.517
8310.000 0.513
8315.000 0.504
8320.000 0.503
8325.000 0.494
8330.000 0.492
8335.000 0.488
8340.000 0.491
8345.000 0.485
8350.000 0.482
8355.000 0.487
8360.000 0.480
8365.000 0.476
8370.000 0.466
8375.000 0.467
8380.000 0.456
8385.000 0.451
8390.000 0.448
8395.000 0.440
8400.000 0.438
8405.000 0.433
8410.000 0.429
8415.000 0.425
8420.000 0.427
8425.000 0.421
8430.000 0.423
8435.000 0.416
8440.000 0.417
8445.000 0.407
8450.000 0.400
8455.000 0.396
8460.000 0.385
8465.000 0.383
8470.000 0.379
8475.000 0.373
8480.000 0.372
8485.000 0.373
8490.000 0.373
8495.000 0.381
8500.000 0.382
8505.000 0.391
8510.000 0.401
8515.000 0.426
8520.000 0.456
8525.000 0.533
8530.000 0.665
8535.000 0.868
8540.000 1.543
8545.000 2.804
8550.000 3.777
8555.000 0.852
8560.000 1.326
8565.000 0.967
8570.000 0.926
8575.000 0.845
8580.000 0.866
8585.000 0.915
8590.000 0.995
8595.000 1.101
8600.000 1.221
8605.000 1.421
8610.000 1.634
8615.000 1.944
8620.000 2.111
8625.000 2.500
8630.000 3.089
8635.000 3.788
8640.000 4.487
8645.000 5.337
8650.000 5.681
8655.000 5.434
8660.000 4.745
8665.000 4.164
8670.000 3.504
8675.000 2.992
8680.000 2.436
8685.000 2.167
8690.000 1.813
8695.000 1.450
8700.000 1.149
8705.000 1.152
8710.000 1.233
8715.000 1.265
8720.000 1.285
8725.000 1.281
8730.000 1.276
8735.000 1.254
8740.000 1.236
8745.000 1.224
8750.000 1.206
8755.000 1.185
8760.000 1.161
8765.000 1.144
8770.000 1.125
8775.000 1.108
8780.000 1.096
8785.000 1.085
8790.000 1.072
8795.000 1.066
8800.000 1.056
8805.000 1.045
8810.000 1.040
8815.000 1.032
8820.000 0.996
8825.000 0.977
8830.000 0.960
8835.000 0.991
8840.000 0.967
8845.000 0.955
8850.000 0.946
8855.000 0.941
8860.000 0.937
8865.000 0.941
8870.000 0.932
8875.000 0.927
8880.000 0.919
8885.000 0.918
8890.000 0.908
8895.000 0.902
8900.000 0.889
8905.000 0.881
8910.000 0.878
8915.000 0.870
8920.000 0.865
8925.000 0.860
8930.000 0.866
8935.000 0.863
8940.000 0.864
8945.000 0.861
8950.000 0.854
8955.000 0.851
8960.000 0.846
8965.000 0.841
8970.000 0.831
8975.000 0.828
8980.000 0.828
8985.000 0.816
8990.000 0.824
8995.000 0.819
9000.000 0.815
9005.000 0.814
9010.000 0.815
9015.000 0.817
9020.000 0.823
9025.000 0.817
9030.000 0.808
9035.000 0.802
9040.000 0.806
9045.000 0.801
9050.000 0.795
9055.000 0.791
9060.000 0.790
9065.000 0.785
9070.000 0.790
9075.000 0.782
9080.000 0.791
9085.000 0.794
9090.000 0.791
9095.000 0.792
9100.000 0.791
9105.000 0.789
9110.000 0.780
9115.000 0.779
9120.000 0.779
9125.000 0.774
9130.000 0.770
9135.000 0.769
9140.000 0.771
9145.000 0.769
9150.000 0.770
9155.000 0.771
9160.000 0.776
9165.000 0.777
9170.000 0.778
9175.000 0.779
9180.000 0.774
9185.000 0.773
9190.000 0.768
9195.000 0.766
9200.000 0.765
9205.000 0.764
9210.000 0.763
9215.000 0.765
9220.000 0.765
9225.000 0.770
9230.000 0.772
9235.000 0.771
9240.000 0.774
9245.000 0.775
9250.000 0.775
9255.000 0.776
9260.000 0.774
9265.000 0.766
9270.000 0.768
9275.000 0.767
9280.000 0.766
9285.000 0.767
9290.000 0.767
9295.000 0.773
9300.000 0.773
9305.000 0.784
9310.000 0.782
9315.000 0.788
9320.000 0.789
9325.000 0.790
9330.000 0.789
9335.000 0.788
9340.000 0.788
9345.000 0.785
9350.000 0.786
9355.000 0.788
9360.000 0.792
9365.000 0.798
9370.000 0.804
9375.000 0.807
9380.000 0.816
9385.000 0.825
9390.000 0.826
9395.000 0.833
9400.000 0.840
9405.000 0.842
9410.000 0.849
9415.000 0.852
9420.000 0.859
9425.000 0.866
9430.000 0.879
9435.000 0.899
9440.000 0.919
9445.000 0.942
9450.000 0.982
9455.000 1.017
9460.000 1.067
9465.000 1.148
9470.000 1.232
9475.000 1.310
9480.000 1.532
9485.000 1.735
9490.000 1.680
9495.000 1.689
9500.000 1.294
9505.000 0.699
9510.000 0.425
9515.000 0.451
9520.000 0.516
9525.000 0.550
9530.000 0.579
9535.000 0.596
9540.000 0.609
9545.000 0.626
9550.000 0.636
9555.000 0.644
9560.000 0.655
9565.000 0.659
9570.000 0.667
9575.000 0.672
9580.000 0.684
9585.000 0.693
9590.000 0.712
9595.000 0.711
9600.000 0.717
9605.000 0.730
9610.000 0.741
9615.000 0.746
9620.000 0.752
9625.000 0.758
9630.000 0.759
9635.000 0.763
9640.000 0.767
9645.000 0.772
9650.000 0.783
9655.000 0.787
9660.000 0.799
9665.000 0.805
9670.000 0.825
9675.000 0.835
9680.000 0.843
9685.000 0.860
9690.000 0.870
9695.000 0.878
9700.000 0.893
9705.000 0.900
9710.000 0.915
9715.000 0.933
9720.000 0.938
9725.000 0.955
9730.000 0.974
9735.000 1.006
9740.000 1.030
9745.000 1.060
9750.000 1.101
9755.000 1.136
9760.000 1.174
9765.000 1.223
9770.000 1.264
9775.000 1.330
9780.000 1.371
9785.000 1.440
9790.000 1.549
9795.000 1.659
9800.000 1.822
9805.000 1.985
9810.000 2.146
9815.000 2.377
9820.000 2.497
9825.000 2.448
9830.000 2.153
9835.000 1.967
9840.000 1.523
9845.000 1.144
9850.000 0.907
9855.000 0.670
9860.000 0.549
9865.000 0.442
9870.000 0.393
9875.000 0.376
9880.000 0.330
9885.000 0.321
9890.000 0.337
9895.000 0.311
9900.000 0.285
9905.000 0.236
9910.000 0.208
9915.000 0.192
9920.000 0.189
9925.000 0.192
9930.000 0.196
9935.000 0.206
9940.000 0.218
9945.000 0.232
9950.000 0.247
9955.000 0.264
9960.000 0.271
9965.000 0.276
9970.000 0.293
9975.000 0.305
9980.000 0.308
9985.000 0.322
9990.000 0.327
9995.000 0.328
10000.000 0.340
10005.000 0.337
10010.000 0.349
10015.000 0.347
10020.000 0.355
10025.000 0.362
10030.000 0.362
10035.000 0.380
10040.000 0.382
10045.000 0.388
10050.000 0.395
10055.000 0.397
10060.000 0.403
10065.000 0.404
10070.000 0.399
10075.000 0.403
10080.000 0.407
10085.000 0.403
10090.000 0.410
10095.000 0.411
10100.000 0.420
10105.000 0.420
10110.000 0.427
10115.000 0.435
10120.000 0.436
10125.000 0.437
10130.000 0.441
10135.000 0.439
10140.000 0.440
10145.000 0.442
10150.000 0.435
10155.000 0.440
10160.000 0.442
10165.000 0.452
10170.000 0.475
10175.000 0.524
10180.000 0.484
10185.000 0.531
10190.000 1.329
10195.000 1.037
10200.000 0.723
10205.000 0.547
10210.000 0.537
10215.000 0.546
10220.000 0.532
10225.000 0.519
10230.000 0.515
10235.000 0.511
10240.000 0.508
10245.000 0.507
10250.000 0.508
10255.000 0.513
10260.000 0.511
10265.000 0.517
10270.000 0.519
10275.000 0.517
10280.000 0.513
10285.000 0.516
10290.000 0.513
10295.000 0.510
10300.000 0.512
10305.000 0.507
10310.000 0.510
10315.000 0.509
10320.000 0.514
10325.000 0.515
10330.000 0.519
10335.000 0.525
10340.000 0.527
10345.000 0.527
10350.000 0.528
10355.000 0.530
10360.000 0.525
10365.000 0.531
10370.000 0.524
10375.000 0.522
10380.000 0.522
10385.000 0.524
10390.000 0.526
10395.000 0.529
10400.000 0.533
10405.000 0.536
10410.000 0.540
10415.000 0.542
10420.000 0.542
10425.000 0.546
10430.000 0.542
10435.000 0.540
10440.000 0.541
10445.000 0.539
10450.000 0.539
10455.000 0.541
10460.000 0.538
10465.000 0.546
10470.000 0.547
10475.000 0.551
10480.000 0.551
10485.000 0.558
10490.000 0.562
10495.000 0.562
10500.000 0.561
10505.000 0.566
10510.000 0.565
10515.000 0.558
10520.000 0.560
10525.000 0.562
10530.000 0.564
10535.000 0.564
10540.000 0.573
10545.000 0.572
10550.000 0.577
10555.000 0.584
10560.000 0.582
10565.000 0.590
10570.000 0.591
10575.000 0.591
10580.000 0.584
10585.000 0.592
10590.000 0.588
10595.000 0.593
10600.000 0.591
10605.000 0.594
10610.000 0.599
10615.000 0.600
10620.000 0.609
10625.000 0.612
10630.000 0.615
10635.000 0.622
10640.000 0.624
10645.000 0.630
10650.000 0.630
10655.000 0.630
10660.000 0.631
10665.000 0.636
10670.000 0.637
10675.000 0.643
10680.000 0.645
10685.000 0.654
10690.000 0.655
10695.000 0.667
10700.000 0.673
10705.000 0.681
10710.000 0.689
10715.000 0.697
10720.000 0.702
10725.000 0.706
10730.000 0.714
10735.000 0.723
10740.000 0.726
10745.000 0.736
10750.000 0.747
10755.000 0.758
10760.000 0.772
10765.000 0.788
10770.000 0.804
10775.000 0.829
10780.000 0.847
10785.000 0.866
10790.000 0.897
10795.000 0.918
10800.000 0.952
10805.000 0.991
10810.000 1.006
10815.000 1.062
10820.000 1.121
10825.000 1.189
10830.000 1.301
10835.000 1.414
10840.000 1.606
10845.000 1.829
10850.000 2.049
10855.000 2.303
10860.000 2.234
10865.000 1.621
10870.000 1.189
10875.000 0.720
10880.000 0.464
10885.000 0.454
10890.000 0.129
10895.000 0.135
10900.000 0.128
10905.000 0.177
10910.000 0.233
10915.000 0.282
10920.000 0.340
10925.000 0.377
10930.000 0.429
10935.000 0.452
10940.000 0.490
10945.000 0.540
10950.000 0.582
10955.000 0.628
10960.000 0.690
10965.000 0.738
10970.000 0.827
10975.000 0.907
10980.000 0.978
10985.000 1.091
10990.000 1.157
10995.000 1.174
11000.000 1.178
11005.000 1.103
11010.000 0.930
11015.000 0.750
11020.000 0.631
11025.000 0.474
11030.000 0.398
11035.000 0.310
11040.000 0.254
11045.000 0.221
11050.000 0.188
11055.000 0.167
11060.000 0.133
11065.000 0.069
11070.000 0.081
11075.000 0.174
11080.000 0.221
11085.000 0.232
11090.000 0.225
11095.000 0.219
11100.000 0.215
11105.000 0.212
11110.000 0.212
11115.000 0.209
11120.000 0.211
11125.000 0.217
11130.000 0.218
11135.000 0.222
11140.000 0.227
11145.000 0.233
11150.000 0.236
11155.000 0.241
11160.000 0.241
11165.000 0.237
11170.000 0.245
11175.000 0.241
11180.000 0.243
11185.000 0.243
11190.000 0.248
11195.000 0.247
11200.000 0.255
11205.000 0.257
11210.000 0.262
11215.000 0.268
11220.000 0.268
11225.000 0.272
11230.000 0.270
11235.000 0.271
11240.000 0.274
11245.000 0.272
11250.000 0.274
11255.000 0.272
11260.000 0.273
11265.000 0.273
11270.000 0.276
11275.000 0.274
11280.000 0.287
11285.000 0.283
11290.000 0.289
11295.000 0.289
11300.000 0.290
11305.000 0.291
11310.000 0.290
11315.000 0.289
11320.000 0.287
11325.000 0.289
11330.000 0.285
11335.000 0.289
11340.000 0.284
11345.000 0.292
11350.000 0.289
11355.000 0.293
11360.000 0.294
11365.000 0.295
11370.000 0.300
11375.000 0.298
11380.000 0.300
11385.000 0.296
11390.000 0.298
11395.000 0.293
11400.000 0.292
11405.000 0.289
11410.000 0.293
11415.000 0.296
11420.000 0.294
11425.000 0.297
11430.000 0.295
11435.000 0.300
11440.000 0.302
11445.000 0.303
11450.000 0.304
11455.000 0.299
11460.000 0.297
11465.000 0.297
11470.000 0.296
11475.000 0.295
11480.000 0.293
11485.000 0.293
11490.000 0.293
11495.000 0.289
11500.000 0.292
11505.000 0.293
11510.000 0.299
11515.000 0.296
11520.000 0.293
11525.000 0.294
11530.000 0.293
11535.000 0.293
11540.000 0.286
11545.000 0.286
11550.000 0.287
11555.000 0.280
11560.000 0.279
11565.000 0.281
11570.000 0.279
11575.000 0.281
11580.000 0.278
11585.000 0.277
11590.000 0.274
11595.000 0.273
11600.000 0.271
11605.000 0.268
11610.000 0.265
11615.000 0.263
11620.000 0.252
11625.000 0.249
11630.000 0.245
11635.000 0.241
11640.000 0.236
11645.000 0.231
11650.000 0.225
11655.000 0.223
11660.000 0.212
11665.000 0.210
11670.000 0.201
11675.000 0.188
11680.000 0.182
11685.000 0.167
11690.000 0.153
11695.000 0.147
11700.000 0.151
11705.000 0.168
11710.000 0.264
11715.000 0.398
11720.000 0.593
11725.000 0.837
11730.000 1.373
11735.000 1.857
11740.000 1.460
11745.000 0.856
11750.000 0.914
11755.000 0.788
11760.000 0.707
11765.000 0.633
11770.000 0.592
11775.000 0.554
11780.000 0.545
11785.000 0.528
11790.000 0.502
11795.000 0.490
11800.000 0.478
11805.000 0.466
11810.000 0.460
11815.000 0.449
11820.000 0.438
11825.000 0.427
11830.000 0.421
11835.000 0.415
11840.000 0.409
11845.000 0.405
11850.000 0.402
11855.000 0.398
11860.000 0.389
11865.000 0.389
11870.000 0.382
11875.000 0.382
11880.000 0.378
11885.000 0.375
11890.000 0.368
11895.000 0.366
11900.000 0.363
11905.000 0.356
11910.000 0.353
11915.000 0.350
11920.000 0.343
11925.000 0.343
11930.000 0.338
11935.000 0.335
11940.000 0.335
11945.000 0.331
11950.000 0.329
11955.000 0.326
11960.000 0.324
11965.000 0.323
11970.000 0.319
11975.000 0.316
11980.000 0.311
11985.000 0.307
11990.000 0.301
11995.000 0.302
12000.000 0.294
