105.000 1.961
110.000 2.136
115.000 1.958
120.000 2.047
125.000 2.154
130.000 2.136
135.000 2.143
140.000 2.123
145.000 2.157
150.000 2.150
155.000 2.218
160.000 2.183
165.000 2.224
170.000 2.197
175.000 2.299
180.000 2.256
185.000 2.324
190.000 2.276
195.000 2.282
200.000 2.337
205.000 2.351
210.000 2.358
215.000 2.389
220.000 2.416
225.000 2.450
230.000 2.459
235.000 2.533
240.000 2.555
245.000 2.593
250.000 2.616
255.000 2.680
260.000 2.684
265.000 2.740
270.000 2.794
275.000 2.860
280.000 2.910
285.000 2.968
290.000 3.068
295.000 3.081
300.000 3.180
305.000 3.216
310.000 3.407
315.000 3.437
320.000 3.544
325.000 3.659
330.000 3.799
335.000 3.932
340.000 4.056
345.000 4.243
350.000 4.413
355.000 4.603
360.000 4.680
365.000 5.020
370.000 5.134
375.000 5.339
380.000 5.575
385.000 5.768
390.000 5.974
395.000 6.112
400.000 6.222
405.000 6.273
410.000 6.255
415.000 6.236
420.000 6.106
425.000 5.890
430.000 5.513
435.000 5.353
440.000 5.045
445.000 4.718
450.000 4.399
455.000 4.104
460.000 3.830
465.000 3.566
470.000 3.338
475.000 3.103
480.000 3.009
485.000 2.826
490.000 2.647
495.000 2.494
500.000 2.347
505.000 2.234
510.000 2.109
515.000 1.995
520.000 1.880
525.000 1.803
530.000 1.718
535.000 1.623
540.000 1.601
545.000 1.533
550.000 1.461
555.000 1.394
560.000 1.338
565.000 1.293
570.000 1.246
575.000 1.195
580.000 1.152
585.000 1.110
590.000 1.070
595.000 1.037
600.000 1.035
605.000 0.996
610.000 0.964
615.000 0.932
620.000 0.916
625.000 0.894
630.000 0.867
635.000 0.840
640.000 0.810
645.000 0.803
650.000 0.784
655.000 0.781
660.000 0.761
665.000 0.738
670.000 0.726
675.000 0.710
680.000 0.701
685.000 0.695
690.000 0.673
695.000 0.665
700.000 0.650
705.000 0.649
710.000 0.631
715.000 0.626
720.000 0.617
725.000 0.611
730.000 0.601
735.000 0.595
740.000 0.585
745.000 0.590
750.000 0.572
755.000 0.569
760.000 0.565
765.000 0.565
770.000 0.556
775.000 0.551
780.000 0.552
785.000 0.548
790.000 0.552
795.000 0.554
800.000 0.550
805.000 0.540
810.000 0.539
815.000 0.525
820.000 0.524
825.000 0.517
830.000 0.515
835.000 0.510
840.000 0.515
845.000 0.511
850.000 0.511
855.000 0.511
860.000 0.508
865.000 0.506
870.000 0.501
875.000 0.505
880.000 0.503
885.000 0.498
890.000 0.499
895.000 0.498
900.000 0.498
905.000 0.492
910.000 0.488
915.000 0.488
920.000 0.491
925.000 0.488
930.000 0.492
935.000 0.483
940.000 0.486
945.000 0.483
950.000 0.494
955.000 0.483
960.000 0.488
965.000 0.482
970.000 0.490
975.000 0.489
980.000 0.488
985.000 0.492
990.000 0.489
995.000 0.492
1000.000 0.480
1005.000 0.477
1010.000 0.492
1015.000 0.479
1020.000 0.491
1025.000 0.492
1030.000 0.491
1035.000 0.485
1040.000 0.493
1045.000 0.490
1050.000 0.490
1055.000 0.483
1060.000 0.487
1065.000 0.486
1070.000 0.487
1075.000 0.491
1080.000 0.486
1085.000 0.490
1090.000 0.494
1095.000 0.486
1100.000 0.490
1105.000 0.491
1110.000 0.493
1115.000 0.493
1120.000 0.491
1125.000 0.488
1130.000 0.494
1135.000 0.498
1140.000 0.500
1145.000 0.495
1150.000 0.502
1155.000 0.499
1160.000 0.497
1165.000 0.500
1170.000 0.497
1175.000 0.496
1180.000 0.501
1185.000 0.499
1190.000 0.501
1195.000 0.502
1200.000 0.509
1205.000 0.505
1210.000 0.504
1215.000 0.502
1220.000 0.507
1225.000 0.506
1230.000 0.508
1235.000 0.511
1240.000 0.513
1245.000 0.516
1250.000 0.513
1255.000 0.514
1260.000 0.523
1265.000 0.519
1270.000 0.521
1275.000 0.522
1280.000 0.523
1285.000 0.527
1290.000 0.522
1295.000 0.524
1300.000 0.527
1305.000 0.529
1310.000 0.532
1315.000 0.536
1320.000 0.538
1325.000 0.535
1330.000 0.532
1335.000 0.536
1340.000 0.538
1345.000 0.543
1350.000 0.540
1355.000 0.547
1360.000 0.548
1365.000 0.549
1370.000 0.549
1375.000 0.550
1380.000 0.554
1385.000 0.557
1390.000 0.559
1395.000 0.556
1400.000 0.563
1405.000 0.562
1410.000 0.558
1415.000 0.560
1420.000 0.561
1425.000 0.561
1430.000 0.556
1435.000 0.561
1440.000 0.556
1445.000 0.552
1450.000 0.558
1455.000 0.549
1460.000 0.546
1465.000 0.551
1470.000 0.553
1475.000 0.562
1480.000 0.568
1485.000 0.573
1490.000 0.580
1495.000 0.590
1500.000 0.595
1505.000 0.605
1510.000 0.607
1515.000 0.616
1520.000 0.626
1525.000 0.635
1530.000 0.635
1535.000 0.647
1540.000 0.660
1545.000 0.666
1550.000 0.675
1555.000 0.677
1560.000 0.692
1565.000 0.697
1570.000 0.701
1575.000 0.713
1580.000 0.727
1585.000 0.732
1590.000 0.750
1595.000 0.743
1600.000 0.768
1605.000 0.781
1610.000 0.779
1615.000 0.792
1620.000 0.776
1625.000 0.798
1630.000 0.815
1635.000 0.842
1640.000 0.858
1645.000 0.866
1650.000 0.878
1655.000 0.893
1660.000 0.904
1665.000 0.922
1670.000 0.943
1675.000 0.972
1680.000 0.972
1685.000 0.994
1690.000 1.004
1695.000 1.017
1700.000 1.047
1705.000 1.062
1710.000 1.083
1715.000 1.107
1720.000 1.130
1725.000 1.153
1730.000 1.177
1735.000 1.204
1740.000 1.233
1745.000 1.256
1750.000 1.284
1755.000 1.297
1760.000 1.324
1765.000 1.350
1770.000 1.386
1775.000 1.408
1780.000 1.441
1785.000 1.472
1790.000 1.500
1795.000 1.529
1800.000 1.556
1805.000 1.586
1810.000 1.619
1815.000 1.630
1820.000 1.682
1825.000 1.689
1830.000 1.713
1835.000 1.739
1840.000 1.756
1845.000 1.779
1850.000 1.802
1855.000 1.819
1860.000 1.836
1865.000 1.852
1870.000 1.865
1875.000 1.871
1880.000 1.879
1885.000 1.894
1890.000 1.891
1895.000 1.892
1900.000 1.901
1905.000 1.901
1910.000 1.897
1915.000 1.892
1920.000 1.893
1925.000 1.884
1930.000 1.872
1935.000 1.882
1940.000 1.866
1945.000 1.862
1950.000 1.855
1955.000 1.844
1960.000 1.833
1965.000 1.825
1970.000 1.816
1975.000 1.802
1980.000 1.795
1985.000 1.775
1990.000 1.800
1995.000 1.769
2000.000 1.756
2005.000 1.734
2010.000 1.733
2015.000 1.716
2020.000 1.732
2025.000 1.706
2030.000 1.688
2035.000 1.687
2040.000 1.681
2045.000 1.676
2050.000 1.673
2055.000 1.667
2060.000 1.676
2065.000 1.664
2070.000 1.660
2075.000 1.659
2080.000 1.665
2085.000 1.665
2090.000 1.659
2095.000 1.667
2100.000 1.679
2105.000 1.661
2110.000 1.687
2115.000 1.685
2120.000 1.680
2125.000 1.708
2130.000 1.691
2135.000 1.724
2140.000 1.733
2145.000 1.742
2150.000 1.739
2155.000 1.781
2160.000 1.801
2165.000 1.824
2170.000 1.849
2175.000 1.880
2180.000 1.893
2185.000 1.927
2190.000 1.963
2195.000 2.004
2200.000 2.052
2205.000 2.105
2210.000 2.165
2215.000 2.227
2220.000 2.299
2225.000 2.388
2230.000 2.489
2235.000 2.595
2240.000 2.659
2245.000 2.803
2250.000 2.975
2255.000 3.183
2260.000 3.426
2265.000 3.741
2270.000 4.127
2275.000 4.627
2280.000 5.330
2285.000 6.281
2290.000 7.806
2295.000 10.039
2300.000 13.013
2305.000 14.425
2310.000 14.066
2315.000 15.422
2320.000 9.019
2325.000 6.387
2330.000 4.677
2335.000 3.713
2340.000 3.047
2345.000 2.505
2350.000 2.145
2355.000 1.838
2360.000 1.721
2365.000 1.493
2370.000 1.308
2375.000 1.151
2380.000 1.034
2385.000 0.923
2390.000 0.832
2395.000 0.737
2400.000 0.665
2405.000 0.602
2410.000 0.525
2415.000 0.481
2420.000 0.456
2425.000 0.403
2430.000 0.363
2435.000 0.324
2440.000 0.286
2445.000 0.257
2450.000 0.228
2455.000 0.201
2460.000 0.175
2465.000 0.156
2470.000 0.136
2475.000 0.109
2480.000 0.098
2485.000 0.088
2490.000 0.071
2495.000 0.059
2500.000 0.050
2505.000 0.043
2510.000 0.043
2515.000 0.041
2520.000 0.040
2525.000 0.048
2530.000 0.052
2535.000 0.060
2540.000 0.063
2545.000 0.071
2550.000 0.076
2555.000 0.083
2560.000 0.092
2565.000 0.101
2570.000 0.103
2575.000 0.108
2580.000 0.114
2585.000 0.117
2590.000 0.120
2595.000 0.125
2600.000 0.124
2605.000 0.130
2610.000 0.133
2615.000 0.138
2620.000 0.139
2625.000 0.141
2630.000 0.146
2635.000 0.149
2640.000 0.154
2645.000 0.154
2650.000 0.151
2655.000 0.157
2660.000 0.157
2665.000 0.160
2670.000 0.159
2675.000 0.158
2680.000 0.158
2685.000 0.157
2690.000 0.160
2695.000 0.160
2700.000 0.159
2705.000 0.162
2710.000 0.160
2715.000 0.158
2720.000 0.157
2725.000 0.161
2730.000 0.159
2735.000 0.157
2740.000 0.155
2745.000 0.155
2750.000 0.161
2755.000 0.157
2760.000 0.156
2765.000 0.157
2770.000 0.157
2775.000 0.159
2780.000 0.161
2785.000 0.160
2790.000 0.163
2795.000 0.161
2800.000 0.165
2805.000 0.165
2810.000 0.169
2815.000 0.172
2820.000 0.176
2825.000 0.175
2830.000 0.178
2835.000 0.186
2840.000 0.193
2845.000 0.192
2850.000 0.197
2855.000 0.199
2860.000 0.203
2865.000 0.210
2870.000 0.215
2875.000 0.222
2880.000 0.229
2885.000 0.235
2890.000 0.245
2895.000 0.248
2900.000 0.254
2905.000 0.260
2910.000 0.266
2915.000 0.276
2920.000 0.281
2925.000 0.290
2930.000 0.297
2935.000 0.301
2940.000 0.305
2945.000 0.314
2950.000 0.327
2955.000 0.332
2960.000 0.341
2965.000 0.343
2970.000 0.352
2975.000 0.361
2980.000 0.355
2985.000 0.372
2990.000 0.378
2995.000 0.386
3000.000 0.376
3005.000 0.385
3010.000 0.388
3015.000 0.407
3020.000 0.412
3025.000 0.420
3030.000 0.408
3035.000 0.411
3040.000 0.419
3045.000 0.427
3050.000 0.432
3055.000 0.435
3060.000 0.434
3065.000 0.446
3070.000 0.451
3075.000 0.453
3080.000 0.452
3085.000 0.459
3090.000 0.460
3095.000 0.464
3100.000 0.467
3105.000 0.471
3110.000 0.488
3115.000 0.478
3120.000 0.478
3125.000 0.480
3130.000 0.479
3135.000 0.486
3140.000 0.486
3145.000 0.491
3150.000 0.492
3155.000 0.497
3160.000 0.495
3165.000 0.500
3170.000 0.500
3175.000 0.502
3180.000 0.507
3185.000 0.508
3190.000 0.506
3195.000 0.509
3200.000 0.512
3205.000 0.514
3210.000 0.516
3215.000 0.518
3220.000 0.513
3225.000 0.521
3230.000 0.527
3235.000 0.525
3240.000 0.527
3245.000 0.525
3250.000 0.529
3255.000 0.529
3260.000 0.532
3265.000 0.536
3270.000 0.535
3275.000 0.536
3280.000 0.537
3285.000 0.540
3290.000 0.540
3295.000 0.541
3300.000 0.546
3305.000 0.548
3310.000 0.547
3315.000 0.550
3320.000 0.551
3325.000 0.553
3330.000 0.554
3335.000 0.556
3340.000 0.560
3345.000 0.560
3350.000 0.560
3355.000 0.562
3360.000 0.566
3365.000 0.567
3370.000 0.566
3375.000 0.571
3380.000 0.573
3385.000 0.573
3390.000 0.578
3395.000 0.582
3400.000 0.583
3405.000 0.586
3410.000 0.587
3415.000 0.591
3420.000 0.591
3425.000 0.595
3430.000 0.595
3435.000 0.598
3440.000 0.603
3445.000 0.606
3450.000 0.609
3455.000 0.611
3460.000 0.618
3465.000 0.618
3470.000 0.625
3475.000 0.626
3480.000 0.633
3485.000 0.640
3490.000 0.646
3495.000 0.646
3500.000 0.659
3505.000 0.659
3510.000 0.669
3515.000 0.674
3520.000 0.678
3525.000 0.687
3530.000 0.693
3535.000 0.703
3540.000 0.711
3545.000 0.723
3550.000 0.735
3555.000 0.744
3560.000 0.762
3565.000 0.775
3570.000 0.788
3575.000 0.811
3580.000 0.820
3585.000 0.842
3590.000 0.861
3595.000 0.886
3600.000 0.919
3605.000 0.949
3610.000 0.980
3615.000 1.021
3620.000 1.065
3625.000 1.114
3630.000 1.172
3635.000 1.202
3640.000 1.280
3645.000 1.360
3650.000 1.449
3655.000 1.570
3660.000 1.703
3665.000 1.869
3670.000 2.071
3675.000 2.285
3680.000 2.517
3685.000 2.795
3690.000 4.150
3695.000 9.870
3700.000 13.753
3705.000 14.740
3710.000 10.024
3715.000 5.790
3720.000 4.188
3725.000 3.252
3730.000 2.642
3735.000 2.246
3740.000 1.961
3745.000 1.727
3750.000 1.564
3755.000 1.413
3760.000 1.348
3765.000 1.250
3770.000 1.157
3775.000 1.084
3780.000 1.027
3785.000 0.967
3790.000 0.920
3795.000 0.879
3800.000 0.845
3805.000 0.816
3810.000 0.791
3815.000 0.766
3820.000 0.743
3825.000 0.731
3830.000 0.717
3835.000 0.699
3840.000 0.682
3845.000 0.669
3850.000 0.659
3855.000 0.647
3860.000 0.636
3865.000 0.626
3870.000 0.617
3875.000 0.608
3880.000 0.608
3885.000 0.602
3890.000 0.590
3895.000 0.588
3900.000 0.583
3905.000 0.577
3910.000 0.575
3915.000 0.570
3920.000 0.571
3925.000 0.567
3930.000 0.562
3935.000 0.557
3940.000 0.546
3945.000 0.545
3950.000 0.554
3955.000 0.540
3960.000 0.541
3965.000 0.550
3970.000 0.535
3975.000 0.534
3980.000 0.546
3985.000 0.527
3990.000 0.526
3995.000 0.537
4000.000 0.525
4005.000 0.526
4010.000 0.522
4015.000 0.530
4020.000 0.516
4025.000 0.521
4030.000 0.529
4035.000 0.524
4040.000 0.525
4045.000 0.522
4050.000 0.527
4055.000 0.530
4060.000 0.520
4065.000 0.524
4070.000 0.519
4075.000 0.521
4080.000 0.518
4085.000 0.514
4090.000 0.518
4095.000 0.512
4100.000 0.511
4105.000 0.514
4110.000 0.514
4115.000 0.513
4120.000 0.516
4125.000 0.516
4130.000 0.519
4135.000 0.518
4140.000 0.515
4145.000 0.518
4150.000 0.514
4155.000 0.512
4160.000 0.515
4165.000 0.509
4170.000 0.508
4175.000 0.509
4180.000 0.509
4185.000 0.512
4190.000 0.508
4195.000 0.511
4200.000 0.511
4205.000 0.511
4210.000 0.515
4215.000 0.510
4220.000 0.510
4225.000 0.509
4230.000 0.509
4235.000 0.507
4240.000 0.506
4245.000 0.508
4250.000 0.508
4255.000 0.507
4260.000 0.507
4265.000 0.510
4270.000 0.511
4275.000 0.512
4280.000 0.513
4285.000 0.509
4290.000 0.510
4295.000 0.509
4300.000 0.510
4305.000 0.507
4310.000 0.505
4315.000 0.504
4320.000 0.502
4325.000 0.504
4330.000 0.507
4335.000 0.505
4340.000 0.507
4345.000 0.508
4350.000 0.510
4355.000 0.511
4360.000 0.510
4365.000 0.508
4370.000 0.506
4375.000 0.506
4380.000 0.506
4385.000 0.499
4390.000 0.505
4395.000 0.506
4400.000 0.500
4405.000 0.500
4410.000 0.503
4415.000 0.506
4420.000 0.509
4425.000 0.506
4430.000 0.506
4435.000 0.507
4440.000 0.506
4445.000 0.507
4450.000 0.503
4455.000 0.502
4460.000 0.500
4465.000 0.499
4470.000 0.502
4475.000 0.501
4480.000 0.503
4485.000 0.499
4490.000 0.501
4495.000 0.502
4500.000 0.504
4505.000 0.504
4510.000 0.506
4515.000 0.504
4520.000 0.505
4525.000 0.498
4530.000 0.498
4535.000 0.500
4540.000 0.498
4545.000 0.498
4550.000 0.501
4555.000 0.498
4560.000 0.497
4565.000 0.502
4570.000 0.503
4575.000 0.500
4580.000 0.502
4585.000 0.501
4590.000 0.498
4595.000 0.496
4600.000 0.498
4605.000 0.496
4610.000 0.494
4615.000 0.492
4620.000 0.495
4625.000 0.496
4630.000 0.494
4635.000 0.499
4640.000 0.495
4645.000 0.497
4650.000 0.495
4655.000 0.500
4660.000 0.498
4665.000 0.497
4670.000 0.497
4675.000 0.496
4680.000 0.497
4685.000 0.496
4690.000 0.494
4695.000 0.492
4700.000 0.494
4705.000 0.495
4710.000 0.499
4715.000 0.496
4720.000 0.499
4725.000 0.499
4730.000 0.500
4735.000 0.498
4740.000 0.499
4745.000 0.501
4750.000 0.497
4755.000 0.500
4760.000 0.499
4765.000 0.503
4770.000 0.501
4775.000 0.504
4780.000 0.508
4785.000 0.511
4790.000 0.517
4795.000 0.517
4800.000 0.523
4805.000 0.526
4810.000 0.529
4815.000 0.537
4820.000 0.538
4825.000 0.548
4830.000 0.554
4835.000 0.565
4840.000 0.578
4845.000 0.587
4850.000 0.599
4855.000 0.613
4860.000 0.637
4865.000 0.662
4870.000 0.686
4875.000 0.701
4880.000 0.736
4885.000 0.773
4890.000 0.809
4895.000 0.858
4900.000 0.912
4905.000 0.984
4910.000 1.063
4915.000 1.103
4920.000 1.208
4925.000 1.329
4930.000 1.470
4935.000 1.667
4940.000 1.906
4945.000 2.256
4950.000 2.718
4955.000 3.325
4960.000 4.571
4965.000 6.553
4970.000 8.760
4975.000 3.872
4980.000 4.062
4985.000 7.414
4990.000 9.287
4995.000 6.340
5000.000 2.708
5005.000 3.087
5010.000 2.837
5015.000 2.542
5020.000 2.332
5025.000 2.121
5030.000 1.965
5035.000 1.833
5040.000 1.775
5045.000 1.686
5050.000 1.605
5055.000 1.539
5060.000 1.482
5065.000 1.430
5070.000 1.380
5075.000 1.342
5080.000 1.310
5085.000 1.283
5090.000 1.255
5095.000 1.242
5100.000 1.217
5105.000 1.193
5110.000 1.173
5115.000 1.154
5120.000 1.137
5125.000 1.123
5130.000 1.110
5135.000 1.099
5140.000 1.089
5145.000 1.078
5150.000 1.074
5155.000 1.065
5160.000 1.061
5165.000 1.056
5170.000 1.049
5175.000 1.045
5180.000 1.034
5185.000 1.028
5190.000 1.019
5195.000 1.015
5200.000 1.012
5205.000 1.008
5210.000 1.003
5215.000 1.002
5220.000 1.000
5225.000 0.996
5230.000 0.995
5235.000 0.994
5240.000 0.991
5245.000 0.985
5250.000 0.985
5255.000 0.977
5260.000 0.973
5265.000 0.972
5270.000 0.967
5275.000 0.963
5280.000 0.960
5285.000 0.961
5290.000 0.959
5295.000 0.959
5300.000 0.955
5305.000 0.952
5310.000 0.949
5315.000 0.949
5320.000 0.937
5325.000 0.938
5330.000 0.934
5335.000 0.927
5340.000 0.927
5345.000 0.919
5350.000 0.916
5355.000 0.917
5360.000 0.912
5365.000 0.910
5370.000 0.905
5375.000 0.906
5380.000 0.901
5385.000 0.897
5390.000 0.891
5395.000 0.887
5400.000 0.884
5405.000 0.878
5410.000 0.872
5415.000 0.868
5420.000 0.863
5425.000 0.860
5430.000 0.854
5435.000 0.850
5440.000 0.847
5445.000 0.845
5450.000 0.841
5455.000 0.838
5460.000 0.832
5465.000 0.831
5470.000 0.823
5475.000 0.818
5480.000 0.813
5485.000 0.810
5490.000 0.804
5495.000 0.797
5500.000 0.792
5505.000 0.789
5510.000 0.785
5515.000 0.784
5520.000 0.782
5525.000 0.782
5530.000 0.780
5535.000 0.777
5540.000 0.771
5545.000 0.764
5550.000 0.759
5555.000 0.752
5560.000 0.751
5565.000 0.746
5570.000 0.742
5575.000 0.736
5580.000 0.738
5585.000 0.736
5590.000 0.733
5595.000 0.732
5600.000 0.730
5605.000 0.732
5610.000 0.725
5615.000 0.724
5620.000 0.720
5625.000 0.714
5630.000 0.713
5635.000 0.706
5640.000 0.710
5645.000 0.704
5650.000 0.705
5655.000 0.702
5660.000 0.704
5665.000 0.705
5670.000 0.703
5675.000 0.701
5680.000 0.700
5685.000 0.698
5690.000 0.698
5695.000 0.693
5700.000 0.689
5705.000 0.689
5710.000 0.687
5715.000 0.688
5720.000 0.685
5725.000 0.681
5730.000 0.686
5735.000 0.687
5740.000 0.690
5745.000 0.687
5750.000 0.686
5755.000 0.686
5760.000 0.688
5765.000 0.683
5770.000 0.685
5775.000 0.683
5780.000 0.679
5785.000 0.685
5790.000 0.680
5795.000 0.683
5800.000 0.687
5805.000 0.686
5810.000 0.687
5815.000 0.691
5820.000 0.692
5825.000 0.695
5830.000 0.693
5835.000 0.698
5840.000 0.697
5845.000 0.693
5850.000 0.696
5855.000 0.697
5860.000 0.699
5865.000 0.701
5870.000 0.703
5875.000 0.706
5880.000 0.715
5885.000 0.726
5890.000 0.717
5895.000 0.722
5900.000 0.724
5905.000 0.733
5910.000 0.734
5915.000 0.738
5920.000 0.737
5925.000 0.740
5930.000 0.749
5935.000 0.747
5940.000 0.757
5945.000 0.762
5950.000 0.769
5955.000 0.774
5960.000 0.781
5965.000 0.784
5970.000 0.805
5975.000 0.814
5980.000 0.813
5985.000 0.830
5990.000 0.842
5995.000 0.846
6000.000 0.855
6005.000 0.866
6010.000 0.885
6015.000 0.887
6020.000 0.908
6025.000 0.925
6030.000 0.933
6035.000 0.966
6040.000 0.982
6045.000 0.990
6050.000 1.018
6055.000 1.041
6060.000 1.060
6065.000 1.088
6070.000 1.107
6075.000 1.133
6080.000 1.169
6085.000 1.205
6090.000 1.244
6095.000 1.289
6100.000 1.337
6105.000 1.386
6110.000 1.445
6115.000 1.501
6120.000 1.573
6125.000 1.647
6130.000 1.675
6135.000 1.775
6140.000 1.872
6145.000 1.986
6150.000 2.117
6155.000 2.248
6160.000 2.436
6165.000 2.631
6170.000 2.875
6175.000 3.149
6180.000 3.454
6185.000 3.898
6190.000 4.411
6195.000 5.100
6200.000 5.495
6205.000 6.518
6210.000 7.842
6215.000 9.908
6220.000 12.403
6225.000 15.917
6230.000 18.445
6235.000 17.562
6240.000 13.465
6245.000 10.113
6250.000 7.489
6255.000 6.898
6260.000 5.951
6265.000 5.106
6270.000 4.500
6275.000 3.989
6280.000 3.575
6285.000 3.247
6290.000 2.904
6295.000 2.645
6300.000 2.412
6305.000 2.231
6310.000 2.088
6315.000 2.020
6320.000 1.846
6325.000 1.807
6330.000 1.711
6335.000 1.641
6340.000 1.569
6345.000 1.506
6350.000 1.454
6355.000 1.398
6360.000 1.355
6365.000 1.307
6370.000 1.265
6375.000 1.247
6380.000 1.207
6385.000 1.171
6390.000 1.140
6395.000 1.109
6400.000 1.078
6405.000 1.053
6410.000 1.027
6415.000 1.004
6420.000 0.979
6425.000 0.959
6430.000 0.932
6435.000 0.920
6440.000 0.896
6445.000 0.869
6450.000 0.847
6455.000 0.828
6460.000 0.800
6465.000 0.781
6470.000 0.755
6475.000 0.732
6480.000 0.712
6485.000 0.689
6490.000 0.659
6495.000 0.633
6500.000 0.615
6505.000 0.590
6510.000 0.545
6515.000 0.510
6520.000 0.474
6525.000 0.438
6530.000 0.413
6535.000 0.415
6540.000 0.507
6545.000 0.678
6550.000 1.122
6555.000 1.478
6560.000 2.529
6565.000 5.053
6570.000 8.657
6575.000 6.310
6580.000 4.644
6585.000 2.919
6590.000 1.942
6595.000 1.906
6600.000 1.687
6605.000 1.505
6610.000 1.459
6615.000 1.373
6620.000 1.342
6625.000 1.298
6630.000 1.251
6635.000 1.220
6640.000 1.187
6645.000 1.162
6650.000 1.141
6655.000 1.114
6660.000 1.097
6665.000 1.070
6670.000 1.059
6675.000 1.043
6680.000 1.036
6685.000 1.023
6690.000 1.014
6695.000 1.003
6700.000 0.992
6705.000 0.991
6710.000 0.981
6715.000 0.974
6720.000 0.967
6725.000 0.961
6730.000 0.950
6735.000 0.947
6740.000 0.936
6745.000 0.931
6750.000 0.926
6755.000 0.922
6760.000 0.916
6765.000 0.912
6770.000 0.912
6775.000 0.908
6780.000 0.906
6785.000 0.906
6790.000 0.907
6795.000 0.900
6800.000 0.895
6805.000 0.894
6810.000 0.887
6815.000 0.885
6820.000 0.875
6825.000 0.873
6830.000 0.873
6835.000 0.874
6840.000 0.871
6845.000 0.875
6850.000 0.874
6855.000 0.876
6860.000 0.873
6865.000 0.872
6870.000 0.871
6875.000 0.866
6880.000 0.865
6885.000 0.863
6890.000 0.860
6895.000 0.857
6900.000 0.854
6905.000 0.855
6910.000 0.857
6915.000 0.857
6920.000 0.863
6925.000 0.863
6930.000 0.864
6935.000 0.865
6940.000 0.868
6945.000 0.867
6950.000 0.857
6955.000 0.859
6960.000 0.862
6965.000 0.854
6970.000 0.858
6975.000 0.858
6980.000 0.858
6985.000 0.867
6990.000 0.865
6995.000 0.876
7000.000 0.864
7005.000 0.874
7010.000 0.869
7015.000 0.884
7020.000 0.875
7025.000 0.881
7030.000 0.876
7035.000 0.889
7040.000 0.882
7045.000 0.877
7050.000 0.887
7055.000 0.888
7060.000 0.889
7065.000 0.890
7070.000 0.896
7075.000 0.906
7080.000 0.903
7085.000 0.911
7090.000 0.912
7095.000 0.914
7100.000 0.921
7105.000 0.920
7110.000 0.919
7115.000 0.922
7120.000 0.923
7125.000 0.930
7130.000 0.933
7135.000 0.944
7140.000 0.948
7145.000 0.958
7150.000 0.968
7155.000 0.969
7160.000 0.977
7165.000 0.981
7170.000 0.985
7175.000 0.986
7180.000 0.993
7185.000 0.997
7190.000 1.006
7195.000 1.011
7200.000 1.023
7205.000 1.032
7210.000 1.045
7215.000 1.059
7220.000 1.067
7225.000 1.083
7230.000 1.086
7235.000 1.100
7240.000 1.114
7245.000 1.129
7250.000 1.131
7255.000 1.149
7260.000 1.163
7265.000 1.184
7270.000 1.200
7275.000 1.216
7280.000 1.242
7285.000 1.260
7290.000 1.274
7295.000 1.300
7300.000 1.330
7305.000 1.364
7310.000 1.392
7315.000 1.425
7320.000 1.462
7325.000 1.491
7330.000 1.533
7335.000 1.585
7340.000 1.628
7345.000 1.660
7350.000 1.722
7355.000 1.791
7360.000 1.868
7365.000 1.943
7370.000 2.053
7375.000 2.167
7380.000 2.296
7385.000 2.445
7390.000 2.596
7395.000 2.827
7400.000 3.083
7405.000 3.355
7410.000 3.571
7415.000 4.025
7420.000 4.557
7425.000 5.369
7430.000 6.258
7435.000 7.675
7440.000 9.073
7445.000 9.870
7450.000 9.092
7455.000 7.092
7460.000 5.171
7465.000 3.997
7470.000 3.230
7475.000 3.111
7480.000 2.767
7485.000 2.416
7490.000 2.160
7495.000 1.954
7500.000 1.735
7505.000 1.566
7510.000 1.417
7515.000 1.297
7520.000 1.200
7525.000 1.093
7530.000 1.015
7535.000 0.983
7540.000 0.907
7545.000 0.851
7550.000 0.796
7555.000 0.750
7560.000 0.717
7565.000 0.676
7570.000 0.643
7575.000 0.613
7580.000 0.587
7585.000 0.567
7590.000 0.549
7595.000 0.530
7600.000 0.513
7605.000 0.491
7610.000 0.477
7615.000 0.458
7620.000 0.450
7625.000 0.439
7630.000 0.428
7635.000 0.424
7640.000 0.415
7645.000 0.411
7650.000 0.409
7655.000 0.407
7660.000 0.401
7665.000 0.397
7670.000 0.392
7675.000 0.391
7680.000 0.384
7685.000 0.381
7690.000 0.375
7695.000 0.372
7700.000 0.371
7705.000 0.372
7710.000 0.374
7715.000 0.372
7720.000 0.376
7725.000 0.379
7730.000 0.382
7735.000 0.386
7740.000 0.383
7745.000 0.381
7750.000 0.382
7755.000 0.381
7760.000 0.378
7765.000 0.375
7770.000 0.376
7775.000 0.375
7780.000 0.378
7785.000 0.377
7790.000 0.383
7795.000 0.388
7800.000 0.392
7805.000 0.395
7810.000 0.398
7815.000 0.398
7820.000 0.400
7825.000 0.400
7830.000 0.402
7835.000 0.395
7840.000 0.397
7845.000 0.399
7850.000 0.398
7855.000 0.400
7860.000 0.404
7865.000 0.409
7870.000 0.413
7875.000 0.421
7880.000 0.418
7885.000 0.428
7890.000 0.425
7895.000 0.427
7900.000 0.425
7905.000 0.425
7910.000 0.428
7915.000 0.424
7920.000 0.427
7925.000 0.429
7930.000 0.437
7935.000 0.438
7940.000 0.447
7945.000 0.446
7950.000 0.462
7955.000 0.462
7960.000 0.467
7965.000 0.470
7970.000 0.482
7975.000 0.485
7980.000 0.482
7985.000 0.491
7990.000 0.496
7995.000 0.506
8000.000 0.505
8005.000 0.523
8010.000 0.542
8015.000 0.567
8020.000 0.572
8025.000 0.605
8030.000 0.645
8035.000 0.690
8040.000 0.745
8045.000 0.829
8050.000 0.921
8055.000 1.410
8060.000 3.403
8065.000 3.382
8070.000 1.081
8075.000 0.799
8080.000 0.752
8085.000 0.318
8090.000 0.395
8095.000 0.354
8100.000 0.344
8105.000 0.335
8110.000 0.335
8115.000 0.342
8120.000 0.334
8125.000 0.334
8130.000 0.339
8135.000 0.338
8140.000 0.335
8145.000 0.342
8150.000 0.343
8155.000 0.347
8160.000 0.357
8165.000 0.360
8170.000 0.366
8175.000 0.370
8180.000 0.371
8185.000 0.368
8190.000 0.370
8195.000 0.369
8200.000 0.367
8205.000 0.367
8210.000 0.368
8215.000 0.368
8220.000 0.367
8225.000 0.374
8230.000 0.375
8235.000 0.380
8240.000 0.380
8245.000 0.383
8250.000 0.388
8255.000 0.387
8260.000 0.391
8265.000 0.383
8270.000 0.388
8275.000 0.384
8280.000 0.380
8285.000 0.382
8290.000 0.377
8295.000 0.378
8300.000 0.382
8305.000 0.386
8310.000 0.384
8315.000 0.394
8320.000 0.396
8325.000 0.392
8330.000 0.395
8335.000 0.397
8340.000 0.393
8345.000 0.391
8350.000 0.392
8355.000 0.385
8360.000 0.386
8365.000 0.386
8370.000 0.389
8375.000 0.386
8380.000 0.394
8385.000 0.395
8390.000 0.397
8395.000 0.401
8400.000 0.402
8405.000 0.406
8410.000 0.401
8415.000 0.403
8420.000 0.397
8425.000 0.400
8430.000 0.398
8435.000 0.398
8440.000 0.399
8445.000 0.402
8450.000 0.407
8455.000 0.415
8460.000 0.420
8465.000 0.428
8470.000 0.434
8475.000 0.446
8480.000 0.452
8485.000 0.464
8490.000 0.480
8495.000 0.489
8500.000 0.517
8505.000 0.555
8510.000 0.573
8515.000 0.639
8520.000 0.735
8525.000 0.918
8530.000 1.235
8535.000 1.849
8540.000 2.992
8545.000 3.388
8550.000 0.438
8555.000 0.448
8560.000 0.270
8565.000 0.324
8570.000 0.296
8575.000 0.245
8580.000 0.199
8585.000 0.190
8590.000 0.178
8595.000 0.177
8600.000 0.181
8605.000 0.204
8610.000 0.239
8615.000 0.298
8620.000 0.378
8625.000 0.421
8630.000 0.550
8635.000 0.684
8640.000 0.784
8645.000 0.825
8650.000 0.786
8655.000 0.787
8660.000 0.870
8665.000 1.002
8670.000 1.168
8675.000 1.234
8680.000 1.405
8685.000 1.554
8690.000 1.545
8695.000 1.421
8700.000 1.246
8705.000 1.122
8710.000 1.005
8715.000 0.940
8720.000 0.865
8725.000 0.810
8730.000 0.777
8735.000 0.740
8740.000 0.715
8745.000 0.692
8750.000 0.684
8755.000 0.668
8760.000 0.650
8765.000 0.634
8770.000 0.624
8775.000 0.611
8780.000 0.597
8785.000 0.582
8790.000 0.572
8795.000 0.559
8800.000 0.549
8805.000 0.548
8810.000 0.546
8815.000 0.540
8820.000 0.545
8825.000 0.551
8830.000 0.531
8835.000 0.542
8840.000 0.528
8845.000 0.519
8850.000 0.515
8855.000 0.509
8860.000 0.499
8865.000 0.498
8870.000 0.495
8875.000 0.490
8880.000 0.484
8885.000 0.489
8890.000 0.485
8895.000 0.484
8900.000 0.489
8905.000 0.487
8910.000 0.490
8915.000 0.489
8920.000 0.489
8925.000 0.481
8930.000 0.479
8935.000 0.480
8940.000 0.471
8945.000 0.468
8950.000 0.466
8955.000 0.466
8960.000 0.466
8965.000 0.469
8970.000 0.473
8975.000 0.476
8980.000 0.475
8985.000 0.474
8990.000 0.476
8995.000 0.466
9000.000 0.476
9005.000 0.464
9010.000 0.467
9015.000 0.460
9020.000 0.459
9025.000 0.456
9030.000 0.454
9035.000 0.450
9040.000 0.455
9045.000 0.464
9050.000 0.462
9055.000 0.468
9060.000 0.461
9065.000 0.468
9070.000 0.467
9075.000 0.465
9080.000 0.457
9085.000 0.454
9090.000 0.451
9095.000 0.449
9100.000 0.452
9105.000 0.452
9110.000 0.454
9115.000 0.454
9120.000 0.459
9125.000 0.462
9130.000 0.461
9135.000 0.463
9140.000 0.462
9145.000 0.462
9150.000 0.455
9155.000 0.455
9160.000 0.448
9165.000 0.449
9170.000 0.448
9175.000 0.448
9180.000 0.446
9185.000 0.456
9190.000 0.455
9195.000 0.453
9200.000 0.460
9205.000 0.461
9210.000 0.462
9215.000 0.461
9220.000 0.459
9225.000 0.453
9230.000 0.452
9235.000 0.450
9240.000 0.449
9245.000 0.449
9250.000 0.447
9255.000 0.449
9260.000 0.448
9265.000 0.459
9270.000 0.457
9275.000 0.462
9280.000 0.468
9285.000 0.465
9290.000 0.462
9295.000 0.462
9300.000 0.461
9305.000 0.456
9310.000 0.456
9315.000 0.456
9320.000 0.456
9325.000 0.459
9330.000 0.461
9335.000 0.466
9340.000 0.474
9345.000 0.477
9350.000 0.483
9355.000 0.483
9360.000 0.488
9365.000 0.489
9370.000 0.487
9375.000 0.495
9380.000 0.493
9385.000 0.496
9390.000 0.500
9395.000 0.506
9400.000 0.517
9405.000 0.531
9410.000 0.548
9415.000 0.562
9420.000 0.573
9425.000 0.595
9430.000 0.620
9435.000 0.649
9440.000 0.697
9445.000 0.735
9450.000 0.827
9455.000 0.915
9460.000 1.140
9465.000 1.445
9470.000 1.901
9475.000 2.902
9480.000 3.377
9485.000 3.414
9490.000 1.258
9495.000 0.472
9500.000 0.223
9505.000 0.137
9510.000 0.168
9515.000 0.149
9520.000 0.148
9525.000 0.150
9530.000 0.152
9535.000 0.154
9540.000 0.161
9545.000 0.160
9550.000 0.171
9555.000 0.173
9560.000 0.177
9565.000 0.177
9570.000 0.179
9575.000 0.180
9580.000 0.179
9585.000 0.174
9590.000 0.169
9595.000 0.168
9600.000 0.163
9605.000 0.154
9610.000 0.148
9615.000 0.148
9620.000 0.143
9625.000 0.140
9630.000 0.140
9635.000 0.135
9640.000 0.128
9645.000 0.120
9650.000 0.113
9655.000 0.102
9660.000 0.096
9665.000 0.083
9670.000 0.070
9675.000 0.054
9680.000 0.042
9685.000 0.038
9690.000 0.038
9695.000 0.044
9700.000 0.054
9705.000 0.067
9710.000 0.089
9715.000 0.106
9720.000 0.140
9725.000 0.156
9730.000 0.188
9735.000 0.234
9740.000 0.278
9745.000 0.341
9750.000 0.404
9755.000 0.464
9760.000 0.557
9765.000 0.647
9770.000 0.769
9775.000 0.915
9780.000 0.994
9785.000 1.197
9790.000 1.444
9795.000 1.711
9800.000 2.155
9805.000 2.651
9810.000 3.136
9815.000 3.638
9820.000 3.824
9825.000 3.661
9830.000 3.299
9835.000 2.923
9840.000 2.750
9845.000 2.503
9850.000 2.249
9855.000 2.064
9860.000 1.925
9865.000 1.734
9870.000 1.549
9875.000 1.336
9880.000 1.180
9885.000 1.023
9890.000 0.884
9895.000 0.871
9900.000 0.860
9905.000 0.864
9910.000 0.863
9915.000 0.860
9920.000 0.857
9925.000 0.851
9930.000 0.848
9935.000 0.837
9940.000 0.833
9945.000 0.817
9950.000 0.807
9955.000 0.793
9960.000 0.782
9965.000 0.779
9970.000 0.764
9975.000 0.756
9980.000 0.755
9985.000 0.737
9990.000 0.728
9995.000 0.724
10000.000 0.724
10005.000 0.723
10010.000 0.712
10015.000 0.705
10020.000 0.697
10025.000 0.694
10030.000 0.676
10035.000 0.676
10040.000 0.667
10045.000 0.652
10050.000 0.650
10055.000 0.645
10060.000 0.636
10065.000 0.630
10070.000 0.628
10075.000 0.617
10080.000 0.621
10085.000 0.615
10090.000 0.607
10095.000 0.596
10100.000 0.584
10105.000 0.574
10110.000 0.554
10115.000 0.539
10120.000 0.519
10125.000 0.502
10130.000 0.478
10135.000 0.451
10140.000 0.409
10145.000 0.367
10150.000 0.330
10155.000 0.236
10160.000 0.178
10165.000 0.425
10170.000 1.121
10175.000 2.260
10180.000 1.696
10185.000 1.508
10190.000 1.211
10195.000 1.063
10200.000 0.949
10205.000 0.887
10210.000 0.873
10215.000 0.845
10220.000 0.821
10225.000 0.806
10230.000 0.794
10235.000 0.784
10240.000 0.771
10245.000 0.759
10250.000 0.753
10255.000 0.741
10260.000 0.730
10265.000 0.721
10270.000 0.717
10275.000 0.712
10280.000 0.708
10285.000 0.704
10290.000 0.705
10295.000 0.703
10300.000 0.704
10305.000 0.701
10310.000 0.697
10315.000 0.691
10320.000 0.690
10325.000 0.685
10330.000 0.680
10335.000 0.679
10340.000 0.670
10345.000 0.668
10350.000 0.668
10355.000 0.673
10360.000 0.670
10365.000 0.667
10370.000 0.671
10375.000 0.668
10380.000 0.669
10385.000 0.667
10390.000 0.667
10395.000 0.663
10400.000 0.662
10405.000 0.654
10410.000 0.652
10415.000 0.651
10420.000 0.648
10425.000 0.649
10430.000 0.650
10435.000 0.651
10440.000 0.651
10445.000 0.657
10450.000 0.657
10455.000 0.655
10460.000 0.654
10465.000 0.649
10470.000 0.647
10475.000 0.645
10480.000 0.648
10485.000 0.643
10490.000 0.638
10495.000 0.642
10500.000 0.641
10505.000 0.642
10510.000 0.648
10515.000 0.645
10520.000 0.645
10525.000 0.651
10530.000 0.652
10535.000 0.648
10540.000 0.645
10545.000 0.646
10550.000 0.641
10555.000 0.642
10560.000 0.638
10565.000 0.639
10570.000 0.639
10575.000 0.640
10580.000 0.637
10585.000 0.646
10590.000 0.648
10595.000 0.653
10600.000 0.652
10605.000 0.650
10610.000 0.647
10615.000 0.647
10620.000 0.644
10625.000 0.643
10630.000 0.640
10635.000 0.640
10640.000 0.640
10645.000 0.643
10650.000 0.641
10655.000 0.645
10660.000 0.647
10665.000 0.652
10670.000 0.651
10675.000 0.655
10680.000 0.653
10685.000 0.651
10690.000 0.647
10695.000 0.646
10700.000 0.649
10705.000 0.641
10710.000 0.643
10715.000 0.643
10720.000 0.643
10725.000 0.643
10730.000 0.650
10735.000 0.648
10740.000 0.649
10745.000 0.650
10750.000 0.649
10755.000 0.641
10760.000 0.642
10765.000 0.635
10770.000 0.627
10775.000 0.618
10780.000 0.613
10785.000 0.605
10790.000 0.597
10795.000 0.586
10800.000 0.567
10805.000 0.557
10810.000 0.526
10815.000 0.513
10820.000 0.482
10825.000 0.425
10830.000 0.372
10835.000 0.379
10840.000 0.530
10845.000 0.829
10850.000 1.419
10855.000 1.740
10860.000 1.732
10865.000 1.591
10870.000 1.563
10875.000 1.545
10880.000 1.400
10885.000 1.143
10890.000 1.258
10895.000 1.273
10900.000 1.294
10905.000 1.316
10910.000 1.332
10915.000 1.371
10920.000 1.400
10925.000 1.451
10930.000 1.503
10935.000 1.557
10940.000 1.611
10945.000 1.695
10950.000 1.786
10955.000 1.922
10960.000 2.036
10965.000 2.239
10970.000 2.429
10975.000 2.587
10980.000 2.800
10985.000 2.890
10990.000 2.818
10995.000 2.557
11000.000 2.432
11005.000 2.007
11010.000 1.648
11015.000 1.376
11020.000 1.106
11025.000 0.946
11030.000 0.777
11035.000 0.662
11040.000 0.579
11045.000 0.501
11050.000 0.443
11055.000 0.323
11060.000 0.260
11065.000 0.162
11070.000 0.099
11075.000 0.104
11080.000 0.100
11085.000 0.097
11090.000 0.103
11095.000 0.107
11100.000 0.118
11105.000 0.129
11110.000 0.135
11115.000 0.144
11120.000 0.151
11125.000 0.160
11130.000 0.168
11135.000 0.179
11140.000 0.184
11145.000 0.194
11150.000 0.201
11155.000 0.209
11160.000 0.219
11165.000 0.228
11170.000 0.240
11175.000 0.247
11180.000 0.254
11185.000 0.258
11190.000 0.265
11195.000 0.267
11200.000 0.275
11205.000 0.277
11210.000 0.277
11215.000 0.281
11220.000 0.286
11225.000 0.289
11230.000 0.293
11235.000 0.300
11240.000 0.306
11245.000 0.308
11250.000 0.316
11255.000 0.318
11260.000 0.325
11265.000 0.324
11270.000 0.329
11275.000 0.328
11280.000 0.328
11285.000 0.331
11290.000 0.331
11295.000 0.331
11300.000 0.335
11305.000 0.336
11310.000 0.338
11315.000 0.348
11320.000 0.348
11325.000 0.351
11330.000 0.359
11335.000 0.359
11340.000 0.358
11345.000 0.359
11350.000 0.357
11355.000 0.360
11360.000 0.358
11365.000 0.359
11370.000 0.359
11375.000 0.362
11380.000 0.366
11385.000 0.368
11390.000 0.373
11395.000 0.375
11400.000 0.375
11405.000 0.379
11410.000 0.381
11415.000 0.380
11420.000 0.380
11425.000 0.378
11430.000 0.374
11435.000 0.378
11440.000 0.378
11445.000 0.379
11450.000 0.379
11455.000 0.383
11460.000 0.386
11465.000 0.389
11470.000 0.393
11475.000 0.393
11480.000 0.394
11485.000 0.396
11490.000 0.394
11495.000 0.392
11500.000 0.390
11505.000 0.393
11510.000 0.390
11515.000 0.390
11520.000 0.389
11525.000 0.391
11530.000 0.398
11535.000 0.399
11540.000 0.399
11545.000 0.402
11550.000 0.403
11555.000 0.405
11560.000 0.405
11565.000 0.406
11570.000 0.402
11575.000 0.402
11580.000 0.400
11585.000 0.401
11590.000 0.401
11595.000 0.402
11600.000 0.405
11605.000 0.404
11610.000 0.406
11615.000 0.409
11620.000 0.416
11625.000 0.412
11630.000 0.414
11635.000 0.415
11640.000 0.414
11645.000 0.413
11650.000 0.412
11655.000 0.413
11660.000 0.415
11665.000 0.421
11670.000 0.420
11675.000 0.422
11680.000 0.425
11685.000 0.431
11690.000 0.437
11695.000 0.440
11700.000 0.443
11705.000 0.451
11710.000 0.451
11715.000 0.461
11720.000 0.498
11725.000 0.616
11730.000 0.679
11735.000 0.657
11740.000 0.252
11745.000 0.323
11750.000 0.304
11755.000 0.303
11760.000 0.327
11765.000 0.336
11770.000 0.342
11775.000 0.350
11780.000 0.355
11785.000 0.353
11790.000 0.357
11795.000 0.357
11800.000 0.359
11805.000 0.359
11810.000 0.358
11815.000 0.360
11820.000 0.366
11825.000 0.367
11830.000 0.370
11835.000 0.369
11840.000 0.371
11845.000 0.372
11850.000 0.372
11855.000 0.374
11860.000 0.367
11865.000 0.370
11870.000 0.366
11875.000 0.367
11880.000 0.365
11885.000 0.362
11890.000 0.364
11895.000 0.366
11900.000 0.366
11905.000 0.368
11910.000 0.369
11915.000 0.365
11920.000 0.362
11925.000 0.364
11930.000 0.363
11935.000 0.363
11940.000 0.359
11945.000 0.358
11950.000 0.355
11955.000 0.356
11960.000 0.354
11965.000 0.355
11970.000 0.354
11975.000 0.353
11980.000 0.357
11985.000 0.359
11990.000 0.362
11995.000 0.361
12000.000 0.364
