1801.000 2.243
1802.000 2.252
1803.000 2.263
1804.000 2.274
1805.000 2.275
1806.000 2.288
1807.000 2.307
1808.000 2.319
1809.000 2.329
1810.000 2.338
1811.000 2.357
1812.000 2.369
1813.000 2.381
1814.000 2.396
1815.000 2.405
1816.000 2.415
1817.000 2.427
1818.000 2.433
1819.000 2.442
1820.000 2.455
1821.000 2.467
1822.000 2.476
1823.000 2.488
1824.000 2.493
1825.000 2.505
1826.000 2.518
1827.000 2.533
1828.000 2.541
1829.000 2.551
1830.000 2.552
1831.000 2.563
1832.000 2.573
1833.000 2.581
1834.000 2.594
1835.000 2.607
1836.000 2.620
1837.000 2.631
1838.000 2.647
1839.000 2.654
1840.000 2.667
1841.000 2.671
1842.000 2.685
1843.000 2.691
1844.000 2.705
1845.000 2.715
1846.000 2.728
1847.000 2.741
1848.000 2.749
1849.000 2.762
1850.000 2.768
1851.000 2.784
1852.000 2.789
1853.000 2.796
1854.000 2.800
1855.000 2.814
1856.000 2.818
1857.000 2.826
1858.000 2.844
1859.000 2.855
1860.000 2.869
1861.000 2.880
1862.000 2.891
1863.000 2.901
1864.000 2.908
1865.000 2.915
1866.000 2.919
1867.000 2.928
1868.000 2.938
1869.000 2.942
1870.000 2.950
1871.000 2.962
1872.000 2.965
1873.000 2.976
1874.000 2.987
1875.000 2.999
1876.000 3.003
1877.000 3.012
1878.000 3.019
1879.000 3.026
1880.000 3.035
1881.000 3.041
1882.000 3.053
1883.000 3.057
1884.000 3.058
1885.000 3.062
1886.000 3.070
1887.000 3.076
1888.000 3.081
1889.000 3.083
1890.000 3.090
1891.000 3.092
1892.000 3.097
1893.000 3.108
1894.000 3.110
1895.000 3.121
1896.000 3.125
1897.000 3.134
1898.000 3.137
1899.000 3.142
1900.000 3.142
1901.000 3.145
1902.000 3.146
1903.000 3.154
1904.000 3.165
1905.000 3.171
1906.000 3.175
1907.000 3.177
1908.000 3.182
1909.000 3.190
1910.000 3.200
1911.000 3.208
1912.000 3.214
1913.000 3.215
1914.000 3.222
1915.000 3.225
1916.000 3.237
1917.000 3.233
1918.000 3.236
1919.000 3.244
1920.000 3.251
1921.000 3.263
1922.000 3.264
1923.000 3.271
1924.000 3.272
1925.000 3.286
1926.000 3.294
1927.000 3.297
1928.000 3.308
1929.000 3.302
1930.000 3.318
1931.000 3.322
1932.000 3.331
1933.000 3.342
1934.000 3.351
1935.000 3.357
1936.000 3.362
1937.000 3.372
1938.000 3.377
1939.000 3.385
1940.000 3.391
1941.000 3.405
1942.000 3.419
1943.000 3.426
1944.000 3.428
1945.000 3.423
1946.000 3.448
1947.000 3.448
1948.000 3.461
1949.000 3.466
1950.000 3.473
1951.000 3.477
1952.000 3.484
1953.000 3.492
1954.000 3.503
1955.000 3.505
1956.000 3.507
1957.000 3.513
1958.000 3.527
1959.000 3.536
1960.000 3.545
1961.000 3.558
1962.000 3.557
1963.000 3.563
1964.000 3.584
1965.000 3.587
1966.000 3.587
1967.000 3.601
1968.000 3.611
1969.000 3.621
1970.000 3.630
1971.000 3.637
1972.000 3.643
1973.000 3.667
1974.000 3.684
1975.000 3.668
1976.000 3.694
1977.000 3.680
1978.000 3.686
1979.000 3.719
1980.000 3.724
1981.000 3.725
1982.000 3.735
1983.000 3.752
1984.000 3.767
1985.000 3.784
1986.000 3.796
1987.000 3.803
1988.000 3.822
1989.000 3.853
1990.000 3.860
1991.000 3.860
1992.000 3.895
1993.000 3.879
1994.000 3.917
1995.000 3.923
1996.000 3.934
1997.000 3.954
1998.000 3.976
1999.000 3.987
2000.000 3.981
2001.000 4.003
2002.000 4.030
2003.000 4.063
2004.000 4.082
2005.000 4.085
2006.000 4.107
2007.000 4.132
2008.000 4.147
2009.000 4.170
2010.000 4.193
2011.000 4.234
2012.000 4.243
2013.000 4.266
2014.000 4.278
2015.000 4.307
2016.000 4.336
2017.000 4.360
2018.000 4.390
2019.000 4.419
2020.000 4.459
2021.000 4.491
2022.000 4.517
2023.000 4.539
2024.000 4.589
2025.000 4.598
2026.000 4.621
2027.000 4.676
2028.000 4.690
2029.000 4.730
2030.000 4.783
2031.000 4.807
2032.000 4.852
2033.000 4.895
2034.000 4.933
2035.000 4.991
2036.000 5.038
2037.000 5.055
2038.000 5.105
2039.000 5.166
2040.000 5.228
2041.000 5.291
2042.000 5.334
2043.000 5.417
2044.000 5.470
2045.000 5.536
2046.000 5.611
2047.000 5.677
2048.000 5.712
2049.000 5.791
2050.000 5.855
2051.000 5.954
2052.000 6.043
2053.000 6.120
2054.000 6.228
2055.000 6.304
2056.000 6.435
2057.000 6.535
2058.000 6.647
2059.000 6.795
2060.000 6.906
2061.000 6.961
2062.000 7.124
2063.000 7.267
2064.000 7.429
2065.000 7.584
2066.000 7.738
2067.000 7.947
2068.000 8.153
2069.000 8.345
2070.000 8.586
2071.000 8.773
2072.000 9.087
2073.000 9.214
2074.000 9.443
2075.000 9.807
2076.000 10.131
2077.000 10.428
2078.000 10.860
2079.000 11.250
2080.000 11.724
2081.000 12.209
2082.000 12.630
2083.000 13.310
2084.000 13.879
2085.000 14.574
2086.000 14.953
2087.000 15.679
2088.000 16.430
2089.000 17.345
2090.000 18.120
2091.000 19.165
2092.000 20.053
2093.000 20.770
2094.000 21.541
2095.000 22.077
2096.000 22.367
2097.000 22.406
2098.000 22.265
2099.000 21.749
2100.000 20.948
2101.000 20.056
2102.000 18.756
2103.000 17.601
2104.000 16.340
2105.000 15.115
2106.000 14.191
2107.000 12.994
2108.000 12.142
2109.000 11.804
2110.000 10.862
2111.000 10.188
2112.000 9.498
2113.000 8.888
2114.000 8.443
2115.000 7.857
2116.000 7.414
2117.000 6.998
2118.000 6.608
2119.000 6.326
2120.000 5.932
2121.000 5.622
2122.000 5.536
2123.000 5.211
2124.000 4.950
2125.000 4.745
2126.000 4.491
2127.000 4.307
2128.000 4.079
2129.000 3.892
2130.000 3.730
2131.000 3.553
2132.000 3.423
2133.000 3.248
2134.000 3.172
2135.000 3.059
2136.000 2.906
2137.000 2.776
2138.000 2.675
2139.000 2.544
2140.000 2.457
2141.000 2.341
2142.000 2.233
2143.000 2.156
2144.000 2.052
2145.000 2.007
2146.000 1.930
2147.000 1.839
2148.000 1.758
2149.000 1.675
2150.000 1.602
2151.000 1.545
2152.000 1.461
2153.000 1.397
2154.000 1.331
2155.000 1.271
2156.000 1.218
2157.000 1.151
2158.000 1.120
2159.000 1.073
2160.000 1.012
2161.000 0.959
2162.000 0.909
2163.000 0.856
2164.000 0.815
2165.000 0.766
2166.000 0.715
2167.000 0.675
2168.000 0.630
2169.000 0.591
2170.000 0.549
2171.000 0.525
2172.000 0.494
2173.000 0.447
2174.000 0.414
2175.000 0.389
2176.000 0.347
2177.000 0.320
2178.000 0.288
2179.000 0.268
2180.000 0.246
2181.000 0.230
2182.000 0.228
2183.000 0.226
2184.000 0.224
2185.000 0.229
2186.000 0.234
2187.000 0.254
2188.000 0.269
2189.000 0.294
2190.000 0.325
2191.000 0.347
2192.000 0.379
2193.000 0.402
2194.000 0.416
2195.000 0.451
2196.000 0.477
2197.000 0.514
2198.000 0.542
2199.000 0.571
2200.000 0.611
2201.000 0.640
2202.000 0.680
2203.000 0.715
2204.000 0.747
2205.000 0.787
2206.000 0.815
2207.000 0.830
2208.000 0.879
2209.000 0.910
2210.000 0.955
2211.000 0.991
2212.000 1.025
2213.000 1.072
2214.000 1.113
2215.000 1.153
2216.000 1.198
2217.000 1.236
2218.000 1.288
2219.000 1.312
2220.000 1.349
2221.000 1.407
2222.000 1.456
2223.000 1.501
2224.000 1.562
2225.000 1.607
2226.000 1.672
2227.000 1.731
2228.000 1.784
2229.000 1.858
2230.000 1.909
2231.000 1.994
2232.000 2.028
2233.000 2.093
2234.000 2.183
2235.000 2.262
2236.000 2.333
2237.000 2.436
2238.000 2.533
2239.000 2.642
2240.000 2.757
2241.000 2.849
2242.000 2.978
2243.000 3.048
2244.000 3.157
2245.000 3.319
2246.000 3.477
2247.000 3.621
2248.000 3.824
2249.000 3.976
2250.000 4.230
2251.000 4.454
2252.000 4.659
2253.000 4.976
2254.000 5.228
2255.000 5.392
2256.000 5.795
2257.000 6.142
2258.000 6.624
2259.000 7.092
2260.000 7.512
2261.000 8.189
2262.000 8.775
2263.000 9.394
2264.000 10.155
2265.000 10.785
2266.000 11.516
2267.000 12.138
2268.000 12.349
2269.000 12.708
2270.000 12.794
2271.000 12.634
2272.000 12.152
2273.000 11.529
2274.000 10.739
2275.000 9.893
2276.000 9.251
2277.000 8.424
2278.000 7.863
2279.000 7.256
2280.000 6.988
2281.000 6.597
2282.000 6.093
2283.000 5.731
2284.000 5.443
2285.000 5.095
2286.000 4.866
2287.000 4.560
2288.000 4.347
2289.000 4.163
2290.000 3.947
2291.000 3.860
2292.000 3.725
2293.000 3.547
2294.000 3.431
2295.000 3.271
2296.000 3.157
2297.000 3.054
2298.000 2.931
2299.000 2.834
2300.000 2.728
2301.000 2.644
2302.000 2.572
2303.000 2.477
2304.000 2.447
2305.000 2.388
2306.000 2.305
2307.000 2.242
2308.000 2.176
2309.000 2.118
2310.000 2.075
2311.000 2.010
2312.000 1.953
2313.000 1.906
2314.000 1.862
2315.000 1.815
2316.000 1.768
2317.000 1.723
2318.000 1.693
2319.000 1.643
2320.000 1.624
2321.000 1.594
2322.000 1.555
2323.000 1.525
2324.000 1.487
2325.000 1.452
2326.000 1.428
2327.000 1.398
2328.000 1.376
2329.000 1.339
2330.000 1.320
2331.000 1.299
2332.000 1.263
2333.000 1.252
2334.000 1.238
2335.000 1.204
2336.000 1.189
2337.000 1.151
2338.000 1.140
2339.000 1.125
2340.000 1.101
2341.000 1.080
2342.000 1.069
2343.000 1.040
2344.000 1.034
2345.000 1.015
2346.000 0.998
2347.000 0.985
2348.000 0.964
2349.000 0.948
2350.000 0.936
2351.000 0.915
2352.000 0.908
2353.000 0.890
2354.000 0.878
2355.000 0.861
2356.000 0.847
2357.000 0.844
2358.000 0.830
2359.000 0.811
2360.000 0.802
2361.000 0.790
2362.000 0.774
2363.000 0.766
2364.000 0.753
2365.000 0.743
2366.000 0.725
2367.000 0.717
2368.000 0.709
2369.000 0.699
2370.000 0.683
2371.000 0.679
2372.000 0.669
2373.000 0.655
2374.000 0.646
2375.000 0.635
2376.000 0.630
2377.000 0.617
2378.000 0.609
2379.000 0.601
2380.000 0.589
2381.000 0.586
2382.000 0.581
2383.000 0.572
2384.000 0.561
2385.000 0.551
2386.000 0.545
2387.000 0.536
2388.000 0.527
2389.000 0.518
2390.000 0.509
2391.000 0.501
2392.000 0.498
2393.000 0.494
2394.000 0.486
2395.000 0.481
2396.000 0.472
2397.000 0.466
2398.000 0.460
2399.000 0.451
2400.000 0.448
2401.000 0.440
2402.000 0.436
2403.000 0.424
2404.000 0.416
2405.000 0.416
2406.000 0.413
2407.000 0.403
2408.000 0.401
2409.000 0.392
2410.000 0.384
2411.000 0.385
2412.000 0.377
2413.000 0.372
2414.000 0.363
2415.000 0.359
2416.000 0.357
2417.000 0.347
2418.000 0.347
2419.000 0.343
2420.000 0.335
2421.000 0.332
2422.000 0.320
2423.000 0.319
2424.000 0.313
2425.000 0.304
2426.000 0.306
2427.000 0.303
2428.000 0.293
2429.000 0.293
2430.000 0.287
2431.000 0.281
2432.000 0.280
2433.000 0.276
2434.000 0.272
2435.000 0.265
2436.000 0.261
2437.000 0.262
2438.000 0.256
2439.000 0.252
2440.000 0.247
2441.000 0.245
2442.000 0.243
2443.000 0.237
2444.000 0.229
2445.000 0.226
2446.000 0.221
2447.000 0.216
2448.000 0.210
2449.000 0.212
2450.000 0.209
2451.000 0.202
2452.000 0.200
2453.000 0.198
2454.000 0.196
2455.000 0.190
2456.000 0.189
2457.000 0.184
2458.000 0.181
2459.000 0.176
2460.000 0.174
2461.000 0.175
2462.000 0.169
2463.000 0.168
2464.000 0.163
2465.000 0.160
2466.000 0.160
2467.000 0.154
2468.000 0.153
2469.000 0.153
2470.000 0.147
2471.000 0.144
2472.000 0.139
2473.000 0.134
2474.000 0.135
2475.000 0.130
2476.000 0.128
2477.000 0.124
2478.000 0.119
2479.000 0.121
2480.000 0.116
2481.000 0.115
2482.000 0.116
2483.000 0.110
2484.000 0.108
2485.000 0.107
2486.000 0.102
2487.000 0.098
2488.000 0.097
2489.000 0.093
2490.000 0.091
2491.000 0.088
2492.000 0.084
2493.000 0.082
2494.000 0.083
2495.000 0.080
2496.000 0.078
2497.000 0.075
2498.000 0.071
2499.000 0.069
2500.000 0.066
2501.000 0.062
2502.000 0.063
2503.000 0.060
2504.000 0.058
2505.000 0.052
2506.000 0.051
2507.000 0.048
2508.000 0.049
2509.000 0.046
2510.000 0.043
2511.000 0.041
2512.000 0.037
2513.000 0.037
2514.000 0.034
2515.000 0.035
2516.000 0.034
2517.000 0.034
2518.000 0.025
2519.000 0.028
2520.000 0.021
2521.000 0.023
2522.000 0.016
2523.000 0.018
2524.000 0.013
2525.000 0.012
2526.000 0.010
2527.000 0.008
2528.000 0.011
2529.000 0.009
2530.000 0.005
2531.000 0.008
2532.000 0.012
2533.000 0.006
2534.000 0.009
2535.000 0.012
2536.000 0.018
2537.000 0.015
2538.000 0.015
2539.000 0.019
2540.000 0.017
2541.000 0.022
2542.000 0.024
2543.000 0.024
2544.000 0.028
2545.000 0.028
2546.000 0.033
2547.000 0.033
2548.000 0.036
2549.000 0.038
2550.000 0.037
2551.000 0.039
2552.000 0.043
2553.000 0.044
2554.000 0.048
2555.000 0.050
2556.000 0.049
2557.000 0.052
2558.000 0.054
2559.000 0.059
2560.000 0.057
2561.000 0.062
2562.000 0.064
2563.000 0.065
2564.000 0.065
2565.000 0.071
2566.000 0.066
2567.000 0.069
2568.000 0.073
2569.000 0.074
2570.000 0.077
2571.000 0.079
2572.000 0.080
2573.000 0.083
2574.000 0.082
2575.000 0.088
2576.000 0.088
2577.000 0.087
2578.000 0.092
2579.000 0.095
2580.000 0.096
2581.000 0.100
2582.000 0.098
2583.000 0.099
2584.000 0.101
2585.000 0.103
2586.000 0.106
2587.000 0.106
2588.000 0.108
2589.000 0.108
2590.000 0.113
2591.000 0.110
2592.000 0.116
2593.000 0.113
2594.000 0.119
2595.000 0.120
2596.000 0.121
2597.000 0.125
2598.000 0.129
2599.000 0.126
2600.000 0.127
