1801.000 0.753
1802.000 2.247
1803.000 2.249
1804.000 2.264
1805.000 2.274
1806.000 2.293
1807.000 2.303
1808.000 2.320
1809.000 2.314
1810.000 2.315
1811.000 2.324
1812.000 2.360
1813.000 2.368
1814.000 2.390
1815.000 2.380
1816.000 2.391
1817.000 2.404
1818.000 2.417
1819.000 2.428
1820.000 2.448
1821.000 2.452
1822.000 2.460
1823.000 2.468
1824.000 2.488
1825.000 2.498
1826.000 2.510
1827.000 2.513
1828.000 2.534
1829.000 2.537
1830.000 2.552
1831.000 2.556
1832.000 2.560
1833.000 2.583
1834.000 2.591
1835.000 2.607
1836.000 2.613
1837.000 2.620
1838.000 2.633
1839.000 2.645
1840.000 2.649
1841.000 2.672
1842.000 2.677
1843.000 2.686
1844.000 2.702
1845.000 2.717
1846.000 2.725
1847.000 2.731
1848.000 2.734
1849.000 2.746
1850.000 2.756
1851.000 2.763
1852.000 2.779
1853.000 2.788
1854.000 2.794
1855.000 2.807
1856.000 2.813
1857.000 2.827
1858.000 2.845
1859.000 2.848
1860.000 2.855
1861.000 2.870
1862.000 2.871
1863.000 2.883
1864.000 2.890
1865.000 2.894
1866.000 2.905
1867.000 2.911
1868.000 2.918
1869.000 2.925
1870.000 2.930
1871.000 2.938
1872.000 2.946
1873.000 2.942
1874.000 2.963
1875.000 2.964
1876.000 2.984
1877.000 2.993
1878.000 3.003
1879.000 3.011
1880.000 3.019
1881.000 3.028
1882.000 3.035
1883.000 3.042
1884.000 3.038
1885.000 3.055
1886.000 3.061
1887.000 3.068
1888.000 3.081
1889.000 3.083
1890.000 3.092
1891.000 3.101
1892.000 3.107
1893.000 3.115
1894.000 3.119
1895.000 3.125
1896.000 3.131
1897.000 3.133
1898.000 3.146
1899.000 3.159
1900.000 3.138
1901.000 3.159
1902.000 3.172
1903.000 3.181
1904.000 3.186
1905.000 3.199
1906.000 3.206
1907.000 3.213
1908.000 3.218
1909.000 3.220
1910.000 3.228
1911.000 3.228
1912.000 3.237
1913.000 3.235
1914.000 3.248
1915.000 3.244
1916.000 3.261
1917.000 3.262
1918.000 3.282
1919.000 3.274
1920.000 3.281
1921.000 3.284
1922.000 3.290
1923.000 3.294
1924.000 3.305
1925.000 3.310
1926.000 3.325
1927.000 3.323
1928.000 3.339
1929.000 3.338
1930.000 3.350
1931.000 3.352
1932.000 3.364
1933.000 3.369
1934.000 3.366
1935.000 3.383
1936.000 3.383
1937.000 3.390
1938.000 3.395
1939.000 3.399
1940.000 3.418
1941.000 3.415
1942.000 3.418
1943.000 3.427
1944.000 3.436
1945.000 3.434
1946.000 3.448
1947.000 3.456
1948.000 3.447
1949.000 3.464
1950.000 3.473
1951.000 3.477
1952.000 3.489
1953.000 3.503
1954.000 3.501
1955.000 3.511
1956.000 3.513
1957.000 3.529
1958.000 3.526
1959.000 3.538
1960.000 3.555
1961.000 3.549
1962.000 3.569
1963.000 3.569
1964.000 3.586
1965.000 3.613
1966.000 3.607
1967.000 3.606
1968.000 3.612
1969.000 3.618
1970.000 3.626
1971.000 3.644
1972.000 3.656
1973.000 3.661
1974.000 3.673
1975.000 3.661
1976.000 3.682
1977.000 3.683
1978.000 3.695
1979.000 3.713
1980.000 3.714
1981.000 3.740
1982.000 3.735
1983.000 3.750
1984.000 3.771
1985.000 3.786
1986.000 3.798
1987.000 3.816
1988.000 3.823
1989.000 3.848
1990.000 3.864
1991.000 3.858
1992.000 3.894
1993.000 3.900
1994.000 3.910
1995.000 3.926
1996.000 3.934
1997.000 3.958
1998.000 3.982
1999.000 3.989
2000.000 4.000
2001.000 4.018
2002.000 4.039
2003.000 4.068
2004.000 4.092
2005.000 4.097
2006.000 4.106
2007.000 4.140
2008.000 4.170
2009.000 4.186
2010.000 4.217
2011.000 4.235
2012.000 4.250
2013.000 4.284
2014.000 4.322
2015.000 4.335
2016.000 4.363
2017.000 4.356
2018.000 4.409
2019.000 4.434
2020.000 4.457
2021.000 4.497
2022.000 4.536
2023.000 4.553
2024.000 4.600
2025.000 4.634
2026.000 4.669
2027.000 4.701
2028.000 4.742
2029.000 4.783
2030.000 4.797
2031.000 4.829
2032.000 4.877
2033.000 4.937
2034.000 4.962
2035.000 5.020
2036.000 5.063
2037.000 5.152
2038.000 5.139
2039.000 5.258
2040.000 5.291
2041.000 5.341
2042.000 5.424
2043.000 5.433
2044.000 5.525
2045.000 5.572
2046.000 5.631
2047.000 5.702
2048.000 5.788
2049.000 5.859
2050.000 5.947
2051.000 6.020
2052.000 6.129
2053.000 6.221
2054.000 6.277
2055.000 6.356
2056.000 6.478
2057.000 6.614
2058.000 6.694
2059.000 6.816
2060.000 6.929
2061.000 7.082
2062.000 7.230
2063.000 7.348
2064.000 7.547
2065.000 7.660
2066.000 7.892
2067.000 7.990
2068.000 8.147
2069.000 8.402
2070.000 8.639
2071.000 8.832
2072.000 9.141
2073.000 9.353
2074.000 9.705
2075.000 10.018
2076.000 10.310
2077.000 10.739
2078.000 11.125
2079.000 11.279
2080.000 11.843
2081.000 12.313
2082.000 12.835
2083.000 13.464
2084.000 14.025
2085.000 14.846
2086.000 15.591
2087.000 16.280
2088.000 17.316
2089.000 18.159
2090.000 19.200
2091.000 20.251
2092.000 20.675
2093.000 21.682
2094.000 22.609
2095.000 23.235
2096.000 23.760
2097.000 23.916
2098.000 23.664
2099.000 23.055
2100.000 22.219
2101.000 20.763
2102.000 19.488
2103.000 18.910
2104.000 17.356
2105.000 16.091
2106.000 14.864
2107.000 13.681
2108.000 12.844
2109.000 11.769
2110.000 10.996
2111.000 10.257
2112.000 9.512
2113.000 9.149
2114.000 8.416
2115.000 8.171
2116.000 7.775
2117.000 7.246
2118.000 6.848
2119.000 6.454
2120.000 6.121
2121.000 5.853
2122.000 5.515
2123.000 5.231
2124.000 4.964
2125.000 4.710
2126.000 4.543
2127.000 4.290
2128.000 4.202
2129.000 4.037
2130.000 3.838
2131.000 3.666
2132.000 3.536
2133.000 3.365
2134.000 3.243
2135.000 3.080
2136.000 2.949
2137.000 2.843
2138.000 2.702
2139.000 2.606
2140.000 2.553
2141.000 2.431
2142.000 2.354
2143.000 2.240
2144.000 2.145
2145.000 2.065
2146.000 1.963
2147.000 1.875
2148.000 1.805
2149.000 1.731
2150.000 1.686
2151.000 1.626
2152.000 1.549
2153.000 1.533
2154.000 1.415
2155.000 1.363
2156.000 1.294
2157.000 1.242
2158.000 1.173
2159.000 1.116
2160.000 1.062
2161.000 1.006
2162.000 0.966
2163.000 0.913
2164.000 0.884
2165.000 0.836
2166.000 0.796
2167.000 0.743
2168.000 0.706
2169.000 0.695
2170.000 0.623
2171.000 0.584
2172.000 0.549
2173.000 0.539
2174.000 0.470
2175.000 0.432
2176.000 0.415
2177.000 0.408
2178.000 0.376
2179.000 0.330
2180.000 0.306
2181.000 0.284
2182.000 0.268
2183.000 0.245
2184.000 0.242
2185.000 0.237
2186.000 0.233
2187.000 0.243
2188.000 0.256
2189.000 0.259
2190.000 0.279
2191.000 0.300
2192.000 0.328
2193.000 0.354
2194.000 0.377
2195.000 0.398
2196.000 0.431
2197.000 0.456
2198.000 0.483
2199.000 0.537
2200.000 0.551
2201.000 0.574
2202.000 0.608
2203.000 0.635
2204.000 0.672
2205.000 0.709
2206.000 0.736
2207.000 0.775
2208.000 0.805
2209.000 0.846
2210.000 0.886
2211.000 0.913
2212.000 0.939
2213.000 0.980
2214.000 1.008
2215.000 1.055
2216.000 1.100
2217.000 1.136
2218.000 1.180
2219.000 1.227
2220.000 1.282
2221.000 1.315
2222.000 1.368
2223.000 1.413
2224.000 1.460
2225.000 1.507
2226.000 1.554
2227.000 1.601
2228.000 1.671
2229.000 1.734
2230.000 1.793
2231.000 1.855
2232.000 1.928
2233.000 2.005
2234.000 2.071
2235.000 2.155
2236.000 2.230
2237.000 2.276
2238.000 2.349
2239.000 2.475
2240.000 2.535
2241.000 2.673
2242.000 2.835
2243.000 2.918
2244.000 2.999
2245.000 3.138
2246.000 3.313
2247.000 3.468
2248.000 3.587
2249.000 3.816
2250.000 3.950
2251.000 4.115
2252.000 4.377
2253.000 4.582
2254.000 4.909
2255.000 5.207
2256.000 5.470
2257.000 5.907
2258.000 6.278
2259.000 6.730
2260.000 7.252
2261.000 7.515
2262.000 8.042
2263.000 8.698
2264.000 9.255
2265.000 9.922
2266.000 10.665
2267.000 11.244
2268.000 11.727
2269.000 12.028
2270.000 12.130
2271.000 11.949
2272.000 11.606
2273.000 10.913
2274.000 10.554
2275.000 9.897
2276.000 9.052
2277.000 8.432
2278.000 7.765
2279.000 7.195
2280.000 6.787
2281.000 6.244
2282.000 5.903
2283.000 5.489
2284.000 5.151
2285.000 4.939
2286.000 4.752
2287.000 4.511
2288.000 4.318
2289.000 4.081
2290.000 3.928
2291.000 3.716
2292.000 3.560
2293.000 3.432
2294.000 3.277
2295.000 3.164
2296.000 3.017
2297.000 2.918
2298.000 2.825
2299.000 2.755
2300.000 2.661
2301.000 2.591
2302.000 2.493
2303.000 2.433
2304.000 2.341
2305.000 2.273
2306.000 2.216
2307.000 2.142
2308.000 2.082
2309.000 2.042
2310.000 1.992
2311.000 1.947
2312.000 1.894
2313.000 1.838
2314.000 1.803
2315.000 1.729
2316.000 1.720
2317.000 1.672
2318.000 1.627
2319.000 1.599
2320.000 1.559
2321.000 1.530
2322.000 1.507
2323.000 1.460
2324.000 1.437
2325.000 1.407
2326.000 1.375
2327.000 1.351
2328.000 1.324
2329.000 1.314
2330.000 1.273
2331.000 1.248
2332.000 1.230
2333.000 1.196
2334.000 1.175
2335.000 1.169
2336.000 1.143
2337.000 1.113
2338.000 1.099
2339.000 1.079
2340.000 1.060
2341.000 1.038
2342.000 1.018
2343.000 1.008
2344.000 0.988
2345.000 0.971
2346.000 0.953
2347.000 0.950
2348.000 0.933
2349.000 0.910
2350.000 0.894
2351.000 0.882
2352.000 0.868
2353.000 0.852
2354.000 0.839
2355.000 0.822
2356.000 0.811
2357.000 0.793
2358.000 0.783
2359.000 0.776
2360.000 0.761
2361.000 0.749
2362.000 0.740
2363.000 0.725
2364.000 0.716
2365.000 0.700
2366.000 0.694
2367.000 0.681
2368.000 0.671
2369.000 0.661
2370.000 0.652
2371.000 0.643
2372.000 0.632
2373.000 0.626
2374.000 0.620
2375.000 0.625
2376.000 0.577
2377.000 0.600
2378.000 0.583
2379.000 0.570
2380.000 0.560
2381.000 0.559
2382.000 0.546
2383.000 0.549
2384.000 0.528
2385.000 0.534
2386.000 0.521
2387.000 0.511
2388.000 0.504
2389.000 0.492
2390.000 0.482
2391.000 0.485
2392.000 0.476
2393.000 0.463
2394.000 0.457
2395.000 0.452
2396.000 0.447
2397.000 0.442
2398.000 0.433
2399.000 0.432
2400.000 0.425
2401.000 0.419
2402.000 0.416
2403.000 0.407
2404.000 0.398
2405.000 0.396
2406.000 0.389
2407.000 0.383
2408.000 0.380
2409.000 0.373
2410.000 0.369
2411.000 0.358
2412.000 0.356
2413.000 0.355
2414.000 0.347
2415.000 0.340
2416.000 0.328
2417.000 0.331
2418.000 0.325
2419.000 0.321
2420.000 0.320
2421.000 0.312
2422.000 0.324
2423.000 0.306
2424.000 0.290
2425.000 0.294
2426.000 0.291
2427.000 0.291
2428.000 0.283
2429.000 0.279
2430.000 0.282
2431.000 0.264
2432.000 0.269
2433.000 0.256
2434.000 0.260
2435.000 0.254
2436.000 0.248
2437.000 0.244
2438.000 0.237
2439.000 0.238
2440.000 0.234
2441.000 0.230
2442.000 0.227
2443.000 0.224
2444.000 0.220
2445.000 0.215
2446.000 0.214
2447.000 0.206
2448.000 0.207
2449.000 0.201
2450.000 0.200
2451.000 0.195
2452.000 0.190
2453.000 0.188
2454.000 0.185
2455.000 0.185
2456.000 0.177
2457.000 0.177
2458.000 0.177
2459.000 0.172
2460.000 0.163
2461.000 0.159
2462.000 0.158
2463.000 0.157
2464.000 0.155
2465.000 0.147
2466.000 0.145
2467.000 0.142
2468.000 0.142
2469.000 0.141
2470.000 0.136
2471.000 0.131
2472.000 0.127
2473.000 0.125
2474.000 0.123
2475.000 0.120
2476.000 0.121
2477.000 0.117
2478.000 0.117
2479.000 0.104
2480.000 0.106
2481.000 0.108
2482.000 0.103
2483.000 0.102
2484.000 0.099
2485.000 0.096
2486.000 0.092
2487.000 0.092
2488.000 0.084
2489.000 0.084
2490.000 0.083
2491.000 0.080
2492.000 0.082
2493.000 0.085
2494.000 0.070
2495.000 0.072
2496.000 0.069
2497.000 0.064
2498.000 0.064
2499.000 0.059
2500.000 0.060
2501.000 0.056
2502.000 0.055
2503.000 0.050
2504.000 0.051
2505.000 0.046
2506.000 0.045
2507.000 0.046
2508.000 0.048
2509.000 0.042
2510.000 0.042
2511.000 0.038
2512.000 0.037
2513.000 0.035
2514.000 0.032
2515.000 0.031
2516.000 0.026
2517.000 0.024
2518.000 0.025
2519.000 0.019
2520.000 0.029
2521.000 0.020
2522.000 0.025
2523.000 0.017
2524.000 0.019
2525.000 0.017
2526.000 0.014
2527.000 0.014
2528.000 0.014
2529.000 0.013
2530.000 0.013
2531.000 0.018
2532.000 0.018
2533.000 0.017
2534.000 0.015
2535.000 0.016
2536.000 0.021
2537.000 0.019
2538.000 0.022
2539.000 0.022
2540.000 0.025
2541.000 0.026
2542.000 0.028
2543.000 0.027
2544.000 0.030
2545.000 0.036
2546.000 0.031
2547.000 0.033
2548.000 0.041
2549.000 0.037
2550.000 0.045
2551.000 0.047
2552.000 0.050
2553.000 0.050
2554.000 0.045
2555.000 0.052
2556.000 0.056
2557.000 0.057
2558.000 0.050
2559.000 0.059
2560.000 0.061
2561.000 0.064
2562.000 0.065
2563.000 0.062
2564.000 0.063
2565.000 0.058
2566.000 0.071
2567.000 0.070
2568.000 0.073
2569.000 0.066
2570.000 0.071
2571.000 0.072
2572.000 0.075
2573.000 0.080
2574.000 0.083
2575.000 0.077
2576.000 0.086
2577.000 0.088
2578.000 0.082
2579.000 0.088
2580.000 0.088
2581.000 0.094
2582.000 0.090
2583.000 0.096
2584.000 0.094
2585.000 0.100
2586.000 0.102
2587.000 0.104
2588.000 0.105
2589.000 0.103
2590.000 0.104
2591.000 0.106
2592.000 0.106
2593.000 0.109
2594.000 0.105
2595.000 0.115
2596.000 0.112
2597.000 0.119
2598.000 0.115
2599.000 0.123
2600.000 0.122
