# D in m, x in m
1.200000000000001115e-04 4.751999999999998955e-04
6.000000000000005573e-05 1.303333333333333427e-03
5.999999999999983211e-05 3.272533333333332937e-03
1.000000000000000929e-05 6.066133333333331885e-03
5.999999999999983211e-05 9.630133333333332213e-03
6.999999999999984479e-05 1.391053333333333412e-02
8.999999999999985659e-05 1.885333333333333306e-02
1.799999999999999300e-04 2.440453333333333225e-02
2.999999999999999195e-04 3.051013333333333147e-02
4.399999999999999615e-04 3.711613333333332182e-02
5.699999999999999772e-04 4.416853333333332216e-02
6.700000000000000226e-04 5.161333333333331663e-02
8.499999999999999526e-04 5.939653333333332064e-02
1.059999999999999961e-03 6.746413333333331486e-02
1.179999999999999842e-03 7.576213333333331468e-02
1.360000000000000098e-03 8.423653333333330773e-02
1.640000000000000182e-03 8.995746666666665226e-02
