# lange Spule B in T, b in m Apperaturlänge= 24cm, n=300

0.382e-3 0
0.505e-3 0.5e-2
0.744e-3 1.0e-2
0.959e-3 1.5e-2
1.350e-3 2.0e-2 
1.544e-3 2.5e-2
1.762e-3 3.0e-2
1.928e-3 3.5e-2 
2.024e-3 4.0e-2
2.093e-3 4.5e-2 
2.138e-3 5.0e-2 
2.173e-3 5.5e-2 
2.203e-3 6.0e-2 
2.224e-3 6.5e-2 
2.238e-3 7.0e-2 
2.248e-3 7.5e-2 
2.256e-3 8.0e-2 
2.262e-3 8.5e-2 
2.265e-3 9.0e-2 
2.266e-3 9.5e-2 
2.264e-3 10.0e-2 
2.256e-3 10.5e-2 
2.252e-3 11.0e-2 
2.247e-3 11.5e-2 
2.241e-3 12.0e-2 
2.231e-3 12.5e-2
2.219e-3 13.0e-2 
2.221e-3 13.5e-2 
2.222e-3 14.0e-2 
2.220e-3 14.5e-2 
2.216e-3 15.0e-2 
2.212e-3 15.5e-2 
2.238e-3 16.0e-2 
2.245e-3 16.5e-2 
2.223e-3 17.0e-2 
2.209e-3 17.5e-2 
2.187e-3 18.0e-2 
2.152e-3 18.5e-2 
2.088e-3 19.0e-2 
2.000e-3 19.5e-2 
1.874e-3 20.0e-2 
1.673e-3 20.5e-2 
1.447e-3 21.0e-2 
1.151e-3 21.5e-2 
0.820e-3 22.0e-2 
0.575e-3 22.5e-2 
0.416e-3 23.0e-2 
0.303e-3 23.5e-2 
0.221e-3 24.0e-2
