105.000 2.132
110.000 3.373
115.000 3.421
120.000 3.738
125.000 3.819
130.000 3.905
135.000 4.061
140.000 4.166
145.000 4.315
150.000 4.473
155.000 4.816
160.000 4.988
165.000 5.212
170.000 5.478
175.000 5.655
180.000 6.042
185.000 6.486
190.000 6.709
195.000 7.298
200.000 7.524
205.000 8.241
210.000 8.564
215.000 9.423
220.000 10.425
225.000 10.953
230.000 12.259
235.000 13.030
240.000 14.859
245.000 17.074
250.000 18.420
255.000 21.753
260.000 23.881
265.000 29.336
270.000 37.322
275.000 42.625
280.000 57.552
285.000 67.990
290.000 96.723
295.000 126.576
300.000 129.843
305.000 102.459
310.000 81.480
315.000 61.154
320.000 49.862
325.000 45.987
330.000 40.436
335.000 38.292
340.000 35.085
345.000 32.879
350.000 32.000
355.000 30.706
360.000 30.302
365.000 29.677
370.000 29.421
375.000 29.376
380.000 29.398
385.000 29.556
390.000 30.007
395.000 30.605
400.000 31.010
405.000 31.839
410.000 32.264
415.000 33.104
420.000 33.896
425.000 34.234
430.000 34.762
435.000 34.926
440.000 35.005
445.000 34.771
450.000 34.481
455.000 33.752
460.000 33.257
465.000 32.275
470.000 31.165
475.000 30.645
480.000 29.636
485.000 29.111
490.000 28.310
495.000 27.688
500.000 27.472
505.000 27.193
510.000 27.171
515.000 27.335
520.000 27.754
525.000 28.097
530.000 29.288
535.000 30.023
540.000 32.024
545.000 34.996
550.000 36.935
555.000 42.370
560.000 46.084
565.000 56.684
570.000 74.856
575.000 87.952
580.000 123.177
585.000 132.786
590.000 126.888
595.000 58.005
600.000 49.669
605.000 34.698
610.000 30.117
615.000 23.664
620.000 19.267
625.000 17.612
630.000 14.942
635.000 13.859
640.000 12.139
645.000 10.654
650.000 10.069
655.000 9.060
660.000 8.596
665.000 7.861
670.000 7.213
675.000 6.935
680.000 6.433
685.000 6.214
690.000 5.838
695.000 5.498
700.000 5.340
705.000 5.091
710.000 4.970
715.000 4.774
720.000 4.606
725.000 4.526
730.000 4.378
735.000 4.309
740.000 4.194
745.000 4.124
750.000 4.086
755.000 4.020
760.000 4.005
765.000 3.979
770.000 3.980
775.000 3.989
780.000 4.043
785.000 4.090
790.000 4.203
795.000 4.270
800.000 4.439
805.000 4.654
810.000 4.776
815.000 5.063
820.000 5.225
825.000 5.669
830.000 6.267
835.000 6.652
840.000 7.676
845.000 8.375
850.000 10.288
855.000 13.510
860.000 15.798
865.000 21.727
870.000 24.494
875.000 22.817
880.000 11.267
885.000 9.296
890.000 6.482
895.000 5.601
900.000 4.349
905.000 3.500
910.000 3.174
915.000 2.660
920.000 2.449
925.000 2.100
930.000 1.815
935.000 1.694
940.000 1.489
945.000 1.406
950.000 1.248
955.000 1.119
960.000 1.055
965.000 0.954
970.000 0.899
975.000 0.821
980.000 0.756
985.000 0.725
990.000 0.670
995.000 0.628
1000.000 0.592
1005.000 0.552
1010.000 0.538
1015.000 0.495
1020.000 0.489
1025.000 0.472
1030.000 0.453
1035.000 0.445
1040.000 0.444
1045.000 0.445
1050.000 0.469
1055.000 0.489
1060.000 0.496
1065.000 0.542
1070.000 0.558
1075.000 0.613
1080.000 0.694
1085.000 0.744
1090.000 0.855
1095.000 0.918
1100.000 1.071
1105.000 1.260
1110.000 1.381
1115.000 1.674
1120.000 1.850
1125.000 2.328
1130.000 3.005
1135.000 3.472
1140.000 4.862
1145.000 5.863
1150.000 8.654
1155.000 11.725
1160.000 11.948
1165.000 7.712
1170.000 5.998
1175.000 4.569
1180.000 3.742
1185.000 3.450
1190.000 3.017
1195.000 2.858
1200.000 2.591
1205.000 2.403
1210.000 2.328
1215.000 2.193
1220.000 2.137
1225.000 2.053
1230.000 1.981
1235.000 1.947
1240.000 1.903
1245.000 1.878
1250.000 1.854
1255.000 1.828
1260.000 1.819
1265.000 1.808
1270.000 1.806
1275.000 1.801
1280.000 1.810
1285.000 1.822
1290.000 1.836
1295.000 1.851
1300.000 1.881
1305.000 1.920
1310.000 1.939
1315.000 1.986
1320.000 2.018
1325.000 2.085
1330.000 2.163
1335.000 2.204
1340.000 2.306
1345.000 2.362
1350.000 2.490
1355.000 2.639
1360.000 2.718
1365.000 2.912
1370.000 3.021
1375.000 3.297
1380.000 3.444
1385.000 3.794
1390.000 4.242
1395.000 4.517
1400.000 5.165
1405.000 5.591
1410.000 6.648
1415.000 8.142
1420.000 9.187
1425.000 12.075
1430.000 14.068
1435.000 19.233
1440.000 24.488
1445.000 24.855
1450.000 17.923
1455.000 13.909
1460.000 10.093
1465.000 7.957
1470.000 7.199
1475.000 6.064
1480.000 5.641
1485.000 4.941
1490.000 4.417
1495.000 4.219
1500.000 3.857
1505.000 3.700
1510.000 3.445
1515.000 3.232
1520.000 3.142
1525.000 2.980
1530.000 2.909
1535.000 2.783
1540.000 2.684
1545.000 2.637
1550.000 2.559
1555.000 2.522
1560.000 2.465
1565.000 2.416
1570.000 2.392
1575.000 2.354
1580.000 2.338
1585.000 2.307
1590.000 2.293
1595.000 2.284
1600.000 2.274
1605.000 2.272
1610.000 2.278
1615.000 2.290
1620.000 2.305
1625.000 2.355
1630.000 2.393
1635.000 2.500
1640.000 2.662
1645.000 2.777
1650.000 3.044
1655.000 3.239
1660.000 3.699
1665.000 4.272
1670.000 4.617
1675.000 5.523
1680.000 6.024
1685.000 7.223
1690.000 8.002
1695.000 9.859
1700.000 12.367
1705.000 14.128
1710.000 18.606
1715.000 21.563
1720.000 29.287
1725.000 37.721
1730.000 39.936
1735.000 35.025
1740.000 29.297
1745.000 21.585
1750.000 17.224
1755.000 15.695
1760.000 13.420
1765.000 12.554
1770.000 11.134
1775.000 10.108
1780.000 9.690
1785.000 8.967
1790.000 8.675
1795.000 8.192
1800.000 7.782
1805.000 7.610
1810.000 7.331
1815.000 7.205
1820.000 6.996
1825.000 6.844
1830.000 6.777
1835.000 6.674
1840.000 6.632
1845.000 6.576
1850.000 6.553
1855.000 6.551
1860.000 6.565
1865.000 6.581
1870.000 6.631
1875.000 6.717
1880.000 6.765
1885.000 6.890
1890.000 6.954
1895.000 7.129
1900.000 7.330
1905.000 7.437
1910.000 7.697
1915.000 7.999
1920.000 8.157
1925.000 8.551
1930.000 8.761
1935.000 9.236
1940.000 9.815
1945.000 10.135
1950.000 10.842
1955.000 11.282
1960.000 12.254
1965.000 13.399
1970.000 14.185
1975.000 15.827
1980.000 16.781
1985.000 18.970
1990.000 20.375
1995.000 23.477
2000.000 27.090
2005.000 29.124
2010.000 32.815
2015.000 34.139
2020.000 34.858
2025.000 32.360
2030.000 30.366
2035.000 25.846
2040.000 23.808
2045.000 20.381
2050.000 17.559
2055.000 16.416
2060.000 14.566
2065.000 13.742
2070.000 12.359
2075.000 11.284
2080.000 10.817
2085.000 9.970
2090.000 9.613
2095.000 8.993
2100.000 8.447
2105.000 8.211
2110.000 7.818
2115.000 7.618
2120.000 7.286
2125.000 7.014
2130.000 6.884
2135.000 6.666
2140.000 6.581
2145.000 6.413
2150.000 6.274
2155.000 6.229
2160.000 6.134
2165.000 6.100
2170.000 6.058
2175.000 6.031
2180.000 6.032
2185.000 6.049
2190.000 6.072
2195.000 6.133
2200.000 6.221
2205.000 6.285
2210.000 6.427
2215.000 6.514
2220.000 6.713
2225.000 6.975
2230.000 7.124
2235.000 7.453
2240.000 7.667
2245.000 8.128
2250.000 8.683
2255.000 9.028
2260.000 9.817
2265.000 10.244
2270.000 11.464
2275.000 12.144
2280.000 13.735
2285.000 15.977
2290.000 17.316
2295.000 20.573
2300.000 22.481
2305.000 27.026
2310.000 30.934
2315.000 31.814
2320.000 29.874
2325.000 27.387
2330.000 22.093
2335.000 17.682
2340.000 16.031
2345.000 13.504
2350.000 12.427
2355.000 10.802
2360.000 9.585
2365.000 9.029
2370.000 8.156
2375.000 7.812
2380.000 7.149
2385.000 6.621
2390.000 6.407
2395.000 6.000
2400.000 5.827
2405.000 5.524
2410.000 5.261
2415.000 5.146
2420.000 4.950
2425.000 4.863
2430.000 4.700
2435.000 4.579
2440.000 4.520
2445.000 4.422
2450.000 4.382
2455.000 4.323
2460.000 4.275
2465.000 4.263
2470.000 4.246
2475.000 4.247
2480.000 4.256
2485.000 4.291
2490.000 4.314
2495.000 4.376
2500.000 4.421
2505.000 4.522
2510.000 4.651
2515.000 4.728
2520.000 4.914
2525.000 5.019
2530.000 5.269
2535.000 5.596
2540.000 5.784
2545.000 6.208
2550.000 6.471
2555.000 7.135
2560.000 7.965
2565.000 8.510
2570.000 9.860
2575.000 10.703
2580.000 12.778
2585.000 15.975
2590.000 17.928
2595.000 22.120
2600.000 23.982
2605.000 24.504
2610.000 19.417
2615.000 16.424
2620.000 12.190
2625.000 10.779
2630.000 8.745
2635.000 7.282
2640.000 6.728
2645.000 5.834
2650.000 5.479
2655.000 4.881
2660.000 4.408
2665.000 4.207
2670.000 3.867
2675.000 3.732
2680.000 3.467
2685.000 3.258
2690.000 3.173
2695.000 3.005
2700.000 2.939
2705.000 2.819
2710.000 2.716
2715.000 2.672
2720.000 2.603
2725.000 2.575
2730.000 2.518
2735.000 2.479
2740.000 2.469
2745.000 2.446
2750.000 2.443
2755.000 2.443
2760.000 2.454
2765.000 2.467
2770.000 2.496
2775.000 2.516
2780.000 2.570
2785.000 2.640
2790.000 2.677
2795.000 2.774
2800.000 2.829
2805.000 2.963
2810.000 3.127
2815.000 3.214
2820.000 3.439
2825.000 3.565
2830.000 3.863
2835.000 4.258
2840.000 4.482
2845.000 5.022
2850.000 5.369
2855.000 6.253
2860.000 7.391
2865.000 8.288
2870.000 10.491
2875.000 11.906
2880.000 15.333
2885.000 17.387
2890.000 19.800
2895.000 17.019
2900.000 14.075
2905.000 10.132
2910.000 8.971
2915.000 7.103
2920.000 5.928
2925.000 5.515
2930.000 4.765
2935.000 4.476
2940.000 4.026
2945.000 3.643
2950.000 3.481
2955.000 3.230
2960.000 3.113
2965.000 2.918
2970.000 2.751
2975.000 2.677
2980.000 2.562
2985.000 2.501
2990.000 2.410
2995.000 2.320
3000.000 2.294
3005.000 2.238
3010.000 2.214
3015.000 2.155
3020.000 2.135
3025.000 2.114
3030.000 2.101
3035.000 2.099
3040.000 2.087
3045.000 2.079
3050.000 2.088
3055.000 2.097
3060.000 2.114
3065.000 2.144
3070.000 2.179
3075.000 2.208
3080.000 2.265
3085.000 2.296
3090.000 2.382
3095.000 2.479
3100.000 2.542
3105.000 2.686
3110.000 2.764
3115.000 2.950
3120.000 3.206
3125.000 3.353
3130.000 3.694
3135.000 3.930
3140.000 4.471
3145.000 5.192
3150.000 5.723
3155.000 7.023
3160.000 7.962
3165.000 10.346
3170.000 13.185
3175.000 14.245
3180.000 13.550
3185.000 11.488
3190.000 7.877
3195.000 5.850
3200.000 5.198
3205.000 4.270
3210.000 3.901
3215.000 3.314
3220.000 2.913
3225.000 2.740
3230.000 2.450
3235.000 2.334
3240.000 2.146
3245.000 1.980
3250.000 1.910
3255.000 1.798
3260.000 1.744
3265.000 1.656
3270.000 1.589
3275.000 1.556
3280.000 1.499
3285.000 1.479
3290.000 1.438
3295.000 1.410
3300.000 1.396
3305.000 1.377
3310.000 1.372
3315.000 1.365
3320.000 1.361
3325.000 1.362
3330.000 1.370
3335.000 1.375
3340.000 1.394
3345.000 1.418
3350.000 1.432
3355.000 1.471
3360.000 1.492
3365.000 1.539
3370.000 1.607
3375.000 1.645
3380.000 1.722
3385.000 1.776
3390.000 1.896
3395.000 2.023
3400.000 2.120
3405.000 2.312
3410.000 2.422
3415.000 2.715
3420.000 3.078
3425.000 3.282
3430.000 3.888
3435.000 4.258
3440.000 5.222
3445.000 6.667
3450.000 7.631
3455.000 10.059
3460.000 11.125
3465.000 11.839
3470.000 10.794
3475.000 7.728
3480.000 5.678
3485.000 5.034
3490.000 4.141
3495.000 3.759
3500.000 3.243
3505.000 2.873
3510.000 2.698
3515.000 2.439
3520.000 2.343
3525.000 2.151
3530.000 2.007
3535.000 1.943
3540.000 1.833
3545.000 1.785
3550.000 1.706
3555.000 1.636
3560.000 1.604
3565.000 1.555
3570.000 1.539
3575.000 1.490
3580.000 1.460
3585.000 1.447
3590.000 1.416
3595.000 1.412
3600.000 1.390
3605.000 1.384
3610.000 1.383
3615.000 1.378
3620.000 1.377
3625.000 1.385
3630.000 1.399
3635.000 1.398
3640.000 1.423
3645.000 1.434
3650.000 1.464
3655.000 1.504
3660.000 1.523
3665.000 1.575
3670.000 1.610
3675.000 1.677
3680.000 1.765
3685.000 1.815
3690.000 1.940
3695.000 2.004
3700.000 2.185
3705.000 2.411
3710.000 2.538
3715.000 2.905
3720.000 3.128
3725.000 3.675
3730.000 4.555
3735.000 5.119
3740.000 6.520
3745.000 7.392
3750.000 8.921
3755.000 8.253
3760.000 6.929
3765.000 4.721
3770.000 4.075
3775.000 3.177
3780.000 2.600
3785.000 2.388
3790.000 2.047
3795.000 1.915
3800.000 1.709
3805.000 1.535
3810.000 1.464
3815.000 1.350
3820.000 1.301
3825.000 1.213
3830.000 1.154
3835.000 1.120
3840.000 1.063
3845.000 1.047
3850.000 1.012
3855.000 0.981
3860.000 0.971
3865.000 0.946
3870.000 0.938
3875.000 0.925
3880.000 0.915
3885.000 0.910
3890.000 0.907
3895.000 0.906
3900.000 0.909
3905.000 0.912
3910.000 0.919
3915.000 0.930
3920.000 0.935
3925.000 0.953
3930.000 0.979
3935.000 0.990
3940.000 1.023
3945.000 1.045
3950.000 1.088
3955.000 1.137
3960.000 1.177
3965.000 1.243
3970.000 1.295
3975.000 1.389
3980.000 1.506
3985.000 1.584
3990.000 1.749
3995.000 1.885
4000.000 2.147
4005.000 2.501
4010.000 2.759
4015.000 3.417
4020.000 3.819
4025.000 4.936
4030.000 6.491
4035.000 7.246
4040.000 7.845
4045.000 7.270
4050.000 5.105
4055.000 4.436
4060.000 3.394
4065.000 2.802
4070.000 2.586
4075.000 2.220
4080.000 2.083
4085.000 1.877
4090.000 1.700
4095.000 1.630
4100.000 1.520
4105.000 1.463
4110.000 1.378
4115.000 1.307
4120.000 1.275
4125.000 1.223
4130.000 1.199
4135.000 1.161
4140.000 1.128
4145.000 1.115
4150.000 1.087
4155.000 1.075
4160.000 1.057
4165.000 1.043
4170.000 1.037
4175.000 1.029
4180.000 1.027
4185.000 1.019
4190.000 1.015
4195.000 1.013
4200.000 1.015
4205.000 1.014
4210.000 1.013
4215.000 1.020
4220.000 1.022
4225.000 1.030
4230.000 1.035
4235.000 1.055
4240.000 1.078
4245.000 1.096
4250.000 1.133
4255.000 1.152
4260.000 1.210
4265.000 1.275
4270.000 1.317
4275.000 1.420
4280.000 1.481
4285.000 1.629
4290.000 1.834
4295.000 1.960
4300.000 2.289
4305.000 2.475
4310.000 3.075
4315.000 3.860
4320.000 4.267
4325.000 4.953
4330.000 4.900
4335.000 3.831
4340.000 2.606
4345.000 2.240
4350.000 1.735
4355.000 1.531
4360.000 1.268
4365.000 1.094
4370.000 1.010
4375.000 0.896
4380.000 0.850
4385.000 0.770
4390.000 0.709
4395.000 0.688
4400.000 0.642
4405.000 0.621
4410.000 0.594
4415.000 0.568
4420.000 0.555
4425.000 0.541
4430.000 0.531
4435.000 0.516
4440.000 0.504
4445.000 0.506
4450.000 0.498
4455.000 0.494
4460.000 0.492
4465.000 0.494
4470.000 0.491
4475.000 0.487
4480.000 0.493
4485.000 0.496
4490.000 0.501
4495.000 0.505
4500.000 0.517
4505.000 0.519
4510.000 0.541
4515.000 0.556
4520.000 0.568
4525.000 0.599
4530.000 0.615
4535.000 0.653
4540.000 0.709
4545.000 0.740
4550.000 0.812
4555.000 0.855
4560.000 0.972
4565.000 1.103
4570.000 1.192
4575.000 1.426
4580.000 1.563
4585.000 1.901
4590.000 2.440
4595.000 2.782
4600.000 3.631
4605.000 4.262
4610.000 5.507
4615.000 6.044
4620.000 5.707
4625.000 4.289
4630.000 3.720
4635.000 2.960
4640.000 2.487
4645.000 2.311
4650.000 2.017
4655.000 1.903
4660.000 1.736
4665.000 1.656
4670.000 1.521
4675.000 1.422
4680.000 1.375
4685.000 1.294
4690.000 1.257
4695.000 1.201
4700.000 1.145
4705.000 1.118
4710.000 1.083
4715.000 1.062
4720.000 1.033
4725.000 1.007
4730.000 0.991
4735.000 0.973
4740.000 0.964
4745.000 0.948
4750.000 0.940
4755.000 0.938
4760.000 0.939
4765.000 0.940
4770.000 0.948
4775.000 0.959
4780.000 0.964
4785.000 0.984
4790.000 0.996
4795.000 1.025
4800.000 1.049
4805.000 1.072
4810.000 1.116
4815.000 1.141
4820.000 1.195
4825.000 1.264
4830.000 1.301
4835.000 1.385
4840.000 1.441
4845.000 1.562
4850.000 1.708
4855.000 1.809
4860.000 2.037
4865.000 2.155
4870.000 2.529
4875.000 3.006
4880.000 3.300
4885.000 4.107
4890.000 4.613
4895.000 5.702
4900.000 6.456
4905.000 6.379
4910.000 5.158
4915.000 4.474
4920.000 3.325
4925.000 2.696
4930.000 2.441
4935.000 2.041
4940.000 1.902
4945.000 1.671
4950.000 1.569
4955.000 1.422
4960.000 1.320
4965.000 1.257
4970.000 1.190
4975.000 1.165
4980.000 1.099
4985.000 1.073
4990.000 1.051
4995.000 1.025
5000.000 1.023
5005.000 1.028
5010.000 1.025
5015.000 1.022
5020.000 1.039
5025.000 1.048
5030.000 1.075
5035.000 1.101
5040.000 1.113
5045.000 1.153
5050.000 1.165
5055.000 1.211
5060.000 1.270
5065.000 1.301
5070.000 1.369
5075.000 1.414
5080.000 1.502
5085.000 1.601
5090.000 1.660
5095.000 1.781
5100.000 1.836
5105.000 2.002
5110.000 2.176
5115.000 2.262
5120.000 2.496
5125.000 2.754
5130.000 2.888
5135.000 3.260
5140.000 3.467
5145.000 3.913
5150.000 4.581
5155.000 4.974
5160.000 5.858
5165.000 6.483
5170.000 8.133
5175.000 10.172
5180.000 11.450
5185.000 14.349
5190.000 15.310
5195.000 15.009
5200.000 11.627
5205.000 10.092
5210.000 7.993
5215.000 7.086
5220.000 5.898
5225.000 5.097
5230.000 4.717
5235.000 4.168
5240.000 3.952
5245.000 3.550
5250.000 3.390
5255.000 3.134
5260.000 2.894
5265.000 2.801
5270.000 2.636
5275.000 2.555
5280.000 2.421
5285.000 2.316
5290.000 2.260
5295.000 2.172
5300.000 2.136
5305.000 2.068
5310.000 2.012
5315.000 1.986
5320.000 1.948
5325.000 1.926
5330.000 1.899
5335.000 1.875
5340.000 1.865
5345.000 1.860
5350.000 1.855
5355.000 1.856
5360.000 1.864
5365.000 1.867
5370.000 1.888
5375.000 1.904
5380.000 1.941
5385.000 1.993
5390.000 2.022
5395.000 2.090
5400.000 2.139
5405.000 2.237
5410.000 2.358
5415.000 2.438
5420.000 2.612
5425.000 2.720
5430.000 2.960
5435.000 3.305
5440.000 3.513
5445.000 4.015
5450.000 4.347
5455.000 5.199
5460.000 6.317
5465.000 7.170
5470.000 8.965
5475.000 9.769
5480.000 10.668
5485.000 9.061
5490.000 7.891
5495.000 5.760
5500.000 5.093
5505.000 4.179
5510.000 3.445
5515.000 3.190
5520.000 2.806
5525.000 2.615
5530.000 2.353
5535.000 2.159
5540.000 2.049
5545.000 1.904
5550.000 1.847
5555.000 1.733
5560.000 1.687
5565.000 1.608
5570.000 1.539
5575.000 1.513
5580.000 1.460
5585.000 1.443
5590.000 1.407
5595.000 1.383
5600.000 1.374
5605.000 1.357
5610.000 1.348
5615.000 1.340
5620.000 1.333
5625.000 1.332
5630.000 1.336
5635.000 1.344
5640.000 1.351
5645.000 1.363
5650.000 1.380
5655.000 1.405
5660.000 1.419
5665.000 1.458
5670.000 1.503
5675.000 1.528
5680.000 1.596
5685.000 1.636
5690.000 1.711
5695.000 1.820
5700.000 1.879
5705.000 2.005
5710.000 2.090
5715.000 2.296
5720.000 2.541
5725.000 2.676
5730.000 3.079
5735.000 3.310
5740.000 3.861
5745.000 4.763
5750.000 5.303
5755.000 6.544
5760.000 7.370
5765.000 8.658
5770.000 8.444
5775.000 7.570
5780.000 5.550
5785.000 4.880
5790.000 3.813
5795.000 3.158
5800.000 2.919
5805.000 2.498
5810.000 2.344
5815.000 2.105
5820.000 1.880
5825.000 1.796
5830.000 1.668
5835.000 1.599
5840.000 1.485
5845.000 1.409
5850.000 1.370
5855.000 1.298
5860.000 1.271
5865.000 1.221
5870.000 1.178
5875.000 1.160
5880.000 1.127
5885.000 1.124
5890.000 1.087
5895.000 1.069
5900.000 1.062
5905.000 1.049
5910.000 1.048
5915.000 1.041
5920.000 1.039
5925.000 1.042
5930.000 1.047
5935.000 1.051
5940.000 1.062
5945.000 1.083
5950.000 1.091
5955.000 1.116
5960.000 1.120
5965.000 1.163
5970.000 1.199
5975.000 1.222
5980.000 1.287
5985.000 1.332
5990.000 1.409
5995.000 1.531
6000.000 1.594
6005.000 1.730
6010.000 1.840
6015.000 2.083
6020.000 2.374
6025.000 2.596
6030.000 3.129
6035.000 3.429
6040.000 4.328
6045.000 5.456
6050.000 5.965
6055.000 6.543
6060.000 6.289
6065.000 4.988
6070.000 3.768
6075.000 3.364
6080.000 2.804
6085.000 2.568
6090.000 2.193
6095.000 1.961
6100.000 1.852
6105.000 1.675
6110.000 1.607
6115.000 1.507
6120.000 1.408
6125.000 1.373
6130.000 1.305
6135.000 1.276
6140.000 1.228
6145.000 1.212
6150.000 1.172
6155.000 1.146
6160.000 1.134
6165.000 1.110
6170.000 1.103
6175.000 1.085
6180.000 1.078
6185.000 1.074
6190.000 1.071
6195.000 1.073
6200.000 1.077
6205.000 1.081
6210.000 1.088
6215.000 1.101
6220.000 1.107
6225.000 1.124
6230.000 1.144
6235.000 1.161
6240.000 1.192
6245.000 1.205
6250.000 1.249
6255.000 1.294
6260.000 1.323
6265.000 1.385
6270.000 1.416
6275.000 1.510
6280.000 1.617
6285.000 1.668
6290.000 1.828
6295.000 1.922
6300.000 2.133
6305.000 2.441
6310.000 2.610
6315.000 3.030
6320.000 3.343
6325.000 4.122
6330.000 5.045
6335.000 5.596
6340.000 6.559
6345.000 6.628
6350.000 5.750
6355.000 4.238
6360.000 3.702
6365.000 2.957
6370.000 2.652
6375.000 2.229
6380.000 1.916
6385.000 1.797
6390.000 1.603
6395.000 1.531
6400.000 1.377
6405.000 1.272
6410.000 1.230
6415.000 1.141
6420.000 1.110
6425.000 1.056
6430.000 0.996
6435.000 0.975
6440.000 0.943
6445.000 0.927
6450.000 0.898
6455.000 0.878
6460.000 0.868
6465.000 0.850
6470.000 0.845
6475.000 0.832
6480.000 0.821
6485.000 0.818
6490.000 0.813
6495.000 0.811
6500.000 0.809
6505.000 0.811
6510.000 0.813
6515.000 0.821
6520.000 0.825
6525.000 0.840
6530.000 0.855
6535.000 0.871
6540.000 0.898
6545.000 0.915
6550.000 0.945
6555.000 0.996
6560.000 1.023
6565.000 1.083
6570.000 1.128
6575.000 1.220
6580.000 1.334
6585.000 1.421
6590.000 1.608
6595.000 1.719
6600.000 2.028
6605.000 2.448
6610.000 2.700
6615.000 3.404
6620.000 3.840
6625.000 4.713
6630.000 5.130
6635.000 4.941
6640.000 3.977
6645.000 3.548
6650.000 2.766
6655.000 2.319
6660.000 2.161
6665.000 1.870
6670.000 1.765
6675.000 1.611
6680.000 1.470
6685.000 1.416
6690.000 1.334
6695.000 1.289
6700.000 1.226
6705.000 1.174
6710.000 1.150
6715.000 1.114
6720.000 1.098
6725.000 1.069
6730.000 1.060
6735.000 1.037
6740.000 1.030
6745.000 1.022
6750.000 1.015
6755.000 1.011
6760.000 1.004
6765.000 1.003
6770.000 1.001
6775.000 1.007
6780.000 1.005
6785.000 1.009
6790.000 1.026
6795.000 1.033
6800.000 1.041
6805.000 1.054
6810.000 1.074
6815.000 1.101
6820.000 1.122
6825.000 1.154
6830.000 1.176
6835.000 1.228
6840.000 1.284
6845.000 1.313
6850.000 1.399
6855.000 1.438
6860.000 1.532
6865.000 1.671
6870.000 1.754
6875.000 1.925
6880.000 2.046
6885.000 2.356
6890.000 2.715
6895.000 2.979
6900.000 3.649
6905.000 4.032
6910.000 4.790
6915.000 5.360
6920.000 5.281
6925.000 4.479
6930.000 3.820
6935.000 2.929
6940.000 2.371
6945.000 2.123
6950.000 1.789
6955.000 1.679
6960.000 1.452
6965.000 1.289
6970.000 1.229
6975.000 1.114
6980.000 1.063
6985.000 1.005
6990.000 0.936
6995.000 0.897
7000.000 0.863
7005.000 0.839
7010.000 0.801
7015.000 0.760
7020.000 0.757
7025.000 0.731
7030.000 0.715
7035.000 0.691
7040.000 0.675
7045.000 0.676
7050.000 0.659
7055.000 0.666
7060.000 0.656
7065.000 0.651
7070.000 0.652
7075.000 0.652
7080.000 0.651
7085.000 0.655
7090.000 0.661
7095.000 0.661
7100.000 0.668
7105.000 0.675
7110.000 0.687
7115.000 0.708
7120.000 0.718
7125.000 0.743
7130.000 0.764
7135.000 0.804
7140.000 0.855
7145.000 0.893
7150.000 0.971
7155.000 1.014
7160.000 1.133
7165.000 1.290
7170.000 1.382
7175.000 1.625
7180.000 1.791
7185.000 2.193
7190.000 2.756
7195.000 3.124
7200.000 3.847
7205.000 4.096
7210.000 4.132
7215.000 3.421
7220.000 3.098
7225.000 2.456
7230.000 2.242
7235.000 1.949
7240.000 1.699
7245.000 1.611
7250.000 1.481
7255.000 1.411
7260.000 1.318
7265.000 1.252
7270.000 1.215
7275.000 1.159
7280.000 1.143
7285.000 1.099
7290.000 1.063
7295.000 1.053
7300.000 1.026
7305.000 1.018
7310.000 1.000
7315.000 0.980
7320.000 0.975
7325.000 0.966
7330.000 0.965
7335.000 0.958
7340.000 0.961
7345.000 0.964
7350.000 0.969
7355.000 0.968
7360.000 0.982
7365.000 0.984
7370.000 0.994
7375.000 1.005
7380.000 1.012
7385.000 1.032
7390.000 1.041
7395.000 1.067
7400.000 1.095
7405.000 1.108
7410.000 1.150
7415.000 1.174
7420.000 1.222
7425.000 1.292
7430.000 1.332
7435.000 1.416
7440.000 1.468
7445.000 1.606
7450.000 1.745
7455.000 1.843
7460.000 2.107
7465.000 2.258
7470.000 2.599
7475.000 3.148
7480.000 3.458
7485.000 4.077
7490.000 4.426
7495.000 4.626
7500.000 4.047
7505.000 3.476
7510.000 2.641
7515.000 2.394
7520.000 1.882
7525.000 1.570
7530.000 1.463
7535.000 1.248
7540.000 1.172
7545.000 1.047
7550.000 0.938
7555.000 0.895
7560.000 0.829
7565.000 0.794
7570.000 0.737
7575.000 0.702
7580.000 0.681
7585.000 0.646
7590.000 0.636
7595.000 0.615
7600.000 0.593
7605.000 0.586
7610.000 0.572
7615.000 0.565
7620.000 0.551
7625.000 0.541
7630.000 0.534
7635.000 0.528
7640.000 0.521
7645.000 0.515
7650.000 0.515
7655.000 0.514
7660.000 0.513
7665.000 0.512
7670.000 0.518
7675.000 0.526
7680.000 0.531
7685.000 0.540
7690.000 0.549
7695.000 0.565
7700.000 0.581
7705.000 0.595
7710.000 0.626
7715.000 0.646
7720.000 0.691
7725.000 0.752
7730.000 0.793
7735.000 0.891
7740.000 0.954
7745.000 1.100
7750.000 1.332
7755.000 1.465
7760.000 1.813
7765.000 1.994
7770.000 2.602
7775.000 3.196
7780.000 3.404
7785.000 3.481
7790.000 3.268
7795.000 2.735
7800.000 2.219
7805.000 2.045
7810.000 1.803
7815.000 1.679
7820.000 1.516
7825.000 1.403
7830.000 1.338
7835.000 1.254
7840.000 1.225
7845.000 1.156
7850.000 1.109
7855.000 1.096
7860.000 1.054
7865.000 1.039
7870.000 1.017
7875.000 0.997
7880.000 0.990
7885.000 0.975
7890.000 0.974
7895.000 0.960
7900.000 0.956
7905.000 0.951
7910.000 0.944
7915.000 0.944
7920.000 0.940
7925.000 0.940
7930.000 0.949
7935.000 0.943
7940.000 0.955
7945.000 0.960
7950.000 0.958
7955.000 0.977
7960.000 0.987
7965.000 1.002
7970.000 1.024
7975.000 1.044
7980.000 1.080
7985.000 1.119
7990.000 1.149
7995.000 1.192
8000.000 1.206
8005.000 1.261
8010.000 1.339
8015.000 1.397
8020.000 1.504
8025.000 1.571
8030.000 1.686
8035.000 1.843
8040.000 1.934
8045.000 2.184
8050.000 2.408
8055.000 2.853
8060.000 3.329
8065.000 3.607
8070.000 3.784
8075.000 3.668
8080.000 3.013
8085.000 2.389
8090.000 2.167
8095.000 1.673
8100.000 1.505
8105.000 1.268
8110.000 1.064
8115.000 0.987
8120.000 0.878
8125.000 0.817
8130.000 0.735
8135.000 0.687
8140.000 0.652
8145.000 0.609
8150.000 0.589
8155.000 0.546
8160.000 0.517
8165.000 0.504
8170.000 0.481
8175.000 0.471
8180.000 0.458
8185.000 0.444
8190.000 0.443
8195.000 0.444
8200.000 0.448
8205.000 0.443
8210.000 0.429
8215.000 0.423
8220.000 0.411
8225.000 0.405
8230.000 0.400
8235.000 0.394
8240.000 0.389
8245.000 0.385
8250.000 0.388
8255.000 0.382
8260.000 0.384
8265.000 0.380
8270.000 0.374
8275.000 0.372
8280.000 0.378
8285.000 0.391
8290.000 0.426
8295.000 0.480
8300.000 0.508
8305.000 0.571
8310.000 0.603
8315.000 0.710
8320.000 0.825
8325.000 0.907
8330.000 1.140
8335.000 1.421
8340.000 1.579
8345.000 2.036
8350.000 2.239
8355.000 2.475
8360.000 2.436
8365.000 2.377
8370.000 2.327
8375.000 2.245
8380.000 1.987
8385.000 1.764
8390.000 1.641
8395.000 1.482
8400.000 1.436
8405.000 1.321
8410.000 1.239
8415.000 1.219
8420.000 1.154
8425.000 1.129
8430.000 1.092
8435.000 1.050
8440.000 1.036
8445.000 1.017
8450.000 1.002
8455.000 0.978
8460.000 0.955
8465.000 0.945
8470.000 0.934
8475.000 0.926
8480.000 0.925
8485.000 0.923
8490.000 0.918
8495.000 0.922
8500.000 0.928
8505.000 0.927
8510.000 0.930
8515.000 0.936
8520.000 0.943
8525.000 0.943
8530.000 0.953
8535.000 0.961
8540.000 0.974
8545.000 0.993
8550.000 1.004
8555.000 1.026
8560.000 1.045
8565.000 1.069
8570.000 1.115
8575.000 1.147
8580.000 1.203
8585.000 1.231
8590.000 1.315
8595.000 1.409
8600.000 1.466
8605.000 1.597
8610.000 1.681
8615.000 1.878
8620.000 2.112
8625.000 2.301
8630.000 2.665
8635.000 2.814
8640.000 3.120
8645.000 3.015
8650.000 2.820
8655.000 2.141
8660.000 1.882
8665.000 1.568
8670.000 1.342
8675.000 1.256
8680.000 1.082
8685.000 0.963
8690.000 0.802
8695.000 0.691
8700.000 0.637
8705.000 0.560
8710.000 0.530
8715.000 0.475
8720.000 0.436
8725.000 0.421
8730.000 0.392
8735.000 0.381
8740.000 0.363
8745.000 0.346
8750.000 0.337
8755.000 0.329
8760.000 0.322
8765.000 0.307
8770.000 0.296
8775.000 0.294
8780.000 0.286
8785.000 0.285
8790.000 0.272
8795.000 0.267
8800.000 0.265
8805.000 0.262
8810.000 0.252
8815.000 0.238
8820.000 0.253
8825.000 0.278
8830.000 0.272
8835.000 0.266
8840.000 0.248
8845.000 0.253
8850.000 0.252
8855.000 0.259
8860.000 0.264
8865.000 0.276
8870.000 0.293
8875.000 0.328
8880.000 0.375
8885.000 0.411
8890.000 0.498
8895.000 0.548
8900.000 0.668
8905.000 0.870
8910.000 0.987
8915.000 1.250
8920.000 1.470
8925.000 1.913
8930.000 2.331
8935.000 2.534
8940.000 2.568
8945.000 2.470
8950.000 2.095
8955.000 1.811
8960.000 1.716
8965.000 1.513
8970.000 1.433
8975.000 1.326
8980.000 1.227
8985.000 1.192
8990.000 1.134
8995.000 1.091
9000.000 1.055
9005.000 1.021
9010.000 1.008
9015.000 0.973
9020.000 0.961
9025.000 0.944
9030.000 0.931
9035.000 0.925
9040.000 0.910
9045.000 0.905
9050.000 0.893
9055.000 0.885
9060.000 0.886
9065.000 0.882
9070.000 0.879
9075.000 0.874
9080.000 0.875
9085.000 0.881
9090.000 0.887
9095.000 0.884
9100.000 0.895
9105.000 0.911
9110.000 0.916
9115.000 0.931
9120.000 0.937
9125.000 0.957
9130.000 0.970
9135.000 0.982
9140.000 1.012
9145.000 1.021
9150.000 1.056
9155.000 1.104
9160.000 1.123
9165.000 1.191
9170.000 1.227
9175.000 1.299
9180.000 1.408
9185.000 1.464
9190.000 1.564
9195.000 1.633
9200.000 1.831
9205.000 2.059
9210.000 2.192
9215.000 2.518
9220.000 2.619
9225.000 2.602
9230.000 2.163
9235.000 1.887
9240.000 1.464
9245.000 1.229
9250.000 0.953
9255.000 0.782
9260.000 0.689
9265.000 0.566
9270.000 0.531
9275.000 0.440
9280.000 0.380
9285.000 0.359
9290.000 0.312
9295.000 0.298
9300.000 0.275
9305.000 0.246
9310.000 0.240
9315.000 0.224
9320.000 0.217
9325.000 0.205
9330.000 0.195
9335.000 0.195
9340.000 0.191
9345.000 0.191
9350.000 0.196
9355.000 0.195
9360.000 0.190
9365.000 0.192
9370.000 0.188
9375.000 0.185
9380.000 0.178
9385.000 0.172
9390.000 0.168
9395.000 0.161
9400.000 0.146
9405.000 0.142
9410.000 0.134
9415.000 0.121
9420.000 0.117
9425.000 0.113
9430.000 0.111
9435.000 0.111
9440.000 0.120
9445.000 0.129
9450.000 0.158
9455.000 0.178
9460.000 0.230
9465.000 0.304
9470.000 0.346
9475.000 0.475
9480.000 0.549
9485.000 0.736
9490.000 0.982
9495.000 1.143
9500.000 1.489
9505.000 1.651
9510.000 2.044
9515.000 2.144
9520.000 2.091
9525.000 1.836
9530.000 1.712
9535.000 1.531
9540.000 1.365
9545.000 1.301
9550.000 1.216
9555.000 1.167
9560.000 1.097
9565.000 1.050
9570.000 1.022
9575.000 0.980
9580.000 0.964
9585.000 0.928
9590.000 0.902
9595.000 0.893
9600.000 0.869
9605.000 0.865
9610.000 0.851
9615.000 0.843
9620.000 0.839
9625.000 0.833
9630.000 0.831
9635.000 0.830
9640.000 0.825
9645.000 0.824
9650.000 0.827
9655.000 0.828
9660.000 0.821
9665.000 0.825
9670.000 0.825
9675.000 0.819
9680.000 0.825
9685.000 0.829
9690.000 0.839
9695.000 0.844
9700.000 0.861
9705.000 0.866
9710.000 0.893
9715.000 0.913
9720.000 0.923
9725.000 0.959
9730.000 0.976
9735.000 1.006
9740.000 1.056
9745.000 1.084
9750.000 1.138
9755.000 1.170
9760.000 1.271
9765.000 1.367
9770.000 1.442
9775.000 1.613
9780.000 1.711
9785.000 1.883
9790.000 2.026
9795.000 2.021
9800.000 1.816
9805.000 1.610
9810.000 1.236
9815.000 0.975
9820.000 0.856
9825.000 0.688
9830.000 0.623
9835.000 0.471
9840.000 0.364
9845.000 0.334
9850.000 0.257
9855.000 0.235
9860.000 0.204
9865.000 0.179
9870.000 0.171
9875.000 0.163
9880.000 0.165
9885.000 0.167
9890.000 0.167
9895.000 0.171
9900.000 0.177
9905.000 0.176
9910.000 0.175
9915.000 0.181
9920.000 0.178
9925.000 0.179
9930.000 0.175
9935.000 0.178
9940.000 0.169
9945.000 0.172
9950.000 0.170
9955.000 0.167
9960.000 0.167
9965.000 0.157
9970.000 0.162
9975.000 0.156
9980.000 0.151
9985.000 0.151
9990.000 0.137
9995.000 0.121
10000.000 0.106
10005.000 0.094
10010.000 0.070
10015.000 0.058
10020.000 0.029
10025.000 0.032
10030.000 0.049
10035.000 0.109
10040.000 0.139
10045.000 0.195
10050.000 0.305
10055.000 0.366
10060.000 0.496
10065.000 0.590
10070.000 0.859
10075.000 1.128
10080.000 1.306
10085.000 1.628
10090.000 1.707
10095.000 1.693
10100.000 1.520
10105.000 1.431
10110.000 1.298
10115.000 1.221
10120.000 1.122
10125.000 1.054
10130.000 1.013
10135.000 0.959
10140.000 0.945
10145.000 0.905
10150.000 0.872
10155.000 0.864
10160.000 0.841
10165.000 0.830
10170.000 0.813
10175.000 0.797
10180.000 0.789
10185.000 0.781
10190.000 0.772
10195.000 0.764
10200.000 0.754
10205.000 0.749
10210.000 0.747
10215.000 0.746
10220.000 0.742
10225.000 0.742
10230.000 0.745
10235.000 0.748
10240.000 0.751
10245.000 0.752
10250.000 0.765
10255.000 0.768
10260.000 0.773
10265.000 0.777
10270.000 0.785
10275.000 0.796
10280.000 0.794
10285.000 0.811
10290.000 0.817
10295.000 0.833
10300.000 0.858
10305.000 0.872
10310.000 0.901
10315.000 0.926
10320.000 0.969
10325.000 1.020
10330.000 1.063
10335.000 1.141
10340.000 1.170
10345.000 1.288
10350.000 1.414
10355.000 1.480
10360.000 1.605
10365.000 1.659
10370.000 1.674
10375.000 1.471
10380.000 1.308
10385.000 0.991
10390.000 0.859
10395.000 0.598
10400.000 0.462
10405.000 0.394
10410.000 0.292
10415.000 0.256
10420.000 0.208
10425.000 0.178
10430.000 0.168
10435.000 0.152
10440.000 0.157
10445.000 0.161
10450.000 0.157
10455.000 0.164
10460.000 0.170
10465.000 0.168
10470.000 0.176
10475.000 0.181
10480.000 0.181
10485.000 0.186
10490.000 0.183
10495.000 0.191
10500.000 0.192
10505.000 0.194
10510.000 0.196
10515.000 0.195
10520.000 0.198
10525.000 0.203
10530.000 0.200
10535.000 0.211
10540.000 0.215
10545.000 0.211
10550.000 0.206
10555.000 0.201
10560.000 0.189
10565.000 0.183
10570.000 0.170
10575.000 0.156
10580.000 0.150
10585.000 0.136
10590.000 0.131
10595.000 0.114
10600.000 0.109
10605.000 0.103
10610.000 0.109
10615.000 0.122
10620.000 0.165
10625.000 0.206
10630.000 0.300
10635.000 0.405
10640.000 0.508
10645.000 0.710
10650.000 0.816
10655.000 1.106
10660.000 1.376
10665.000 1.455
10670.000 1.497
10675.000 1.440
10680.000 1.311
10685.000 1.181
10690.000 1.129
10695.000 1.051
10700.000 1.014
10705.000 0.945
10710.000 0.905
10715.000 0.879
10720.000 0.837
10725.000 0.823
10730.000 0.792
10735.000 0.769
10740.000 0.758
10745.000 0.745
10750.000 0.738
10755.000 0.727
10760.000 0.723
10765.000 0.716
10770.000 0.708
10775.000 0.709
10780.000 0.702
10785.000 0.699
10790.000 0.699
10795.000 0.688
10800.000 0.692
10805.000 0.686
10810.000 0.687
10815.000 0.685
10820.000 0.686
10825.000 0.684
10830.000 0.687
10835.000 0.696
10840.000 0.696
10845.000 0.703
10850.000 0.709
10855.000 0.719
10860.000 0.735
10865.000 0.738
10870.000 0.754
10875.000 0.761
10880.000 0.777
10885.000 0.798
10890.000 0.810
10895.000 0.840
10900.000 0.848
10905.000 0.892
10910.000 0.934
10915.000 0.953
10920.000 1.015
10925.000 1.039
10930.000 1.105
10935.000 1.202
10940.000 1.235
10945.000 1.270
10950.000 1.240
10955.000 1.068
10960.000 0.828
10965.000 0.668
10970.000 0.452
10975.000 0.378
10980.000 0.251
10985.000 0.176
10990.000 0.160
10995.000 0.124
11000.000 0.126
11005.000 0.136
11010.000 0.145
11015.000 0.158
11020.000 0.168
11025.000 0.183
11030.000 0.195
11035.000 0.212
11040.000 0.219
11045.000 0.223
11050.000 0.234
11055.000 0.239
11060.000 0.245
11065.000 0.246
11070.000 0.246
11075.000 0.246
11080.000 0.249
11085.000 0.249
11090.000 0.249
11095.000 0.251
11100.000 0.249
11105.000 0.255
11110.000 0.250
11115.000 0.249
11120.000 0.248
11125.000 0.245
11130.000 0.241
11135.000 0.235
11140.000 0.231
11145.000 0.223
11150.000 0.215
11155.000 0.210
11160.000 0.199
11165.000 0.192
11170.000 0.178
11175.000 0.177
11180.000 0.169
11185.000 0.163
11190.000 0.167
11195.000 0.190
11200.000 0.205
11205.000 0.261
11210.000 0.290
11215.000 0.422
11220.000 0.584
11225.000 0.656
11230.000 0.915
11235.000 1.031
11240.000 1.190
11245.000 1.236
11250.000 1.203
11255.000 1.118
11260.000 1.064
11265.000 0.971
11270.000 0.910
11275.000 0.873
11280.000 0.828
11285.000 0.807
11290.000 0.777
11295.000 0.752
11300.000 0.743
11305.000 0.718
11310.000 0.710
11315.000 0.698
11320.000 0.683
11325.000 0.680
11330.000 0.675
11335.000 0.666
11340.000 0.660
11345.000 0.656
11350.000 0.648
11355.000 0.644
11360.000 0.639
11365.000 0.640
11370.000 0.637
11375.000 0.635
11380.000 0.638
11385.000 0.639
11390.000 0.638
11395.000 0.642
11400.000 0.642
11405.000 0.642
11410.000 0.645
11415.000 0.642
11420.000 0.648
11425.000 0.648
11430.000 0.655
11435.000 0.657
11440.000 0.666
11445.000 0.678
11450.000 0.680
11455.000 0.695
11460.000 0.705
11465.000 0.728
11470.000 0.747
11475.000 0.756
11480.000 0.797
11485.000 0.813
11490.000 0.844
11495.000 0.868
11500.000 0.922
11505.000 0.965
11510.000 0.995
11515.000 1.026
11520.000 1.027
11525.000 0.957
11530.000 0.805
11535.000 0.742
11540.000 0.530
11545.000 0.363
11550.000 0.311
11555.000 0.198
11560.000 0.168
11565.000 0.139
11570.000 0.138
11575.000 0.149
11580.000 0.162
11585.000 0.174
11590.000 0.189
11595.000 0.203
11600.000 0.213
11605.000 0.223
11610.000 0.226
11615.000 0.238
11620.000 0.248
11625.000 0.251
11630.000 0.262
11635.000 0.264
11640.000 0.265
11645.000 0.276
11650.000 0.275
11655.000 0.280
11660.000 0.280
11665.000 0.282
11670.000 0.283
11675.000 0.278
11680.000 0.281
11685.000 0.279
11690.000 0.275
11695.000 0.274
11700.000 0.272
11705.000 0.269
11710.000 0.265
11715.000 0.262
11720.000 0.258
11725.000 0.252
11730.000 0.248
11735.000 0.248
11740.000 0.238
11745.000 0.230
11750.000 0.229
11755.000 0.220
11760.000 0.218
11765.000 0.221
11770.000 0.219
11775.000 0.231
11780.000 0.265
11785.000 0.287
11790.000 0.381
11795.000 0.445
11800.000 0.570
11805.000 0.772
11810.000 0.860
11815.000 0.989
11820.000 1.037
11825.000 1.023
11830.000 0.980
11835.000 0.932
11840.000 0.873
11845.000 0.855
11850.000 0.797
11855.000 0.760
11860.000 0.745
11865.000 0.714
11870.000 0.700
11875.000 0.680
11880.000 0.661
11885.000 0.658
11890.000 0.647
11895.000 0.641
11900.000 0.632
11905.000 0.628
11910.000 0.622
11915.000 0.615
11920.000 0.614
11925.000 0.610
11930.000 0.606
11935.000 0.605
11940.000 0.599
11945.000 0.596
11950.000 0.601
11955.000 0.593
11960.000 0.597
11965.000 0.592
11970.000 0.595
11975.000 0.598
11980.000 0.595
11985.000 0.599
11990.000 0.602
11995.000 0.606
12000.000 0.613
