105.000 0.151
110.000 4.994
115.000 5.153
120.000 5.362
125.000 5.384
130.000 5.477
135.000 5.535
140.000 5.779
145.000 5.806
150.000 5.917
155.000 5.959
160.000 6.113
165.000 6.260
170.000 6.350
175.000 6.462
180.000 6.556
185.000 6.738
190.000 6.895
195.000 6.980
200.000 7.152
205.000 7.271
210.000 7.416
215.000 7.658
220.000 7.803
225.000 8.062
230.000 8.190
235.000 8.440
240.000 8.578
245.000 8.913
250.000 9.223
255.000 9.417
260.000 9.764
265.000 10.019
270.000 10.453
275.000 10.931
280.000 11.193
285.000 11.694
290.000 12.004
295.000 12.653
300.000 13.317
305.000 13.664
310.000 14.482
315.000 14.935
320.000 15.895
325.000 16.930
330.000 17.518
335.000 18.734
340.000 19.444
345.000 21.011
350.000 22.676
355.000 23.621
360.000 25.715
365.000 27.964
370.000 29.485
375.000 32.118
380.000 33.735
385.000 37.218
390.000 41.141
395.000 43.314
400.000 47.969
405.000 50.508
410.000 56.086
415.000 61.925
420.000 65.000
425.000 71.168
430.000 74.397
435.000 80.662
440.000 87.022
445.000 89.974
450.000 96.112
455.000 99.248
460.000 105.915
465.000 114.020
470.000 118.911
475.000 128.409
480.000 132.191
485.000 138.773
490.000 144.286
495.000 146.495
500.000 149.879
505.000 150.945
510.000 151.638
515.000 148.709
520.000 143.298
525.000 123.186
530.000 104.699
535.000 78.880
540.000 69.672
545.000 55.617
550.000 45.674
555.000 41.724
560.000 35.206
565.000 32.485
570.000 28.025
575.000 24.433
580.000 22.716
585.000 20.294
590.000 19.153
595.000 17.104
600.000 15.412
605.000 14.641
610.000 13.287
615.000 12.664
620.000 11.613
625.000 10.652
630.000 10.221
635.000 9.450
640.000 9.085
645.000 8.429
650.000 7.860
655.000 7.582
660.000 7.093
665.000 6.876
670.000 6.460
675.000 6.076
680.000 5.927
685.000 5.584
690.000 5.409
695.000 5.152
700.000 4.897
705.000 4.783
710.000 4.548
715.000 4.456
720.000 4.267
725.000 4.093
730.000 4.019
735.000 3.860
740.000 3.795
745.000 3.633
750.000 3.510
755.000 3.438
760.000 3.323
765.000 3.267
770.000 3.169
775.000 3.076
780.000 3.025
785.000 2.959
790.000 2.929
795.000 2.885
800.000 2.852
805.000 2.831
810.000 2.792
815.000 2.762
820.000 2.717
825.000 2.690
830.000 2.657
835.000 2.618
840.000 2.605
845.000 2.580
850.000 2.574
855.000 2.562
860.000 2.554
865.000 2.550
870.000 2.560
875.000 2.566
880.000 2.580
885.000 2.614
890.000 2.629
895.000 2.681
900.000 2.713
905.000 2.791
910.000 2.874
915.000 2.922
920.000 3.057
925.000 3.123
930.000 3.314
935.000 3.538
940.000 3.676
945.000 4.012
950.000 4.223
955.000 4.749
960.000 5.472
965.000 5.944
970.000 7.245
975.000 8.126
980.000 10.536
985.000 14.113
990.000 16.073
995.000 17.869
1000.000 16.272
1005.000 10.146
1010.000 7.227
1015.000 6.284
1020.000 4.993
1025.000 4.549
1030.000 3.838
1035.000 3.339
1040.000 3.145
1045.000 2.807
1050.000 2.673
1055.000 2.455
1060.000 2.269
1065.000 2.194
1070.000 2.060
1075.000 2.011
1080.000 1.913
1085.000 1.834
1090.000 1.797
1095.000 1.736
1100.000 1.717
1105.000 1.668
1110.000 1.623
1115.000 1.608
1120.000 1.583
1125.000 1.568
1130.000 1.544
1135.000 1.525
1140.000 1.513
1145.000 1.499
1150.000 1.492
1155.000 1.478
1160.000 1.481
1165.000 1.472
1170.000 1.466
1175.000 1.470
1180.000 1.468
1185.000 1.473
1190.000 1.477
1195.000 1.491
1200.000 1.488
1205.000 1.504
1210.000 1.515
1215.000 1.525
1220.000 1.547
1225.000 1.555
1230.000 1.577
1235.000 1.601
1240.000 1.612
1245.000 1.642
1250.000 1.655
1255.000 1.687
1260.000 1.724
1265.000 1.736
1270.000 1.781
1275.000 1.802
1280.000 1.845
1285.000 1.894
1290.000 1.920
1295.000 1.973
1300.000 2.004
1305.000 2.068
1310.000 2.131
1315.000 2.171
1320.000 2.246
1325.000 2.292
1330.000 2.386
1335.000 2.482
1340.000 2.538
1345.000 2.656
1350.000 2.717
1355.000 2.852
1360.000 3.004
1365.000 3.092
1370.000 3.259
1375.000 3.366
1380.000 3.580
1385.000 3.824
1390.000 3.963
1395.000 4.271
1400.000 4.431
1405.000 4.821
1410.000 5.061
1415.000 5.563
1420.000 6.174
1425.000 6.529
1430.000 7.349
1435.000 7.830
1440.000 9.047
1445.000 10.635
1450.000 11.604
1455.000 14.219
1460.000 15.894
1465.000 20.199
1470.000 26.316
1475.000 29.642
1480.000 34.278
1485.000 33.892
1490.000 26.586
1495.000 19.546
1500.000 17.070
1505.000 13.638
1510.000 12.397
1515.000 10.476
1520.000 9.076
1525.000 8.506
1530.000 7.563
1535.000 7.163
1540.000 6.489
1545.000 5.924
1550.000 5.678
1555.000 5.236
1560.000 5.052
1565.000 4.690
1570.000 4.384
1575.000 4.244
1580.000 3.976
1585.000 3.853
1590.000 3.629
1595.000 3.417
1600.000 3.317
1605.000 3.139
1610.000 3.054
1615.000 2.897
1620.000 2.774
1625.000 2.716
1630.000 2.628
1635.000 2.601
1640.000 2.576
1645.000 2.594
1650.000 2.627
1655.000 2.718
1660.000 2.777
1665.000 2.906
1670.000 3.058
1675.000 3.139
1680.000 3.302
1685.000 3.386
1690.000 3.549
1695.000 3.702
1700.000 3.768
1705.000 3.922
1710.000 3.984
1715.000 4.110
1720.000 4.232
1725.000 4.287
1730.000 4.400
1735.000 4.462
1740.000 4.575
1745.000 4.684
1750.000 4.746
1755.000 4.873
1760.000 4.933
1765.000 5.065
1770.000 5.207
1775.000 5.278
1780.000 5.434
1785.000 5.515
1790.000 5.685
1795.000 5.880
1800.000 5.971
1805.000 6.182
1810.000 6.300
1815.000 6.544
1820.000 6.809
1825.000 6.946
1830.000 7.251
1835.000 7.421
1840.000 7.764
1845.000 8.157
1850.000 8.372
1855.000 8.807
1860.000 9.069
1865.000 9.611
1870.000 10.196
1875.000 10.539
1880.000 11.257
1885.000 11.643
1890.000 12.516
1895.000 13.512
1900.000 14.058
1905.000 15.295
1910.000 15.982
1915.000 17.514
1920.000 19.348
1925.000 20.374
1930.000 22.697
1935.000 23.942
1940.000 26.946
1945.000 30.313
1950.000 32.028
1955.000 35.819
1960.000 37.600
1965.000 40.475
1970.000 42.009
1975.000 41.994
1980.000 40.531
1985.000 39.157
1990.000 35.779
1995.000 32.334
2000.000 30.640
2005.000 27.383
2010.000 26.054
2015.000 23.610
2020.000 22.566
2025.000 20.696
2030.000 19.092
2035.000 18.388
2040.000 17.141
2045.000 16.564
2050.000 15.506
2055.000 14.611
2060.000 14.205
2065.000 13.424
2070.000 13.075
2075.000 12.448
2080.000 11.854
2085.000 11.588
2090.000 11.111
2095.000 10.868
2100.000 10.439
2105.000 10.054
2110.000 9.864
2115.000 9.518
2120.000 9.365
2125.000 9.055
2130.000 8.778
2135.000 8.647
2140.000 8.403
2145.000 8.284
2150.000 8.065
2155.000 7.859
2160.000 7.761
2165.000 7.582
2170.000 7.502
2175.000 7.333
2180.000 7.187
2185.000 7.120
2190.000 6.982
2195.000 6.921
2200.000 6.810
2205.000 6.697
2210.000 6.650
2215.000 6.555
2220.000 6.509
2225.000 6.429
2230.000 6.354
2235.000 6.318
2240.000 6.257
2245.000 6.235
2250.000 6.182
2255.000 6.144
2260.000 6.124
2265.000 6.096
2270.000 6.085
2275.000 6.067
2280.000 6.060
2285.000 6.064
2290.000 6.070
2295.000 6.078
2300.000 6.100
2305.000 6.135
2310.000 6.155
2315.000 6.212
2320.000 6.244
2325.000 6.308
2330.000 6.399
2335.000 6.450
2340.000 6.557
2345.000 6.621
2350.000 6.761
2355.000 6.920
2360.000 7.010
2365.000 7.204
2370.000 7.312
2375.000 7.563
2380.000 7.841
2385.000 7.985
2390.000 8.347
2395.000 8.539
2400.000 8.962
2405.000 9.494
2410.000 9.782
2415.000 10.422
2420.000 10.805
2425.000 11.713
2430.000 12.761
2435.000 13.380
2440.000 14.924
2445.000 15.823
2450.000 17.912
2455.000 20.801
2460.000 22.483
2465.000 26.347
2470.000 28.754
2475.000 33.381
2480.000 36.304
2485.000 36.340
2490.000 32.695
2495.000 29.762
2500.000 23.950
2505.000 19.486
2510.000 17.780
2515.000 14.899
2520.000 13.777
2525.000 11.982
2530.000 10.471
2535.000 9.859
2540.000 8.856
2545.000 8.403
2550.000 7.605
2555.000 6.969
2560.000 6.683
2565.000 6.160
2570.000 5.934
2575.000 5.539
2580.000 5.177
2585.000 5.016
2590.000 4.732
2595.000 4.596
2600.000 4.337
2605.000 4.239
2610.000 4.031
2615.000 3.849
2620.000 3.771
2625.000 3.611
2630.000 3.543
2635.000 3.418
2640.000 3.300
2645.000 3.244
2650.000 3.143
2655.000 3.102
2660.000 3.009
2665.000 2.935
2670.000 2.901
2675.000 2.829
2680.000 2.795
2685.000 2.742
2690.000 2.691
2695.000 2.668
2700.000 2.625
2705.000 2.608
2710.000 2.574
2715.000 2.541
2720.000 2.531
2725.000 2.506
2730.000 2.499
2735.000 2.482
2740.000 2.470
2745.000 2.471
2750.000 2.466
2755.000 2.466
2760.000 2.467
2765.000 2.476
2770.000 2.478
2775.000 2.493
2780.000 2.496
2785.000 2.524
2790.000 2.545
2795.000 2.562
2800.000 2.597
2805.000 2.618
2810.000 2.661
2815.000 2.713
2820.000 2.740
2825.000 2.798
2830.000 2.834
2835.000 2.908
2840.000 2.995
2845.000 3.045
2850.000 3.150
2855.000 3.204
2860.000 3.333
2865.000 3.477
2870.000 3.549
2875.000 3.728
2880.000 3.832
2885.000 4.042
2890.000 4.308
2895.000 4.470
2900.000 4.788
2905.000 4.980
2910.000 5.428
2915.000 5.936
2920.000 6.275
2925.000 7.013
2930.000 7.457
2935.000 8.518
2940.000 9.994
2945.000 10.907
2950.000 13.212
2955.000 14.753
2960.000 18.563
2965.000 22.996
2970.000 25.151
2975.000 26.175
2980.000 24.485
2985.000 18.392
2990.000 13.960
2995.000 12.498
3000.000 10.084
3005.000 9.202
3010.000 7.878
3015.000 6.797
3020.000 6.399
3025.000 5.729
3030.000 5.396
3035.000 4.895
3040.000 4.495
3045.000 4.307
3050.000 3.990
3055.000 3.858
3060.000 3.615
3065.000 3.387
3070.000 3.291
3075.000 3.119
3080.000 3.041
3085.000 2.893
3090.000 2.764
3095.000 2.707
3100.000 2.598
3105.000 2.554
3110.000 2.459
3115.000 2.380
3120.000 2.346
3125.000 2.268
3130.000 2.234
3135.000 2.179
3140.000 2.125
3145.000 2.096
3150.000 2.054
3155.000 2.032
3160.000 1.993
3165.000 1.955
3170.000 1.935
3175.000 1.904
3180.000 1.894
3185.000 1.865
3190.000 1.840
3195.000 1.834
3200.000 1.812
3205.000 1.803
3210.000 1.793
3215.000 1.783
3220.000 1.777
3225.000 1.772
3230.000 1.769
3235.000 1.765
3240.000 1.764
3245.000 1.763
3250.000 1.766
3255.000 1.769
3260.000 1.773
3265.000 1.778
3270.000 1.795
3275.000 1.800
3280.000 1.812
3285.000 1.828
3290.000 1.839
3295.000 1.861
3300.000 1.893
3305.000 1.908
3310.000 1.942
3315.000 1.955
3320.000 1.997
3325.000 2.047
3330.000 2.072
3335.000 2.127
3340.000 2.159
3345.000 2.229
3350.000 2.304
3355.000 2.345
3360.000 2.446
3365.000 2.496
3370.000 2.613
3375.000 2.752
3380.000 2.825
3385.000 2.994
3390.000 3.095
3395.000 3.323
3400.000 3.576
3405.000 3.746
3410.000 4.113
3415.000 4.304
3420.000 4.846
3425.000 5.519
3430.000 5.921
3435.000 7.005
3440.000 7.663
3445.000 9.368
3450.000 11.828
3455.000 13.298
3460.000 16.101
3465.000 16.857
3470.000 15.427
3475.000 11.461
3480.000 9.912
3485.000 7.537
3490.000 6.651
3495.000 5.516
3500.000 5.022
3505.000 4.307
3510.000 3.783
3515.000 3.540
3520.000 3.162
3525.000 3.017
3530.000 2.730
3535.000 2.498
3540.000 2.409
3545.000 2.229
3550.000 2.150
3555.000 2.016
3560.000 1.890
3565.000 1.837
3570.000 1.742
3575.000 1.653
3580.000 1.610
3585.000 1.545
3590.000 1.510
3595.000 1.450
3600.000 1.401
3605.000 1.375
3610.000 1.332
3615.000 1.310
3620.000 1.270
3625.000 1.240
3630.000 1.226
3635.000 1.195
3640.000 1.182
3645.000 1.159
3650.000 1.139
3655.000 1.129
3660.000 1.110
3665.000 1.102
3670.000 1.085
3675.000 1.075
3680.000 1.071
3685.000 1.059
3690.000 1.056
3695.000 1.047
3700.000 1.043
3705.000 1.039
3710.000 1.034
3715.000 1.035
3720.000 1.033
3725.000 1.034
3730.000 1.034
3735.000 1.037
3740.000 1.039
3745.000 1.042
3750.000 1.052
3755.000 1.056
3760.000 1.065
3765.000 1.069
3770.000 1.080
3775.000 1.097
3780.000 1.103
3785.000 1.126
3790.000 1.131
3795.000 1.157
3800.000 1.169
3805.000 1.194
3810.000 1.223
3815.000 1.241
3820.000 1.274
3825.000 1.294
3830.000 1.336
3835.000 1.385
3840.000 1.415
3845.000 1.474
3850.000 1.503
3855.000 1.579
3860.000 1.663
3865.000 1.703
3870.000 1.812
3875.000 1.869
3880.000 1.997
3885.000 2.165
3890.000 2.251
3895.000 2.461
3900.000 2.575
3905.000 2.875
3910.000 3.231
3915.000 3.437
3920.000 4.011
3925.000 4.355
3930.000 5.185
3935.000 6.469
3940.000 7.286
3945.000 9.226
3950.000 10.494
3955.000 12.626
3960.000 12.381
3965.000 11.002
3970.000 7.923
3975.000 6.930
3980.000 5.414
3985.000 4.490
3990.000 4.128
3995.000 3.540
4000.000 3.311
4005.000 2.969
4010.000 2.644
4015.000 2.526
4020.000 2.326
4025.000 2.246
4030.000 2.069
4035.000 1.947
4040.000 1.887
4045.000 1.766
4050.000 1.717
4055.000 1.634
4060.000 1.566
4065.000 1.522
4070.000 1.464
4075.000 1.439
4080.000 1.388
4085.000 1.363
4090.000 1.322
4095.000 1.282
4100.000 1.267
4105.000 1.236
4110.000 1.219
4115.000 1.194
4120.000 1.169
4125.000 1.158
4130.000 1.139
4135.000 1.129
4140.000 1.111
4145.000 1.095
4150.000 1.086
4155.000 1.071
4160.000 1.066
4165.000 1.054
4170.000 1.043
4175.000 1.039
4180.000 1.028
4185.000 1.025
4190.000 1.015
4195.000 1.011
4200.000 1.008
4205.000 1.001
4210.000 0.999
4215.000 0.989
4220.000 0.980
4225.000 0.977
4230.000 0.970
4235.000 0.967
4240.000 0.964
4245.000 0.963
4250.000 0.959
4255.000 0.964
4260.000 0.970
4265.000 0.977
4270.000 0.982
4275.000 0.991
4280.000 1.007
4285.000 1.013
4290.000 1.030
4295.000 1.044
4300.000 1.057
4305.000 1.075
4310.000 1.087
4315.000 1.110
4320.000 1.136
4325.000 1.149
4330.000 1.180
4335.000 1.197
4340.000 1.238
4345.000 1.279
4350.000 1.300
4355.000 1.359
4360.000 1.389
4365.000 1.451
4370.000 1.533
4375.000 1.581
4380.000 1.679
4385.000 1.751
4390.000 1.880
4395.000 2.037
4400.000 2.146
4405.000 2.381
4410.000 2.527
4415.000 2.885
4420.000 3.368
4425.000 3.666
4430.000 4.474
4435.000 4.989
4440.000 6.221
4445.000 7.357
4450.000 7.638
4455.000 6.778
4460.000 5.908
4465.000 4.202
4470.000 3.232
4475.000 2.900
4480.000 2.338
4485.000 2.136
4490.000 1.828
4495.000 1.571
4500.000 1.474
4505.000 1.311
4510.000 1.235
4515.000 1.113
4520.000 1.022
4525.000 0.973
4530.000 0.899
4535.000 0.869
4540.000 0.805
4545.000 0.753
4550.000 0.735
4555.000 0.689
4560.000 0.674
4565.000 0.650
4570.000 0.620
4575.000 0.609
4580.000 0.589
4585.000 0.578
4590.000 0.563
4595.000 0.551
4600.000 0.546
4605.000 0.536
4610.000 0.532
4615.000 0.523
4620.000 0.514
4625.000 0.512
4630.000 0.506
4635.000 0.507
4640.000 0.504
4645.000 0.503
4650.000 0.502
4655.000 0.504
4660.000 0.502
4665.000 0.503
4670.000 0.503
4675.000 0.500
4680.000 0.500
4685.000 0.496
4690.000 0.498
4695.000 0.493
4700.000 0.486
4705.000 0.480
4710.000 0.478
4715.000 0.467
4720.000 0.462
4725.000 0.453
4730.000 0.440
4735.000 0.434
4740.000 0.426
4745.000 0.418
4750.000 0.406
4755.000 0.394
4760.000 0.386
4765.000 0.374
4770.000 0.367
4775.000 0.359
4780.000 0.350
4785.000 0.348
4790.000 0.347
4795.000 0.346
4800.000 0.356
4805.000 0.368
4810.000 0.378
4815.000 0.408
4820.000 0.424
4825.000 0.471
4830.000 0.526
4835.000 0.562
4840.000 0.641
4845.000 0.684
4850.000 0.790
4855.000 0.907
4860.000 0.968
4865.000 1.125
4870.000 1.215
4875.000 1.412
4880.000 1.657
4885.000 1.795
4890.000 2.099
4895.000 2.282
4900.000 2.770
4905.000 3.359
4910.000 3.690
4915.000 4.670
4920.000 5.268
4925.000 6.667
4930.000 8.773
4935.000 9.883
4940.000 11.689
4945.000 12.113
4950.000 11.082
4955.000 9.160
4960.000 8.172
4965.000 6.854
4970.000 6.378
4975.000 5.542
4980.000 4.981
4985.000 4.798
4990.000 4.388
4995.000 4.237
5000.000 3.995
5005.000 3.762
5010.000 3.673
5015.000 3.536
5020.000 3.449
5025.000 3.327
5030.000 3.239
5035.000 3.188
5040.000 3.102
5045.000 3.068
5050.000 2.996
5055.000 2.938
5060.000 2.916
5065.000 2.871
5070.000 2.844
5075.000 2.808
5080.000 2.768
5085.000 2.751
5090.000 2.720
5095.000 2.706
5100.000 2.671
5105.000 2.646
5110.000 2.630
5115.000 2.601
5120.000 2.589
5125.000 2.564
5130.000 2.538
5135.000 2.524
5140.000 2.503
5145.000 2.491
5150.000 2.470
5155.000 2.453
5160.000 2.445
5165.000 2.423
5170.000 2.412
5175.000 2.396
5180.000 2.378
5185.000 2.372
5190.000 2.352
5195.000 2.349
5200.000 2.334
5205.000 2.320
5210.000 2.315
5215.000 2.306
5220.000 2.300
5225.000 2.291
5230.000 2.292
5235.000 2.294
5240.000 2.296
5245.000 2.301
5250.000 2.309
5255.000 2.317
5260.000 2.322
5265.000 2.342
5270.000 2.350
5275.000 2.371
5280.000 2.385
5285.000 2.414
5290.000 2.448
5295.000 2.467
5300.000 2.516
5305.000 2.539
5310.000 2.595
5315.000 2.664
5320.000 2.701
5325.000 2.779
5330.000 2.826
5335.000 2.941
5340.000 3.054
5345.000 3.119
5350.000 3.283
5355.000 3.369
5360.000 3.553
5365.000 3.800
5370.000 3.935
5375.000 4.222
5380.000 4.430
5385.000 4.857
5390.000 5.362
5395.000 5.724
5400.000 6.528
5405.000 6.983
5410.000 8.293
5415.000 9.998
5420.000 10.982
5425.000 13.725
5430.000 15.235
5435.000 17.665
5440.000 17.377
5445.000 15.742
5450.000 12.031
5455.000 10.576
5460.000 8.183
5465.000 6.788
5470.000 6.210
5475.000 5.238
5480.000 4.880
5485.000 4.324
5490.000 3.826
5495.000 3.631
5500.000 3.317
5505.000 3.149
5510.000 2.895
5515.000 2.694
5520.000 2.591
5525.000 2.425
5530.000 2.358
5535.000 2.218
5540.000 2.107
5545.000 2.060
5550.000 1.959
5555.000 1.917
5560.000 1.842
5565.000 1.766
5570.000 1.730
5575.000 1.675
5580.000 1.643
5585.000 1.596
5590.000 1.555
5595.000 1.535
5600.000 1.496
5605.000 1.482
5610.000 1.449
5615.000 1.420
5620.000 1.411
5625.000 1.387
5630.000 1.380
5635.000 1.357
5640.000 1.341
5645.000 1.335
5650.000 1.322
5655.000 1.315
5660.000 1.305
5665.000 1.297
5670.000 1.296
5675.000 1.285
5680.000 1.287
5685.000 1.280
5690.000 1.280
5695.000 1.281
5700.000 1.287
5705.000 1.290
5710.000 1.293
5715.000 1.303
5720.000 1.308
5725.000 1.316
5730.000 1.319
5735.000 1.331
5740.000 1.344
5745.000 1.355
5750.000 1.366
5755.000 1.376
5760.000 1.397
5765.000 1.422
5770.000 1.439
5775.000 1.463
5780.000 1.482
5785.000 1.516
5790.000 1.556
5795.000 1.577
5800.000 1.625
5805.000 1.654
5810.000 1.705
5815.000 1.775
5820.000 1.808
5825.000 1.882
5830.000 1.928
5835.000 2.020
5840.000 2.121
5845.000 2.191
5850.000 2.329
5855.000 2.396
5860.000 2.589
5865.000 2.800
5870.000 2.924
5875.000 3.240
5880.000 3.414
5885.000 3.788
5890.000 4.040
5895.000 4.688
5900.000 5.433
5905.000 5.962
5910.000 7.346
5915.000 8.173
5920.000 9.974
5925.000 12.035
5930.000 12.541
5935.000 11.780
5940.000 10.401
5945.000 7.873
5950.000 6.259
5955.000 5.547
5960.000 4.598
5965.000 4.275
5970.000 3.648
5975.000 3.204
5980.000 3.044
5985.000 2.700
5990.000 2.572
5995.000 2.353
6000.000 2.152
6005.000 2.063
6010.000 1.935
6015.000 1.862
6020.000 1.741
6025.000 1.657
6030.000 1.592
6035.000 1.514
6040.000 1.483
6045.000 1.407
6050.000 1.358
6055.000 1.328
6060.000 1.278
6065.000 1.252
6070.000 1.213
6075.000 1.171
6080.000 1.155
6085.000 1.124
6090.000 1.107
6095.000 1.082
6100.000 1.057
6105.000 1.043
6110.000 1.027
6115.000 1.016
6120.000 1.002
6125.000 0.985
6130.000 0.979
6135.000 0.969
6140.000 0.960
6145.000 0.950
6150.000 0.939
6155.000 0.933
6160.000 0.925
6165.000 0.923
6170.000 0.915
6175.000 0.910
6180.000 0.911
6185.000 0.910
6190.000 0.909
6195.000 0.909
6200.000 0.908
6205.000 0.914
6210.000 0.919
6215.000 0.917
6220.000 0.925
6225.000 0.932
6230.000 0.933
6235.000 0.937
6240.000 0.945
6245.000 0.952
6250.000 0.963
6255.000 0.969
6260.000 0.983
6265.000 0.995
6270.000 1.010
6275.000 1.038
6280.000 1.049
6285.000 1.074
6290.000 1.085
6295.000 1.121
6300.000 1.155
6305.000 1.177
6310.000 1.221
6315.000 1.247
6320.000 1.296
6325.000 1.365
6330.000 1.400
6335.000 1.472
6340.000 1.521
6345.000 1.623
6350.000 1.733
6355.000 1.812
6360.000 1.977
6365.000 2.071
6370.000 2.303
6375.000 2.579
6380.000 2.747
6385.000 3.155
6390.000 3.417
6395.000 4.053
6400.000 4.929
6405.000 5.502
6410.000 6.855
6415.000 7.499
6420.000 8.898
6425.000 8.892
6430.000 8.327
6435.000 6.408
6440.000 5.664
6445.000 4.628
6450.000 3.785
6455.000 3.491
6460.000 3.031
6465.000 2.823
6470.000 2.516
6475.000 2.413
6480.000 2.181
6485.000 2.012
6490.000 1.944
6495.000 1.808
6500.000 1.753
6505.000 1.663
6510.000 1.569
6515.000 1.532
6520.000 1.468
6525.000 1.439
6530.000 1.378
6535.000 1.331
6540.000 1.308
6545.000 1.258
6550.000 1.243
6555.000 1.213
6560.000 1.184
6565.000 1.176
6570.000 1.150
6575.000 1.139
6580.000 1.120
6585.000 1.105
6590.000 1.094
6595.000 1.080
6600.000 1.073
6605.000 1.061
6610.000 1.049
6615.000 1.043
6620.000 1.036
6625.000 1.027
6630.000 1.021
6635.000 1.014
6640.000 1.014
6645.000 1.010
6650.000 1.011
6655.000 1.010
6660.000 1.007
6665.000 1.009
6670.000 1.008
6675.000 1.012
6680.000 1.016
6685.000 1.020
6690.000 1.021
6695.000 1.024
6700.000 1.027
6705.000 1.034
6710.000 1.040
6715.000 1.044
6720.000 1.053
6725.000 1.055
6730.000 1.066
6735.000 1.085
6740.000 1.094
6745.000 1.111
6750.000 1.119
6755.000 1.141
6760.000 1.155
6765.000 1.177
6770.000 1.207
6775.000 1.217
6780.000 1.249
6785.000 1.275
6790.000 1.302
6795.000 1.338
6800.000 1.357
6805.000 1.410
6810.000 1.464
6815.000 1.491
6820.000 1.565
6825.000 1.606
6830.000 1.682
6835.000 1.793
6840.000 1.848
6845.000 1.970
6850.000 2.053
6855.000 2.231
6860.000 2.425
6865.000 2.543
6870.000 2.861
6875.000 3.041
6880.000 3.438
6885.000 4.047
6890.000 4.403
6895.000 5.212
6900.000 5.850
6905.000 7.084
6910.000 8.108
6915.000 8.376
6920.000 7.690
6925.000 7.004
6930.000 5.356
6935.000 4.252
6940.000 3.905
6945.000 3.183
6950.000 2.934
6955.000 2.547
6960.000 2.207
6965.000 2.083
6970.000 1.891
6975.000 1.780
6980.000 1.624
6985.000 1.500
6990.000 1.433
6995.000 1.326
7000.000 1.293
7005.000 1.214
7010.000 1.144
7015.000 1.107
7020.000 1.051
7025.000 1.023
7030.000 0.986
7035.000 0.938
7040.000 0.917
7045.000 0.887
7050.000 0.864
7055.000 0.833
7060.000 0.824
7065.000 0.800
7070.000 0.777
7075.000 0.772
7080.000 0.758
7085.000 0.746
7090.000 0.731
7095.000 0.722
7100.000 0.711
7105.000 0.702
7110.000 0.696
7115.000 0.684
7120.000 0.676
7125.000 0.668
7130.000 0.656
7135.000 0.656
7140.000 0.649
7145.000 0.643
7150.000 0.640
7155.000 0.635
7160.000 0.639
7165.000 0.634
7170.000 0.637
7175.000 0.634
7180.000 0.634
7185.000 0.633
7190.000 0.636
7195.000 0.636
7200.000 0.636
7205.000 0.634
7210.000 0.636
7215.000 0.638
7220.000 0.643
7225.000 0.644
7230.000 0.650
7235.000 0.653
7240.000 0.663
7245.000 0.672
7250.000 0.679
7255.000 0.697
7260.000 0.701
7265.000 0.719
7270.000 0.733
7275.000 0.746
7280.000 0.764
7285.000 0.775
7290.000 0.802
7295.000 0.827
7300.000 0.846
7305.000 0.885
7310.000 0.908
7315.000 0.958
7320.000 1.015
7325.000 1.047
7330.000 1.133
7335.000 1.170
7340.000 1.274
7345.000 1.397
7350.000 1.464
7355.000 1.620
7360.000 1.718
7365.000 1.979
7370.000 2.122
7375.000 2.441
7380.000 2.961
7385.000 3.261
7390.000 3.948
7395.000 4.491
7400.000 5.554
7405.000 6.417
7410.000 6.657
7415.000 6.142
7420.000 5.618
7425.000 4.443
7430.000 3.637
7435.000 3.392
7440.000 2.851
7445.000 2.661
7450.000 2.387
7455.000 2.129
7460.000 2.033
7465.000 1.883
7470.000 1.803
7475.000 1.679
7480.000 1.591
7485.000 1.540
7490.000 1.459
7495.000 1.423
7500.000 1.355
7505.000 1.305
7510.000 1.280
7515.000 1.235
7520.000 1.217
7525.000 1.184
7530.000 1.151
7535.000 1.142
7540.000 1.116
7545.000 1.108
7550.000 1.088
7555.000 1.069
7560.000 1.058
7565.000 1.041
7570.000 1.032
7575.000 1.019
7580.000 1.005
7585.000 0.998
7590.000 0.989
7595.000 0.980
7600.000 0.973
7605.000 0.969
7610.000 0.968
7615.000 0.964
7620.000 0.962
7625.000 0.961
7630.000 0.955
7635.000 0.957
7640.000 0.960
7645.000 0.958
7650.000 0.958
7655.000 0.954
7660.000 0.953
7665.000 0.956
7670.000 0.954
7675.000 0.956
7680.000 0.958
7685.000 0.959
7690.000 0.969
7695.000 0.969
7700.000 0.977
7705.000 0.989
7710.000 0.994
7715.000 1.008
7720.000 1.018
7725.000 1.025
7730.000 1.041
7735.000 1.045
7740.000 1.061
7745.000 1.067
7750.000 1.086
7755.000 1.105
7760.000 1.111
7765.000 1.136
7770.000 1.150
7775.000 1.177
7780.000 1.213
7785.000 1.230
7790.000 1.270
7795.000 1.300
7800.000 1.346
7805.000 1.397
7810.000 1.436
7815.000 1.501
7820.000 1.538
7825.000 1.627
7830.000 1.725
7835.000 1.785
7840.000 1.909
7845.000 1.987
7850.000 2.164
7855.000 2.396
7860.000 2.525
7865.000 2.857
7870.000 3.018
7875.000 3.559
7880.000 4.203
7885.000 4.528
7890.000 5.489
7895.000 5.906
7900.000 6.372
7905.000 5.871
7910.000 5.290
7915.000 4.207
7920.000 3.619
7925.000 2.866
7930.000 2.389
7935.000 2.141
7940.000 1.840
7945.000 1.763
7950.000 1.604
7955.000 1.559
7960.000 1.442
7965.000 1.302
7970.000 1.235
7975.000 1.116
7980.000 1.060
7985.000 0.956
7990.000 0.886
7995.000 0.847
8000.000 0.776
8005.000 0.748
8010.000 0.707
8015.000 0.676
8020.000 0.658
8025.000 0.642
8030.000 0.645
8035.000 0.605
8040.000 0.589
8045.000 0.575
8050.000 0.559
8055.000 0.554
8060.000 0.541
8065.000 0.521
8070.000 0.512
8075.000 0.504
8080.000 0.496
8085.000 0.482
8090.000 0.466
8095.000 0.460
8100.000 0.450
8105.000 0.442
8110.000 0.438
8115.000 0.434
8120.000 0.435
8125.000 0.427
8130.000 0.425
8135.000 0.424
8140.000 0.420
8145.000 0.418
8150.000 0.412
8155.000 0.411
8160.000 0.409
8165.000 0.403
8170.000 0.405
8175.000 0.401
8180.000 0.398
8185.000 0.402
8190.000 0.411
8195.000 0.416
8200.000 0.427
8205.000 0.421
8210.000 0.423
8215.000 0.426
8220.000 0.425
8225.000 0.429
8230.000 0.430
8235.000 0.433
8240.000 0.435
8245.000 0.441
8250.000 0.450
8255.000 0.453
8260.000 0.464
8265.000 0.478
8270.000 0.487
8275.000 0.509
8280.000 0.518
8285.000 0.545
8290.000 0.579
8295.000 0.597
8300.000 0.633
8305.000 0.654
8310.000 0.707
8315.000 0.745
8320.000 0.757
8325.000 0.765
8330.000 0.768
8335.000 0.808
8340.000 0.939
8345.000 1.016
8350.000 1.195
8355.000 1.305
8360.000 1.561
8365.000 1.855
8370.000 2.090
8375.000 2.589
8380.000 2.827
8385.000 3.626
8390.000 4.385
8395.000 4.650
8400.000 4.845
8405.000 4.633
8410.000 4.005
8415.000 3.272
8420.000 3.007
8425.000 2.629
8430.000 2.425
8435.000 2.161
8440.000 1.975
8445.000 1.863
8450.000 1.723
8455.000 1.677
8460.000 1.552
8465.000 1.468
8470.000 1.432
8475.000 1.367
8480.000 1.340
8485.000 1.299
8490.000 1.254
8495.000 1.235
8500.000 1.196
8505.000 1.180
8510.000 1.144
8515.000 1.117
8520.000 1.101
8525.000 1.073
8530.000 1.062
8535.000 1.042
8540.000 1.019
8545.000 1.011
8550.000 0.993
8555.000 0.988
8560.000 0.974
8565.000 0.969
8570.000 0.962
8575.000 0.953
8580.000 0.951
8585.000 0.946
8590.000 0.945
8595.000 0.937
8600.000 0.936
8605.000 0.932
8610.000 0.924
8615.000 0.920
8620.000 0.921
8625.000 0.911
8630.000 0.907
8635.000 0.907
8640.000 0.904
8645.000 0.903
8650.000 0.899
8655.000 0.900
8660.000 0.899
8665.000 0.898
8670.000 0.898
8675.000 0.909
8680.000 0.915
8685.000 0.925
8690.000 0.932
8695.000 0.938
8700.000 0.951
8705.000 0.950
8710.000 0.961
8715.000 0.965
8720.000 0.968
8725.000 0.981
8730.000 0.991
8735.000 1.003
8740.000 1.011
8745.000 1.029
8750.000 1.052
8755.000 1.067
8760.000 1.085
8765.000 1.096
8770.000 1.129
8775.000 1.161
8780.000 1.172
8785.000 1.211
8790.000 1.229
8795.000 1.268
8800.000 1.319
8805.000 1.348
8810.000 1.401
8815.000 1.445
8820.000 1.519
8825.000 1.595
8830.000 1.649
8835.000 1.801
8840.000 1.887
8845.000 2.057
8850.000 2.301
8855.000 2.432
8860.000 2.746
8865.000 2.960
8870.000 3.417
8875.000 3.875
8880.000 4.191
8885.000 4.601
8890.000 4.671
8895.000 4.349
8900.000 3.551
8905.000 3.230
8910.000 2.469
8915.000 2.212
8920.000 1.838
8925.000 1.492
8930.000 1.371
8935.000 1.187
8940.000 1.080
8945.000 0.939
8950.000 0.839
8955.000 0.772
8960.000 0.688
8965.000 0.663
8970.000 0.588
8975.000 0.537
8980.000 0.520
8985.000 0.468
8990.000 0.459
8995.000 0.431
9000.000 0.394
9005.000 0.381
9010.000 0.364
9015.000 0.354
9020.000 0.329
9025.000 0.320
9030.000 0.307
9035.000 0.297
9040.000 0.289
9045.000 0.275
9050.000 0.268
9055.000 0.258
9060.000 0.256
9065.000 0.251
9070.000 0.244
9075.000 0.246
9080.000 0.243
9085.000 0.242
9090.000 0.238
9095.000 0.237
9100.000 0.229
9105.000 0.226
9110.000 0.223
9115.000 0.221
9120.000 0.218
9125.000 0.211
9130.000 0.212
9135.000 0.208
9140.000 0.205
9145.000 0.204
9150.000 0.202
9155.000 0.200
9160.000 0.196
9165.000 0.199
9170.000 0.199
9175.000 0.199
9180.000 0.196
9185.000 0.197
9190.000 0.194
9195.000 0.192
9200.000 0.191
9205.000 0.184
9210.000 0.184
9215.000 0.177
9220.000 0.174
9225.000 0.172
9230.000 0.169
9235.000 0.171
9240.000 0.170
9245.000 0.179
9250.000 0.180
9255.000 0.190
9260.000 0.199
9265.000 0.205
9270.000 0.219
9275.000 0.229
9280.000 0.242
9285.000 0.264
9290.000 0.284
9295.000 0.313
9300.000 0.337
9305.000 0.376
9310.000 0.439
9315.000 0.474
9320.000 0.548
9325.000 0.593
9330.000 0.714
9335.000 0.835
9340.000 0.915
9345.000 1.105
9350.000 1.205
9355.000 1.393
9360.000 1.685
9365.000 1.853
9370.000 2.241
9375.000 2.550
9380.000 3.100
9385.000 3.448
9390.000 3.491
9395.000 3.203
9400.000 3.026
9405.000 2.551
9410.000 2.221
9415.000 2.108
9420.000 1.858
9425.000 1.767
9430.000 1.630
9435.000 1.490
9440.000 1.436
9445.000 1.367
9450.000 1.325
9455.000 1.255
9460.000 1.210
9465.000 1.182
9470.000 1.140
9475.000 1.119
9480.000 1.081
9485.000 1.052
9490.000 1.037
9495.000 1.002
9500.000 0.989
9505.000 0.970
9510.000 0.945
9515.000 0.937
9520.000 0.924
9525.000 0.917
9530.000 0.903
9535.000 0.892
9540.000 0.889
9545.000 0.884
9550.000 0.878
9555.000 0.869
9560.000 0.858
9565.000 0.857
9570.000 0.849
9575.000 0.845
9580.000 0.838
9585.000 0.829
9590.000 0.826
9595.000 0.821
9600.000 0.818
9605.000 0.812
9610.000 0.812
9615.000 0.810
9620.000 0.814
9625.000 0.815
9630.000 0.822
9635.000 0.828
9640.000 0.826
9645.000 0.828
9650.000 0.827
9655.000 0.829
9660.000 0.829
9665.000 0.824
9670.000 0.828
9675.000 0.833
9680.000 0.828
9685.000 0.833
9690.000 0.837
9695.000 0.841
9700.000 0.848
9705.000 0.856
9710.000 0.868
9715.000 0.875
9720.000 0.880
9725.000 0.892
9730.000 0.903
9735.000 0.914
9740.000 0.918
9745.000 0.937
9750.000 0.947
9755.000 0.955
9760.000 0.964
9765.000 0.985
9770.000 1.011
9775.000 1.022
9780.000 1.052
9785.000 1.065
9790.000 1.111
9795.000 1.155
9800.000 1.175
9805.000 1.246
9810.000 1.274
9815.000 1.339
9820.000 1.432
9825.000 1.485
9830.000 1.587
9835.000 1.664
9840.000 1.832
9845.000 2.008
9850.000 2.132
9855.000 2.452
9860.000 2.603
9865.000 2.869
9870.000 3.024
9875.000 2.964
9880.000 2.626
9885.000 2.299
9890.000 1.770
9895.000 1.371
9900.000 1.210
9905.000 0.970
9910.000 0.902
9915.000 0.757
9920.000 0.673
9925.000 0.640
9930.000 0.545
9935.000 0.498
9940.000 0.433
9945.000 0.354
9950.000 0.323
9955.000 0.279
9960.000 0.255
9965.000 0.221
9970.000 0.190
9975.000 0.179
9980.000 0.166
9985.000 0.158
9990.000 0.147
9995.000 0.139
10000.000 0.139
10005.000 0.135
10010.000 0.136
10015.000 0.133
10020.000 0.140
10025.000 0.135
10030.000 0.142
10035.000 0.148
10040.000 0.151
10045.000 0.158
10050.000 0.162
10055.000 0.169
10060.000 0.168
10065.000 0.178
10070.000 0.181
10075.000 0.185
10080.000 0.182
10085.000 0.185
10090.000 0.186
10095.000 0.180
10100.000 0.179
10105.000 0.179
10110.000 0.175
10115.000 0.178
10120.000 0.178
10125.000 0.175
10130.000 0.178
10135.000 0.176
10140.000 0.181
10145.000 0.181
10150.000 0.175
10155.000 0.179
10160.000 0.179
10165.000 0.174
10170.000 0.168
10175.000 0.166
10180.000 0.159
10185.000 0.156
10190.000 0.146
10195.000 0.137
10200.000 0.134
10205.000 0.123
10210.000 0.119
10215.000 0.115
10220.000 0.109
10225.000 0.107
10230.000 0.098
10235.000 0.096
10240.000 0.083
10245.000 0.071
10250.000 0.063
10255.000 0.045
10260.000 0.032
10265.000 0.011
10270.000 0.024
10275.000 0.037
10280.000 0.069
10285.000 0.088
10290.000 0.129
10295.000 0.180
10300.000 0.207
10305.000 0.264
10310.000 0.288
10315.000 0.377
10320.000 0.479
10325.000 0.524
10330.000 0.687
10335.000 0.770
10340.000 0.955
10345.000 1.106
10350.000 1.440
10355.000 1.765
10360.000 1.998
10365.000 2.338
10370.000 2.421
10375.000 2.392
10380.000 2.141
10385.000 2.014
10390.000 1.777
10395.000 1.676
10400.000 1.511
10405.000 1.383
10410.000 1.330
10415.000 1.248
10420.000 1.216
10425.000 1.137
10430.000 1.093
10435.000 1.067
10440.000 1.019
10445.000 1.000
10450.000 0.965
10455.000 0.928
10460.000 0.918
10465.000 0.895
10470.000 0.878
10475.000 0.860
10480.000 0.848
10485.000 0.842
10490.000 0.824
10495.000 0.826
10500.000 0.819
10505.000 0.808
10510.000 0.806
10515.000 0.797
10520.000 0.791
10525.000 0.785
10530.000 0.768
10535.000 0.754
10540.000 0.744
10545.000 0.732
10550.000 0.726
10555.000 0.721
10560.000 0.720
10565.000 0.714
10570.000 0.716
10575.000 0.718
10580.000 0.713
10585.000 0.714
10590.000 0.715
10595.000 0.717
10600.000 0.717
10605.000 0.713
10610.000 0.712
10615.000 0.712
10620.000 0.710
10625.000 0.705
10630.000 0.711
10635.000 0.704
10640.000 0.702
10645.000 0.705
10650.000 0.706
10655.000 0.707
10660.000 0.710
10665.000 0.715
10670.000 0.716
10675.000 0.721
10680.000 0.725
10685.000 0.733
10690.000 0.737
10695.000 0.741
10700.000 0.742
10705.000 0.746
10710.000 0.748
10715.000 0.754
10720.000 0.755
10725.000 0.765
10730.000 0.766
10735.000 0.780
10740.000 0.788
10745.000 0.803
10750.000 0.814
10755.000 0.820
10760.000 0.844
10765.000 0.866
10770.000 0.879
10775.000 0.901
10780.000 0.913
10785.000 0.945
10790.000 0.975
10795.000 0.995
10800.000 1.038
10805.000 1.054
10810.000 1.119
10815.000 1.188
10820.000 1.217
10825.000 1.329
10830.000 1.385
10835.000 1.497
10840.000 1.668
10845.000 1.751
10850.000 1.868
10855.000 1.915
10860.000 1.893
10865.000 1.750
10870.000 1.604
10875.000 1.333
10880.000 1.199
10885.000 0.920
10890.000 0.696
10895.000 0.630
10900.000 0.462
10905.000 0.405
10910.000 0.323
10915.000 0.233
10920.000 0.201
10925.000 0.159
10930.000 0.132
10935.000 0.103
10940.000 0.093
10945.000 0.084
10950.000 0.093
10955.000 0.096
10960.000 0.103
10965.000 0.119
10970.000 0.128
10975.000 0.135
10980.000 0.141
10985.000 0.148
10990.000 0.157
10995.000 0.172
11000.000 0.174
11005.000 0.180
11010.000 0.192
11015.000 0.199
11020.000 0.203
11025.000 0.211
11030.000 0.216
11035.000 0.221
11040.000 0.228
11045.000 0.230
11050.000 0.230
11055.000 0.232
11060.000 0.232
11065.000 0.231
11070.000 0.234
11075.000 0.237
11080.000 0.235
11085.000 0.240
11090.000 0.242
11095.000 0.242
11100.000 0.246
11105.000 0.245
11110.000 0.249
11115.000 0.255
11120.000 0.252
11125.000 0.252
11130.000 0.255
11135.000 0.249
11140.000 0.249
11145.000 0.244
11150.000 0.242
11155.000 0.241
11160.000 0.239
11165.000 0.237
11170.000 0.235
11175.000 0.231
11180.000 0.229
11185.000 0.225
11190.000 0.226
11195.000 0.225
11200.000 0.215
11205.000 0.214
11210.000 0.206
11215.000 0.197
11220.000 0.192
11225.000 0.182
11230.000 0.182
11235.000 0.172
11240.000 0.167
11245.000 0.157
11250.000 0.148
11255.000 0.141
11260.000 0.135
11265.000 0.132
11270.000 0.125
11275.000 0.124
11280.000 0.128
11285.000 0.142
11290.000 0.146
11295.000 0.170
11300.000 0.221
11305.000 0.248
11310.000 0.309
11315.000 0.346
11320.000 0.464
11325.000 0.578
11330.000 0.655
11335.000 0.886
11340.000 1.006
11345.000 1.234
11350.000 1.546
11355.000 1.653
11360.000 1.745
11365.000 1.729
11370.000 1.594
11375.000 1.460
11380.000 1.367
11385.000 1.244
11390.000 1.205
11395.000 1.100
11400.000 1.028
11405.000 1.005
11410.000 0.946
11415.000 0.918
11420.000 0.883
11425.000 0.843
11430.000 0.830
11435.000 0.807
11440.000 0.791
11445.000 0.772
11450.000 0.757
11455.000 0.745
11460.000 0.731
11465.000 0.726
11470.000 0.718
11475.000 0.703
11480.000 0.700
11485.000 0.684
11490.000 0.680
11495.000 0.671
11500.000 0.662
11505.000 0.657
11510.000 0.652
11515.000 0.649
11520.000 0.639
11525.000 0.639
11530.000 0.637
11535.000 0.635
11540.000 0.632
11545.000 0.634
11550.000 0.629
11555.000 0.631
11560.000 0.635
11565.000 0.634
11570.000 0.635
11575.000 0.629
11580.000 0.628
11585.000 0.623
11590.000 0.624
11595.000 0.616
11600.000 0.619
11605.000 0.615
11610.000 0.615
11615.000 0.615
11620.000 0.619
11625.000 0.617
11630.000 0.620
11635.000 0.621
11640.000 0.623
11645.000 0.622
11650.000 0.627
11655.000 0.626
11660.000 0.627
11665.000 0.629
11670.000 0.627
11675.000 0.629
11680.000 0.633
11685.000 0.636
11690.000 0.636
11695.000 0.642
11700.000 0.645
11705.000 0.650
11710.000 0.657
11715.000 0.659
11720.000 0.669
11725.000 0.674
11730.000 0.684
11735.000 0.693
11740.000 0.697
11745.000 0.706
11750.000 0.715
11755.000 0.726
11760.000 0.736
11765.000 0.748
11770.000 0.766
11775.000 0.786
11780.000 0.802
11785.000 0.828
11790.000 0.842
11795.000 0.887
11800.000 0.930
11805.000 0.948
11810.000 1.023
11815.000 1.053
11820.000 1.118
11825.000 1.153
11830.000 1.239
11835.000 1.290
11840.000 1.295
11845.000 1.256
11850.000 1.190
11855.000 1.029
11860.000 0.770
11865.000 0.665
11870.000 0.508
11875.000 0.421
11880.000 0.310
11885.000 0.236
11890.000 0.192
11895.000 0.151
11900.000 0.137
11905.000 0.118
11910.000 0.115
11915.000 0.114
11920.000 0.123
11925.000 0.126
11930.000 0.128
11935.000 0.136
11940.000 0.145
11945.000 0.159
11950.000 0.167
11955.000 0.181
11960.000 0.190
11965.000 0.204
11970.000 0.209
11975.000 0.216
11980.000 0.225
11985.000 0.233
11990.000 0.236
11995.000 0.246
12000.000 0.249
