105.000 0.517
110.000 4.481
115.000 4.440
120.000 4.489
125.000 4.959
130.000 4.703
135.000 5.222
140.000 5.046
145.000 5.230
150.000 5.465
155.000 5.381
160.000 5.580
165.000 5.499
170.000 5.693
175.000 5.945
180.000 6.105
185.000 6.236
190.000 6.390
195.000 6.637
200.000 6.581
205.000 6.984
210.000 7.102
215.000 7.145
220.000 7.925
225.000 7.654
230.000 8.098
235.000 8.336
240.000 8.566
245.000 8.944
250.000 9.349
255.000 9.662
260.000 10.182
265.000 10.482
270.000 10.834
275.000 11.474
280.000 12.141
285.000 12.697
290.000 13.109
295.000 13.940
300.000 14.984
305.000 15.528
310.000 16.750
315.000 17.408
320.000 18.862
325.000 20.581
330.000 21.527
335.000 23.609
340.000 24.962
345.000 27.649
350.000 29.218
355.000 32.737
360.000 36.620
365.000 39.499
370.000 44.868
375.000 48.081
380.000 55.254
385.000 64.523
390.000 70.028
395.000 82.668
400.000 90.300
405.000 108.494
410.000 128.722
415.000 134.718
420.000 142.444
425.000 145.181
430.000 148.844
435.000 150.958
440.000 151.586
445.000 152.160
450.000 152.080
455.000 150.900
460.000 147.715
465.000 145.091
470.000 136.909
475.000 130.118
480.000 106.675
485.000 85.831
490.000 77.263
495.000 63.864
500.000 58.404
505.000 49.286
510.000 41.927
515.000 39.034
520.000 33.821
525.000 31.625
530.000 27.798
535.000 24.582
540.000 23.212
545.000 20.787
550.000 19.729
555.000 17.816
560.000 16.198
565.000 15.482
570.000 14.155
575.000 13.569
580.000 12.523
585.000 11.602
590.000 11.163
595.000 10.429
600.000 10.061
605.000 9.431
610.000 8.857
615.000 8.590
620.000 8.021
625.000 7.934
630.000 7.478
635.000 7.091
640.000 6.958
645.000 6.635
650.000 6.486
655.000 6.236
660.000 5.995
665.000 5.881
670.000 5.689
675.000 5.600
680.000 5.426
685.000 5.287
690.000 5.214
695.000 5.100
700.000 5.034
705.000 4.934
710.000 4.846
715.000 4.819
720.000 4.758
725.000 4.739
730.000 4.700
735.000 4.675
740.000 4.664
745.000 4.677
750.000 4.681
755.000 4.711
760.000 4.757
765.000 4.762
770.000 4.829
775.000 4.874
780.000 4.991
785.000 5.086
790.000 5.288
795.000 5.499
800.000 5.699
805.000 6.015
810.000 6.434
815.000 6.650
820.000 7.216
825.000 7.566
830.000 8.367
835.000 9.529
840.000 10.259
845.000 12.208
850.000 13.551
855.000 17.331
860.000 23.077
865.000 26.702
870.000 32.879
875.000 32.504
880.000 21.470
885.000 13.560
890.000 11.469
895.000 8.744
900.000 7.781
905.000 6.321
910.000 5.305
915.000 4.904
920.000 4.227
925.000 3.960
930.000 3.511
935.000 3.291
940.000 2.971
945.000 2.703
950.000 2.572
955.000 2.384
960.000 2.277
965.000 2.126
970.000 1.974
975.000 1.922
980.000 1.812
985.000 1.770
990.000 1.677
995.000 1.608
1000.000 1.564
1005.000 1.500
1010.000 1.474
1015.000 1.441
1020.000 1.383
1025.000 1.371
1030.000 1.329
1035.000 1.321
1040.000 1.293
1045.000 1.275
1050.000 1.273
1055.000 1.256
1060.000 1.248
1065.000 1.245
1070.000 1.239
1075.000 1.239
1080.000 1.228
1085.000 1.236
1090.000 1.240
1095.000 1.251
1100.000 1.252
1105.000 1.269
1110.000 1.278
1115.000 1.298
1120.000 1.316
1125.000 1.329
1130.000 1.357
1135.000 1.369
1140.000 1.400
1145.000 1.439
1150.000 1.458
1155.000 1.501
1160.000 1.521
1165.000 1.579
1170.000 1.639
1175.000 1.674
1180.000 1.745
1185.000 1.790
1190.000 1.880
1195.000 1.984
1200.000 2.045
1205.000 2.172
1210.000 2.245
1215.000 2.414
1220.000 2.607
1225.000 2.720
1230.000 2.990
1235.000 3.134
1240.000 3.475
1245.000 3.918
1250.000 4.176
1255.000 4.787
1260.000 5.186
1265.000 6.166
1270.000 7.516
1275.000 8.465
1280.000 10.984
1285.000 12.701
1290.000 17.396
1295.000 22.980
1300.000 24.605
1305.000 20.879
1310.000 16.465
1315.000 11.481
1320.000 8.862
1325.000 7.983
1330.000 6.697
1335.000 6.195
1340.000 5.404
1345.000 4.826
1350.000 4.585
1355.000 4.171
1360.000 4.005
1365.000 3.719
1370.000 3.473
1375.000 3.371
1380.000 3.193
1385.000 3.107
1390.000 2.968
1395.000 2.849
1400.000 2.795
1405.000 2.699
1410.000 2.661
1415.000 2.582
1420.000 2.518
1425.000 2.487
1430.000 2.440
1435.000 2.420
1440.000 2.376
1445.000 2.343
1450.000 2.329
1455.000 2.302
1460.000 2.292
1465.000 2.275
1470.000 2.264
1475.000 2.258
1480.000 2.253
1485.000 2.249
1490.000 2.254
1495.000 2.255
1500.000 2.261
1505.000 2.273
1510.000 2.280
1515.000 2.298
1520.000 2.315
1525.000 2.327
1530.000 2.355
1535.000 2.367
1540.000 2.400
1545.000 2.413
1550.000 2.446
1555.000 2.489
1560.000 2.508
1565.000 2.548
1570.000 2.567
1575.000 2.613
1580.000 2.664
1585.000 2.686
1590.000 2.743
1595.000 2.770
1600.000 2.828
1605.000 2.885
1610.000 2.929
1615.000 3.008
1620.000 3.065
1625.000 3.181
1630.000 3.338
1635.000 3.442
1640.000 3.711
1645.000 3.875
1650.000 4.334
1655.000 4.914
1660.000 5.261
1665.000 6.130
1670.000 6.643
1675.000 7.880
1680.000 9.467
1685.000 10.422
1690.000 12.766
1695.000 14.154
1700.000 17.901
1705.000 23.029
1710.000 26.164
1715.000 34.616
1720.000 39.391
1725.000 47.647
1730.000 47.674
1735.000 43.332
1740.000 33.390
1745.000 29.571
1750.000 23.930
1755.000 20.285
1760.000 18.792
1765.000 16.541
1770.000 15.630
1775.000 14.135
1780.000 12.952
1785.000 12.453
1790.000 11.608
1795.000 11.230
1800.000 10.587
1805.000 10.033
1810.000 9.800
1815.000 9.378
1820.000 9.194
1825.000 8.834
1830.000 8.682
1835.000 8.423
1840.000 8.198
1845.000 8.097
1850.000 7.927
1855.000 7.840
1860.000 7.699
1865.000 7.580
1870.000 7.525
1875.000 7.428
1880.000 7.387
1885.000 7.316
1890.000 7.263
1895.000 7.235
1900.000 7.200
1905.000 7.185
1910.000 7.168
1915.000 7.161
1920.000 7.158
1925.000 7.171
1930.000 7.178
1935.000 7.210
1940.000 7.249
1945.000 7.266
1950.000 7.324
1955.000 7.348
1960.000 7.415
1965.000 7.503
1970.000 7.541
1975.000 7.638
1980.000 7.690
1985.000 7.822
1990.000 7.950
1995.000 8.012
2000.000 8.175
2005.000 8.254
2010.000 8.429
2015.000 8.615
2020.000 8.718
2025.000 8.938
2030.000 9.056
2035.000 9.324
2040.000 9.597
2045.000 9.756
2050.000 10.083
2055.000 10.253
2060.000 10.646
2065.000 11.087
2070.000 11.309
2075.000 11.839
2080.000 12.119
2085.000 12.727
2090.000 13.450
2095.000 13.836
2100.000 14.693
2105.000 15.187
2110.000 16.301
2115.000 17.548
2120.000 18.273
2125.000 20.067
2130.000 21.014
2135.000 23.097
2140.000 25.677
2145.000 27.082
2150.000 30.033
2155.000 31.663
2160.000 34.574
2165.000 36.562
2170.000 36.982
2175.000 36.131
2180.000 34.933
2185.000 31.505
2190.000 27.730
2195.000 26.015
2200.000 22.624
2205.000 21.174
2210.000 18.726
2215.000 16.573
2220.000 15.669
2225.000 14.137
2230.000 13.443
2235.000 12.196
2240.000 11.198
2245.000 10.728
2250.000 9.896
2255.000 9.534
2260.000 8.890
2265.000 8.304
2270.000 8.040
2275.000 7.587
2280.000 7.359
2285.000 6.962
2290.000 6.620
2295.000 6.448
2300.000 6.156
2305.000 6.027
2310.000 5.772
2315.000 5.549
2320.000 5.454
2325.000 5.259
2330.000 5.174
2335.000 5.022
2340.000 4.876
2345.000 4.810
2350.000 4.693
2355.000 4.640
2360.000 4.535
2365.000 4.454
2370.000 4.410
2375.000 4.342
2380.000 4.304
2385.000 4.253
2390.000 4.208
2395.000 4.189
2400.000 4.156
2405.000 4.143
2410.000 4.130
2415.000 4.117
2420.000 4.119
2425.000 4.128
2430.000 4.134
2435.000 4.155
2440.000 4.173
2445.000 4.207
2450.000 4.262
2455.000 4.291
2460.000 4.356
2465.000 4.397
2470.000 4.489
2475.000 4.594
2480.000 4.657
2485.000 4.788
2490.000 4.865
2495.000 5.034
2500.000 5.237
2505.000 5.346
2510.000 5.589
2515.000 5.730
2520.000 6.039
2525.000 6.396
2530.000 6.611
2535.000 7.090
2540.000 7.347
2545.000 8.000
2550.000 8.778
2555.000 9.201
2560.000 10.316
2565.000 10.965
2570.000 12.487
2575.000 14.680
2580.000 15.994
2585.000 19.184
2590.000 21.237
2595.000 26.172
2600.000 30.741
2605.000 32.049
2610.000 30.384
2615.000 27.532
2620.000 21.538
2625.000 16.843
2630.000 15.162
2635.000 12.648
2640.000 11.582
2645.000 9.971
2650.000 8.779
2655.000 8.229
2660.000 7.379
2665.000 7.040
2670.000 6.386
2675.000 5.870
2680.000 5.658
2685.000 5.238
2690.000 5.066
2695.000 4.756
2700.000 4.475
2705.000 4.353
2710.000 4.135
2715.000 4.032
2720.000 3.831
2725.000 3.678
2730.000 3.598
2735.000 3.456
2740.000 3.402
2745.000 3.289
2750.000 3.183
2755.000 3.135
2760.000 3.054
2765.000 3.013
2770.000 2.945
2775.000 2.876
2780.000 2.847
2785.000 2.794
2790.000 2.773
2795.000 2.729
2800.000 2.690
2805.000 2.677
2810.000 2.648
2815.000 2.630
2820.000 2.613
2825.000 2.599
2830.000 2.592
2835.000 2.583
2840.000 2.580
2845.000 2.581
2850.000 2.583
2855.000 2.586
2860.000 2.602
2865.000 2.609
2870.000 2.625
2875.000 2.657
2880.000 2.673
2885.000 2.710
2890.000 2.732
2895.000 2.780
2900.000 2.836
2905.000 2.867
2910.000 2.942
2915.000 2.978
2920.000 3.067
2925.000 3.170
2930.000 3.227
2935.000 3.354
2940.000 3.429
2945.000 3.584
2950.000 3.781
2955.000 3.892
2960.000 4.132
2965.000 4.261
2970.000 4.600
2975.000 4.985
2980.000 5.215
2985.000 5.785
2990.000 6.110
2995.000 6.883
3000.000 8.011
3005.000 8.688
3010.000 10.392
3015.000 11.734
3020.000 14.741
3025.000 16.458
3030.000 20.404
3035.000 22.006
3040.000 20.828
3045.000 15.468
3050.000 13.143
3055.000 10.111
3060.000 8.003
3065.000 7.251
3070.000 6.140
3075.000 5.667
3080.000 4.912
3085.000 4.362
3090.000 4.125
3095.000 3.703
3100.000 3.524
3105.000 3.232
3110.000 2.977
3115.000 2.866
3120.000 2.677
3125.000 2.585
3130.000 2.428
3135.000 2.292
3140.000 2.231
3145.000 2.124
3150.000 2.078
3155.000 1.982
3160.000 1.905
3165.000 1.869
3170.000 1.802
3175.000 1.771
3180.000 1.716
3185.000 1.668
3190.000 1.651
3195.000 1.611
3200.000 1.592
3205.000 1.556
3210.000 1.531
3215.000 1.515
3220.000 1.494
3225.000 1.485
3230.000 1.467
3235.000 1.456
3240.000 1.451
3245.000 1.441
3250.000 1.435
3255.000 1.433
3260.000 1.431
3265.000 1.432
3270.000 1.434
3275.000 1.439
3280.000 1.448
3285.000 1.463
3290.000 1.470
3295.000 1.488
3300.000 1.500
3305.000 1.520
3310.000 1.552
3315.000 1.563
3320.000 1.596
3325.000 1.618
3330.000 1.665
3335.000 1.711
3340.000 1.741
3345.000 1.800
3350.000 1.834
3355.000 1.912
3360.000 2.000
3365.000 2.047
3370.000 2.159
3375.000 2.222
3380.000 2.352
3385.000 2.516
3390.000 2.606
3395.000 2.818
3400.000 2.929
3405.000 3.220
3410.000 3.563
3415.000 3.759
3420.000 4.276
3425.000 4.578
3430.000 5.305
3435.000 6.380
3440.000 7.052
3445.000 8.709
3450.000 9.860
3455.000 12.744
3460.000 15.474
3465.000 16.173
3470.000 14.362
3475.000 12.328
3480.000 9.125
3485.000 7.078
3490.000 6.389
3495.000 5.298
3500.000 4.901
3505.000 4.257
3510.000 3.757
3515.000 3.560
3520.000 3.216
3525.000 3.088
3530.000 2.821
3535.000 2.621
3540.000 2.530
3545.000 2.360
3550.000 2.292
3555.000 2.163
3560.000 2.055
3565.000 1.998
3570.000 1.917
3575.000 1.871
3580.000 1.801
3585.000 1.742
3590.000 1.706
3595.000 1.655
3600.000 1.632
3605.000 1.585
3610.000 1.562
3615.000 1.526
3620.000 1.492
3625.000 1.477
3630.000 1.448
3635.000 1.435
3640.000 1.413
3645.000 1.395
3650.000 1.383
3655.000 1.367
3660.000 1.361
3665.000 1.347
3670.000 1.336
3675.000 1.330
3680.000 1.324
3685.000 1.324
3690.000 1.318
3695.000 1.316
3700.000 1.318
3705.000 1.318
3710.000 1.321
3715.000 1.324
3720.000 1.331
3725.000 1.340
3730.000 1.347
3735.000 1.353
3740.000 1.368
3745.000 1.388
3750.000 1.397
3755.000 1.419
3760.000 1.434
3765.000 1.467
3770.000 1.498
3775.000 1.513
3780.000 1.561
3785.000 1.583
3790.000 1.635
3795.000 1.700
3800.000 1.732
3805.000 1.806
3810.000 1.854
3815.000 1.953
3820.000 2.063
3825.000 2.133
3830.000 2.286
3835.000 2.369
3840.000 2.594
3845.000 2.850
3850.000 2.986
3855.000 3.395
3860.000 3.629
3865.000 4.212
3870.000 5.074
3875.000 5.610
3880.000 7.003
3885.000 7.854
3890.000 9.993
3895.000 11.245
3900.000 10.954
3905.000 8.072
3910.000 6.789
3915.000 5.150
3920.000 4.030
3925.000 3.643
3930.000 3.079
3935.000 2.823
3940.000 2.454
3945.000 2.174
3950.000 2.041
3955.000 1.848
3960.000 1.759
3965.000 1.613
3970.000 1.482
3975.000 1.428
3980.000 1.341
3985.000 1.308
3990.000 1.234
3995.000 1.170
4000.000 1.135
4005.000 1.076
4010.000 1.056
4015.000 1.024
4020.000 0.987
4025.000 0.958
4030.000 0.933
4035.000 0.913
4040.000 0.891
4045.000 0.878
4050.000 0.865
4055.000 0.853
4060.000 0.835
4065.000 0.824
4070.000 0.815
4075.000 0.806
4080.000 0.802
4085.000 0.797
4090.000 0.788
4095.000 0.783
4100.000 0.780
4105.000 0.778
4110.000 0.775
4115.000 0.775
4120.000 0.774
4125.000 0.777
4130.000 0.777
4135.000 0.780
4140.000 0.785
4145.000 0.790
4150.000 0.796
4155.000 0.803
4160.000 0.806
4165.000 0.818
4170.000 0.834
4175.000 0.842
4180.000 0.861
4185.000 0.868
4190.000 0.887
4195.000 0.911
4200.000 0.927
4205.000 0.951
4210.000 0.968
4215.000 0.995
4220.000 1.016
4225.000 1.051
4230.000 1.091
4235.000 1.112
4240.000 1.156
4245.000 1.185
4250.000 1.256
4255.000 1.327
4260.000 1.387
4265.000 1.503
4270.000 1.572
4275.000 1.738
4280.000 1.954
4285.000 2.091
4290.000 2.409
4295.000 2.633
4300.000 3.177
4305.000 3.925
4310.000 4.460
4315.000 5.750
4320.000 6.442
4325.000 7.811
4330.000 7.690
4335.000 6.947
4340.000 5.068
4345.000 4.442
4350.000 3.603
4355.000 2.971
4360.000 2.745
4365.000 2.413
4370.000 2.255
4375.000 2.032
4380.000 1.869
4385.000 1.782
4390.000 1.656
4395.000 1.603
4400.000 1.507
4405.000 1.431
4410.000 1.400
4415.000 1.336
4420.000 1.309
4425.000 1.258
4430.000 1.212
4435.000 1.197
4440.000 1.165
4445.000 1.150
4450.000 1.122
4455.000 1.097
4460.000 1.087
4465.000 1.072
4470.000 1.064
4475.000 1.048
4480.000 1.038
4485.000 1.034
4490.000 1.026
4495.000 1.018
4500.000 1.013
4505.000 1.008
4510.000 1.006
4515.000 1.000
4520.000 1.001
4525.000 0.997
4530.000 1.002
4535.000 1.002
4540.000 1.006
4545.000 1.006
4550.000 1.014
4555.000 1.021
4560.000 1.026
4565.000 1.032
4570.000 1.042
4575.000 1.053
4580.000 1.071
4585.000 1.071
4590.000 1.088
4595.000 1.100
4600.000 1.113
4605.000 1.138
4610.000 1.148
4615.000 1.170
4620.000 1.181
4625.000 1.198
4630.000 1.223
4635.000 1.236
4640.000 1.270
4645.000 1.287
4650.000 1.329
4655.000 1.367
4660.000 1.386
4665.000 1.436
4670.000 1.463
4675.000 1.512
4680.000 1.581
4685.000 1.615
4690.000 1.685
4695.000 1.729
4700.000 1.837
4705.000 1.951
4710.000 2.030
4715.000 2.220
4720.000 2.331
4725.000 2.587
4730.000 2.987
4735.000 3.231
4740.000 3.803
4745.000 4.225
4750.000 5.068
4755.000 5.609
4760.000 5.531
4765.000 4.429
4770.000 3.781
4775.000 2.703
4780.000 2.075
4785.000 1.877
4790.000 1.503
4795.000 1.373
4800.000 1.165
4805.000 1.081
4810.000 0.943
4815.000 0.844
4820.000 0.799
4825.000 0.729
4830.000 0.699
4835.000 0.652
4840.000 0.608
4845.000 0.595
4850.000 0.570
4855.000 0.561
4860.000 0.542
4865.000 0.532
4870.000 0.526
4875.000 0.520
4880.000 0.515
4885.000 0.513
4890.000 0.518
4895.000 0.517
4900.000 0.522
4905.000 0.527
4910.000 0.527
4915.000 0.536
4920.000 0.537
4925.000 0.546
4930.000 0.550
4935.000 0.566
4940.000 0.584
4945.000 0.593
4950.000 0.609
4955.000 0.619
4960.000 0.642
4965.000 0.678
4970.000 0.689
4975.000 0.716
4980.000 0.738
4985.000 0.774
4990.000 0.822
4995.000 0.836
5000.000 0.888
5005.000 0.914
5010.000 0.971
5015.000 1.020
5020.000 1.061
5025.000 1.138
5030.000 1.168
5035.000 1.245
5040.000 1.337
5045.000 1.376
5050.000 1.481
5055.000 1.534
5060.000 1.651
5065.000 1.767
5070.000 1.843
5075.000 1.982
5080.000 2.062
5085.000 2.228
5090.000 2.416
5095.000 2.516
5100.000 2.755
5105.000 2.871
5110.000 3.140
5115.000 3.273
5120.000 3.633
5125.000 4.000
5130.000 4.226
5135.000 4.777
5140.000 5.079
5145.000 5.731
5150.000 6.675
5155.000 7.220
5160.000 8.458
5165.000 9.404
5170.000 11.482
5175.000 14.094
5180.000 15.925
5185.000 19.502
5190.000 20.803
5195.000 20.937
5200.000 17.191
5205.000 15.141
5210.000 11.800
5215.000 10.597
5220.000 8.784
5225.000 7.415
5230.000 6.907
5235.000 6.107
5240.000 5.739
5245.000 5.095
5250.000 4.645
5255.000 4.434
5260.000 4.046
5265.000 3.891
5270.000 3.627
5275.000 3.369
5280.000 3.260
5285.000 3.077
5290.000 2.976
5295.000 2.818
5300.000 2.683
5305.000 2.604
5310.000 2.491
5315.000 2.443
5320.000 2.339
5325.000 2.251
5330.000 2.215
5335.000 2.138
5340.000 2.104
5345.000 2.048
5350.000 1.986
5355.000 1.956
5360.000 1.913
5365.000 1.889
5370.000 1.848
5375.000 1.816
5380.000 1.795
5385.000 1.764
5390.000 1.751
5395.000 1.721
5400.000 1.701
5405.000 1.691
5410.000 1.674
5415.000 1.665
5420.000 1.654
5425.000 1.653
5430.000 1.652
5435.000 1.648
5440.000 1.650
5445.000 1.647
5450.000 1.658
5455.000 1.661
5460.000 1.675
5465.000 1.681
5470.000 1.695
5475.000 1.719
5480.000 1.728
5485.000 1.755
5490.000 1.773
5495.000 1.810
5500.000 1.851
5505.000 1.885
5510.000 1.940
5515.000 1.973
5520.000 2.047
5525.000 2.133
5530.000 2.174
5535.000 2.286
5540.000 2.348
5545.000 2.483
5550.000 2.654
5555.000 2.748
5560.000 2.958
5565.000 3.075
5570.000 3.403
5575.000 3.787
5580.000 3.985
5585.000 4.594
5590.000 4.948
5595.000 5.769
5600.000 7.088
5605.000 7.870
5610.000 9.645
5615.000 10.786
5620.000 12.687
5625.000 12.596
5630.000 11.529
5635.000 8.644
5640.000 7.583
5645.000 5.983
5650.000 4.929
5655.000 4.528
5660.000 3.879
5665.000 3.632
5670.000 3.238
5675.000 2.880
5680.000 2.741
5685.000 2.514
5690.000 2.407
5695.000 2.215
5700.000 2.139
5705.000 2.012
5710.000 1.889
5715.000 1.838
5720.000 1.759
5725.000 1.709
5730.000 1.634
5735.000 1.577
5740.000 1.544
5745.000 1.493
5750.000 1.475
5755.000 1.425
5760.000 1.389
5765.000 1.376
5770.000 1.340
5775.000 1.330
5780.000 1.305
5785.000 1.278
5790.000 1.271
5795.000 1.258
5800.000 1.248
5805.000 1.236
5810.000 1.228
5815.000 1.227
5820.000 1.215
5825.000 1.213
5830.000 1.209
5835.000 1.206
5840.000 1.207
5845.000 1.204
5850.000 1.207
5855.000 1.210
5860.000 1.215
5865.000 1.221
5870.000 1.229
5875.000 1.232
5880.000 1.248
5885.000 1.255
5890.000 1.269
5895.000 1.289
5900.000 1.294
5905.000 1.320
5910.000 1.346
5915.000 1.362
5920.000 1.388
5925.000 1.409
5930.000 1.446
5935.000 1.483
5940.000 1.513
5945.000 1.566
5950.000 1.594
5955.000 1.667
5960.000 1.748
5965.000 1.784
5970.000 1.879
5975.000 1.938
5980.000 2.063
5985.000 2.237
5990.000 2.312
5995.000 2.519
6000.000 2.621
6005.000 2.934
6010.000 3.284
6015.000 3.465
6020.000 4.053
6025.000 4.385
6030.000 5.173
6035.000 6.440
6040.000 7.176
6045.000 8.755
6050.000 9.622
6055.000 10.454
6060.000 9.236
6065.000 8.071
6070.000 6.039
6075.000 5.377
6080.000 4.304
6085.000 3.607
6090.000 3.343
6095.000 2.881
6100.000 2.706
6105.000 2.437
6110.000 2.171
6115.000 2.070
6120.000 1.911
6125.000 1.833
6130.000 1.690
6135.000 1.591
6140.000 1.541
6145.000 1.449
6150.000 1.408
6155.000 1.346
6160.000 1.275
6165.000 1.248
6170.000 1.199
6175.000 1.171
6180.000 1.135
6185.000 1.094
6190.000 1.077
6195.000 1.046
6200.000 1.034
6205.000 1.008
6210.000 0.987
6215.000 0.980
6220.000 0.958
6225.000 0.948
6230.000 0.942
6235.000 0.925
6240.000 0.922
6245.000 0.911
6250.000 0.905
6255.000 0.896
6260.000 0.891
6265.000 0.883
6270.000 0.877
6275.000 0.880
6280.000 0.871
6285.000 0.870
6290.000 0.873
6295.000 0.869
6300.000 0.876
6305.000 0.882
6310.000 0.873
6315.000 0.898
6320.000 0.900
6325.000 0.909
6330.000 0.920
6335.000 0.927
6340.000 0.939
6345.000 0.953
6350.000 0.963
6355.000 0.981
6360.000 0.993
6365.000 1.021
6370.000 1.054
6375.000 1.071
6380.000 1.116
6385.000 1.142
6390.000 1.194
6395.000 1.254
6400.000 1.290
6405.000 1.371
6410.000 1.415
6415.000 1.517
6420.000 1.640
6425.000 1.716
6430.000 1.886
6435.000 1.971
6440.000 2.234
6445.000 2.547
6450.000 2.709
6455.000 3.225
6460.000 3.532
6465.000 4.250
6470.000 5.393
6475.000 6.031
6480.000 7.247
6485.000 7.730
6490.000 7.621
6495.000 6.267
6500.000 5.429
6505.000 4.261
6510.000 3.852
6515.000 3.215
6520.000 2.773
6525.000 2.625
6530.000 2.309
6535.000 2.193
6540.000 2.003
6545.000 1.836
6550.000 1.769
6555.000 1.653
6560.000 1.607
6565.000 1.508
6570.000 1.438
6575.000 1.405
6580.000 1.340
6585.000 1.309
6590.000 1.268
6595.000 1.226
6600.000 1.209
6605.000 1.181
6610.000 1.167
6615.000 1.137
6620.000 1.115
6625.000 1.102
6630.000 1.082
6635.000 1.074
6640.000 1.056
6645.000 1.044
6650.000 1.039
6655.000 1.025
6660.000 1.022
6665.000 1.013
6670.000 1.008
6675.000 1.007
6680.000 1.003
6685.000 1.009
6690.000 1.008
6695.000 1.007
6700.000 1.008
6705.000 1.010
6710.000 1.012
6715.000 1.012
6720.000 1.017
6725.000 1.019
6730.000 1.027
6735.000 1.026
6740.000 1.040
6745.000 1.049
6750.000 1.055
6755.000 1.071
6760.000 1.081
6765.000 1.101
6770.000 1.119
6775.000 1.128
6780.000 1.159
6785.000 1.170
6790.000 1.202
6795.000 1.236
6800.000 1.254
6805.000 1.291
6810.000 1.314
6815.000 1.365
6820.000 1.415
6825.000 1.453
6830.000 1.526
6835.000 1.570
6840.000 1.661
6845.000 1.771
6850.000 1.828
6855.000 1.982
6860.000 2.068
6865.000 2.266
6870.000 2.526
6875.000 2.678
6880.000 3.035
6885.000 3.256
6890.000 3.879
6895.000 4.239
6900.000 5.043
6905.000 6.239
6910.000 6.785
6915.000 7.457
6920.000 7.388
6925.000 6.228
6930.000 4.931
6935.000 4.260
6940.000 3.422
6945.000 3.160
6950.000 2.607
6955.000 2.246
6960.000 2.130
6965.000 1.862
6970.000 1.756
6975.000 1.591
6980.000 1.444
6985.000 1.379
6990.000 1.285
6995.000 1.237
7000.000 1.152
7005.000 1.094
7010.000 1.063
7015.000 0.993
7020.000 0.979
7025.000 0.932
7030.000 0.894
7035.000 0.879
7040.000 0.850
7045.000 0.830
7050.000 0.798
7055.000 0.771
7060.000 0.762
7065.000 0.746
7070.000 0.733
7075.000 0.719
7080.000 0.700
7085.000 0.695
7090.000 0.687
7095.000 0.680
7100.000 0.674
7105.000 0.668
7110.000 0.664
7115.000 0.658
7120.000 0.654
7125.000 0.651
7130.000 0.644
7135.000 0.640
7140.000 0.638
7145.000 0.636
7150.000 0.633
7155.000 0.632
7160.000 0.635
7165.000 0.634
7170.000 0.637
7175.000 0.639
7180.000 0.650
7185.000 0.651
7190.000 0.660
7195.000 0.662
7200.000 0.675
7205.000 0.684
7210.000 0.689
7215.000 0.705
7220.000 0.713
7225.000 0.724
7230.000 0.747
7235.000 0.761
7240.000 0.783
7245.000 0.804
7250.000 0.837
7255.000 0.877
7260.000 0.908
7265.000 0.964
7270.000 0.990
7275.000 1.069
7280.000 1.159
7285.000 1.210
7290.000 1.333
7295.000 1.402
7300.000 1.552
7305.000 1.792
7310.000 1.925
7315.000 2.249
7320.000 2.432
7325.000 3.007
7330.000 3.695
7335.000 4.089
7340.000 5.168
7345.000 5.612
7350.000 6.004
7355.000 5.315
7360.000 4.755
7365.000 3.870
7370.000 3.422
7375.000 2.870
7380.000 2.510
7385.000 2.322
7390.000 2.079
7395.000 1.996
7400.000 1.805
7405.000 1.671
7410.000 1.621
7415.000 1.509
7420.000 1.467
7425.000 1.394
7430.000 1.322
7435.000 1.295
7440.000 1.248
7445.000 1.223
7450.000 1.182
7455.000 1.151
7460.000 1.137
7465.000 1.105
7470.000 1.092
7475.000 1.075
7480.000 1.066
7485.000 1.046
7490.000 1.029
7495.000 1.021
7500.000 1.009
7505.000 1.001
7510.000 0.987
7515.000 0.979
7520.000 0.973
7525.000 0.962
7530.000 0.963
7535.000 0.957
7540.000 0.957
7545.000 0.953
7550.000 0.952
7555.000 0.956
7560.000 0.953
7565.000 0.960
7570.000 0.963
7575.000 0.966
7580.000 0.964
7585.000 0.968
7590.000 0.972
7595.000 0.975
7600.000 0.976
7605.000 0.981
7610.000 0.987
7615.000 1.005
7620.000 1.005
7625.000 1.022
7630.000 1.030
7635.000 1.052
7640.000 1.068
7645.000 1.084
7650.000 1.107
7655.000 1.117
7660.000 1.145
7665.000 1.182
7670.000 1.202
7675.000 1.229
7680.000 1.255
7685.000 1.303
7690.000 1.348
7695.000 1.389
7700.000 1.452
7705.000 1.485
7710.000 1.588
7715.000 1.693
7720.000 1.742
7725.000 1.911
7730.000 1.996
7735.000 2.174
7740.000 2.456
7745.000 2.623
7750.000 2.967
7755.000 3.204
7760.000 3.852
7765.000 4.552
7770.000 5.008
7775.000 5.814
7780.000 5.971
7785.000 5.610
7790.000 4.404
7795.000 3.870
7800.000 3.092
7805.000 2.733
7810.000 2.247
7815.000 1.921
7820.000 1.758
7825.000 1.527
7830.000 1.451
7835.000 1.272
7840.000 1.143
7845.000 1.098
7850.000 0.991
7855.000 0.949
7860.000 0.887
7865.000 0.820
7870.000 0.793
7875.000 0.752
7880.000 0.727
7885.000 0.693
7890.000 0.662
7895.000 0.646
7900.000 0.617
7905.000 0.609
7910.000 0.582
7915.000 0.561
7920.000 0.555
7925.000 0.539
7930.000 0.529
7935.000 0.519
7940.000 0.505
7945.000 0.502
7950.000 0.491
7955.000 0.493
7960.000 0.490
7965.000 0.491
7970.000 0.487
7975.000 0.477
7980.000 0.475
7985.000 0.457
7990.000 0.457
7995.000 0.460
8000.000 0.445
8005.000 0.449
8010.000 0.444
8015.000 0.444
8020.000 0.432
8025.000 0.435
8030.000 0.453
8035.000 0.440
8040.000 0.440
8045.000 0.443
8050.000 0.446
8055.000 0.455
8060.000 0.458
8065.000 0.464
8070.000 0.467
8075.000 0.475
8080.000 0.477
8085.000 0.486
8090.000 0.493
8095.000 0.499
8100.000 0.519
8105.000 0.531
8110.000 0.552
8115.000 0.566
8120.000 0.597
8125.000 0.634
8130.000 0.658
8135.000 0.701
8140.000 0.725
8145.000 0.793
8150.000 0.875
8155.000 0.918
8160.000 1.047
8165.000 1.118
8170.000 1.273
8175.000 1.515
8180.000 1.651
8185.000 1.963
8190.000 2.218
8195.000 2.769
8200.000 3.399
8205.000 3.806
8210.000 4.510
8215.000 4.656
8220.000 4.432
8225.000 3.654
8230.000 3.312
8235.000 2.779
8240.000 2.552
8245.000 2.235
8250.000 1.979
8255.000 1.884
8260.000 1.732
8265.000 1.675
8270.000 1.543
8275.000 1.466
8280.000 1.418
8285.000 1.342
8290.000 1.307
8295.000 1.258
8300.000 1.206
8305.000 1.181
8310.000 1.144
8315.000 1.123
8320.000 1.095
8325.000 1.071
8330.000 1.061
8335.000 1.034
8340.000 1.030
8345.000 1.016
8350.000 0.995
8355.000 0.995
8360.000 0.981
8365.000 0.975
8370.000 0.970
8375.000 0.963
8380.000 0.952
8385.000 0.945
8390.000 0.938
8395.000 0.930
8400.000 0.932
8405.000 0.928
8410.000 0.925
8415.000 0.924
8420.000 0.926
8425.000 0.927
8430.000 0.928
8435.000 0.936
8440.000 0.940
8445.000 0.943
8450.000 0.941
8455.000 0.950
8460.000 0.954
8465.000 0.951
8470.000 0.960
8475.000 0.965
8480.000 0.976
8485.000 0.985
8490.000 0.993
8495.000 1.013
8500.000 1.020
8505.000 1.035
8510.000 1.046
8515.000 1.054
8520.000 1.070
8525.000 1.081
8530.000 1.111
8535.000 1.144
8540.000 1.161
8545.000 1.194
8550.000 1.218
8555.000 1.259
8560.000 1.311
8565.000 1.344
8570.000 1.409
8575.000 1.444
8580.000 1.544
8585.000 1.643
8590.000 1.709
8595.000 1.878
8600.000 1.970
8605.000 2.165
8610.000 2.476
8615.000 2.647
8620.000 3.004
8625.000 3.281
8630.000 3.783
8635.000 4.114
8640.000 4.147
8645.000 3.727
8650.000 3.024
8655.000 2.588
8660.000 2.051
8665.000 1.931
8670.000 1.752
8675.000 1.721
8680.000 1.634
8685.000 1.410
8690.000 1.298
8695.000 1.121
8700.000 1.037
8705.000 0.888
8710.000 0.791
8715.000 0.739
8720.000 0.656
8725.000 0.625
8730.000 0.567
8735.000 0.520
8740.000 0.503
8745.000 0.471
8750.000 0.455
8755.000 0.422
8760.000 0.405
8765.000 0.396
8770.000 0.377
8775.000 0.374
8780.000 0.352
8785.000 0.341
8790.000 0.333
8795.000 0.323
8800.000 0.316
8805.000 0.307
8810.000 0.303
8815.000 0.300
8820.000 0.298
8825.000 0.271
8830.000 0.273
8835.000 0.286
8840.000 0.270
8845.000 0.269
8850.000 0.265
8855.000 0.263
8860.000 0.260
8865.000 0.261
8870.000 0.258
8875.000 0.256
8880.000 0.255
8885.000 0.247
8890.000 0.246
8895.000 0.243
8900.000 0.239
8905.000 0.235
8910.000 0.236
8915.000 0.235
8920.000 0.235
8925.000 0.234
8930.000 0.235
8935.000 0.240
8940.000 0.242
8945.000 0.241
8950.000 0.249
8955.000 0.251
8960.000 0.253
8965.000 0.262
8970.000 0.272
8975.000 0.273
8980.000 0.303
8985.000 0.316
8990.000 0.343
8995.000 0.387
9000.000 0.400
9005.000 0.450
9010.000 0.486
9015.000 0.565
9020.000 0.642
9025.000 0.702
9030.000 0.835
9035.000 0.915
9040.000 1.068
9045.000 1.291
9050.000 1.418
9055.000 1.693
9060.000 1.950
9065.000 2.459
9070.000 3.001
9075.000 3.303
9080.000 3.532
9085.000 3.472
9090.000 3.018
9095.000 2.557
9100.000 2.413
9105.000 2.064
9110.000 1.942
9115.000 1.768
9120.000 1.598
9125.000 1.532
9130.000 1.442
9135.000 1.385
9140.000 1.306
9145.000 1.251
9150.000 1.219
9155.000 1.166
9160.000 1.145
9165.000 1.101
9170.000 1.066
9175.000 1.057
9180.000 1.017
9185.000 1.005
9190.000 0.981
9195.000 0.964
9200.000 0.957
9205.000 0.939
9210.000 0.937
9215.000 0.922
9220.000 0.913
9225.000 0.913
9230.000 0.901
9235.000 0.897
9240.000 0.886
9245.000 0.880
9250.000 0.880
9255.000 0.866
9260.000 0.863
9265.000 0.859
9270.000 0.857
9275.000 0.853
9280.000 0.852
9285.000 0.855
9290.000 0.852
9295.000 0.853
9300.000 0.855
9305.000 0.861
9310.000 0.861
9315.000 0.866
9320.000 0.872
9325.000 0.871
9330.000 0.872
9335.000 0.870
9340.000 0.876
9345.000 0.883
9350.000 0.883
9355.000 0.890
9360.000 0.896
9365.000 0.909
9370.000 0.924
9375.000 0.930
9380.000 0.949
9385.000 0.957
9390.000 0.973
9395.000 1.003
9400.000 1.012
9405.000 1.037
9410.000 1.051
9415.000 1.082
9420.000 1.119
9425.000 1.133
9430.000 1.179
9435.000 1.205
9440.000 1.257
9445.000 1.330
9450.000 1.374
9455.000 1.458
9460.000 1.529
9465.000 1.660
9470.000 1.810
9475.000 1.927
9480.000 2.155
9485.000 2.278
9490.000 2.570
9495.000 2.893
9500.000 3.035
9505.000 3.239
9510.000 3.238
9515.000 2.918
9520.000 2.324
9525.000 2.028
9530.000 1.611
9535.000 1.433
9540.000 1.115
9545.000 0.931
9550.000 0.841
9555.000 0.675
9560.000 0.620
9565.000 0.527
9570.000 0.480
9575.000 0.415
9580.000 0.361
9585.000 0.332
9590.000 0.292
9595.000 0.278
9600.000 0.243
9605.000 0.220
9610.000 0.214
9615.000 0.195
9620.000 0.189
9625.000 0.182
9630.000 0.177
9635.000 0.169
9640.000 0.174
9645.000 0.172
9650.000 0.165
9655.000 0.172
9660.000 0.167
9665.000 0.167
9670.000 0.168
9675.000 0.162
9680.000 0.164
9685.000 0.164
9690.000 0.158
9695.000 0.164
9700.000 0.155
9705.000 0.158
9710.000 0.152
9715.000 0.154
9720.000 0.159
9725.000 0.153
9730.000 0.157
9735.000 0.160
9740.000 0.158
9745.000 0.159
9750.000 0.156
9755.000 0.153
9760.000 0.151
9765.000 0.144
9770.000 0.138
9775.000 0.131
9780.000 0.123
9785.000 0.115
9790.000 0.111
9795.000 0.107
9800.000 0.093
9805.000 0.078
9810.000 0.093
9815.000 0.079
9820.000 0.075
9825.000 0.063
9830.000 0.051
9835.000 0.048
9840.000 0.045
9845.000 0.046
9850.000 0.071
9855.000 0.096
9860.000 0.121
9865.000 0.163
9870.000 0.189
9875.000 0.247
9880.000 0.313
9885.000 0.352
9890.000 0.433
9895.000 0.498
9900.000 0.628
9905.000 0.790
9910.000 0.897
9915.000 1.159
9920.000 1.267
9925.000 1.695
9930.000 2.115
9935.000 2.270
9940.000 2.520
9945.000 2.499
9950.000 2.299
9955.000 1.960
9960.000 1.836
9965.000 1.634
9970.000 1.522
9975.000 1.377
9980.000 1.282
9985.000 1.223
9990.000 1.170
9995.000 1.156
10000.000 1.115
10005.000 1.078
10010.000 1.058
10015.000 1.011
10020.000 0.998
10025.000 0.969
10030.000 0.925
10035.000 0.918
10040.000 0.894
10045.000 0.877
10050.000 0.860
10055.000 0.842
10060.000 0.828
10065.000 0.819
10070.000 0.811
10075.000 0.804
10080.000 0.794
10085.000 0.790
10090.000 0.793
10095.000 0.788
10100.000 0.782
10105.000 0.775
10110.000 0.779
10115.000 0.771
10120.000 0.765
10125.000 0.757
10130.000 0.758
10135.000 0.754
10140.000 0.749
10145.000 0.745
10150.000 0.746
10155.000 0.750
10160.000 0.751
10165.000 0.753
10170.000 0.754
10175.000 0.757
10180.000 0.756
10185.000 0.765
10190.000 0.770
10195.000 0.769
10200.000 0.773
10205.000 0.778
10210.000 0.782
10215.000 0.779
10220.000 0.783
10225.000 0.792
10230.000 0.791
10235.000 0.802
10240.000 0.816
10245.000 0.821
10250.000 0.841
10255.000 0.847
10260.000 0.862
10265.000 0.880
10270.000 0.890
10275.000 0.905
10280.000 0.921
10285.000 0.946
10290.000 0.970
10295.000 0.989
10300.000 1.028
10305.000 1.040
10310.000 1.096
10315.000 1.160
10320.000 1.183
10325.000 1.279
10330.000 1.328
10335.000 1.427
10340.000 1.597
10345.000 1.683
10350.000 1.865
10355.000 1.958
10360.000 2.183
10365.000 2.282
10370.000 2.250
10375.000 1.968
10380.000 1.766
10385.000 1.409
10390.000 1.030
10395.000 0.902
10400.000 0.725
10405.000 0.620
10410.000 0.488
10415.000 0.406
10420.000 0.347
10425.000 0.280
10430.000 0.263
10435.000 0.211
10440.000 0.178
10445.000 0.165
10450.000 0.142
10455.000 0.138
10460.000 0.127
10465.000 0.125
10470.000 0.124
10475.000 0.125
10480.000 0.124
10485.000 0.124
10490.000 0.128
10495.000 0.133
10500.000 0.139
10505.000 0.139
10510.000 0.148
10515.000 0.149
10520.000 0.153
10525.000 0.168
10530.000 0.175
10535.000 0.187
10540.000 0.205
10545.000 0.208
10550.000 0.213
10555.000 0.214
10560.000 0.215
10565.000 0.210
10570.000 0.208
10575.000 0.208
10580.000 0.211
10585.000 0.206
10590.000 0.207
10595.000 0.207
10600.000 0.208
10605.000 0.211
10610.000 0.209
10615.000 0.211
10620.000 0.209
10625.000 0.207
10630.000 0.205
10635.000 0.197
10640.000 0.197
10645.000 0.192
10650.000 0.181
10655.000 0.180
10660.000 0.167
10665.000 0.162
10670.000 0.155
10675.000 0.151
10680.000 0.146
10685.000 0.134
10690.000 0.128
10695.000 0.127
10700.000 0.113
10705.000 0.108
10710.000 0.102
10715.000 0.088
10720.000 0.084
10725.000 0.090
10730.000 0.094
10735.000 0.111
10740.000 0.154
10745.000 0.178
10750.000 0.235
10755.000 0.263
10760.000 0.352
10765.000 0.406
10770.000 0.511
10775.000 0.698
10780.000 0.801
10785.000 1.010
10790.000 1.184
10795.000 1.517
10800.000 1.771
10805.000 1.881
10810.000 1.876
10815.000 1.809
10820.000 1.615
10825.000 1.451
10830.000 1.389
10835.000 1.253
10840.000 1.206
10845.000 1.128
10850.000 1.048
10855.000 1.019
10860.000 0.972
10865.000 0.954
10870.000 0.908
10875.000 0.882
10880.000 0.868
10885.000 0.838
10890.000 0.828
10895.000 0.808
10900.000 0.787
10905.000 0.780
10910.000 0.759
10915.000 0.755
10920.000 0.736
10925.000 0.725
10930.000 0.719
10935.000 0.712
10940.000 0.710
10945.000 0.702
10950.000 0.696
10955.000 0.691
10960.000 0.689
10965.000 0.688
10970.000 0.690
10975.000 0.682
10980.000 0.681
10985.000 0.673
10990.000 0.674
10995.000 0.674
11000.000 0.661
11005.000 0.658
11010.000 0.658
11015.000 0.657
11020.000 0.659
11025.000 0.656
11030.000 0.661
11035.000 0.662
11040.000 0.665
11045.000 0.664
11050.000 0.670
11055.000 0.672
11060.000 0.672
11065.000 0.673
11070.000 0.678
11075.000 0.679
11080.000 0.677
11085.000 0.679
11090.000 0.684
11095.000 0.684
11100.000 0.692
11105.000 0.695
11110.000 0.705
11115.000 0.710
11120.000 0.717
11125.000 0.736
11130.000 0.744
11135.000 0.760
11140.000 0.762
11145.000 0.786
11150.000 0.803
11155.000 0.810
11160.000 0.833
11165.000 0.846
11170.000 0.871
11175.000 0.904
11180.000 0.926
11185.000 0.965
11190.000 0.993
11195.000 1.063
11200.000 1.124
11205.000 1.176
11210.000 1.287
11215.000 1.349
11220.000 1.452
11225.000 1.559
11230.000 1.576
11235.000 1.513
11240.000 1.394
11245.000 1.109
11250.000 0.824
11255.000 0.693
11260.000 0.497
11265.000 0.444
11270.000 0.299
11275.000 0.217
11280.000 0.188
11285.000 0.129
11290.000 0.108
11295.000 0.091
11300.000 0.093
11305.000 0.097
11310.000 0.109
11315.000 0.123
11320.000 0.138
11325.000 0.155
11330.000 0.162
11335.000 0.177
11340.000 0.182
11345.000 0.190
11350.000 0.198
11355.000 0.205
11360.000 0.212
11365.000 0.217
11370.000 0.222
11375.000 0.223
11380.000 0.233
11385.000 0.239
11390.000 0.246
11395.000 0.251
11400.000 0.249
11405.000 0.257
11410.000 0.263
11415.000 0.261
11420.000 0.262
11425.000 0.265
11430.000 0.263
11435.000 0.254
11440.000 0.258
11445.000 0.257
11450.000 0.259
11455.000 0.258
11460.000 0.254
11465.000 0.259
11470.000 0.258
11475.000 0.259
11480.000 0.260
11485.000 0.263
11490.000 0.262
11495.000 0.260
11500.000 0.260
11505.000 0.258
11510.000 0.253
11515.000 0.253
11520.000 0.247
11525.000 0.245
11530.000 0.237
11535.000 0.231
11540.000 0.229
11545.000 0.221
11550.000 0.220
11555.000 0.210
11560.000 0.204
11565.000 0.202
11570.000 0.196
11575.000 0.193
11580.000 0.185
11585.000 0.179
11590.000 0.174
11595.000 0.172
11600.000 0.173
11605.000 0.174
11610.000 0.194
11615.000 0.204
11620.000 0.237
11625.000 0.273
11630.000 0.348
11635.000 0.382
11640.000 0.521
11645.000 0.681
11650.000 0.751
11655.000 0.997
11660.000 1.111
11665.000 1.272
11670.000 1.368
11675.000 1.354
11680.000 1.283
11685.000 1.235
11690.000 1.115
11695.000 1.038
11700.000 0.991
11705.000 0.924
11710.000 0.897
11715.000 0.850
11720.000 0.811
11725.000 0.797
11730.000 0.770
11735.000 0.762
11740.000 0.748
11745.000 0.739
11750.000 0.733
11755.000 0.721
11760.000 0.715
11765.000 0.700
11770.000 0.684
11775.000 0.677
11780.000 0.662
11785.000 0.659
11790.000 0.650
11795.000 0.641
11800.000 0.635
11805.000 0.629
11810.000 0.625
11815.000 0.619
11820.000 0.615
11825.000 0.616
11830.000 0.610
11835.000 0.612
11840.000 0.608
11845.000 0.607
11850.000 0.607
11855.000 0.604
11860.000 0.603
11865.000 0.600
11870.000 0.598
11875.000 0.597
11880.000 0.596
11885.000 0.593
11890.000 0.596
11895.000 0.594
11900.000 0.595
11905.000 0.595
11910.000 0.597
11915.000 0.598
11920.000 0.601
11925.000 0.603
11930.000 0.608
11935.000 0.606
11940.000 0.612
11945.000 0.610
11950.000 0.612
11955.000 0.617
11960.000 0.617
11965.000 0.624
11970.000 0.625
11975.000 0.629
11980.000 0.638
11985.000 0.643
11990.000 0.651
11995.000 0.662
12000.000 0.665
