105.000 0.432
110.000 3.716
115.000 3.922
120.000 3.974
125.000 4.157
130.000 4.158
135.000 4.262
140.000 4.567
145.000 4.531
150.000 4.894
155.000 4.857
160.000 5.017
165.000 5.222
170.000 5.421
175.000 5.659
180.000 5.738
185.000 6.030
190.000 6.099
195.000 6.412
200.000 6.729
205.000 6.994
210.000 7.340
215.000 7.511
220.000 7.676
225.000 8.619
230.000 8.809
235.000 9.467
240.000 9.806
245.000 10.551
250.000 11.383
255.000 11.876
260.000 12.977
265.000 13.605
270.000 15.035
275.000 16.602
280.000 17.483
285.000 19.697
290.000 21.059
295.000 23.863
300.000 27.558
305.000 30.764
310.000 35.235
315.000 38.775
320.000 48.194
325.000 59.169
330.000 67.674
335.000 89.165
340.000 104.555
345.000 133.874
350.000 144.517
355.000 146.306
360.000 144.268
365.000 139.226
370.000 120.354
375.000 98.497
380.000 91.050
385.000 80.113
390.000 76.035
395.000 69.938
400.000 65.519
405.000 63.767
410.000 60.878
415.000 59.644
420.000 57.246
425.000 55.053
430.000 53.961
435.000 51.564
440.000 50.310
445.000 47.516
450.000 44.450
455.000 42.858
460.000 39.578
465.000 37.911
470.000 34.714
475.000 31.705
480.000 30.251
485.000 27.635
490.000 26.436
495.000 24.235
500.000 22.301
505.000 21.208
510.000 19.886
515.000 18.989
520.000 17.828
525.000 16.743
530.000 16.230
535.000 15.365
540.000 14.957
545.000 14.224
550.000 13.597
555.000 13.397
560.000 12.906
565.000 12.700
570.000 12.356
575.000 12.130
580.000 11.760
585.000 11.790
590.000 11.584
595.000 11.596
600.000 11.625
605.000 11.676
610.000 11.783
615.000 11.874
620.000 12.141
625.000 12.507
630.000 12.733
635.000 13.347
640.000 13.706
645.000 14.619
650.000 15.820
655.000 16.600
660.000 18.538
665.000 19.764
670.000 23.108
675.000 28.231
680.000 31.739
685.000 42.371
690.000 49.859
695.000 68.840
700.000 77.894
705.000 67.084
710.000 33.529
715.000 28.241
720.000 19.922
725.000 17.435
730.000 13.831
735.000 11.479
740.000 10.525
745.000 8.980
750.000 8.353
755.000 7.297
760.000 6.466
765.000 6.110
770.000 5.501
775.000 5.241
780.000 4.784
785.000 4.414
790.000 4.263
795.000 3.980
800.000 3.859
805.000 3.620
810.000 3.401
815.000 3.301
820.000 3.112
825.000 3.024
830.000 2.870
835.000 2.726
840.000 2.672
845.000 2.549
850.000 2.499
855.000 2.403
860.000 2.322
865.000 2.282
870.000 2.212
875.000 2.186
880.000 2.132
885.000 2.085
890.000 2.065
895.000 2.027
900.000 2.002
905.000 1.980
910.000 1.957
915.000 1.952
920.000 1.945
925.000 1.946
930.000 1.941
935.000 1.957
940.000 1.972
945.000 1.983
950.000 1.995
955.000 2.045
960.000 2.094
965.000 2.112
970.000 2.180
975.000 2.230
980.000 2.340
985.000 2.483
990.000 2.560
995.000 2.784
1000.000 2.907
1005.000 3.230
1010.000 3.710
1015.000 4.074
1020.000 4.956
1025.000 5.562
1030.000 7.383
1035.000 9.998
1040.000 11.271
1045.000 11.192
1050.000 8.872
1055.000 4.934
1060.000 3.476
1065.000 3.018
1070.000 2.376
1075.000 2.137
1080.000 1.773
1085.000 1.526
1090.000 1.429
1095.000 1.264
1100.000 1.196
1105.000 1.098
1110.000 1.015
1115.000 0.983
1120.000 0.931
1125.000 0.904
1130.000 0.868
1135.000 0.837
1140.000 0.829
1145.000 0.814
1150.000 0.804
1155.000 0.797
1160.000 0.801
1165.000 0.804
1170.000 0.803
1175.000 0.812
1180.000 0.824
1185.000 0.835
1190.000 0.842
1195.000 0.862
1200.000 0.872
1205.000 0.895
1210.000 0.917
1215.000 0.933
1220.000 0.964
1225.000 0.977
1230.000 1.021
1235.000 1.065
1240.000 1.086
1245.000 1.141
1250.000 1.171
1255.000 1.235
1260.000 1.263
1265.000 1.344
1270.000 1.425
1275.000 1.479
1280.000 1.583
1285.000 1.705
1290.000 1.767
1295.000 1.914
1300.000 2.000
1305.000 2.186
1310.000 2.412
1315.000 2.554
1320.000 2.845
1325.000 3.017
1330.000 3.434
1335.000 3.675
1340.000 4.262
1345.000 5.059
1350.000 5.556
1355.000 6.820
1360.000 7.703
1365.000 10.056
1370.000 13.648
1375.000 16.222
1380.000 19.144
1385.000 24.507
1390.000 22.730
1395.000 14.525
1400.000 12.417
1405.000 9.542
1410.000 8.605
1415.000 7.259
1420.000 6.283
1425.000 5.910
1430.000 5.322
1435.000 5.074
1440.000 4.656
1445.000 4.343
1450.000 4.202
1455.000 3.958
1460.000 3.860
1465.000 3.684
1470.000 3.541
1475.000 3.470
1480.000 3.365
1485.000 3.316
1490.000 3.231
1495.000 3.163
1500.000 3.126
1505.000 3.075
1510.000 3.052
1515.000 3.012
1520.000 2.983
1525.000 2.968
1530.000 2.954
1535.000 2.950
1540.000 2.937
1545.000 2.930
1550.000 2.930
1555.000 2.937
1560.000 2.937
1565.000 2.952
1570.000 2.963
1575.000 2.972
1580.000 2.987
1585.000 2.998
1590.000 3.018
1595.000 3.044
1600.000 3.057
1605.000 3.086
1610.000 3.104
1615.000 3.145
1620.000 3.202
1625.000 3.239
1630.000 3.337
1635.000 3.400
1640.000 3.575
1645.000 3.836
1650.000 4.015
1655.000 4.460
1660.000 4.730
1665.000 5.380
1670.000 6.281
1675.000 6.814
1680.000 7.415
1685.000 8.854
1690.000 10.807
1695.000 13.328
1700.000 14.958
1705.000 19.310
1710.000 22.122
1715.000 29.257
1720.000 38.578
1725.000 42.625
1730.000 44.069
1735.000 39.913
1740.000 29.132
1745.000 22.617
1750.000 20.187
1755.000 16.829
1760.000 15.577
1765.000 13.542
1770.000 12.062
1775.000 11.486
1780.000 10.433
1785.000 9.997
1790.000 9.287
1795.000 8.673
1800.000 8.413
1805.000 7.975
1810.000 7.777
1815.000 7.424
1820.000 7.143
1825.000 7.018
1830.000 6.787
1835.000 6.692
1840.000 6.527
1845.000 6.390
1850.000 6.329
1855.000 6.233
1860.000 6.192
1865.000 6.129
1870.000 6.088
1875.000 6.075
1880.000 6.061
1885.000 6.063
1890.000 6.079
1895.000 6.122
1900.000 6.142
1905.000 6.217
1910.000 6.256
1915.000 6.353
1920.000 6.407
1925.000 6.539
1930.000 6.677
1935.000 6.767
1940.000 6.956
1945.000 7.053
1950.000 7.257
1955.000 7.522
1960.000 7.658
1965.000 7.967
1970.000 8.142
1975.000 8.518
1980.000 8.943
1985.000 9.186
1990.000 9.731
1995.000 10.023
2000.000 10.696
2005.000 11.485
2010.000 11.891
2015.000 12.924
2020.000 13.482
2025.000 14.741
2030.000 16.320
2035.000 17.186
2040.000 19.161
2045.000 20.328
2050.000 23.043
2055.000 26.112
2060.000 27.754
2065.000 31.259
2070.000 32.836
2075.000 35.076
2080.000 35.381
2085.000 34.586
2090.000 31.728
2095.000 29.813
2100.000 26.105
2105.000 22.900
2110.000 21.378
2115.000 18.907
2120.000 17.838
2125.000 16.019
2130.000 14.523
2135.000 13.913
2140.000 12.744
2145.000 12.247
2150.000 11.389
2155.000 10.617
2160.000 10.284
2165.000 9.698
2170.000 9.425
2175.000 8.918
2180.000 8.507
2185.000 8.311
2190.000 7.942
2195.000 7.785
2200.000 7.501
2205.000 7.345
2210.000 7.107
2215.000 6.904
2220.000 6.803
2225.000 6.632
2230.000 6.559
2235.000 6.416
2240.000 6.302
2245.000 6.254
2250.000 6.158
2255.000 6.124
2260.000 6.060
2265.000 6.014
2270.000 5.995
2275.000 5.979
2280.000 5.970
2285.000 5.977
2290.000 5.999
2295.000 6.018
2300.000 6.072
2305.000 6.106
2310.000 6.191
2315.000 6.305
2320.000 6.369
2325.000 6.518
2330.000 6.614
2335.000 6.819
2340.000 6.930
2345.000 7.213
2350.000 7.541
2355.000 7.710
2360.000 8.163
2365.000 8.693
2370.000 8.984
2375.000 9.725
2380.000 10.157
2385.000 11.133
2390.000 12.488
2395.000 13.282
2400.000 15.214
2405.000 16.406
2410.000 19.532
2415.000 23.490
2420.000 25.626
2425.000 30.150
2430.000 31.586
2435.000 31.010
2440.000 25.483
2445.000 22.475
2450.000 17.761
2455.000 15.785
2460.000 12.972
2465.000 10.992
2470.000 10.123
2475.000 8.816
2480.000 8.308
2485.000 7.362
2490.000 6.628
2495.000 6.334
2500.000 5.742
2505.000 5.513
2510.000 5.115
2515.000 4.760
2520.000 4.608
2525.000 4.341
2530.000 4.222
2535.000 4.000
2540.000 3.819
2545.000 3.737
2550.000 3.582
2555.000 3.517
2560.000 3.402
2565.000 3.302
2570.000 3.256
2575.000 3.172
2580.000 3.136
2585.000 3.075
2590.000 3.036
2595.000 3.014
2600.000 2.978
2605.000 2.972
2610.000 2.956
2615.000 2.950
2620.000 2.951
2625.000 2.967
2630.000 2.975
2635.000 3.000
2640.000 3.017
2645.000 3.064
2650.000 3.119
2655.000 3.156
2660.000 3.243
2665.000 3.336
2670.000 3.395
2675.000 3.525
2680.000 3.599
2685.000 3.756
2690.000 3.966
2695.000 4.082
2700.000 4.333
2705.000 4.495
2710.000 4.845
2715.000 5.264
2720.000 5.531
2725.000 6.140
2730.000 6.472
2735.000 7.394
2740.000 8.590
2745.000 9.294
2750.000 11.300
2755.000 12.549
2760.000 15.746
2765.000 20.116
2770.000 22.363
2775.000 24.779
2780.000 23.914
2785.000 18.169
2790.000 13.459
2795.000 11.907
2800.000 9.361
2805.000 8.527
2810.000 7.263
2815.000 6.719
2820.000 5.891
2825.000 5.278
2830.000 4.988
2835.000 4.536
2840.000 4.356
2845.000 4.012
2850.000 3.734
2855.000 3.620
2860.000 3.398
2865.000 3.303
2870.000 3.140
2875.000 2.987
2880.000 2.922
2885.000 2.813
2890.000 2.757
2895.000 2.661
2900.000 2.583
2905.000 2.544
2910.000 2.478
2915.000 2.446
2920.000 2.406
2925.000 2.360
2930.000 2.340
2935.000 2.315
2940.000 2.303
2945.000 2.278
2950.000 2.264
2955.000 2.266
2960.000 2.262
2965.000 2.254
2970.000 2.274
2975.000 2.284
2980.000 2.290
2985.000 2.315
2990.000 2.326
2995.000 2.355
3000.000 2.393
3005.000 2.449
3010.000 2.512
3015.000 2.541
3020.000 2.636
3025.000 2.726
3030.000 2.783
3035.000 2.910
3040.000 2.983
3045.000 3.158
3050.000 3.361
3055.000 3.497
3060.000 3.764
3065.000 3.950
3070.000 4.345
3075.000 4.836
3080.000 5.170
3085.000 5.977
3090.000 6.425
3095.000 7.897
3100.000 9.854
3105.000 11.038
3110.000 14.234
3115.000 15.857
3120.000 17.415
3125.000 14.273
3130.000 11.825
3135.000 8.650
3140.000 7.540
3145.000 5.948
3150.000 4.963
3155.000 4.561
3160.000 3.906
3165.000 3.659
3170.000 3.244
3175.000 2.915
3180.000 2.777
3185.000 2.540
3190.000 2.436
3195.000 2.258
3200.000 2.111
3205.000 2.046
3210.000 1.931
3215.000 1.882
3220.000 1.791
3225.000 1.714
3230.000 1.679
3235.000 1.615
3240.000 1.593
3245.000 1.548
3250.000 1.503
3255.000 1.487
3260.000 1.459
3265.000 1.446
3270.000 1.425
3275.000 1.407
3280.000 1.401
3285.000 1.390
3290.000 1.387
3295.000 1.382
3300.000 1.387
3305.000 1.390
3310.000 1.398
3315.000 1.404
3320.000 1.420
3325.000 1.444
3330.000 1.458
3335.000 1.490
3340.000 1.506
3345.000 1.550
3350.000 1.596
3355.000 1.619
3360.000 1.686
3365.000 1.724
3370.000 1.803
3375.000 1.901
3380.000 1.958
3385.000 2.077
3390.000 2.157
3395.000 2.336
3400.000 2.429
3405.000 2.670
3410.000 2.955
3415.000 3.129
3420.000 3.553
3425.000 3.814
3430.000 4.455
3435.000 5.375
3440.000 5.961
3445.000 7.536
3450.000 8.459
3455.000 11.083
3460.000 13.409
3465.000 13.749
3470.000 11.463
3475.000 9.605
3480.000 7.168
3485.000 5.577
3490.000 5.033
3495.000 4.253
3500.000 3.910
3505.000 3.423
3510.000 3.057
3515.000 2.888
3520.000 2.628
3525.000 2.515
3530.000 2.327
3535.000 2.167
3540.000 2.103
3545.000 1.982
3550.000 1.930
3555.000 1.838
3560.000 1.757
3565.000 1.721
3570.000 1.656
3575.000 1.632
3580.000 1.578
3585.000 1.536
3590.000 1.518
3595.000 1.476
3600.000 1.463
3605.000 1.437
3610.000 1.412
3615.000 1.401
3620.000 1.388
3625.000 1.379
3630.000 1.367
3635.000 1.359
3640.000 1.358
3645.000 1.354
3650.000 1.356
3655.000 1.360
3660.000 1.365
3665.000 1.369
3670.000 1.384
3675.000 1.393
3680.000 1.408
3685.000 1.427
3690.000 1.445
3695.000 1.475
3700.000 1.490
3705.000 1.533
3710.000 1.579
3715.000 1.609
3720.000 1.675
3725.000 1.710
3730.000 1.796
3735.000 1.898
3740.000 1.958
3745.000 2.091
3750.000 2.180
3755.000 2.370
3760.000 2.603
3765.000 2.764
3770.000 3.136
3775.000 3.334
3780.000 3.966
3785.000 4.812
3790.000 5.348
3795.000 6.846
3800.000 7.783
3805.000 9.609
3810.000 9.908
3815.000 8.882
3820.000 6.183
3825.000 5.303
3830.000 3.983
3835.000 3.229
3840.000 2.939
3845.000 2.473
3850.000 2.297
3855.000 2.026
3860.000 1.798
3865.000 1.708
3870.000 1.563
3875.000 1.490
3880.000 1.378
3885.000 1.291
3890.000 1.246
3895.000 1.178
3900.000 1.146
3905.000 1.091
3910.000 1.047
3915.000 1.026
3920.000 0.991
3925.000 0.974
3930.000 0.945
3935.000 0.924
3940.000 0.917
3945.000 0.903
3950.000 0.892
3955.000 0.883
3960.000 0.871
3965.000 0.865
3970.000 0.849
3975.000 0.850
3980.000 0.849
3985.000 0.852
3990.000 0.851
3995.000 0.868
4000.000 0.858
4005.000 0.863
4010.000 0.868
4015.000 0.894
4020.000 0.903
4025.000 0.901
4030.000 0.934
4035.000 0.939
4040.000 0.964
4045.000 1.009
4050.000 1.016
4055.000 1.057
4060.000 1.082
4065.000 1.133
4070.000 1.192
4075.000 1.230
4080.000 1.319
4085.000 1.367
4090.000 1.477
4095.000 1.625
4100.000 1.706
4105.000 1.896
4110.000 2.030
4115.000 2.337
4120.000 2.740
4125.000 3.010
4130.000 3.707
4135.000 4.104
4140.000 5.373
4145.000 6.943
4150.000 7.668
4155.000 8.319
4160.000 7.749
4165.000 5.733
4170.000 4.228
4175.000 3.761
4180.000 3.108
4185.000 2.843
4190.000 2.423
4195.000 2.145
4200.000 2.014
4205.000 1.814
4210.000 1.729
4215.000 1.587
4220.000 1.468
4225.000 1.417
4230.000 1.323
4235.000 1.283
4240.000 1.215
4245.000 1.164
4250.000 1.139
4255.000 1.101
4260.000 1.088
4265.000 1.053
4270.000 1.034
4275.000 1.022
4280.000 1.002
4285.000 0.993
4290.000 0.983
4295.000 0.967
4300.000 0.966
4305.000 0.956
4310.000 0.954
4315.000 0.949
4320.000 0.942
4325.000 0.947
4330.000 0.942
4335.000 0.948
4340.000 0.949
4345.000 0.951
4350.000 0.953
4355.000 0.965
4360.000 0.969
4365.000 0.983
4370.000 0.997
4375.000 1.004
4380.000 1.008
4385.000 1.028
4390.000 1.049
4395.000 1.073
4400.000 1.087
4405.000 1.121
4410.000 1.141
4415.000 1.183
4420.000 1.235
4425.000 1.266
4430.000 1.333
4435.000 1.375
4440.000 1.471
4445.000 1.580
4450.000 1.656
4455.000 1.825
4460.000 1.922
4465.000 2.191
4470.000 2.544
4475.000 2.757
4480.000 3.378
4485.000 3.769
4490.000 4.697
4495.000 5.503
4500.000 5.612
4505.000 4.656
4510.000 3.959
4515.000 2.762
4520.000 2.127
4525.000 1.897
4530.000 1.523
4535.000 1.392
4540.000 1.195
4545.000 1.027
4550.000 0.964
4555.000 0.868
4560.000 0.817
4565.000 0.745
4570.000 0.693
4575.000 0.665
4580.000 0.622
4585.000 0.605
4590.000 0.573
4595.000 0.559
4600.000 0.540
4605.000 0.520
4610.000 0.513
4615.000 0.503
4620.000 0.498
4625.000 0.489
4630.000 0.482
4635.000 0.481
4640.000 0.479
4645.000 0.479
4650.000 0.481
4655.000 0.483
4660.000 0.483
4665.000 0.487
4670.000 0.484
4675.000 0.486
4680.000 0.486
4685.000 0.487
4690.000 0.491
4695.000 0.491
4700.000 0.492
4705.000 0.489
4710.000 0.490
4715.000 0.493
4720.000 0.488
4725.000 0.489
4730.000 0.491
4735.000 0.486
4740.000 0.495
4745.000 0.498
4750.000 0.500
4755.000 0.510
4760.000 0.516
4765.000 0.542
4770.000 0.557
4775.000 0.601
4780.000 0.663
4785.000 0.706
4790.000 0.807
4795.000 0.880
4800.000 1.052
4805.000 1.292
4810.000 1.449
4815.000 1.859
4820.000 2.084
4825.000 2.846
4830.000 3.857
4835.000 4.412
4840.000 5.726
4845.000 6.133
4850.000 5.891
4855.000 4.713
4860.000 4.246
4865.000 3.603
4870.000 3.340
4875.000 2.937
4880.000 2.664
4885.000 2.544
4890.000 2.372
4895.000 2.301
4900.000 2.182
4905.000 2.087
4910.000 2.047
4915.000 1.968
4920.000 1.937
4925.000 1.886
4930.000 1.840
4935.000 1.819
4940.000 1.795
4945.000 1.780
4950.000 1.755
4955.000 1.740
4960.000 1.747
4965.000 1.737
4970.000 1.742
4975.000 1.747
4980.000 1.738
4985.000 1.751
4990.000 1.758
4995.000 1.777
5000.000 1.797
5005.000 1.807
5010.000 1.829
5015.000 1.868
5020.000 1.874
5025.000 1.916
5030.000 1.971
5035.000 1.997
5040.000 2.054
5045.000 2.078
5050.000 2.136
5055.000 2.211
5060.000 2.243
5065.000 2.323
5070.000 2.370
5075.000 2.466
5080.000 2.568
5085.000 2.617
5090.000 2.750
5095.000 2.820
5100.000 2.959
5105.000 3.146
5110.000 3.242
5115.000 3.442
5120.000 3.586
5125.000 3.868
5130.000 4.185
5135.000 4.405
5140.000 4.871
5145.000 5.099
5150.000 5.809
5155.000 6.687
5160.000 7.168
5165.000 8.633
5170.000 9.487
5175.000 11.783
5180.000 13.013
5185.000 15.949
5190.000 17.216
5195.000 16.643
5200.000 13.007
5205.000 11.235
5210.000 8.782
5215.000 6.938
5220.000 6.303
5225.000 5.363
5230.000 4.922
5235.000 4.283
5240.000 3.826
5245.000 3.588
5250.000 3.242
5255.000 3.120
5260.000 2.851
5265.000 2.640
5270.000 2.563
5275.000 2.390
5280.000 2.320
5285.000 2.202
5290.000 2.089
5295.000 2.047
5300.000 1.963
5305.000 1.921
5310.000 1.857
5315.000 1.804
5320.000 1.776
5325.000 1.731
5330.000 1.714
5335.000 1.683
5340.000 1.655
5345.000 1.648
5350.000 1.632
5355.000 1.627
5360.000 1.618
5365.000 1.608
5370.000 1.614
5375.000 1.617
5380.000 1.615
5385.000 1.625
5390.000 1.645
5395.000 1.650
5400.000 1.677
5405.000 1.689
5410.000 1.721
5415.000 1.766
5420.000 1.792
5425.000 1.841
5430.000 1.875
5435.000 1.943
5440.000 2.020
5445.000 2.070
5450.000 2.176
5455.000 2.231
5460.000 2.371
5465.000 2.533
5470.000 2.627
5475.000 2.863
5480.000 2.993
5485.000 3.300
5490.000 3.462
5495.000 3.941
5500.000 4.516
5505.000 4.860
5510.000 5.869
5515.000 6.484
5520.000 7.927
5525.000 10.127
5530.000 11.219
5535.000 12.637
5540.000 12.502
5545.000 10.087
5550.000 7.656
5555.000 6.603
5560.000 5.255
5565.000 4.823
5570.000 4.010
5575.000 3.474
5580.000 3.275
5585.000 2.891
5590.000 2.743
5595.000 2.507
5600.000 2.277
5605.000 2.188
5610.000 2.047
5615.000 1.972
5620.000 1.846
5625.000 1.750
5630.000 1.702
5635.000 1.616
5640.000 1.581
5645.000 1.519
5650.000 1.458
5655.000 1.437
5660.000 1.399
5665.000 1.374
5670.000 1.338
5675.000 1.313
5680.000 1.296
5685.000 1.274
5690.000 1.260
5695.000 1.246
5700.000 1.230
5705.000 1.221
5710.000 1.213
5715.000 1.208
5720.000 1.203
5725.000 1.205
5730.000 1.204
5735.000 1.210
5740.000 1.217
5745.000 1.229
5750.000 1.246
5755.000 1.253
5760.000 1.276
5765.000 1.289
5770.000 1.323
5775.000 1.358
5780.000 1.379
5785.000 1.426
5790.000 1.454
5795.000 1.520
5800.000 1.597
5805.000 1.638
5810.000 1.744
5815.000 1.796
5820.000 1.949
5825.000 2.125
5830.000 2.213
5835.000 2.482
5840.000 2.637
5845.000 2.989
5850.000 3.534
5855.000 3.865
5860.000 4.635
5865.000 5.221
5870.000 6.607
5875.000 8.019
5880.000 8.557
5885.000 8.738
5890.000 7.513
5895.000 5.758
5900.000 4.398
5905.000 3.952
5910.000 3.286
5915.000 3.027
5920.000 2.623
5925.000 2.331
5930.000 2.201
5935.000 2.002
5940.000 1.932
5945.000 1.774
5950.000 1.655
5955.000 1.617
5960.000 1.523
5965.000 1.478
5970.000 1.420
5975.000 1.357
5980.000 1.330
5985.000 1.299
5990.000 1.262
5995.000 1.228
6000.000 1.216
6005.000 1.198
6010.000 1.170
6015.000 1.152
6020.000 1.145
6025.000 1.129
6030.000 1.132
6035.000 1.124
6040.000 1.117
6045.000 1.118
6050.000 1.115
6055.000 1.118
6060.000 1.117
6065.000 1.118
6070.000 1.123
6075.000 1.131
6080.000 1.140
6085.000 1.159
6090.000 1.164
6095.000 1.184
6100.000 1.198
6105.000 1.224
6110.000 1.252
6115.000 1.274
6120.000 1.312
6125.000 1.330
6130.000 1.390
6135.000 1.446
6140.000 1.477
6145.000 1.559
6150.000 1.599
6155.000 1.692
6160.000 1.823
6165.000 1.888
6170.000 2.039
6175.000 2.136
6180.000 2.383
6185.000 2.650
6190.000 2.834
6195.000 3.328
6200.000 3.619
6205.000 4.314
6210.000 5.401
6215.000 6.024
6220.000 7.247
6225.000 7.821
6230.000 7.791
6235.000 6.342
6240.000 5.366
6245.000 4.134
6250.000 3.762
6255.000 3.027
6260.000 2.556
6265.000 2.402
6270.000 2.085
6275.000 1.965
6280.000 1.780
6285.000 1.606
6290.000 1.542
6295.000 1.435
6300.000 1.378
6305.000 1.278
6310.000 1.226
6315.000 1.172
6320.000 1.120
6325.000 1.098
6330.000 1.047
6335.000 1.007
6340.000 0.990
6345.000 0.962
6350.000 0.951
6355.000 0.927
6360.000 0.916
6365.000 0.897
6370.000 0.882
6375.000 0.875
6380.000 0.866
6385.000 0.856
6390.000 0.850
6395.000 0.842
6400.000 0.841
6405.000 0.837
6410.000 0.833
6415.000 0.832
6420.000 0.830
6425.000 0.837
6430.000 0.840
6435.000 0.851
6440.000 0.857
6445.000 0.871
6450.000 0.878
6455.000 0.897
6460.000 0.920
6465.000 0.930
6470.000 0.961
6475.000 0.979
6480.000 1.010
6485.000 1.059
6490.000 1.085
6495.000 1.143
6500.000 1.177
6505.000 1.268
6510.000 1.362
6515.000 1.423
6520.000 1.586
6525.000 1.674
6530.000 1.875
6535.000 2.189
6540.000 2.375
6545.000 2.798
6550.000 3.147
6555.000 3.911
6560.000 4.821
6565.000 5.432
6570.000 6.207
6575.000 6.201
6580.000 5.261
6585.000 4.032
6590.000 3.646
6595.000 2.926
6600.000 2.687
6605.000 2.346
6610.000 2.038
6615.000 1.930
6620.000 1.765
6625.000 1.684
6630.000 1.547
6635.000 1.455
6640.000 1.416
6645.000 1.335
6650.000 1.304
6655.000 1.251
6660.000 1.203
6665.000 1.182
6670.000 1.144
6675.000 1.131
6680.000 1.101
6685.000 1.087
6690.000 1.066
6695.000 1.047
6700.000 1.042
6705.000 1.022
6710.000 1.019
6715.000 1.011
6720.000 1.006
6725.000 1.005
6730.000 1.001
6735.000 1.002
6740.000 1.002
6745.000 1.009
6750.000 1.009
6755.000 1.014
6760.000 1.015
6765.000 1.022
6770.000 1.036
6775.000 1.041
6780.000 1.053
6785.000 1.060
6790.000 1.082
6795.000 1.104
6800.000 1.117
6805.000 1.149
6810.000 1.161
6815.000 1.206
6820.000 1.240
6825.000 1.268
6830.000 1.329
6835.000 1.360
6840.000 1.427
6845.000 1.518
6850.000 1.569
6855.000 1.671
6860.000 1.746
6865.000 1.904
6870.000 2.084
6875.000 2.227
6880.000 2.523
6885.000 2.676
6890.000 3.183
6895.000 3.807
6900.000 4.181
6905.000 5.094
6910.000 5.596
6915.000 6.214
6920.000 5.820
6925.000 5.204
6930.000 4.016
6935.000 3.583
6940.000 2.804
6945.000 2.355
6950.000 2.160
6955.000 1.836
6960.000 1.699
6965.000 1.530
6970.000 1.357
6975.000 1.296
6980.000 1.201
6985.000 1.145
6990.000 1.066
6995.000 0.996
7000.000 0.970
7005.000 0.924
7010.000 0.900
7015.000 0.839
7020.000 0.810
7025.000 0.806
7030.000 0.766
7035.000 0.763
7040.000 0.738
7045.000 0.712
7050.000 0.711
7055.000 0.701
7060.000 0.685
7065.000 0.683
7070.000 0.676
7075.000 0.670
7080.000 0.660
7085.000 0.663
7090.000 0.653
7095.000 0.649
7100.000 0.650
7105.000 0.643
7110.000 0.641
7115.000 0.644
7120.000 0.646
7125.000 0.650
7130.000 0.656
7135.000 0.658
7140.000 0.673
7145.000 0.683
7150.000 0.695
7155.000 0.714
7160.000 0.721
7165.000 0.743
7170.000 0.774
7175.000 0.793
7180.000 0.828
7185.000 0.850
7190.000 0.902
7195.000 0.964
7200.000 1.010
7205.000 1.105
7210.000 1.158
7215.000 1.314
7220.000 1.488
7225.000 1.582
7230.000 1.894
7235.000 2.067
7240.000 2.519
7245.000 3.146
7250.000 3.553
7255.000 4.402
7260.000 4.726
7265.000 4.900
7270.000 4.594
7275.000 3.770
7280.000 2.966
7285.000 2.696
7290.000 2.320
7295.000 2.132
7300.000 1.889
7305.000 1.716
7310.000 1.624
7315.000 1.497
7320.000 1.451
7325.000 1.358
7330.000 1.283
7335.000 1.257
7340.000 1.204
7345.000 1.178
7350.000 1.142
7355.000 1.104
7360.000 1.089
7365.000 1.065
7370.000 1.054
7375.000 1.029
7380.000 1.015
7385.000 1.002
7390.000 0.990
7395.000 0.983
7400.000 0.969
7405.000 0.962
7410.000 0.959
7415.000 0.960
7420.000 0.956
7425.000 0.958
7430.000 0.960
7435.000 0.960
7440.000 0.962
7445.000 0.968
7450.000 0.976
7455.000 0.985
7460.000 0.984
7465.000 0.993
7470.000 1.000
7475.000 1.008
7480.000 1.028
7485.000 1.036
7490.000 1.057
7495.000 1.068
7500.000 1.095
7505.000 1.127
7510.000 1.149
7515.000 1.187
7520.000 1.210
7525.000 1.266
7530.000 1.328
7535.000 1.361
7540.000 1.445
7545.000 1.491
7550.000 1.589
7555.000 1.732
7560.000 1.816
7565.000 1.983
7570.000 2.099
7575.000 2.415
7580.000 2.777
7585.000 2.997
7590.000 3.652
7595.000 4.012
7600.000 4.701
7605.000 5.216
7610.000 5.148
7615.000 4.436
7620.000 3.817
7625.000 2.922
7630.000 2.367
7635.000 2.088
7640.000 1.750
7645.000 1.641
7650.000 1.395
7655.000 1.225
7660.000 1.166
7665.000 1.041
7670.000 0.993
7675.000 0.917
7680.000 0.843
7685.000 0.812
7690.000 0.764
7695.000 0.741
7700.000 0.700
7705.000 0.668
7710.000 0.652
7715.000 0.620
7720.000 0.608
7725.000 0.586
7730.000 0.564
7735.000 0.560
7740.000 0.550
7745.000 0.538
7750.000 0.527
7755.000 0.522
7760.000 0.516
7765.000 0.509
7770.000 0.508
7775.000 0.504
7780.000 0.499
7785.000 0.497
7790.000 0.491
7795.000 0.489
7800.000 0.488
7805.000 0.485
7810.000 0.487
7815.000 0.486
7820.000 0.487
7825.000 0.492
7830.000 0.496
7835.000 0.503
7840.000 0.512
7845.000 0.518
7850.000 0.538
7855.000 0.546
7860.000 0.568
7865.000 0.589
7870.000 0.605
7875.000 0.642
7880.000 0.652
7885.000 0.708
7890.000 0.766
7895.000 0.806
7900.000 0.909
7905.000 0.968
7910.000 1.095
7915.000 1.308
7920.000 1.432
7925.000 1.705
7930.000 1.927
7935.000 2.386
7940.000 2.848
7945.000 3.102
7950.000 3.361
7955.000 3.401
7960.000 3.335
7965.000 3.018
7970.000 2.834
7975.000 2.358
7980.000 2.185
7985.000 1.951
7990.000 1.727
7995.000 1.650
8000.000 1.512
8005.000 1.448
8010.000 1.335
8015.000 1.266
8020.000 1.230
8025.000 1.174
8030.000 1.148
8035.000 1.129
8040.000 1.087
8045.000 1.067
8050.000 1.047
8055.000 1.027
8060.000 1.001
8065.000 0.988
8070.000 0.990
8075.000 0.984
8080.000 0.978
8085.000 0.964
8090.000 0.956
8095.000 0.950
8100.000 0.944
8105.000 0.938
8110.000 0.935
8115.000 0.933
8120.000 0.933
8125.000 0.936
8130.000 0.942
8135.000 0.941
8140.000 0.952
8145.000 0.952
8150.000 0.963
8155.000 0.968
8160.000 0.977
8165.000 0.988
8170.000 0.991
8175.000 1.003
8180.000 1.011
8185.000 1.029
8190.000 1.056
8195.000 1.067
8200.000 1.095
8205.000 1.118
8210.000 1.162
8215.000 1.208
8220.000 1.241
8225.000 1.315
8230.000 1.348
8235.000 1.422
8240.000 1.529
8245.000 1.585
8250.000 1.700
8255.000 1.796
8260.000 1.995
8265.000 2.226
8270.000 2.419
8275.000 2.804
8280.000 3.002
8285.000 3.541
8290.000 3.945
8295.000 3.981
8300.000 3.579
8305.000 3.182
8310.000 2.633
8315.000 2.296
8320.000 2.171
8325.000 1.848
8330.000 1.672
8335.000 1.351
8340.000 1.163
8345.000 1.075
8350.000 0.923
8355.000 0.867
8360.000 0.784
8365.000 0.699
8370.000 0.667
8375.000 0.620
8380.000 0.591
8385.000 0.551
8390.000 0.521
8395.000 0.503
8400.000 0.491
8405.000 0.469
8410.000 0.439
8415.000 0.418
8420.000 0.415
8425.000 0.394
8430.000 0.387
8435.000 0.380
8440.000 0.372
8445.000 0.368
8450.000 0.362
8455.000 0.363
8460.000 0.358
8465.000 0.351
8470.000 0.352
8475.000 0.351
8480.000 0.346
8485.000 0.342
8490.000 0.342
8495.000 0.340
8500.000 0.330
8505.000 0.329
8510.000 0.329
8515.000 0.328
8520.000 0.324
8525.000 0.328
8530.000 0.334
8535.000 0.343
8540.000 0.343
8545.000 0.353
8550.000 0.366
8555.000 0.375
8560.000 0.392
8565.000 0.410
8570.000 0.438
8575.000 0.472
8580.000 0.500
8585.000 0.565
8590.000 0.593
8595.000 0.693
8600.000 0.821
8605.000 0.887
8610.000 1.099
8615.000 1.216
8620.000 1.493
8625.000 1.925
8630.000 2.159
8635.000 2.615
8640.000 2.781
8645.000 2.870
8650.000 2.534
8655.000 2.337
8660.000 1.935
8665.000 1.826
8670.000 1.741
8675.000 1.727
8680.000 1.699
8685.000 1.607
8690.000 1.532
8695.000 1.418
8700.000 1.330
8705.000 1.281
8710.000 1.212
8715.000 1.191
8720.000 1.132
8725.000 1.089
8730.000 1.077
8735.000 1.043
8740.000 1.032
8745.000 1.012
8750.000 0.998
8755.000 0.981
8760.000 0.962
8765.000 0.956
8770.000 0.947
8775.000 0.938
8780.000 0.922
8785.000 0.914
8790.000 0.914
8795.000 0.904
8800.000 0.903
8805.000 0.904
8810.000 0.904
8815.000 0.904
8820.000 0.911
8825.000 0.921
8830.000 0.897
8835.000 0.930
8840.000 0.933
8845.000 0.929
8850.000 0.933
8855.000 0.942
8860.000 0.950
8865.000 0.954
8870.000 0.962
8875.000 0.970
8880.000 0.990
8885.000 1.005
8890.000 1.020
8895.000 1.046
8900.000 1.058
8905.000 1.099
8910.000 1.140
8915.000 1.162
8920.000 1.223
8925.000 1.255
8930.000 1.316
8935.000 1.415
8940.000 1.461
8945.000 1.569
8950.000 1.636
8955.000 1.814
8960.000 1.992
8965.000 2.116
8970.000 2.418
8975.000 2.586
8980.000 2.939
8985.000 3.319
8990.000 3.396
8995.000 3.225
9000.000 2.891
9005.000 2.217
9010.000 1.744
9015.000 1.512
9020.000 1.200
9025.000 1.112
9030.000 0.884
9035.000 0.747
9040.000 0.693
9045.000 0.587
9050.000 0.554
9055.000 0.494
9060.000 0.434
9065.000 0.415
9070.000 0.383
9075.000 0.360
9080.000 0.332
9085.000 0.313
9090.000 0.306
9095.000 0.283
9100.000 0.281
9105.000 0.264
9110.000 0.250
9115.000 0.250
9120.000 0.231
9125.000 0.231
9130.000 0.223
9135.000 0.216
9140.000 0.215
9145.000 0.215
9150.000 0.215
9155.000 0.214
9160.000 0.208
9165.000 0.213
9170.000 0.210
9175.000 0.204
9180.000 0.203
9185.000 0.197
9190.000 0.194
9195.000 0.188
9200.000 0.180
9205.000 0.178
9210.000 0.170
9215.000 0.168
9220.000 0.164
9225.000 0.161
9230.000 0.161
9235.000 0.164
9240.000 0.164
9245.000 0.177
9250.000 0.183
9255.000 0.197
9260.000 0.220
9265.000 0.235
9270.000 0.266
9275.000 0.292
9280.000 0.357
9285.000 0.428
9290.000 0.475
9295.000 0.604
9300.000 0.667
9305.000 0.817
9310.000 1.040
9315.000 1.171
9320.000 1.473
9325.000 1.731
9330.000 2.205
9335.000 2.562
9340.000 2.667
9345.000 2.509
9350.000 2.377
9355.000 2.014
9360.000 1.880
9365.000 1.687
9370.000 1.500
9375.000 1.434
9380.000 1.334
9385.000 1.276
9390.000 1.199
9395.000 1.137
9400.000 1.104
9405.000 1.056
9410.000 1.037
9415.000 0.996
9420.000 0.983
9425.000 0.960
9430.000 0.938
9435.000 0.927
9440.000 0.908
9445.000 0.898
9450.000 0.898
9455.000 0.884
9460.000 0.875
9465.000 0.863
9470.000 0.859
9475.000 0.851
9480.000 0.844
9485.000 0.843
9490.000 0.838
9495.000 0.832
9500.000 0.832
9505.000 0.830
9510.000 0.828
9515.000 0.830
9520.000 0.836
9525.000 0.837
9530.000 0.844
9535.000 0.847
9540.000 0.855
9545.000 0.863
9550.000 0.866
9555.000 0.872
9560.000 0.877
9565.000 0.886
9570.000 0.899
9575.000 0.907
9580.000 0.921
9585.000 0.929
9590.000 0.954
9595.000 0.977
9600.000 0.998
9605.000 1.031
9610.000 1.053
9615.000 1.100
9620.000 1.157
9625.000 1.187
9630.000 1.267
9635.000 1.319
9640.000 1.418
9645.000 1.538
9650.000 1.620
9655.000 1.813
9660.000 1.894
9665.000 2.178
9670.000 2.432
9675.000 2.510
9680.000 2.526
9685.000 2.404
9690.000 2.037
9695.000 1.512
9700.000 1.312
9705.000 1.027
9710.000 0.874
9715.000 0.687
9720.000 0.624
9725.000 0.489
9730.000 0.395
9735.000 0.365
9740.000 0.299
9745.000 0.253
9750.000 0.243
9755.000 0.207
9760.000 0.197
9765.000 0.183
9770.000 0.171
9775.000 0.168
9780.000 0.166
9785.000 0.166
9790.000 0.165
9795.000 0.171
9800.000 0.179
9805.000 0.162
9810.000 0.166
9815.000 0.169
9820.000 0.168
9825.000 0.167
9830.000 0.163
9835.000 0.165
9840.000 0.165
9845.000 0.163
9850.000 0.164
9855.000 0.166
9860.000 0.165
9865.000 0.167
9870.000 0.161
9875.000 0.161
9880.000 0.161
9885.000 0.157
9890.000 0.156
9895.000 0.145
9900.000 0.138
9905.000 0.129
9910.000 0.120
9915.000 0.108
9920.000 0.090
9925.000 0.076
9930.000 0.058
9935.000 0.049
9940.000 0.029
9945.000 0.021
9950.000 0.019
9955.000 0.046
9960.000 0.069
9965.000 0.110
9970.000 0.127
9975.000 0.202
9980.000 0.267
9985.000 0.313
9990.000 0.446
9995.000 0.522
10000.000 0.674
10005.000 0.945
10010.000 1.093
10015.000 1.399
10020.000 1.623
10025.000 1.949
10030.000 2.038
10035.000 1.992
10040.000 1.759
10045.000 1.654
10050.000 1.462
10055.000 1.313
10060.000 1.258
10065.000 1.155
10070.000 1.116
10075.000 1.055
10080.000 1.021
10085.000 0.965
10090.000 0.940
10095.000 0.921
10100.000 0.899
10105.000 0.881
10110.000 0.870
10115.000 0.848
10120.000 0.840
10125.000 0.828
10130.000 0.810
10135.000 0.806
10140.000 0.800
10145.000 0.795
10150.000 0.789
10155.000 0.780
10160.000 0.775
10165.000 0.767
10170.000 0.768
10175.000 0.762
10180.000 0.757
10185.000 0.749
10190.000 0.746
10195.000 0.748
10200.000 0.743
10205.000 0.748
10210.000 0.748
10215.000 0.749
10220.000 0.757
10225.000 0.759
10230.000 0.764
10235.000 0.774
10240.000 0.777
10245.000 0.780
10250.000 0.785
10255.000 0.798
10260.000 0.808
10265.000 0.811
10270.000 0.822
10275.000 0.831
10280.000 0.851
10285.000 0.862
10290.000 0.883
10295.000 0.895
10300.000 0.930
10305.000 0.967
10310.000 0.988
10315.000 1.042
10320.000 1.070
10325.000 1.124
10330.000 1.212
10335.000 1.258
10340.000 1.354
10345.000 1.437
10350.000 1.585
10355.000 1.728
10360.000 1.827
10365.000 1.916
10370.000 1.908
10375.000 1.688
10380.000 1.504
10385.000 1.175
10390.000 0.843
10395.000 0.728
10400.000 0.570
10405.000 0.414
10410.000 0.365
10415.000 0.289
10420.000 0.249
10425.000 0.199
10430.000 0.168
10435.000 0.155
10440.000 0.141
10445.000 0.138
10450.000 0.136
10455.000 0.139
10460.000 0.140
10465.000 0.147
10470.000 0.152
10475.000 0.158
10480.000 0.165
10485.000 0.167
10490.000 0.169
10495.000 0.176
10500.000 0.178
10505.000 0.181
10510.000 0.182
10515.000 0.182
10520.000 0.181
10525.000 0.184
10530.000 0.188
10535.000 0.204
10540.000 0.210
10545.000 0.211
10550.000 0.215
10555.000 0.209
10560.000 0.213
10565.000 0.209
10570.000 0.208
10575.000 0.208
10580.000 0.205
10585.000 0.201
10590.000 0.198
10595.000 0.193
10600.000 0.181
10605.000 0.175
10610.000 0.168
10615.000 0.155
10620.000 0.146
10625.000 0.132
10630.000 0.125
10635.000 0.111
10640.000 0.097
10645.000 0.090
10650.000 0.084
10655.000 0.087
10660.000 0.104
10665.000 0.135
10670.000 0.168
10675.000 0.235
10680.000 0.267
10685.000 0.387
10690.000 0.533
10695.000 0.600
10700.000 0.854
10705.000 0.985
10710.000 1.249
10715.000 1.559
10720.000 1.651
10725.000 1.667
10730.000 1.624
10735.000 1.445
10740.000 1.318
10745.000 1.252
10750.000 1.132
10755.000 1.091
10760.000 1.017
10765.000 0.962
10770.000 0.933
10775.000 0.888
10780.000 0.871
10785.000 0.840
10790.000 0.811
10795.000 0.798
10800.000 0.776
10805.000 0.768
10810.000 0.752
10815.000 0.736
10820.000 0.732
10825.000 0.721
10830.000 0.716
10835.000 0.712
10840.000 0.707
10845.000 0.702
10850.000 0.701
10855.000 0.695
10860.000 0.689
10865.000 0.687
10870.000 0.683
10875.000 0.679
10880.000 0.678
10885.000 0.674
10890.000 0.674
10895.000 0.672
10900.000 0.671
10905.000 0.672
10910.000 0.674
10915.000 0.678
10920.000 0.684
10925.000 0.686
10930.000 0.689
10935.000 0.698
10940.000 0.701
10945.000 0.700
10950.000 0.713
10955.000 0.712
10960.000 0.714
10965.000 0.731
10970.000 0.733
10975.000 0.743
10980.000 0.755
10985.000 0.769
10990.000 0.794
10995.000 0.809
11000.000 0.828
11005.000 0.844
11010.000 0.883
11015.000 0.932
11020.000 0.945
11025.000 1.012
11030.000 1.049
11035.000 1.117
11040.000 1.222
11045.000 1.272
11050.000 1.347
11055.000 1.391
11060.000 1.391
11065.000 1.339
11070.000 1.131
11075.000 0.822
11080.000 0.698
11085.000 0.485
11090.000 0.337
11095.000 0.285
11100.000 0.245
11105.000 0.165
11110.000 0.131
11115.000 0.118
11120.000 0.119
11125.000 0.125
11130.000 0.130
11135.000 0.144
11140.000 0.158
11145.000 0.167
11150.000 0.184
11155.000 0.189
11160.000 0.198
11165.000 0.206
11170.000 0.215
11175.000 0.226
11180.000 0.230
11185.000 0.236
11190.000 0.242
11195.000 0.251
11200.000 0.256
11205.000 0.259
11210.000 0.258
11215.000 0.262
11220.000 0.263
11225.000 0.263
11230.000 0.262
11235.000 0.259
11240.000 0.254
11245.000 0.244
11250.000 0.241
11255.000 0.239
11260.000 0.237
11265.000 0.233
11270.000 0.239
11275.000 0.239
11280.000 0.239
11285.000 0.234
11290.000 0.235
11295.000 0.230
11300.000 0.224
11305.000 0.217
11310.000 0.211
11315.000 0.211
11320.000 0.198
11325.000 0.190
11330.000 0.186
11335.000 0.173
11340.000 0.167
11345.000 0.162
11350.000 0.160
11355.000 0.166
11360.000 0.179
11365.000 0.200
11370.000 0.247
11375.000 0.312
11380.000 0.379
11385.000 0.506
11390.000 0.566
11395.000 0.795
11400.000 1.028
11405.000 1.130
11410.000 1.299
11415.000 1.331
11420.000 1.282
11425.000 1.173
11430.000 1.117
11435.000 1.033
11440.000 0.996
11445.000 0.918
11450.000 0.875
11455.000 0.854
11460.000 0.825
11465.000 0.794
11470.000 0.768
11475.000 0.741
11480.000 0.729
11485.000 0.710
11490.000 0.707
11495.000 0.697
11500.000 0.684
11505.000 0.681
11510.000 0.668
11515.000 0.661
11520.000 0.652
11525.000 0.647
11530.000 0.646
11535.000 0.641
11540.000 0.637
11545.000 0.633
11550.000 0.632
11555.000 0.632
11560.000 0.625
11565.000 0.622
11570.000 0.621
11575.000 0.617
11580.000 0.618
11585.000 0.616
11590.000 0.616
11595.000 0.615
11600.000 0.615
11605.000 0.617
11610.000 0.620
11615.000 0.619
11620.000 0.623
11625.000 0.633
11630.000 0.632
11635.000 0.638
11640.000 0.641
11645.000 0.648
11650.000 0.651
11655.000 0.654
11660.000 0.663
11665.000 0.667
11670.000 0.675
11675.000 0.689
11680.000 0.698
11685.000 0.711
11690.000 0.726
11695.000 0.748
11700.000 0.758
11705.000 0.790
11710.000 0.823
11715.000 0.843
11720.000 0.893
11725.000 0.916
11730.000 0.957
11735.000 1.007
11740.000 1.026
11745.000 1.044
11750.000 1.038
11755.000 0.967
11760.000 0.897
11765.000 0.722
11770.000 0.499
11775.000 0.413
11780.000 0.288
11785.000 0.188
11790.000 0.159
11795.000 0.125
11800.000 0.122
11805.000 0.133
11810.000 0.147
11815.000 0.158
11820.000 0.164
11825.000 0.181
11830.000 0.201
11835.000 0.209
11840.000 0.214
11845.000 0.226
11850.000 0.230
11855.000 0.236
11860.000 0.245
11865.000 0.250
11870.000 0.254
11875.000 0.265
11880.000 0.266
11885.000 0.273
11890.000 0.271
11895.000 0.275
11900.000 0.280
11905.000 0.280
11910.000 0.281
11915.000 0.284
11920.000 0.282
11925.000 0.283
11930.000 0.282
11935.000 0.280
11940.000 0.278
11945.000 0.279
11950.000 0.278
11955.000 0.277
11960.000 0.276
11965.000 0.275
11970.000 0.268
11975.000 0.270
11980.000 0.268
11985.000 0.263
11990.000 0.261
11995.000 0.258
12000.000 0.255
