105.000 3.528
110.000 4.025
115.000 4.183
120.000 4.439
125.000 4.359
130.000 4.424
135.000 4.591
140.000 4.726
145.000 4.912
150.000 5.011
155.000 5.140
160.000 5.193
165.000 5.395
170.000 6.595
175.000 5.841
180.000 5.874
185.000 5.987
190.000 6.238
195.000 6.512
200.000 6.684
205.000 6.913
210.000 7.079
215.000 7.394
220.000 7.578
225.000 7.975
230.000 8.362
235.000 8.601
240.000 9.102
245.000 9.350
250.000 9.918
255.000 10.558
260.000 10.927
265.000 11.710
270.000 12.105
275.000 13.077
280.000 14.109
285.000 14.688
290.000 15.985
295.000 16.708
300.000 18.380
305.000 20.338
310.000 21.429
315.000 23.938
320.000 25.378
325.000 28.415
330.000 33.368
335.000 34.630
340.000 41.039
345.000 44.608
350.000 53.491
355.000 65.272
360.000 73.152
365.000 91.691
370.000 104.497
375.000 131.265
380.000 143.419
385.000 146.656
390.000 149.935
395.000 150.378
400.000 149.077
405.000 144.974
410.000 142.181
415.000 135.609
420.000 131.714
425.000 120.876
430.000 107.688
435.000 101.938
440.000 91.570
445.000 86.678
450.000 77.600
455.000 68.987
460.000 64.940
465.000 57.399
470.000 53.834
475.000 47.403
480.000 41.813
485.000 39.267
490.000 34.751
495.000 32.537
500.000 29.001
505.000 27.440
510.000 24.660
515.000 22.286
520.000 21.238
525.000 19.356
530.000 18.499
535.000 16.979
540.000 15.684
545.000 15.092
550.000 14.012
555.000 13.551
560.000 12.679
565.000 11.903
570.000 11.570
575.000 10.943
580.000 10.652
585.000 10.147
590.000 9.687
595.000 9.479
600.000 9.105
605.000 8.943
610.000 8.637
615.000 8.372
620.000 8.270
625.000 8.058
630.000 7.978
635.000 7.805
640.000 7.696
645.000 7.638
650.000 7.581
655.000 7.558
660.000 7.528
665.000 7.550
670.000 7.575
675.000 7.647
680.000 7.694
685.000 7.849
690.000 8.035
695.000 8.155
700.000 8.437
705.000 8.623
710.000 9.054
715.000 9.620
720.000 9.916
725.000 10.727
730.000 11.343
735.000 12.598
740.000 14.300
745.000 15.429
750.000 18.436
755.000 20.536
760.000 26.471
765.000 35.842
770.000 42.041
775.000 52.526
780.000 51.705
785.000 31.329
790.000 19.588
795.000 16.729
800.000 12.846
805.000 11.463
810.000 9.376
815.000 7.833
820.000 7.237
825.000 6.252
830.000 5.820
835.000 5.134
840.000 4.580
845.000 4.340
850.000 3.926
855.000 3.742
860.000 3.424
865.000 3.154
870.000 3.035
875.000 2.820
880.000 2.719
885.000 2.537
890.000 2.381
895.000 2.317
900.000 2.188
905.000 2.135
910.000 2.029
915.000 1.945
920.000 1.892
925.000 1.817
930.000 1.777
935.000 1.719
940.000 1.665
945.000 1.636
950.000 1.592
955.000 1.561
960.000 1.517
965.000 1.498
970.000 1.459
975.000 1.461
980.000 1.446
985.000 1.416
990.000 1.399
995.000 1.402
1000.000 1.387
1005.000 1.382
1010.000 1.385
1015.000 1.395
1020.000 1.384
1025.000 1.397
1030.000 1.404
1035.000 1.431
1040.000 1.463
1045.000 1.469
1050.000 1.510
1055.000 1.526
1060.000 1.574
1065.000 1.644
1070.000 1.684
1075.000 1.762
1080.000 1.809
1085.000 1.926
1090.000 2.085
1095.000 2.157
1100.000 2.362
1105.000 2.486
1110.000 2.777
1115.000 2.951
1120.000 3.387
1125.000 3.993
1130.000 4.416
1135.000 5.564
1140.000 6.342
1145.000 8.688
1150.000 12.062
1155.000 13.772
1160.000 14.294
1165.000 11.878
1170.000 7.204
1175.000 5.322
1180.000 4.725
1185.000 3.887
1190.000 3.565
1195.000 3.086
1200.000 2.739
1205.000 2.595
1210.000 2.364
1215.000 2.282
1220.000 2.090
1225.000 1.971
1230.000 1.927
1235.000 1.826
1240.000 1.787
1245.000 1.719
1250.000 1.663
1255.000 1.640
1260.000 1.596
1265.000 1.577
1270.000 1.544
1275.000 1.524
1280.000 1.514
1285.000 1.501
1290.000 1.495
1295.000 1.490
1300.000 1.487
1305.000 1.486
1310.000 1.487
1315.000 1.495
1320.000 1.504
1325.000 1.519
1330.000 1.531
1335.000 1.550
1340.000 1.569
1345.000 1.585
1350.000 1.614
1355.000 1.636
1360.000 1.671
1365.000 1.692
1370.000 1.737
1375.000 1.800
1380.000 1.824
1385.000 1.892
1390.000 1.925
1395.000 2.006
1400.000 2.087
1405.000 2.130
1410.000 2.240
1415.000 2.300
1420.000 2.418
1425.000 2.562
1430.000 2.642
1435.000 2.803
1440.000 3.002
1445.000 3.109
1450.000 3.339
1455.000 3.477
1460.000 3.798
1465.000 3.977
1470.000 4.375
1475.000 4.870
1480.000 5.156
1485.000 5.822
1490.000 6.242
1495.000 7.215
1500.000 8.493
1505.000 9.355
1510.000 11.476
1515.000 12.810
1520.000 16.574
1525.000 21.684
1530.000 24.544
1535.000 28.888
1540.000 28.747
1545.000 22.717
1550.000 16.408
1555.000 14.395
1560.000 11.565
1565.000 10.500
1570.000 8.844
1575.000 7.684
1580.000 7.196
1585.000 6.375
1590.000 6.036
1595.000 5.457
1600.000 4.968
1605.000 4.755
1610.000 4.380
1615.000 4.206
1620.000 3.908
1625.000 3.669
1630.000 3.559
1635.000 3.386
1640.000 3.326
1645.000 3.236
1650.000 3.220
1655.000 3.226
1660.000 3.285
1665.000 3.322
1670.000 3.424
1675.000 3.561
1680.000 3.639
1685.000 3.796
1690.000 3.873
1695.000 4.026
1700.000 4.098
1705.000 4.241
1710.000 4.381
1715.000 4.456
1720.000 4.588
1725.000 4.661
1730.000 4.799
1735.000 4.941
1740.000 5.017
1745.000 5.170
1750.000 5.243
1755.000 5.411
1760.000 5.590
1765.000 5.680
1770.000 5.887
1775.000 5.990
1780.000 6.219
1785.000 6.477
1790.000 6.617
1795.000 6.909
1800.000 7.067
1805.000 7.427
1810.000 7.816
1815.000 8.030
1820.000 8.515
1825.000 8.782
1830.000 9.347
1835.000 10.027
1840.000 10.401
1845.000 11.220
1850.000 11.715
1855.000 12.794
1860.000 14.055
1865.000 14.822
1870.000 16.537
1875.000 17.485
1880.000 19.892
1885.000 22.824
1890.000 24.464
1895.000 28.563
1900.000 30.832
1905.000 35.575
1910.000 40.016
1915.000 41.458
1920.000 41.734
1925.000 40.473
1930.000 35.867
1935.000 30.854
1940.000 28.573
1945.000 24.540
1950.000 22.893
1955.000 20.214
1960.000 17.977
1965.000 17.056
1970.000 15.515
1975.000 14.801
1980.000 13.566
1985.000 12.627
1990.000 12.165
1995.000 11.410
2000.000 11.078
2005.000 10.448
2010.000 9.919
2015.000 9.693
2020.000 9.233
2025.000 9.049
2030.000 8.684
2035.000 8.361
2040.000 8.220
2045.000 7.950
2050.000 7.835
2055.000 7.611
2060.000 7.418
2065.000 7.329
2070.000 7.160
2075.000 7.092
2080.000 6.955
2085.000 6.838
2090.000 6.787
2095.000 6.691
2100.000 6.654
2105.000 6.584
2110.000 6.532
2115.000 6.506
2120.000 6.469
2125.000 6.460
2130.000 6.444
2135.000 6.442
2140.000 6.443
2145.000 6.467
2150.000 6.482
2155.000 6.520
2160.000 6.583
2165.000 6.621
2170.000 6.704
2175.000 6.755
2180.000 6.874
2185.000 7.006
2190.000 7.085
2195.000 7.268
2200.000 7.364
2205.000 7.582
2210.000 7.837
2215.000 7.978
2220.000 8.282
2225.000 8.471
2230.000 8.864
2235.000 9.325
2240.000 9.603
2245.000 10.222
2250.000 10.544
2255.000 11.371
2260.000 12.343
2265.000 12.877
2270.000 14.248
2275.000 15.039
2280.000 16.980
2285.000 18.124
2290.000 20.941
2295.000 24.283
2300.000 26.296
2305.000 30.729
2310.000 32.784
2315.000 35.473
2320.000 34.671
2325.000 32.792
2330.000 27.909
2335.000 25.250
2340.000 20.979
2345.000 17.768
2350.000 16.372
2355.000 14.188
2360.000 13.340
2365.000 11.775
2370.000 10.566
2375.000 10.081
2380.000 9.153
2385.000 8.764
2390.000 8.095
2395.000 7.498
2400.000 7.241
2405.000 6.800
2410.000 6.596
2415.000 6.211
2420.000 5.903
2425.000 5.751
2430.000 5.489
2435.000 5.368
2440.000 5.156
2445.000 4.964
2450.000 4.876
2455.000 4.719
2460.000 4.655
2465.000 4.515
2470.000 4.400
2475.000 4.349
2480.000 4.252
2485.000 4.215
2490.000 4.133
2495.000 4.072
2500.000 4.045
2505.000 3.995
2510.000 3.973
2515.000 3.943
2520.000 3.919
2525.000 3.912
2530.000 3.902
2535.000 3.901
2540.000 3.907
2545.000 3.928
2550.000 3.944
2555.000 3.974
2560.000 3.995
2565.000 4.047
2570.000 4.119
2575.000 4.158
2580.000 4.252
2585.000 4.305
2590.000 4.425
2595.000 4.570
2600.000 4.646
2605.000 4.829
2610.000 4.920
2615.000 5.168
2620.000 5.445
2625.000 5.598
2630.000 5.979
2635.000 6.191
2640.000 6.675
2645.000 7.319
2650.000 7.684
2655.000 8.545
2660.000 9.128
2665.000 10.459
2670.000 12.172
2675.000 13.332
2680.000 16.379
2685.000 18.255
2690.000 22.502
2695.000 26.600
2700.000 27.327
2705.000 24.303
2710.000 21.013
2715.000 15.618
2720.000 12.236
2725.000 10.921
2730.000 9.019
2735.000 8.321
2740.000 7.106
2745.000 6.217
2750.000 5.876
2755.000 5.230
2760.000 4.967
2765.000 4.535
2770.000 4.144
2775.000 3.978
2780.000 3.703
2785.000 3.565
2790.000 3.344
2795.000 3.151
2800.000 3.064
2805.000 2.905
2810.000 2.839
2815.000 2.708
2820.000 2.601
2825.000 2.552
2830.000 2.458
2835.000 2.417
2840.000 2.347
2845.000 2.284
2850.000 2.258
2855.000 2.210
2860.000 2.182
2865.000 2.146
2870.000 2.115
2875.000 2.097
2880.000 2.073
2885.000 2.069
2890.000 2.055
2895.000 2.047
2900.000 2.046
2905.000 2.044
2910.000 2.046
2915.000 2.059
2920.000 2.064
2925.000 2.082
2930.000 2.112
2935.000 2.124
2940.000 2.161
2945.000 2.180
2950.000 2.227
2955.000 2.288
2960.000 2.325
2965.000 2.396
2970.000 2.436
2975.000 2.538
2980.000 2.631
2985.000 2.685
2990.000 2.825
2995.000 2.916
3000.000 3.069
3005.000 3.288
3010.000 3.404
3015.000 3.683
3020.000 3.849
3025.000 4.224
3030.000 4.673
3035.000 4.977
3040.000 5.662
3045.000 6.087
3050.000 7.167
3055.000 8.672
3060.000 9.639
3065.000 12.221
3070.000 13.928
3075.000 17.791
3080.000 20.506
3085.000 20.189
3090.000 15.617
3095.000 13.274
3100.000 9.824
3105.000 7.827
3110.000 7.129
3115.000 5.966
3120.000 5.536
3125.000 4.860
3130.000 4.297
3135.000 4.078
3140.000 3.713
3145.000 3.541
3150.000 3.260
3155.000 3.038
3160.000 2.928
3165.000 2.750
3170.000 2.598
3175.000 2.522
3180.000 2.402
3185.000 2.353
3190.000 2.253
3195.000 2.206
3200.000 2.133
3205.000 2.053
3210.000 2.029
3215.000 1.974
3220.000 1.943
3225.000 1.894
3230.000 1.858
3235.000 1.840
3240.000 1.805
3245.000 1.792
3250.000 1.766
3255.000 1.744
3260.000 1.739
3265.000 1.726
3270.000 1.722
3275.000 1.711
3280.000 1.706
3285.000 1.706
3290.000 1.707
3295.000 1.708
3300.000 1.716
3305.000 1.725
3310.000 1.736
3315.000 1.751
3320.000 1.759
3325.000 1.785
3330.000 1.819
3335.000 1.834
3340.000 1.875
3345.000 1.897
3350.000 1.951
3355.000 2.009
3360.000 2.043
3365.000 2.125
3370.000 2.167
3375.000 2.258
3380.000 2.378
3385.000 2.443
3390.000 2.590
3395.000 2.686
3400.000 2.878
3405.000 3.117
3410.000 3.277
3415.000 3.628
3420.000 3.812
3425.000 4.359
3430.000 5.064
3435.000 5.461
3440.000 6.681
3445.000 7.431
3450.000 9.362
3455.000 11.897
3460.000 13.120
3465.000 13.778
3470.000 12.686
3475.000 8.989
3480.000 7.673
3485.000 5.930
3490.000 4.728
3495.000 4.305
3500.000 3.671
3505.000 3.389
3510.000 2.959
3515.000 2.640
3520.000 2.495
3525.000 2.262
3530.000 2.170
3535.000 1.994
3540.000 1.848
3545.000 1.789
3550.000 1.675
3555.000 1.624
3560.000 1.543
3565.000 1.464
3570.000 1.429
3575.000 1.375
3580.000 1.349
3585.000 1.302
3590.000 1.261
3595.000 1.237
3600.000 1.205
3605.000 1.192
3610.000 1.163
3615.000 1.138
3620.000 1.133
3625.000 1.116
3630.000 1.105
3635.000 1.093
3640.000 1.090
3645.000 1.082
3650.000 1.078
3655.000 1.080
3660.000 1.076
3665.000 1.078
3670.000 1.078
3675.000 1.089
3680.000 1.092
3685.000 1.097
3690.000 1.112
3695.000 1.118
3700.000 1.134
3705.000 1.145
3710.000 1.172
3715.000 1.197
3720.000 1.214
3725.000 1.247
3730.000 1.269
3735.000 1.308
3740.000 1.367
3745.000 1.391
3750.000 1.458
3755.000 1.492
3760.000 1.575
3765.000 1.624
3770.000 1.734
3775.000 1.862
3780.000 1.931
3785.000 2.111
3790.000 2.213
3795.000 2.434
3800.000 2.754
3805.000 2.938
3810.000 3.370
3815.000 3.692
3820.000 4.423
3825.000 5.422
3830.000 6.158
3835.000 8.014
3840.000 9.127
3845.000 11.152
3850.000 11.244
3855.000 9.999
3860.000 7.134
3865.000 6.108
3870.000 4.791
3875.000 3.932
3880.000 3.614
3885.000 3.122
3890.000 2.934
3895.000 2.590
3900.000 2.342
3905.000 2.241
3910.000 2.049
3915.000 1.972
3920.000 1.843
3925.000 1.724
3930.000 1.675
3935.000 1.590
3940.000 1.545
3945.000 1.475
3950.000 1.426
3955.000 1.386
3960.000 1.342
3965.000 1.332
3970.000 1.277
3975.000 1.240
3980.000 1.232
3985.000 1.209
3990.000 1.191
3995.000 1.177
4000.000 1.150
4005.000 1.145
4010.000 1.124
4015.000 1.115
4020.000 1.107
4025.000 1.093
4030.000 1.103
4035.000 1.088
4040.000 1.082
4045.000 1.088
4050.000 1.079
4055.000 1.087
4060.000 1.086
4065.000 1.086
4070.000 1.094
4075.000 1.099
4080.000 1.105
4085.000 1.116
4090.000 1.124
4095.000 1.131
4100.000 1.153
4105.000 1.159
4110.000 1.183
4115.000 1.199
4120.000 1.229
4125.000 1.263
4130.000 1.281
4135.000 1.325
4140.000 1.348
4145.000 1.409
4150.000 1.472
4155.000 1.509
4160.000 1.603
4165.000 1.653
4170.000 1.763
4175.000 1.919
4180.000 2.006
4185.000 2.197
4190.000 2.333
4195.000 2.650
4200.000 3.048
4205.000 3.354
4210.000 4.055
4215.000 4.469
4220.000 5.653
4225.000 6.876
4230.000 7.234
4235.000 6.618
4240.000 5.648
4245.000 3.987
4250.000 2.957
4255.000 2.620
4260.000 2.152
4265.000 1.954
4270.000 1.646
4275.000 1.440
4280.000 1.346
4285.000 1.194
4290.000 1.130
4295.000 1.035
4300.000 0.945
4305.000 0.910
4310.000 0.853
4315.000 0.819
4320.000 0.772
4325.000 0.733
4330.000 0.715
4335.000 0.681
4340.000 0.672
4345.000 0.648
4350.000 0.624
4355.000 0.614
4360.000 0.597
4365.000 0.588
4370.000 0.573
4375.000 0.573
4380.000 0.557
4385.000 0.549
4390.000 0.547
4395.000 0.539
4400.000 0.532
4405.000 0.529
4410.000 0.522
4415.000 0.522
4420.000 0.520
4425.000 0.519
4430.000 0.518
4435.000 0.518
4440.000 0.517
4445.000 0.518
4450.000 0.521
4455.000 0.524
4460.000 0.528
4465.000 0.532
4470.000 0.542
4475.000 0.545
4480.000 0.553
4485.000 0.568
4490.000 0.578
4495.000 0.595
4500.000 0.605
4505.000 0.627
4510.000 0.655
4515.000 0.678
4520.000 0.714
4525.000 0.739
4530.000 0.794
4535.000 0.857
4540.000 0.894
4545.000 0.988
4550.000 1.041
4555.000 1.159
4560.000 1.317
4565.000 1.411
4570.000 1.630
4575.000 1.766
4580.000 2.140
4585.000 2.625
4590.000 2.910
4595.000 3.790
4600.000 4.342
4605.000 5.633
4610.000 7.136
4615.000 7.547
4620.000 6.998
4625.000 6.082
4630.000 4.557
4635.000 3.702
4640.000 3.334
4645.000 2.840
4650.000 2.660
4655.000 2.325
4660.000 2.086
4665.000 2.002
4670.000 1.824
4675.000 1.753
4680.000 1.629
4685.000 1.519
4690.000 1.472
4695.000 1.389
4700.000 1.347
4705.000 1.278
4710.000 1.219
4715.000 1.190
4720.000 1.138
4725.000 1.117
4730.000 1.080
4735.000 1.049
4740.000 1.039
4745.000 1.014
4750.000 1.006
4755.000 0.991
4760.000 0.983
4765.000 0.981
4770.000 0.977
4775.000 0.975
4780.000 0.978
4785.000 0.986
4790.000 0.988
4795.000 0.995
4800.000 1.002
4805.000 1.013
4810.000 1.031
4815.000 1.040
4820.000 1.058
4825.000 1.072
4830.000 1.093
4835.000 1.127
4840.000 1.144
4845.000 1.184
4850.000 1.203
4855.000 1.244
4860.000 1.294
4865.000 1.318
4870.000 1.365
4875.000 1.396
4880.000 1.462
4885.000 1.527
4890.000 1.565
4895.000 1.649
4900.000 1.684
4905.000 1.789
4910.000 1.906
4915.000 1.963
4920.000 2.112
4925.000 2.196
4930.000 2.367
4935.000 2.598
4940.000 2.728
4945.000 3.009
4950.000 3.182
4955.000 3.676
4960.000 3.930
4965.000 4.590
4970.000 5.496
4975.000 6.066
4980.000 7.432
4985.000 8.436
4990.000 10.454
4995.000 12.007
5000.000 12.167
5005.000 10.572
5010.000 9.447
5015.000 7.237
5020.000 5.880
5025.000 5.434
5030.000 4.573
5035.000 4.273
5040.000 3.804
5045.000 3.390
5050.000 3.238
5055.000 2.987
5060.000 2.771
5065.000 2.675
5070.000 2.526
5075.000 2.450
5080.000 2.329
5085.000 2.283
5090.000 2.183
5095.000 2.108
5100.000 2.080
5105.000 2.010
5110.000 1.983
5115.000 1.938
5120.000 1.892
5125.000 1.877
5130.000 1.846
5135.000 1.821
5140.000 1.806
5145.000 1.791
5150.000 1.786
5155.000 1.775
5160.000 1.768
5165.000 1.765
5170.000 1.758
5175.000 1.758
5180.000 1.760
5185.000 1.763
5190.000 1.770
5195.000 1.783
5200.000 1.784
5205.000 1.803
5210.000 1.808
5215.000 1.832
5220.000 1.858
5225.000 1.874
5230.000 1.908
5235.000 1.925
5240.000 1.966
5245.000 2.018
5250.000 2.044
5255.000 2.095
5260.000 2.132
5265.000 2.207
5270.000 2.276
5275.000 2.320
5280.000 2.430
5285.000 2.479
5290.000 2.596
5295.000 2.747
5300.000 2.821
5305.000 2.999
5310.000 3.111
5315.000 3.351
5320.000 3.621
5325.000 3.808
5330.000 4.201
5335.000 4.403
5340.000 4.997
5345.000 5.735
5350.000 6.111
5355.000 7.352
5360.000 8.089
5365.000 9.830
5370.000 12.519
5375.000 13.937
5380.000 16.204
5385.000 16.506
5390.000 14.152
5395.000 10.765
5400.000 9.356
5405.000 7.285
5410.000 6.579
5415.000 5.545
5420.000 4.709
5425.000 4.398
5430.000 3.873
5435.000 3.665
5440.000 3.300
5445.000 3.012
5450.000 2.880
5455.000 2.663
5460.000 2.576
5465.000 2.395
5470.000 2.250
5475.000 2.193
5480.000 2.071
5485.000 2.015
5490.000 1.924
5495.000 1.835
5500.000 1.798
5505.000 1.733
5510.000 1.699
5515.000 1.642
5520.000 1.594
5525.000 1.574
5530.000 1.529
5535.000 1.516
5540.000 1.484
5545.000 1.456
5550.000 1.443
5555.000 1.420
5560.000 1.413
5565.000 1.399
5570.000 1.392
5575.000 1.377
5580.000 1.369
5585.000 1.364
5590.000 1.363
5595.000 1.362
5600.000 1.361
5605.000 1.366
5610.000 1.368
5615.000 1.380
5620.000 1.387
5625.000 1.405
5630.000 1.424
5635.000 1.441
5640.000 1.469
5645.000 1.481
5650.000 1.520
5655.000 1.563
5660.000 1.584
5665.000 1.641
5670.000 1.675
5675.000 1.737
5680.000 1.830
5685.000 1.875
5690.000 1.979
5695.000 2.040
5700.000 2.200
5705.000 2.366
5710.000 2.475
5715.000 2.742
5720.000 2.895
5725.000 3.231
5730.000 3.743
5735.000 4.045
5740.000 4.752
5745.000 5.316
5750.000 6.563
5755.000 8.063
5760.000 9.025
5765.000 10.299
5770.000 10.279
5775.000 8.580
5780.000 6.449
5785.000 5.745
5790.000 4.541
5795.000 4.138
5800.000 3.549
5805.000 3.035
5810.000 2.847
5815.000 2.563
5820.000 2.429
5825.000 2.199
5830.000 2.039
5835.000 1.951
5840.000 1.821
5845.000 1.762
5850.000 1.665
5855.000 1.578
5860.000 1.542
5865.000 1.476
5870.000 1.444
5875.000 1.397
5880.000 1.345
5885.000 1.324
5890.000 1.293
5895.000 1.277
5900.000 1.246
5905.000 1.223
5910.000 1.216
5915.000 1.201
5920.000 1.189
5925.000 1.179
5930.000 1.163
5935.000 1.162
5940.000 1.154
5945.000 1.153
5950.000 1.146
5955.000 1.152
5960.000 1.138
5965.000 1.149
5970.000 1.147
5975.000 1.146
5980.000 1.166
5985.000 1.166
5990.000 1.183
5995.000 1.182
6000.000 1.202
6005.000 1.232
6010.000 1.240
6015.000 1.255
6020.000 1.280
6025.000 1.310
6030.000 1.332
6035.000 1.355
6040.000 1.400
6045.000 1.425
6050.000 1.481
6055.000 1.550
6060.000 1.586
6065.000 1.662
6070.000 1.717
6075.000 1.822
6080.000 1.944
6085.000 2.026
6090.000 2.201
6095.000 2.279
6100.000 2.543
6105.000 2.849
6110.000 3.009
6115.000 3.500
6120.000 3.782
6125.000 4.453
6130.000 5.525
6135.000 6.150
6140.000 7.659
6145.000 8.313
6150.000 9.063
6155.000 8.697
6160.000 7.029
6165.000 5.209
6170.000 4.605
6175.000 3.777
6180.000 3.388
6185.000 2.876
6190.000 2.505
6195.000 2.333
6200.000 2.081
6205.000 1.988
6210.000 1.789
6215.000 1.643
6220.000 1.587
6225.000 1.469
6230.000 1.424
6235.000 1.340
6240.000 1.268
6245.000 1.234
6250.000 1.186
6255.000 1.157
6260.000 1.103
6265.000 1.072
6270.000 1.048
6275.000 1.014
6280.000 1.004
6285.000 0.974
6290.000 0.948
6295.000 0.938
6300.000 0.913
6305.000 0.902
6310.000 0.897
6315.000 0.884
6320.000 0.880
6325.000 0.872
6330.000 0.869
6335.000 0.865
6340.000 0.858
6345.000 0.859
6350.000 0.857
6355.000 0.853
6360.000 0.857
6365.000 0.859
6370.000 0.861
6375.000 0.862
6380.000 0.865
6385.000 0.873
6390.000 0.884
6395.000 0.895
6400.000 0.903
6405.000 0.920
6410.000 0.934
6415.000 0.958
6420.000 0.989
6425.000 1.010
6430.000 1.041
6435.000 1.065
6440.000 1.111
6445.000 1.139
6450.000 1.192
6455.000 1.225
6460.000 1.316
6465.000 1.405
6470.000 1.459
6475.000 1.608
6480.000 1.682
6485.000 1.861
6490.000 2.131
6495.000 2.280
6500.000 2.629
6505.000 2.916
6510.000 3.523
6515.000 4.289
6520.000 4.893
6525.000 6.071
6530.000 6.582
6535.000 6.963
6540.000 5.930
6545.000 5.270
6550.000 4.049
6555.000 3.642
6560.000 3.064
6565.000 2.582
6570.000 2.411
6575.000 2.164
6580.000 2.044
6585.000 1.844
6590.000 1.707
6595.000 1.649
6600.000 1.530
6605.000 1.486
6610.000 1.411
6615.000 1.340
6620.000 1.310
6625.000 1.266
6630.000 1.241
6635.000 1.199
6640.000 1.166
6645.000 1.147
6650.000 1.117
6655.000 1.109
6660.000 1.083
6665.000 1.064
6670.000 1.056
6675.000 1.038
6680.000 1.034
6685.000 1.025
6690.000 1.018
6695.000 1.013
6700.000 1.007
6705.000 1.009
6710.000 1.007
6715.000 1.004
6720.000 1.008
6725.000 1.005
6730.000 1.006
6735.000 1.009
6740.000 1.012
6745.000 1.018
6750.000 1.024
6755.000 1.027
6760.000 1.040
6765.000 1.053
6770.000 1.062
6775.000 1.079
6780.000 1.087
6785.000 1.116
6790.000 1.130
6795.000 1.150
6800.000 1.188
6805.000 1.221
6810.000 1.242
6815.000 1.291
6820.000 1.313
6825.000 1.365
6830.000 1.400
6835.000 1.469
6840.000 1.545
6845.000 1.605
6850.000 1.718
6855.000 1.769
6860.000 1.935
6865.000 2.122
6870.000 2.214
6875.000 2.517
6880.000 2.685
6885.000 3.055
6890.000 3.676
6895.000 4.023
6900.000 4.844
6905.000 5.305
6910.000 6.387
6915.000 6.712
6920.000 6.570
6925.000 5.252
6930.000 4.601
6935.000 3.665
6940.000 3.212
6945.000 2.648
6950.000 2.263
6955.000 2.085
6960.000 1.824
6965.000 1.729
6970.000 1.536
6975.000 1.391
6980.000 1.337
6985.000 1.226
6990.000 1.171
6995.000 1.092
7000.000 1.031
7005.000 1.005
7010.000 0.955
7015.000 0.919
7020.000 0.885
7025.000 0.851
7030.000 0.837
7035.000 0.798
7040.000 0.789
7045.000 0.771
7050.000 0.756
7055.000 0.738
7060.000 0.720
7065.000 0.714
7070.000 0.702
7075.000 0.693
7080.000 0.677
7085.000 0.666
7090.000 0.663
7095.000 0.651
7100.000 0.651
7105.000 0.649
7110.000 0.644
7115.000 0.642
7120.000 0.644
7125.000 0.646
7130.000 0.647
7135.000 0.646
7140.000 0.650
7145.000 0.653
7150.000 0.657
7155.000 0.657
7160.000 0.662
7165.000 0.665
7170.000 0.678
7175.000 0.682
7180.000 0.694
7185.000 0.717
7190.000 0.727
7195.000 0.749
7200.000 0.761
7205.000 0.798
7210.000 0.832
7215.000 0.854
7220.000 0.907
7225.000 0.937
7230.000 0.989
7235.000 1.083
7240.000 1.129
7245.000 1.231
7250.000 1.307
7255.000 1.476
7260.000 1.673
7265.000 1.828
7270.000 2.167
7275.000 2.337
7280.000 2.933
7285.000 3.666
7290.000 4.037
7295.000 4.985
7300.000 5.323
7305.000 5.320
7310.000 4.420
7315.000 3.915
7320.000 3.224
7325.000 2.920
7330.000 2.428
7335.000 2.153
7340.000 2.022
7345.000 1.811
7350.000 1.735
7355.000 1.593
7360.000 1.486
7365.000 1.440
7370.000 1.354
7375.000 1.322
7380.000 1.266
7385.000 1.211
7390.000 1.188
7395.000 1.148
7400.000 1.139
7405.000 1.105
7410.000 1.082
7415.000 1.071
7420.000 1.047
7425.000 1.039
7430.000 1.024
7435.000 1.005
7440.000 0.996
7445.000 0.985
7450.000 0.979
7455.000 0.970
7460.000 0.964
7465.000 0.962
7470.000 0.954
7475.000 0.953
7480.000 0.953
7485.000 0.952
7490.000 0.956
7495.000 0.965
7500.000 0.964
7505.000 0.968
7510.000 0.974
7515.000 0.976
7520.000 0.984
7525.000 0.984
7530.000 0.996
7535.000 1.002
7540.000 1.009
7545.000 1.024
7550.000 1.033
7555.000 1.052
7560.000 1.078
7565.000 1.088
7570.000 1.117
7575.000 1.134
7580.000 1.173
7585.000 1.213
7590.000 1.236
7595.000 1.289
7600.000 1.306
7605.000 1.375
7610.000 1.450
7615.000 1.484
7620.000 1.586
7625.000 1.646
7630.000 1.772
7635.000 1.861
7640.000 2.057
7645.000 2.274
7650.000 2.427
7655.000 2.828
7660.000 3.058
7665.000 3.601
7670.000 4.376
7675.000 4.781
7680.000 5.409
7685.000 5.573
7690.000 5.099
7695.000 4.073
7700.000 3.509
7705.000 2.756
7710.000 2.531
7715.000 2.043
7720.000 1.732
7725.000 1.627
7730.000 1.400
7735.000 1.314
7740.000 1.188
7745.000 1.062
7750.000 1.012
7755.000 0.934
7760.000 0.890
7765.000 0.829
7770.000 0.778
7775.000 0.747
7780.000 0.705
7785.000 0.687
7790.000 0.654
7795.000 0.624
7800.000 0.614
7805.000 0.592
7810.000 0.581
7815.000 0.567
7820.000 0.552
7825.000 0.545
7830.000 0.533
7835.000 0.531
7840.000 0.518
7845.000 0.511
7850.000 0.502
7855.000 0.494
7860.000 0.492
7865.000 0.480
7870.000 0.476
7875.000 0.473
7880.000 0.471
7885.000 0.466
7890.000 0.466
7895.000 0.469
7900.000 0.472
7905.000 0.466
7910.000 0.473
7915.000 0.470
7920.000 0.475
7925.000 0.477
7930.000 0.486
7935.000 0.486
7940.000 0.492
7945.000 0.497
7950.000 0.510
7955.000 0.516
7960.000 0.534
7965.000 0.545
7970.000 0.571
7975.000 0.583
7980.000 0.601
7985.000 0.603
7990.000 0.640
7995.000 0.685
8000.000 0.721
8005.000 0.808
8010.000 0.849
8015.000 0.942
8020.000 1.069
8025.000 1.136
8030.000 1.272
8035.000 1.332
8040.000 1.545
8045.000 1.898
8050.000 2.105
8055.000 2.774
8060.000 3.134
8065.000 3.781
8070.000 4.168
8075.000 4.062
8080.000 3.518
8085.000 3.130
8090.000 2.572
8095.000 2.257
8100.000 2.103
8105.000 1.909
8110.000 1.833
8115.000 1.663
8120.000 1.534
8125.000 1.485
8130.000 1.388
8135.000 1.346
8140.000 1.284
8145.000 1.215
8150.000 1.189
8155.000 1.149
8160.000 1.126
8165.000 1.084
8170.000 1.060
8175.000 1.047
8180.000 1.031
8185.000 1.027
8190.000 1.016
8195.000 1.001
8200.000 0.991
8205.000 0.984
8210.000 0.974
8215.000 0.966
8220.000 0.953
8225.000 0.947
8230.000 0.946
8235.000 0.936
8240.000 0.931
8245.000 0.929
8250.000 0.923
8255.000 0.927
8260.000 0.928
8265.000 0.930
8270.000 0.936
8275.000 0.940
8280.000 0.947
8285.000 0.950
8290.000 0.958
8295.000 0.962
8300.000 0.969
8305.000 0.984
8310.000 0.991
8315.000 0.998
8320.000 1.008
8325.000 1.027
8330.000 1.043
8335.000 1.055
8340.000 1.080
8345.000 1.092
8350.000 1.128
8355.000 1.163
8360.000 1.187
8365.000 1.242
8370.000 1.270
8375.000 1.326
8380.000 1.401
8385.000 1.466
8390.000 1.493
8395.000 1.561
8400.000 1.596
8405.000 1.700
8410.000 1.797
8415.000 1.999
8420.000 2.111
8425.000 2.432
8430.000 2.825
8435.000 3.275
8440.000 3.603
8445.000 3.923
8450.000 4.372
8455.000 4.317
8460.000 4.005
8465.000 3.218
8470.000 2.851
8475.000 2.173
8480.000 1.785
8485.000 1.617
8490.000 1.323
8495.000 1.220
8500.000 1.070
8505.000 0.924
8510.000 0.868
8515.000 0.789
8520.000 0.741
8525.000 0.676
8530.000 0.617
8535.000 0.594
8540.000 0.547
8545.000 0.502
8550.000 0.487
8555.000 0.458
8560.000 0.448
8565.000 0.419
8570.000 0.415
8575.000 0.392
8580.000 0.379
8585.000 0.371
8590.000 0.360
8595.000 0.357
8600.000 0.347
8605.000 0.340
8610.000 0.339
8615.000 0.329
8620.000 0.329
8625.000 0.324
8630.000 0.317
8635.000 0.314
8640.000 0.305
8645.000 0.302
8650.000 0.297
8655.000 0.290
8660.000 0.289
8665.000 0.293
8670.000 0.295
8675.000 0.295
8680.000 0.296
8685.000 0.297
8690.000 0.298
8695.000 0.296
8700.000 0.298
8705.000 0.299
8710.000 0.299
8715.000 0.302
8720.000 0.299
8725.000 0.307
8730.000 0.309
8735.000 0.318
8740.000 0.333
8745.000 0.337
8750.000 0.365
8755.000 0.394
8760.000 0.410
8765.000 0.459
8770.000 0.485
8775.000 0.543
8780.000 0.630
8785.000 0.677
8790.000 0.777
8795.000 0.841
8800.000 1.035
8805.000 1.227
8810.000 1.372
8815.000 1.783
8820.000 2.021
8825.000 2.538
8830.000 2.839
8835.000 3.368
8840.000 3.513
8845.000 3.357
8850.000 2.873
8855.000 2.682
8860.000 2.243
8865.000 1.958
8870.000 1.871
8875.000 1.666
8880.000 1.590
8885.000 1.482
8890.000 1.370
8895.000 1.330
8900.000 1.270
8905.000 1.232
8910.000 1.177
8915.000 1.134
8920.000 1.108
8925.000 1.074
8930.000 1.053
8935.000 1.021
8940.000 0.992
8945.000 0.990
8950.000 0.967
8955.000 0.956
8960.000 0.943
8965.000 0.930
8970.000 0.923
8975.000 0.916
8980.000 0.913
8985.000 0.913
8990.000 0.905
8995.000 0.895
9000.000 0.903
9005.000 0.896
9010.000 0.892
9015.000 0.886
9020.000 0.884
9025.000 0.883
9030.000 0.872
9035.000 0.880
9040.000 0.881
9045.000 0.881
9050.000 0.889
9055.000 0.889
9060.000 0.897
9065.000 0.908
9070.000 0.915
9075.000 0.922
9080.000 0.926
9085.000 0.936
9090.000 0.949
9095.000 0.958
9100.000 0.970
9105.000 0.976
9110.000 0.999
9115.000 1.019
9120.000 1.033
9125.000 1.063
9130.000 1.078
9135.000 1.120
9140.000 1.166
9145.000 1.190
9150.000 1.255
9155.000 1.287
9160.000 1.363
9165.000 1.450
9170.000 1.507
9175.000 1.628
9180.000 1.678
9185.000 1.834
9190.000 1.997
9195.000 2.071
9200.000 2.363
9205.000 2.539
9210.000 2.882
9215.000 3.274
9220.000 3.348
9225.000 3.208
9230.000 2.941
9235.000 2.257
9240.000 1.782
9245.000 1.524
9250.000 1.210
9255.000 1.092
9260.000 0.886
9265.000 0.740
9270.000 0.692
9275.000 0.585
9280.000 0.538
9285.000 0.473
9290.000 0.413
9295.000 0.391
9300.000 0.356
9305.000 0.339
9310.000 0.307
9315.000 0.287
9320.000 0.276
9325.000 0.255
9330.000 0.244
9335.000 0.235
9340.000 0.222
9345.000 0.216
9350.000 0.204
9355.000 0.204
9360.000 0.198
9365.000 0.191
9370.000 0.188
9375.000 0.186
9380.000 0.184
9385.000 0.178
9390.000 0.176
9395.000 0.177
9400.000 0.180
9405.000 0.180
9410.000 0.180
9415.000 0.183
9420.000 0.178
9425.000 0.175
9430.000 0.169
9435.000 0.167
9440.000 0.164
9445.000 0.151
9450.000 0.148
9455.000 0.148
9460.000 0.139
9465.000 0.136
9470.000 0.128
9475.000 0.127
9480.000 0.124
9485.000 0.118
9490.000 0.120
9495.000 0.115
9500.000 0.114
9505.000 0.111
9510.000 0.116
9515.000 0.120
9520.000 0.132
9525.000 0.163
9530.000 0.179
9535.000 0.222
9540.000 0.253
9545.000 0.314
9550.000 0.380
9555.000 0.440
9560.000 0.547
9565.000 0.600
9570.000 0.769
9575.000 0.982
9580.000 1.083
9585.000 1.436
9590.000 1.628
9595.000 2.039
9600.000 2.461
9605.000 2.606
9610.000 2.624
9615.000 2.538
9620.000 2.191
9625.000 1.925
9630.000 1.810
9635.000 1.593
9640.000 1.514
9645.000 1.399
9650.000 1.286
9655.000 1.243
9660.000 1.183
9665.000 1.144
9670.000 1.090
9675.000 1.055
9680.000 1.029
9685.000 0.995
9690.000 0.989
9695.000 0.955
9700.000 0.937
9705.000 0.921
9710.000 0.895
9715.000 0.885
9720.000 0.872
9725.000 0.851
9730.000 0.847
9735.000 0.838
9740.000 0.831
9745.000 0.823
9750.000 0.820
9755.000 0.821
9760.000 0.813
9765.000 0.813
9770.000 0.814
9775.000 0.808
9780.000 0.811
9785.000 0.806
9790.000 0.805
9795.000 0.806
9800.000 0.799
9805.000 0.805
9810.000 0.808
9815.000 0.804
9820.000 0.801
9825.000 0.803
9830.000 0.802
9835.000 0.808
9840.000 0.811
9845.000 0.819
9850.000 0.826
9855.000 0.831
9860.000 0.840
9865.000 0.847
9870.000 0.857
9875.000 0.868
9880.000 0.875
9885.000 0.893
9890.000 0.897
9895.000 0.917
9900.000 0.945
9905.000 0.955
9910.000 0.989
9915.000 1.007
9920.000 1.043
9925.000 1.106
9930.000 1.134
9935.000 1.195
9940.000 1.234
9945.000 1.337
9950.000 1.429
9955.000 1.504
9960.000 1.684
9965.000 1.773
9970.000 1.961
9975.000 2.216
9980.000 2.299
9985.000 2.343
9990.000 2.243
9995.000 1.849
10000.000 1.444
10005.000 1.186
10010.000 0.896
10015.000 0.808
10020.000 0.600
10025.000 0.527
10030.000 0.429
10035.000 0.341
10040.000 0.315
10045.000 0.290
10050.000 0.273
10055.000 0.245
10060.000 0.211
10065.000 0.194
10070.000 0.173
10075.000 0.163
10080.000 0.155
10085.000 0.150
10090.000 0.150
10095.000 0.153
10100.000 0.155
10105.000 0.158
10110.000 0.166
10115.000 0.167
10120.000 0.171
10125.000 0.171
10130.000 0.178
10135.000 0.179
10140.000 0.178
10145.000 0.177
10150.000 0.181
10155.000 0.178
10160.000 0.180
10165.000 0.178
10170.000 0.181
10175.000 0.181
10180.000 0.183
10185.000 0.184
10190.000 0.183
10195.000 0.185
10200.000 0.185
10205.000 0.182
10210.000 0.180
10215.000 0.177
10220.000 0.172
10225.000 0.168
10230.000 0.157
10235.000 0.145
10240.000 0.136
10245.000 0.132
10250.000 0.124
10255.000 0.116
10260.000 0.102
10265.000 0.094
10270.000 0.082
10275.000 0.071
10280.000 0.056
10285.000 0.031
10290.000 0.017
10295.000 0.024
10300.000 0.041
10305.000 0.086
10310.000 0.113
10315.000 0.179
10320.000 0.249
10325.000 0.353
10330.000 0.404
10335.000 0.525
10340.000 0.596
10345.000 0.814
10350.000 0.939
10355.000 1.184
10360.000 1.567
10365.000 1.734
10370.000 1.954
10375.000 2.006
10380.000 1.895
10385.000 1.811
10390.000 1.599
10395.000 1.434
10400.000 1.375
10405.000 1.243
10410.000 1.194
10415.000 1.123
10420.000 1.039
10425.000 1.014
10430.000 0.973
10435.000 0.951
10440.000 0.912
10445.000 0.883
10450.000 0.876
10455.000 0.850
10460.000 0.839
10465.000 0.829
10470.000 0.810
10475.000 0.805
10480.000 0.793
10485.000 0.784
10490.000 0.774
10495.000 0.762
10500.000 0.756
10505.000 0.754
10510.000 0.746
10515.000 0.735
10520.000 0.732
10525.000 0.733
10530.000 0.725
10535.000 0.724
10540.000 0.726
10545.000 0.722
10550.000 0.720
10555.000 0.724
10560.000 0.721
10565.000 0.723
10570.000 0.719
10575.000 0.721
10580.000 0.721
10585.000 0.720
10590.000 0.718
10595.000 0.718
10600.000 0.719
10605.000 0.722
10610.000 0.725
10615.000 0.732
10620.000 0.743
10625.000 0.747
10630.000 0.748
10635.000 0.759
10640.000 0.772
10645.000 0.781
10650.000 0.788
10655.000 0.805
10660.000 0.808
10665.000 0.821
10670.000 0.844
10675.000 0.852
10680.000 0.868
10685.000 0.887
10690.000 0.920
10695.000 0.954
10700.000 0.978
10705.000 1.033
10710.000 1.059
10715.000 1.145
10720.000 1.227
10725.000 1.268
10730.000 1.405
10735.000 1.475
10740.000 1.604
10745.000 1.751
10750.000 1.792
10755.000 1.764
10760.000 1.663
10765.000 1.318
10770.000 1.024
10775.000 0.866
10780.000 0.611
10785.000 0.524
10790.000 0.386
10795.000 0.282
10800.000 0.243
10805.000 0.176
10810.000 0.154
10815.000 0.124
10820.000 0.103
10825.000 0.103
10830.000 0.109
10835.000 0.113
10840.000 0.121
10845.000 0.134
10850.000 0.137
10855.000 0.151
10860.000 0.157
10865.000 0.167
10870.000 0.181
10875.000 0.184
10880.000 0.193
10885.000 0.197
10890.000 0.207
10895.000 0.215
10900.000 0.221
10905.000 0.224
10910.000 0.227
10915.000 0.230
10920.000 0.231
10925.000 0.234
10930.000 0.231
10935.000 0.230
10940.000 0.227
10945.000 0.230
10950.000 0.231
10955.000 0.227
10960.000 0.233
10965.000 0.230
10970.000 0.230
10975.000 0.233
10980.000 0.228
10985.000 0.230
10990.000 0.228
10995.000 0.231
11000.000 0.221
11005.000 0.220
11010.000 0.215
11015.000 0.213
11020.000 0.205
11025.000 0.197
11030.000 0.184
11035.000 0.182
11040.000 0.169
11045.000 0.166
11050.000 0.153
11055.000 0.148
11060.000 0.140
11065.000 0.135
11070.000 0.132
11075.000 0.127
11080.000 0.141
11085.000 0.158
11090.000 0.193
11095.000 0.210
11100.000 0.293
11105.000 0.383
11110.000 0.446
11115.000 0.599
11120.000 0.693
11125.000 0.904
11130.000 1.178
11135.000 1.317
11140.000 1.517
11145.000 1.557
11150.000 1.518
11155.000 1.391
11160.000 1.340
11165.000 1.197
11170.000 1.146
11175.000 1.070
11180.000 0.990
11185.000 0.958
11190.000 0.911
11195.000 0.880
11200.000 0.843
11205.000 0.811
11210.000 0.797
11215.000 0.769
11220.000 0.764
11225.000 0.745
11230.000 0.729
11235.000 0.727
11240.000 0.713
11245.000 0.710
11250.000 0.699
11255.000 0.688
11260.000 0.682
11265.000 0.680
11270.000 0.672
11275.000 0.666
11280.000 0.659
11285.000 0.657
11290.000 0.649
11295.000 0.648
11300.000 0.642
11305.000 0.640
11310.000 0.640
11315.000 0.640
11320.000 0.639
11325.000 0.634
11330.000 0.640
11335.000 0.641
11340.000 0.640
11345.000 0.640
11350.000 0.642
11355.000 0.643
11360.000 0.640
11365.000 0.641
11370.000 0.642
11375.000 0.645
11380.000 0.646
11385.000 0.644
11390.000 0.651
11395.000 0.654
11400.000 0.661
11405.000 0.671
11410.000 0.675
11415.000 0.682
11420.000 0.683
11425.000 0.703
11430.000 0.714
11435.000 0.718
11440.000 0.731
11445.000 0.740
11450.000 0.753
11455.000 0.777
11460.000 0.791
11465.000 0.814
11470.000 0.826
11475.000 0.872
11480.000 0.908
11485.000 0.934
11490.000 1.012
11495.000 1.044
11500.000 1.116
11505.000 1.171
11510.000 1.245
11515.000 1.266
11520.000 1.253
11525.000 1.113
11530.000 1.030
11535.000 0.745
11540.000 0.528
11545.000 0.464
11550.000 0.302
11555.000 0.248
11560.000 0.184
11565.000 0.125
11570.000 0.111
11575.000 0.112
11580.000 0.119
11585.000 0.132
11590.000 0.146
11595.000 0.158
11600.000 0.170
11605.000 0.175
11610.000 0.189
11615.000 0.199
11620.000 0.205
11625.000 0.212
11630.000 0.215
11635.000 0.222
11640.000 0.230
11645.000 0.234
11650.000 0.240
11655.000 0.246
11660.000 0.251
11665.000 0.256
11670.000 0.256
11675.000 0.266
11680.000 0.265
11685.000 0.272
11690.000 0.275
11695.000 0.275
11700.000 0.276
11705.000 0.279
11710.000 0.281
11715.000 0.274
11720.000 0.276
11725.000 0.273
11730.000 0.276
11735.000 0.275
11740.000 0.272
11745.000 0.270
11750.000 0.270
11755.000 0.267
11760.000 0.265
11765.000 0.267
11770.000 0.263
11775.000 0.263
11780.000 0.265
11785.000 0.254
11790.000 0.251
11795.000 0.245
11800.000 0.239
11805.000 0.237
11810.000 0.228
11815.000 0.219
11820.000 0.216
11825.000 0.204
11830.000 0.200
11835.000 0.194
11840.000 0.189
11845.000 0.189
11850.000 0.190
11855.000 0.200
11860.000 0.224
11865.000 0.265
11870.000 0.293
11875.000 0.378
11880.000 0.425
11885.000 0.516
11890.000 0.664
11895.000 0.741
11900.000 0.891
11905.000 1.003
11910.000 1.140
11915.000 1.174
11920.000 1.152
11925.000 1.079
11930.000 1.050
11935.000 0.965
11940.000 0.901
11945.000 0.887
11950.000 0.831
11955.000 0.816
11960.000 0.785
11965.000 0.748
11970.000 0.736
11975.000 0.717
11980.000 0.707
11985.000 0.683
11990.000 0.670
11995.000 0.665
12000.000 0.651
