105.000 0.338
110.000 8.610
115.000 8.876
120.000 9.047
125.000 9.198
130.000 9.290
135.000 9.447
140.000 9.548
145.000 9.616
150.000 9.751
155.000 9.810
160.000 9.959
165.000 9.951
170.000 10.160
175.000 10.466
180.000 10.205
185.000 10.113
190.000 10.416
195.000 10.459
200.000 10.768
205.000 10.536
210.000 11.184
215.000 11.205
220.000 11.129
225.000 11.301
230.000 11.490
235.000 11.720
240.000 11.719
245.000 11.953
250.000 12.313
255.000 12.009
260.000 12.144
265.000 12.322
270.000 12.927
275.000 13.250
280.000 13.401
285.000 13.753
290.000 13.958
295.000 14.372
300.000 14.538
305.000 14.971
310.000 15.480
315.000 15.696
320.000 16.253
325.000 16.496
330.000 17.130
335.000 17.772
340.000 18.146
345.000 18.897
350.000 19.308
355.000 20.193
360.000 21.179
365.000 21.653
370.000 22.738
375.000 23.353
380.000 24.506
385.000 25.927
390.000 26.587
395.000 28.098
400.000 28.803
405.000 30.255
410.000 31.766
415.000 32.497
420.000 33.729
425.000 34.368
430.000 35.222
435.000 35.767
440.000 35.905
445.000 35.692
450.000 35.502
455.000 34.530
460.000 33.265
465.000 32.541
470.000 30.883
475.000 30.038
480.000 28.322
485.000 26.644
490.000 25.850
495.000 24.252
500.000 23.529
505.000 22.113
510.000 20.808
515.000 20.245
520.000 19.118
525.000 18.601
530.000 17.643
535.000 16.762
540.000 16.345
545.000 15.595
550.000 15.232
555.000 14.570
560.000 13.966
565.000 13.667
570.000 13.137
575.000 12.881
580.000 12.427
585.000 12.013
590.000 11.820
595.000 11.419
600.000 11.233
605.000 10.916
610.000 10.637
615.000 10.473
620.000 10.382
625.000 10.167
630.000 9.845
635.000 9.671
640.000 9.530
645.000 9.399
650.000 9.380
655.000 9.212
660.000 9.045
665.000 8.977
670.000 8.884
675.000 8.839
680.000 8.756
685.000 8.567
690.000 8.768
695.000 8.472
700.000 8.557
705.000 8.463
710.000 8.444
715.000 8.444
720.000 8.463
725.000 8.488
730.000 8.566
735.000 8.619
740.000 8.637
745.000 8.703
750.000 8.743
755.000 8.855
760.000 8.997
765.000 9.078
770.000 9.278
775.000 9.395
780.000 9.668
785.000 10.040
790.000 10.270
795.000 10.864
800.000 11.129
805.000 11.735
810.000 12.474
815.000 12.892
820.000 13.854
825.000 14.449
830.000 15.825
835.000 17.683
840.000 18.832
845.000 21.698
850.000 23.582
855.000 28.280
860.000 34.458
865.000 37.934
870.000 43.013
875.000 43.028
880.000 35.587
885.000 25.453
890.000 21.478
895.000 16.291
900.000 14.430
905.000 11.625
910.000 10.517
915.000 8.744
920.000 7.428
925.000 6.862
930.000 6.065
935.000 5.523
940.000 4.833
945.000 4.241
950.000 3.980
955.000 3.537
960.000 3.353
965.000 2.995
970.000 2.694
975.000 2.554
980.000 2.306
985.000 2.187
990.000 1.983
995.000 1.789
1000.000 1.715
1005.000 1.547
1010.000 1.485
1015.000 1.324
1020.000 1.208
1025.000 1.158
1030.000 1.058
1035.000 1.003
1040.000 0.912
1045.000 0.838
1050.000 0.791
1055.000 0.735
1060.000 0.710
1065.000 0.666
1070.000 0.630
1075.000 0.610
1080.000 0.613
1085.000 0.606
1090.000 0.608
1095.000 0.621
1100.000 0.634
1105.000 0.657
1110.000 0.670
1115.000 0.687
1120.000 0.706
1125.000 0.719
1130.000 0.734
1135.000 0.753
1140.000 0.765
1145.000 0.781
1150.000 0.795
1155.000 0.819
1160.000 0.828
1165.000 0.847
1170.000 0.873
1175.000 0.882
1180.000 0.907
1185.000 0.920
1190.000 0.937
1195.000 0.962
1200.000 0.973
1205.000 0.991
1210.000 1.005
1215.000 1.027
1220.000 1.051
1225.000 1.065
1230.000 1.082
1235.000 1.095
1240.000 1.121
1245.000 1.139
1250.000 1.156
1255.000 1.179
1260.000 1.189
1265.000 1.225
1270.000 1.237
1275.000 1.261
1280.000 1.292
1285.000 1.309
1290.000 1.337
1295.000 1.367
1300.000 1.381
1305.000 1.410
1310.000 1.426
1315.000 1.459
1320.000 1.493
1325.000 1.508
1330.000 1.540
1335.000 1.559
1340.000 1.595
1345.000 1.636
1350.000 1.650
1355.000 1.695
1360.000 1.713
1365.000 1.752
1370.000 1.799
1375.000 1.819
1380.000 1.866
1385.000 1.889
1390.000 1.930
1395.000 1.986
1400.000 2.014
1405.000 2.061
1410.000 2.087
1415.000 2.149
1420.000 2.205
1425.000 2.238
1430.000 2.298
1435.000 2.329
1440.000 2.392
1445.000 2.467
1450.000 2.501
1455.000 2.578
1460.000 2.614
1465.000 2.691
1470.000 2.776
1475.000 2.812
1480.000 2.900
1485.000 2.948
1490.000 3.046
1495.000 3.098
1500.000 3.191
1505.000 3.301
1510.000 3.356
1515.000 3.466
1520.000 3.525
1525.000 3.645
1530.000 3.770
1535.000 3.826
1540.000 3.962
1545.000 4.026
1550.000 4.166
1555.000 4.317
1560.000 4.380
1565.000 4.527
1570.000 4.603
1575.000 4.766
1580.000 4.925
1585.000 5.006
1590.000 5.162
1595.000 5.241
1600.000 5.422
1605.000 5.594
1610.000 5.687
1615.000 5.901
1620.000 6.021
1625.000 6.292
1630.000 6.660
1635.000 6.887
1640.000 7.477
1645.000 7.861
1650.000 8.785
1655.000 9.970
1660.000 10.758
1665.000 12.578
1670.000 13.680
1675.000 16.296
1680.000 19.695
1685.000 21.721
1690.000 26.610
1695.000 29.579
1700.000 36.677
1705.000 45.204
1710.000 50.034
1715.000 58.546
1720.000 61.242
1725.000 61.385
1730.000 55.031
1735.000 51.187
1740.000 43.578
1745.000 40.407
1750.000 35.297
1755.000 31.121
1760.000 29.439
1765.000 26.665
1770.000 25.391
1775.000 23.322
1780.000 21.553
1785.000 20.774
1790.000 19.463
1795.000 18.885
1800.000 17.842
1805.000 16.938
1810.000 16.543
1815.000 15.795
1820.000 15.456
1825.000 14.838
1830.000 14.286
1835.000 14.039
1840.000 13.576
1845.000 13.358
1850.000 12.950
1855.000 12.590
1860.000 12.423
1865.000 12.106
1870.000 11.958
1875.000 11.686
1880.000 11.429
1885.000 11.311
1890.000 11.089
1895.000 10.980
1900.000 10.779
1905.000 10.605
1910.000 10.513
1915.000 10.345
1920.000 10.262
1925.000 10.109
1930.000 9.973
1935.000 9.909
1940.000 9.779
1945.000 9.721
1950.000 9.597
1955.000 9.486
1960.000 9.426
1965.000 9.324
1970.000 9.265
1975.000 9.150
1980.000 9.061
1985.000 9.015
1990.000 8.924
1995.000 8.865
2000.000 8.793
2005.000 8.700
2010.000 8.661
2015.000 8.571
2020.000 8.530
2025.000 8.447
2030.000 8.378
2035.000 8.335
2040.000 8.262
2045.000 8.223
2050.000 8.141
2055.000 8.065
2060.000 8.028
2065.000 7.958
2070.000 7.921
2075.000 7.851
2080.000 7.806
2085.000 7.737
2090.000 7.663
2095.000 7.629
2100.000 7.558
2105.000 7.526
2110.000 7.457
2115.000 7.394
2120.000 7.364
2125.000 7.303
2130.000 7.273
2135.000 7.210
2140.000 7.155
2145.000 7.125
2150.000 7.067
2155.000 7.039
2160.000 6.983
2165.000 6.928
2170.000 6.900
2175.000 6.845
2180.000 6.821
2185.000 6.765
2190.000 6.714
2195.000 6.687
2200.000 6.639
2205.000 6.618
2210.000 6.569
2215.000 6.524
2220.000 6.501
2225.000 6.461
2230.000 6.438
2235.000 6.401
2240.000 6.363
2245.000 6.344
2250.000 6.307
2255.000 6.295
2260.000 6.264
2265.000 6.236
2270.000 6.220
2275.000 6.199
2280.000 6.191
2285.000 6.170
2290.000 6.157
2295.000 6.150
2300.000 6.144
2305.000 6.140
2310.000 6.136
2315.000 6.139
2320.000 6.144
2325.000 6.149
2330.000 6.154
2335.000 6.164
2340.000 6.182
2345.000 6.189
2350.000 6.217
2355.000 6.227
2360.000 6.259
2365.000 6.292
2370.000 6.315
2375.000 6.358
2380.000 6.383
2385.000 6.433
2390.000 6.462
2395.000 6.528
2400.000 6.595
2405.000 6.629
2410.000 6.712
2415.000 6.805
2420.000 6.849
2425.000 6.958
2430.000 7.013
2435.000 7.134
2440.000 7.268
2445.000 7.339
2450.000 7.487
2455.000 7.575
2460.000 7.759
2465.000 7.950
2470.000 8.060
2475.000 8.295
2480.000 8.419
2485.000 8.686
2490.000 8.997
2495.000 9.161
2500.000 9.513
2505.000 9.721
2510.000 10.155
2515.000 10.636
2520.000 10.912
2525.000 11.511
2530.000 11.826
2535.000 12.592
2540.000 13.459
2545.000 13.919
2550.000 15.068
2555.000 15.706
2560.000 17.125
2565.000 18.949
2570.000 19.980
2575.000 22.314
2580.000 23.735
2585.000 27.172
2590.000 31.071
2595.000 33.316
2600.000 38.048
2605.000 40.091
2610.000 42.493
2615.000 41.303
2620.000 39.294
2625.000 33.944
2630.000 31.005
2635.000 26.059
2640.000 22.224
2645.000 20.481
2650.000 17.747
2655.000 16.671
2660.000 14.656
2665.000 13.077
2670.000 12.444
2675.000 11.154
2680.000 10.641
2685.000 9.761
2690.000 9.335
2695.000 8.607
2700.000 7.998
2705.000 7.698
2710.000 7.182
2715.000 6.945
2720.000 6.521
2725.000 6.134
2730.000 5.964
2735.000 5.634
2740.000 5.486
2745.000 5.206
2750.000 4.955
2755.000 4.835
2760.000 4.617
2765.000 4.519
2770.000 4.318
2775.000 4.137
2780.000 4.062
2785.000 3.899
2790.000 3.820
2795.000 3.683
2800.000 3.548
2805.000 3.487
2810.000 3.374
2815.000 3.315
2820.000 3.203
2825.000 3.110
2830.000 3.061
2835.000 2.971
2840.000 2.929
2845.000 2.848
2850.000 2.772
2855.000 2.733
2860.000 2.663
2865.000 2.630
2870.000 2.566
2875.000 2.506
2880.000 2.480
2885.000 2.428
2890.000 2.403
2895.000 2.350
2900.000 2.304
2905.000 2.285
2910.000 2.237
2915.000 2.219
2920.000 2.180
2925.000 2.144
2930.000 2.123
2935.000 2.093
2940.000 2.072
2945.000 2.048
2950.000 2.011
2955.000 1.991
2960.000 1.966
2965.000 1.959
2970.000 1.930
2975.000 1.914
2980.000 1.903
2985.000 1.875
2990.000 1.869
2995.000 1.856
3000.000 1.833
3005.000 1.819
3010.000 1.794
3015.000 1.797
3020.000 1.777
3025.000 1.781
3030.000 1.769
3035.000 1.762
3040.000 1.754
3045.000 1.744
3050.000 1.732
3055.000 1.726
3060.000 1.718
3065.000 1.715
3070.000 1.711
3075.000 1.715
3080.000 1.707
3085.000 1.701
3090.000 1.706
3095.000 1.701
3100.000 1.700
3105.000 1.702
3110.000 1.699
3115.000 1.702
3120.000 1.702
3125.000 1.709
3130.000 1.709
3135.000 1.714
3140.000 1.722
3145.000 1.728
3150.000 1.732
3155.000 1.739
3160.000 1.754
3165.000 1.760
3170.000 1.771
3175.000 1.779
3180.000 1.791
3185.000 1.809
3190.000 1.820
3195.000 1.838
3200.000 1.844
3205.000 1.870
3210.000 1.891
3215.000 1.904
3220.000 1.928
3225.000 1.943
3230.000 1.966
3235.000 2.004
3240.000 2.016
3245.000 2.050
3250.000 2.067
3255.000 2.105
3260.000 2.144
3265.000 2.167
3270.000 2.216
3275.000 2.247
3280.000 2.295
3285.000 2.351
3290.000 2.383
3295.000 2.442
3300.000 2.480
3305.000 2.555
3310.000 2.631
3315.000 2.680
3320.000 2.769
3325.000 2.813
3330.000 2.925
3335.000 3.046
3340.000 3.103
3345.000 3.250
3350.000 3.322
3355.000 3.481
3360.000 3.671
3365.000 3.774
3370.000 3.986
3375.000 4.114
3380.000 4.390
3385.000 4.693
3390.000 4.884
3395.000 5.288
3400.000 5.510
3405.000 6.031
3410.000 6.671
3415.000 7.036
3420.000 7.935
3425.000 8.451
3430.000 9.726
3435.000 11.389
3440.000 12.459
3445.000 15.078
3450.000 16.539
3455.000 20.470
3460.000 24.209
3465.000 25.333
3470.000 24.542
3475.000 22.500
3480.000 17.885
3485.000 14.021
3490.000 12.644
3495.000 10.577
3500.000 9.652
3505.000 8.322
3510.000 7.337
3515.000 6.869
3520.000 6.154
3525.000 5.867
3530.000 5.320
3535.000 4.877
3540.000 4.689
3545.000 4.335
3550.000 4.184
3555.000 3.918
3560.000 3.666
3565.000 3.550
3570.000 3.360
3575.000 3.267
3580.000 3.092
3585.000 3.018
3590.000 2.883
3595.000 2.746
3600.000 2.685
3605.000 2.582
3610.000 2.523
3615.000 2.428
3620.000 2.342
3625.000 2.302
3630.000 2.220
3635.000 2.190
3640.000 2.118
3645.000 2.055
3650.000 2.031
3655.000 1.969
3660.000 1.942
3665.000 1.890
3670.000 1.842
3675.000 1.820
3680.000 1.774
3685.000 1.755
3690.000 1.714
3695.000 1.674
3700.000 1.658
3705.000 1.621
3710.000 1.604
3715.000 1.578
3720.000 1.551
3725.000 1.538
3730.000 1.510
3735.000 1.495
3740.000 1.475
3745.000 1.450
3750.000 1.439
3755.000 1.419
3760.000 1.409
3765.000 1.391
3770.000 1.372
3775.000 1.360
3780.000 1.346
3785.000 1.334
3790.000 1.322
3795.000 1.306
3800.000 1.302
3805.000 1.287
3810.000 1.280
3815.000 1.270
3820.000 1.258
3825.000 1.253
3830.000 1.242
3835.000 1.239
3840.000 1.229
3845.000 1.220
3850.000 1.213
3855.000 1.208
3860.000 1.203
3865.000 1.196
3870.000 1.188
3875.000 1.182
3880.000 1.180
3885.000 1.177
3890.000 1.171
3895.000 1.163
3900.000 1.167
3905.000 1.157
3910.000 1.160
3915.000 1.155
3920.000 1.160
3925.000 1.155
3930.000 1.151
3935.000 1.157
3940.000 1.154
3945.000 1.151
3950.000 1.150
3955.000 1.152
3960.000 1.146
3965.000 1.144
3970.000 1.153
3975.000 1.153
3980.000 1.146
3985.000 1.152
3990.000 1.149
3995.000 1.162
4000.000 1.158
4005.000 1.170
4010.000 1.168
4015.000 1.169
4020.000 1.174
4025.000 1.193
4030.000 1.189
4035.000 1.202
4040.000 1.206
4045.000 1.201
4050.000 1.211
4055.000 1.215
4060.000 1.229
4065.000 1.238
4070.000 1.246
4075.000 1.253
4080.000 1.271
4085.000 1.276
4090.000 1.293
4095.000 1.305
4100.000 1.318
4105.000 1.333
4110.000 1.341
4115.000 1.359
4120.000 1.381
4125.000 1.388
4130.000 1.412
4135.000 1.424
4140.000 1.451
4145.000 1.480
4150.000 1.496
4155.000 1.532
4160.000 1.550
4165.000 1.589
4170.000 1.607
4175.000 1.650
4180.000 1.693
4185.000 1.721
4190.000 1.769
4195.000 1.789
4200.000 1.849
4205.000 1.910
4210.000 1.933
4215.000 2.002
4220.000 2.042
4225.000 2.116
4230.000 2.205
4235.000 2.253
4240.000 2.357
4245.000 2.420
4250.000 2.569
4255.000 2.733
4260.000 2.850
4265.000 3.085
4270.000 3.225
4275.000 3.544
4280.000 3.966
4285.000 4.213
4290.000 4.821
4295.000 5.198
4300.000 6.138
4305.000 7.343
4310.000 8.189
4315.000 10.013
4320.000 10.895
4325.000 12.212
4330.000 11.465
4335.000 10.434
4340.000 7.904
4345.000 6.961
4350.000 5.620
4355.000 4.558
4360.000 4.173
4365.000 3.589
4370.000 3.303
4375.000 2.897
4380.000 2.585
4385.000 2.430
4390.000 2.187
4395.000 2.089
4400.000 1.895
4405.000 1.745
4410.000 1.674
4415.000 1.549
4420.000 1.490
4425.000 1.394
4430.000 1.295
4435.000 1.255
4440.000 1.183
4445.000 1.152
4450.000 1.081
4455.000 1.028
4460.000 1.000
4465.000 0.950
4470.000 0.926
4475.000 0.888
4480.000 0.851
4485.000 0.830
4490.000 0.798
4495.000 0.784
4500.000 0.754
4505.000 0.728
4510.000 0.714
4515.000 0.692
4520.000 0.681
4525.000 0.660
4530.000 0.644
4535.000 0.633
4540.000 0.615
4545.000 0.608
4550.000 0.596
4555.000 0.585
4560.000 0.577
4565.000 0.570
4570.000 0.568
4575.000 0.555
4580.000 0.550
4585.000 0.544
4590.000 0.535
4595.000 0.536
4600.000 0.528
4605.000 0.528
4610.000 0.523
4615.000 0.518
4620.000 0.516
4625.000 0.515
4630.000 0.512
4635.000 0.514
4640.000 0.511
4645.000 0.515
4650.000 0.508
4655.000 0.507
4660.000 0.509
4665.000 0.504
4670.000 0.502
4675.000 0.499
4680.000 0.490
4685.000 0.485
4690.000 0.481
4695.000 0.473
4700.000 0.462
4705.000 0.455
4710.000 0.445
4715.000 0.436
4720.000 0.428
4725.000 0.413
4730.000 0.400
4735.000 0.388
4740.000 0.374
4745.000 0.363
4750.000 0.344
4755.000 0.334
4760.000 0.313
4765.000 0.296
4770.000 0.285
4775.000 0.267
4780.000 0.262
4785.000 0.245
4790.000 0.230
4795.000 0.224
4800.000 0.208
4805.000 0.209
4810.000 0.202
4815.000 0.199
4820.000 0.198
4825.000 0.206
4830.000 0.207
4835.000 0.222
4840.000 0.241
4845.000 0.252
4850.000 0.279
4855.000 0.294
4860.000 0.317
4865.000 0.348
4870.000 0.365
4875.000 0.396
4880.000 0.410
4885.000 0.452
4890.000 0.486
4895.000 0.505
4900.000 0.552
4905.000 0.572
4910.000 0.627
4915.000 0.671
4920.000 0.694
4925.000 0.741
4930.000 0.775
4935.000 0.828
4940.000 0.882
4945.000 0.917
4950.000 0.972
4955.000 1.003
4960.000 1.073
4965.000 1.154
4970.000 1.183
4975.000 1.263
4980.000 1.317
4985.000 1.397
4990.000 1.512
4995.000 1.563
5000.000 1.668
5005.000 1.742
5010.000 1.867
5015.000 1.985
5020.000 2.073
5025.000 2.237
5030.000 2.305
5035.000 2.480
5040.000 2.670
5045.000 2.766
5050.000 2.994
5055.000 3.104
5060.000 3.351
5065.000 3.611
5070.000 3.757
5075.000 4.057
5080.000 4.202
5085.000 4.577
5090.000 4.958
5095.000 5.155
5100.000 5.646
5105.000 5.899
5110.000 6.424
5115.000 7.097
5120.000 7.457
5125.000 8.200
5130.000 8.711
5135.000 9.746
5140.000 10.916
5145.000 11.747
5150.000 13.472
5155.000 14.438
5160.000 17.008
5165.000 20.175
5170.000 22.056
5175.000 26.306
5180.000 28.752
5185.000 32.694
5190.000 33.767
5195.000 32.577
5200.000 27.897
5205.000 25.560
5210.000 20.662
5215.000 17.364
5220.000 16.004
5225.000 13.591
5230.000 12.667
5235.000 11.228
5240.000 9.910
5245.000 9.385
5250.000 8.534
5255.000 8.076
5260.000 7.381
5265.000 6.819
5270.000 6.519
5275.000 6.043
5280.000 5.855
5285.000 5.440
5290.000 5.097
5295.000 4.958
5300.000 4.656
5305.000 4.523
5310.000 4.291
5315.000 4.059
5320.000 3.952
5325.000 3.771
5330.000 3.683
5335.000 3.502
5340.000 3.359
5345.000 3.280
5350.000 3.131
5355.000 3.069
5360.000 2.954
5365.000 2.895
5370.000 2.789
5375.000 2.689
5380.000 2.643
5385.000 2.558
5390.000 2.522
5395.000 2.434
5400.000 2.361
5405.000 2.334
5410.000 2.257
5415.000 2.227
5420.000 2.169
5425.000 2.104
5430.000 2.075
5435.000 2.026
5440.000 1.996
5445.000 1.947
5450.000 1.902
5455.000 1.876
5460.000 1.833
5465.000 1.820
5470.000 1.782
5475.000 1.747
5480.000 1.729
5485.000 1.695
5490.000 1.678
5495.000 1.654
5500.000 1.621
5505.000 1.594
5510.000 1.585
5515.000 1.569
5520.000 1.541
5525.000 1.517
5530.000 1.509
5535.000 1.486
5540.000 1.476
5545.000 1.456
5550.000 1.436
5555.000 1.427
5560.000 1.414
5565.000 1.407
5570.000 1.393
5575.000 1.377
5580.000 1.371
5585.000 1.358
5590.000 1.353
5595.000 1.338
5600.000 1.328
5605.000 1.324
5610.000 1.312
5615.000 1.304
5620.000 1.298
5625.000 1.287
5630.000 1.287
5635.000 1.277
5640.000 1.275
5645.000 1.268
5650.000 1.264
5655.000 1.263
5660.000 1.261
5665.000 1.256
5670.000 1.257
5675.000 1.253
5680.000 1.251
5685.000 1.251
5690.000 1.248
5695.000 1.251
5700.000 1.249
5705.000 1.250
5710.000 1.251
5715.000 1.251
5720.000 1.257
5725.000 1.260
5730.000 1.265
5735.000 1.270
5740.000 1.276
5745.000 1.280
5750.000 1.289
5755.000 1.293
5760.000 1.302
5765.000 1.308
5770.000 1.316
5775.000 1.325
5780.000 1.329
5785.000 1.345
5790.000 1.349
5795.000 1.362
5800.000 1.381
5805.000 1.385
5810.000 1.408
5815.000 1.415
5820.000 1.433
5825.000 1.462
5830.000 1.469
5835.000 1.497
5840.000 1.507
5845.000 1.536
5850.000 1.565
5855.000 1.576
5860.000 1.614
5865.000 1.631
5870.000 1.667
5875.000 1.710
5880.000 1.732
5885.000 1.775
5890.000 1.800
5895.000 1.857
5900.000 1.919
5905.000 1.951
5910.000 2.020
5915.000 2.052
5920.000 2.137
5925.000 2.227
5930.000 2.267
5935.000 2.377
5940.000 2.435
5945.000 2.556
5950.000 2.629
5955.000 2.779
5960.000 2.936
5965.000 3.054
5970.000 3.271
5975.000 3.392
5980.000 3.668
5985.000 3.984
5990.000 4.181
5995.000 4.626
6000.000 4.873
6005.000 5.463
6010.000 6.214
6015.000 6.705
6020.000 7.826
6025.000 8.436
6030.000 10.288
6035.000 12.569
6040.000 13.669
6045.000 16.283
6050.000 17.043
6055.000 16.680
6060.000 13.711
6065.000 12.174
6070.000 9.880
6075.000 8.758
6080.000 7.310
6085.000 6.312
6090.000 5.808
6095.000 5.107
6100.000 4.834
6105.000 4.320
6110.000 3.923
6115.000 3.780
6120.000 3.448
6125.000 3.317
6130.000 3.095
6135.000 2.878
6140.000 2.788
6145.000 2.634
6150.000 2.562
6155.000 2.409
6160.000 2.299
6165.000 2.241
6170.000 2.136
6175.000 2.088
6180.000 2.009
6185.000 1.926
6190.000 1.885
6195.000 1.824
6200.000 1.792
6205.000 1.731
6210.000 1.684
6215.000 1.653
6220.000 1.607
6225.000 1.586
6230.000 1.545
6235.000 1.501
6240.000 1.483
6245.000 1.446
6250.000 1.431
6255.000 1.403
6260.000 1.383
6265.000 1.355
6270.000 1.334
6275.000 1.319
6280.000 1.294
6285.000 1.286
6290.000 1.267
6295.000 1.245
6300.000 1.241
6305.000 1.231
6310.000 1.209
6315.000 1.197
6320.000 1.177
6325.000 1.172
6330.000 1.159
6335.000 1.156
6340.000 1.136
6345.000 1.127
6350.000 1.120
6355.000 1.108
6360.000 1.106
6365.000 1.097
6370.000 1.095
6375.000 1.086
6380.000 1.080
6385.000 1.074
6390.000 1.070
6395.000 1.066
6400.000 1.057
6405.000 1.052
6410.000 1.050
6415.000 1.045
6420.000 1.040
6425.000 1.036
6430.000 1.033
6435.000 1.028
6440.000 1.026
6445.000 1.022
6450.000 1.023
6455.000 1.022
6460.000 1.026
6465.000 1.023
6470.000 1.022
6475.000 1.026
6480.000 1.023
6485.000 1.021
6490.000 1.018
6495.000 1.021
6500.000 1.020
6505.000 1.020
6510.000 1.016
6515.000 1.023
6520.000 1.023
6525.000 1.020
6530.000 1.026
6535.000 1.028
6540.000 1.031
6545.000 1.036
6550.000 1.043
6555.000 1.046
6560.000 1.046
6565.000 1.053
6570.000 1.060
6575.000 1.062
6580.000 1.067
6585.000 1.070
6590.000 1.073
6595.000 1.081
6600.000 1.083
6605.000 1.092
6610.000 1.094
6615.000 1.105
6620.000 1.114
6625.000 1.121
6630.000 1.132
6635.000 1.143
6640.000 1.153
6645.000 1.168
6650.000 1.175
6655.000 1.188
6660.000 1.195
6665.000 1.213
6670.000 1.225
6675.000 1.236
6680.000 1.252
6685.000 1.262
6690.000 1.279
6695.000 1.303
6700.000 1.315
6705.000 1.340
6710.000 1.355
6715.000 1.382
6720.000 1.413
6725.000 1.431
6730.000 1.464
6735.000 1.479
6740.000 1.521
6745.000 1.563
6750.000 1.580
6755.000 1.626
6760.000 1.648
6765.000 1.696
6770.000 1.754
6775.000 1.789
6780.000 1.850
6785.000 1.884
6790.000 1.966
6795.000 2.047
6800.000 2.102
6805.000 2.204
6810.000 2.256
6815.000 2.386
6820.000 2.526
6825.000 2.601
6830.000 2.776
6835.000 2.889
6840.000 3.102
6845.000 3.213
6850.000 3.521
6855.000 3.838
6860.000 4.033
6865.000 4.550
6870.000 4.839
6875.000 5.461
6880.000 6.426
6885.000 6.975
6890.000 8.186
6895.000 9.108
6900.000 10.905
6905.000 12.400
6910.000 12.896
6915.000 12.326
6920.000 11.440
6925.000 9.190
6930.000 7.378
6935.000 6.795
6940.000 5.562
6945.000 5.123
6950.000 4.485
6955.000 3.873
6960.000 3.647
6965.000 3.289
6970.000 3.118
6975.000 2.808
6980.000 2.587
6985.000 2.473
6990.000 2.273
6995.000 2.117
7000.000 2.042
7005.000 1.909
7010.000 1.797
7015.000 1.734
7020.000 1.642
7025.000 1.594
7030.000 1.520
7035.000 1.445
7040.000 1.414
7045.000 1.349
7050.000 1.316
7055.000 1.262
7060.000 1.224
7065.000 1.191
7070.000 1.152
7075.000 1.130
7080.000 1.090
7085.000 1.059
7090.000 1.039
7095.000 1.005
7100.000 0.991
7105.000 0.964
7110.000 0.935
7115.000 0.923
7120.000 0.905
7125.000 0.891
7130.000 0.870
7135.000 0.860
7140.000 0.846
7145.000 0.828
7150.000 0.819
7155.000 0.802
7160.000 0.796
7165.000 0.783
7170.000 0.765
7175.000 0.757
7180.000 0.746
7185.000 0.741
7190.000 0.726
7195.000 0.714
7200.000 0.710
7205.000 0.701
7210.000 0.696
7215.000 0.693
7220.000 0.684
7225.000 0.679
7230.000 0.677
7235.000 0.670
7240.000 0.665
7245.000 0.658
7250.000 0.653
7255.000 0.647
7260.000 0.644
7265.000 0.638
7270.000 0.629
7275.000 0.628
7280.000 0.620
7285.000 0.621
7290.000 0.619
7295.000 0.613
7300.000 0.610
7305.000 0.610
7310.000 0.610
7315.000 0.606
7320.000 0.605
7325.000 0.609
7330.000 0.605
7335.000 0.599
7340.000 0.597
7345.000 0.594
7350.000 0.596
7355.000 0.589
7360.000 0.584
7365.000 0.581
7370.000 0.585
7375.000 0.581
7380.000 0.586
7385.000 0.583
7390.000 0.585
7395.000 0.585
7400.000 0.587
7405.000 0.590
7410.000 0.589
7415.000 0.590
7420.000 0.592
7425.000 0.594
7430.000 0.593
7435.000 0.593
7440.000 0.592
7445.000 0.593
7450.000 0.593
7455.000 0.595
7460.000 0.599
7465.000 0.601
7470.000 0.606
7475.000 0.607
7480.000 0.615
7485.000 0.617
7490.000 0.625
7495.000 0.631
7500.000 0.634
7505.000 0.640
7510.000 0.642
7515.000 0.650
7520.000 0.654
7525.000 0.656
7530.000 0.668
7535.000 0.669
7540.000 0.680
7545.000 0.689
7550.000 0.698
7555.000 0.714
7560.000 0.720
7565.000 0.737
7570.000 0.753
7575.000 0.763
7580.000 0.783
7585.000 0.789
7590.000 0.811
7595.000 0.830
7600.000 0.840
7605.000 0.870
7610.000 0.880
7615.000 0.906
7620.000 0.944
7625.000 0.960
7630.000 0.996
7635.000 1.024
7640.000 1.069
7645.000 1.115
7650.000 1.153
7655.000 1.213
7660.000 1.237
7665.000 1.320
7670.000 1.400
7675.000 1.432
7680.000 1.543
7685.000 1.599
7690.000 1.709
7695.000 1.864
7700.000 1.947
7705.000 2.115
7710.000 2.233
7715.000 2.498
7720.000 2.769
7725.000 2.978
7730.000 3.438
7735.000 3.701
7740.000 4.309
7745.000 4.714
7750.000 5.653
7755.000 6.737
7760.000 7.522
7765.000 8.832
7770.000 9.260
7775.000 9.469
7780.000 8.382
7785.000 7.774
7790.000 6.284
7795.000 5.739
7800.000 4.929
7805.000 4.197
7810.000 3.928
7815.000 3.524
7820.000 3.298
7825.000 2.990
7830.000 2.758
7835.000 2.630
7840.000 2.436
7845.000 2.374
7850.000 2.211
7855.000 2.080
7860.000 2.038
7865.000 1.927
7870.000 1.881
7875.000 1.801
7880.000 1.721
7885.000 1.682
7890.000 1.622
7895.000 1.590
7900.000 1.529
7905.000 1.482
7910.000 1.458
7915.000 1.409
7920.000 1.391
7925.000 1.358
7930.000 1.319
7935.000 1.300
7940.000 1.275
7945.000 1.260
7950.000 1.247
7955.000 1.238
7960.000 1.238
7965.000 1.208
7970.000 1.200
7975.000 1.175
7980.000 1.148
7985.000 1.136
7990.000 1.109
7995.000 1.101
8000.000 1.083
8005.000 1.067
8010.000 1.062
8015.000 1.069
8020.000 1.059
8025.000 1.050
8030.000 1.050
8035.000 1.045
8040.000 1.039
8045.000 1.033
8050.000 1.019
8055.000 1.014
8060.000 1.004
8065.000 0.998
8070.000 0.994
8075.000 0.987
8080.000 0.971
8085.000 0.973
8090.000 0.963
8095.000 0.966
8100.000 0.957
8105.000 0.954
8110.000 0.954
8115.000 0.952
8120.000 0.950
8125.000 0.948
8130.000 0.947
8135.000 0.948
8140.000 0.954
8145.000 0.954
8150.000 0.958
8155.000 0.947
8160.000 0.945
8165.000 0.941
8170.000 0.940
8175.000 0.935
8180.000 0.933
8185.000 0.935
8190.000 0.938
8195.000 0.935
8200.000 0.938
8205.000 0.940
8210.000 0.941
8215.000 0.940
8220.000 0.939
8225.000 0.941
8230.000 0.942
8235.000 0.940
8240.000 0.942
8245.000 0.941
8250.000 0.936
8255.000 0.940
8260.000 0.941
8265.000 0.945
8270.000 0.945
8275.000 0.949
8280.000 0.961
8285.000 0.963
8290.000 0.969
8295.000 0.971
8300.000 0.977
8305.000 0.984
8310.000 0.982
8315.000 0.986
8320.000 0.991
8325.000 0.993
8330.000 0.997
8335.000 1.001
8340.000 1.009
8345.000 1.012
8350.000 1.018
8355.000 1.026
8360.000 1.035
8365.000 1.043
8370.000 1.048
8375.000 1.056
8380.000 1.059
8385.000 1.069
8390.000 1.080
8395.000 1.088
8400.000 1.097
8405.000 1.104
8410.000 1.119
8415.000 1.129
8420.000 1.136
8425.000 1.154
8430.000 1.161
8435.000 1.178
8440.000 1.200
8445.000 1.210
8450.000 1.237
8455.000 1.247
8460.000 1.273
8465.000 1.307
8470.000 1.321
8475.000 1.351
8480.000 1.363
8485.000 1.405
8490.000 1.436
8495.000 1.449
8500.000 1.496
8505.000 1.521
8510.000 1.559
8515.000 1.617
8520.000 1.650
8525.000 1.707
8530.000 1.750
8535.000 1.830
8540.000 1.911
8545.000 1.970
8550.000 2.078
8555.000 2.125
8560.000 2.275
8565.000 2.434
8570.000 2.502
8575.000 2.723
8580.000 2.844
8585.000 3.078
8590.000 3.450
8595.000 3.648
8600.000 4.062
8605.000 4.350
8610.000 5.088
8615.000 5.881
8620.000 6.327
8625.000 7.267
8630.000 7.552
8635.000 7.565
8640.000 6.636
8645.000 6.025
8650.000 4.963
8655.000 4.382
8660.000 3.635
8665.000 3.143
8670.000 2.969
8675.000 2.726
8680.000 2.614
8685.000 2.307
8690.000 2.041
8695.000 1.942
8700.000 1.708
8705.000 1.617
8710.000 1.476
8715.000 1.329
8720.000 1.269
8725.000 1.168
8730.000 1.109
8735.000 1.024
8740.000 0.958
8745.000 0.915
8750.000 0.851
8755.000 0.832
8760.000 0.772
8765.000 0.726
8770.000 0.710
8775.000 0.668
8780.000 0.650
8785.000 0.620
8790.000 0.588
8795.000 0.573
8800.000 0.548
8805.000 0.531
8810.000 0.508
8815.000 0.463
8820.000 0.455
8825.000 0.412
8830.000 0.483
8835.000 0.440
8840.000 0.407
8845.000 0.401
8850.000 0.386
8855.000 0.381
8860.000 0.367
8865.000 0.362
8870.000 0.356
8875.000 0.347
8880.000 0.343
8885.000 0.336
8890.000 0.327
8895.000 0.324
8900.000 0.317
8905.000 0.313
8910.000 0.303
8915.000 0.299
8920.000 0.292
8925.000 0.282
8930.000 0.279
8935.000 0.273
8940.000 0.273
8945.000 0.271
8950.000 0.270
8955.000 0.265
8960.000 0.265
8965.000 0.266
8970.000 0.263
8975.000 0.260
8980.000 0.263
8985.000 0.257
8990.000 0.258
8995.000 0.259
9000.000 0.247
9005.000 0.237
9010.000 0.239
9015.000 0.241
9020.000 0.233
9025.000 0.233
9030.000 0.226
9035.000 0.227
9040.000 0.222
9045.000 0.214
9050.000 0.217
9055.000 0.215
9060.000 0.218
9065.000 0.215
9070.000 0.218
9075.000 0.221
9080.000 0.219
9085.000 0.217
9090.000 0.217
9095.000 0.216
9100.000 0.209
9105.000 0.208
9110.000 0.206
9115.000 0.205
9120.000 0.205
9125.000 0.205
9130.000 0.204
9135.000 0.204
9140.000 0.202
9145.000 0.209
9150.000 0.204
9155.000 0.204
9160.000 0.203
9165.000 0.203
9170.000 0.200
9175.000 0.197
9180.000 0.192
9185.000 0.192
9190.000 0.190
9195.000 0.187
9200.000 0.185
9205.000 0.185
9210.000 0.190
9215.000 0.184
9220.000 0.193
9225.000 0.187
9230.000 0.192
9235.000 0.193
9240.000 0.194
9245.000 0.195
9250.000 0.191
9255.000 0.192
9260.000 0.196
9265.000 0.192
9270.000 0.192
9275.000 0.201
9280.000 0.198
9285.000 0.210
9290.000 0.214
9295.000 0.221
9300.000 0.233
9305.000 0.233
9310.000 0.250
9315.000 0.255
9320.000 0.264
9325.000 0.279
9330.000 0.280
9335.000 0.300
9340.000 0.307
9345.000 0.326
9350.000 0.350
9355.000 0.361
9360.000 0.394
9365.000 0.407
9370.000 0.439
9375.000 0.483
9380.000 0.505
9385.000 0.547
9390.000 0.567
9395.000 0.626
9400.000 0.683
9405.000 0.714
9410.000 0.794
9415.000 0.840
9420.000 0.920
9425.000 1.044
9430.000 1.105
9435.000 1.233
9440.000 1.343
9445.000 1.543
9450.000 1.762
9455.000 1.936
9460.000 2.278
9465.000 2.428
9470.000 2.942
9475.000 3.457
9480.000 3.655
9485.000 4.131
9490.000 4.273
9495.000 4.451
9500.000 4.600
9505.000 4.612
9510.000 4.421
9515.000 4.206
9520.000 3.670
9525.000 3.439
9530.000 3.028
9535.000 2.696
9540.000 2.562
9545.000 2.318
9550.000 2.220
9555.000 2.061
9560.000 1.901
9565.000 1.840
9570.000 1.744
9575.000 1.693
9580.000 1.597
9585.000 1.534
9590.000 1.503
9595.000 1.432
9600.000 1.406
9605.000 1.361
9610.000 1.311
9615.000 1.287
9620.000 1.253
9625.000 1.228
9630.000 1.194
9635.000 1.163
9640.000 1.145
9645.000 1.118
9650.000 1.107
9655.000 1.078
9660.000 1.057
9665.000 1.049
9670.000 1.035
9675.000 1.023
9680.000 1.013
9685.000 0.994
9690.000 0.993
9695.000 0.979
9700.000 0.969
9705.000 0.955
9710.000 0.942
9715.000 0.930
9720.000 0.920
9725.000 0.919
9730.000 0.899
9735.000 0.892
9740.000 0.887
9745.000 0.882
9750.000 0.875
9755.000 0.866
9760.000 0.865
9765.000 0.864
9770.000 0.854
9775.000 0.856
9780.000 0.855
9785.000 0.847
9790.000 0.838
9795.000 0.835
9800.000 0.830
9805.000 0.824
9810.000 0.815
9815.000 0.814
9820.000 0.804
9825.000 0.804
9830.000 0.802
9835.000 0.797
9840.000 0.798
9845.000 0.796
9850.000 0.795
9855.000 0.797
9860.000 0.796
9865.000 0.795
9870.000 0.789
9875.000 0.791
9880.000 0.786
9885.000 0.780
9890.000 0.780
9895.000 0.775
9900.000 0.773
9905.000 0.767
9910.000 0.768
9915.000 0.772
9920.000 0.768
9925.000 0.768
9930.000 0.777
9935.000 0.773
9940.000 0.767
9945.000 0.774
9950.000 0.770
9955.000 0.770
9960.000 0.768
9965.000 0.773
9970.000 0.773
9975.000 0.771
9980.000 0.769
9985.000 0.764
9990.000 0.760
9995.000 0.756
10000.000 0.766
10005.000 0.775
10010.000 0.777
10015.000 0.773
10020.000 0.780
10025.000 0.787
10030.000 0.784
10035.000 0.793
10040.000 0.792
10045.000 0.788
10050.000 0.791
10055.000 0.793
10060.000 0.800
10065.000 0.795
10070.000 0.793
10075.000 0.796
10080.000 0.803
10085.000 0.806
10090.000 0.808
10095.000 0.812
10100.000 0.823
10105.000 0.830
10110.000 0.833
10115.000 0.845
10120.000 0.851
10125.000 0.856
10130.000 0.863
10135.000 0.867
10140.000 0.873
10145.000 0.879
10150.000 0.879
10155.000 0.889
10160.000 0.894
10165.000 0.904
10170.000 0.917
10175.000 0.921
10180.000 0.935
10185.000 0.944
10190.000 0.956
10195.000 0.981
10200.000 0.988
10205.000 1.004
10210.000 1.020
10215.000 1.042
10220.000 1.056
10225.000 1.076
10230.000 1.098
10235.000 1.110
10240.000 1.142
10245.000 1.174
10250.000 1.185
10255.000 1.231
10260.000 1.255
10265.000 1.293
10270.000 1.361
10275.000 1.387
10280.000 1.453
10285.000 1.497
10290.000 1.592
10295.000 1.682
10300.000 1.753
10305.000 1.888
10310.000 1.967
10315.000 2.123
10320.000 2.357
10325.000 2.485
10330.000 2.762
10335.000 2.944
10340.000 3.305
10345.000 3.609
10350.000 3.765
10355.000 3.815
10360.000 3.740
10365.000 3.256
10370.000 2.719
10375.000 2.488
10380.000 1.969
10385.000 1.786
10390.000 1.507
10395.000 1.232
10400.000 1.121
10405.000 0.976
10410.000 0.887
10415.000 0.760
10420.000 0.726
10425.000 0.621
10430.000 0.540
10435.000 0.515
10440.000 0.447
10445.000 0.418
10450.000 0.373
10455.000 0.321
10460.000 0.301
10465.000 0.272
10470.000 0.253
10475.000 0.218
10480.000 0.196
10485.000 0.181
10490.000 0.157
10495.000 0.145
10500.000 0.132
10505.000 0.114
10510.000 0.103
10515.000 0.096
10520.000 0.090
10525.000 0.078
10530.000 0.075
10535.000 0.081
10540.000 0.086
10545.000 0.092
10550.000 0.102
10555.000 0.105
10560.000 0.113
10565.000 0.114
10570.000 0.121
10575.000 0.118
10580.000 0.125
10585.000 0.125
10590.000 0.127
10595.000 0.128
10600.000 0.133
10605.000 0.138
10610.000 0.142
10615.000 0.145
10620.000 0.148
10625.000 0.157
10630.000 0.164
10635.000 0.163
10640.000 0.173
10645.000 0.174
10650.000 0.176
10655.000 0.182
10660.000 0.185
10665.000 0.185
10670.000 0.183
10675.000 0.183
10680.000 0.186
10685.000 0.188
10690.000 0.189
10695.000 0.189
10700.000 0.193
10705.000 0.196
10710.000 0.198
10715.000 0.208
10720.000 0.204
10725.000 0.209
10730.000 0.212
10735.000 0.213
10740.000 0.212
10745.000 0.217
10750.000 0.216
10755.000 0.216
10760.000 0.214
10765.000 0.209
10770.000 0.215
10775.000 0.212
10780.000 0.212
10785.000 0.211
10790.000 0.215
10795.000 0.215
10800.000 0.214
10805.000 0.221
10810.000 0.222
10815.000 0.219
10820.000 0.223
10825.000 0.224
10830.000 0.224
10835.000 0.221
10840.000 0.220
10845.000 0.218
10850.000 0.217
10855.000 0.211
10860.000 0.212
10865.000 0.212
10870.000 0.206
10875.000 0.208
10880.000 0.210
10885.000 0.212
10890.000 0.212
10895.000 0.207
10900.000 0.210
10905.000 0.209
10910.000 0.206
10915.000 0.207
10920.000 0.203
10925.000 0.202
10930.000 0.192
10935.000 0.194
10940.000 0.193
10945.000 0.187
10950.000 0.181
10955.000 0.180
10960.000 0.180
10965.000 0.176
10970.000 0.173
10975.000 0.170
10980.000 0.171
10985.000 0.164
10990.000 0.166
10995.000 0.164
11000.000 0.153
11005.000 0.153
11010.000 0.141
11015.000 0.144
11020.000 0.135
11025.000 0.122
11030.000 0.123
11035.000 0.117
11040.000 0.106
11045.000 0.106
11050.000 0.095
11055.000 0.098
11060.000 0.086
11065.000 0.085
11070.000 0.082
11075.000 0.077
11080.000 0.075
11085.000 0.082
11090.000 0.087
11095.000 0.093
11100.000 0.109
11105.000 0.120
11110.000 0.136
11115.000 0.164
11120.000 0.178
11125.000 0.209
11130.000 0.220
11135.000 0.263
11140.000 0.302
11145.000 0.321
11150.000 0.388
11155.000 0.420
11160.000 0.487
11165.000 0.591
11170.000 0.644
11175.000 0.756
11180.000 0.854
11185.000 1.026
11190.000 1.215
11195.000 1.383
11200.000 1.684
11205.000 1.822
11210.000 2.209
11215.000 2.543
11220.000 2.634
11225.000 2.712
11230.000 2.653
11235.000 2.466
11240.000 2.179
11245.000 2.059
11250.000 1.880
11255.000 1.786
11260.000 1.609
11265.000 1.498
11270.000 1.432
11275.000 1.332
11280.000 1.288
11285.000 1.225
11290.000 1.149
11295.000 1.124
11300.000 1.072
11305.000 1.054
11310.000 1.018
11315.000 0.978
11320.000 0.965
11325.000 0.937
11330.000 0.927
11335.000 0.905
11340.000 0.884
11345.000 0.875
11350.000 0.850
11355.000 0.843
11360.000 0.826
11365.000 0.806
11370.000 0.798
11375.000 0.785
11380.000 0.777
11385.000 0.767
11390.000 0.754
11395.000 0.751
11400.000 0.739
11405.000 0.739
11410.000 0.728
11415.000 0.720
11420.000 0.720
11425.000 0.716
11430.000 0.708
11435.000 0.704
11440.000 0.697
11445.000 0.693
11450.000 0.686
11455.000 0.683
11460.000 0.674
11465.000 0.667
11470.000 0.663
11475.000 0.660
11480.000 0.660
11485.000 0.658
11490.000 0.652
11495.000 0.649
11500.000 0.652
11505.000 0.650
11510.000 0.649
11515.000 0.644
11520.000 0.643
11525.000 0.640
11530.000 0.639
11535.000 0.633
11540.000 0.633
11545.000 0.628
11550.000 0.625
11555.000 0.623
11560.000 0.619
11565.000 0.621
11570.000 0.621
11575.000 0.622
11580.000 0.620
11585.000 0.616
11590.000 0.619
11595.000 0.618
11600.000 0.619
11605.000 0.618
11610.000 0.618
11615.000 0.616
11620.000 0.613
11625.000 0.611
11630.000 0.611
11635.000 0.609
11640.000 0.606
11645.000 0.606
11650.000 0.606
11655.000 0.605
11660.000 0.606
11665.000 0.605
11670.000 0.607
11675.000 0.608
11680.000 0.607
11685.000 0.609
11690.000 0.611
11695.000 0.611
11700.000 0.610
11705.000 0.609
11710.000 0.609
11715.000 0.609
11720.000 0.610
11725.000 0.610
11730.000 0.611
11735.000 0.612
11740.000 0.613
11745.000 0.615
11750.000 0.618
11755.000 0.615
11760.000 0.617
11765.000 0.622
11770.000 0.622
11775.000 0.626
11780.000 0.623
11785.000 0.627
11790.000 0.627
11795.000 0.625
11800.000 0.629
11805.000 0.627
11810.000 0.628
11815.000 0.628
11820.000 0.629
11825.000 0.633
11830.000 0.636
11835.000 0.637
11840.000 0.644
11845.000 0.645
11850.000 0.651
11855.000 0.655
11860.000 0.658
11865.000 0.661
11870.000 0.664
11875.000 0.668
11880.000 0.673
11885.000 0.674
11890.000 0.681
11895.000 0.685
11900.000 0.689
11905.000 0.694
11910.000 0.701
11915.000 0.704
11920.000 0.715
11925.000 0.719
11930.000 0.731
11935.000 0.742
11940.000 0.747
11945.000 0.761
11950.000 0.778
11955.000 0.778
11960.000 0.790
11965.000 0.802
11970.000 0.822
11975.000 0.834
11980.000 0.852
11985.000 0.871
11990.000 0.881
11995.000 0.914
12000.000 0.943
