105.000 1.024
110.000 24.358
115.000 25.582
120.000 27.771
125.000 29.910
130.000 31.037
135.000 33.002
140.000 33.727
145.000 35.516
150.000 37.071
155.000 37.766
160.000 39.075
165.000 39.635
170.000 40.703
175.000 41.511
180.000 41.984
185.000 42.376
190.000 43.528
195.000 43.059
200.000 44.666
205.000 44.501
210.000 45.022
215.000 45.217
220.000 45.709
225.000 46.086
230.000 46.335
235.000 46.752
240.000 46.926
245.000 47.389
250.000 47.864
255.000 48.068
260.000 48.539
265.000 48.828
270.000 49.645
275.000 50.245
280.000 50.566
285.000 51.215
290.000 51.644
295.000 52.457
300.000 52.977
305.000 53.589
310.000 55.277
315.000 54.835
320.000 56.361
325.000 57.659
330.000 58.252
335.000 59.789
340.000 60.625
345.000 62.219
350.000 64.047
355.000 65.127
360.000 67.312
365.000 68.469
370.000 71.834
375.000 73.885
380.000 74.839
385.000 77.960
390.000 79.579
395.000 82.949
400.000 86.443
405.000 88.199
410.000 91.715
415.000 93.420
420.000 96.565
425.000 99.262
430.000 100.282
435.000 101.570
440.000 101.723
445.000 101.039
450.000 98.886
455.000 97.279
460.000 93.107
465.000 90.670
470.000 85.226
475.000 79.423
480.000 76.476
485.000 70.286
490.000 67.473
495.000 62.180
500.000 59.659
505.000 54.895
510.000 50.584
515.000 48.595
520.000 44.888
525.000 43.198
530.000 40.076
535.000 37.170
540.000 35.828
545.000 33.380
550.000 32.214
555.000 30.093
560.000 28.170
565.000 27.258
570.000 25.558
575.000 24.791
580.000 23.317
585.000 22.009
590.000 21.403
595.000 20.190
600.000 19.624
605.000 18.542
610.000 17.562
615.000 17.079
620.000 16.206
625.000 15.769
630.000 14.969
635.000 14.223
640.000 13.873
645.000 13.210
650.000 12.878
655.000 12.258
660.000 11.688
665.000 11.415
670.000 10.882
675.000 10.647
680.000 10.177
685.000 9.736
690.000 9.528
695.000 9.108
700.000 8.916
705.000 8.524
710.000 8.168
715.000 8.018
720.000 7.655
725.000 7.494
730.000 7.188
735.000 6.883
740.000 6.732
745.000 6.461
750.000 6.319
755.000 6.058
760.000 5.812
765.000 5.694
770.000 5.471
775.000 5.355
780.000 5.140
785.000 5.050
790.000 4.893
795.000 4.760
800.000 4.678
805.000 4.526
810.000 4.437
815.000 4.269
820.000 4.113
825.000 4.028
830.000 3.879
835.000 3.738
840.000 3.666
845.000 3.522
850.000 3.454
855.000 3.325
860.000 3.200
865.000 3.138
870.000 3.036
875.000 2.975
880.000 2.869
885.000 2.763
890.000 2.712
895.000 2.616
900.000 2.575
905.000 2.489
910.000 2.413
915.000 2.367
920.000 2.290
925.000 2.246
930.000 2.176
935.000 2.117
940.000 2.078
945.000 2.019
950.000 1.988
955.000 1.931
960.000 1.875
965.000 1.846
970.000 1.794
975.000 1.774
980.000 1.722
985.000 1.683
990.000 1.653
995.000 1.633
1000.000 1.603
1005.000 1.571
1010.000 1.536
1015.000 1.530
1020.000 1.505
1025.000 1.484
1030.000 1.463
1035.000 1.443
1040.000 1.432
1045.000 1.424
1050.000 1.416
1055.000 1.407
1060.000 1.394
1065.000 1.391
1070.000 1.387
1075.000 1.385
1080.000 1.389
1085.000 1.380
1090.000 1.382
1095.000 1.390
1100.000 1.391
1105.000 1.399
1110.000 1.397
1115.000 1.408
1120.000 1.414
1125.000 1.421
1130.000 1.427
1135.000 1.435
1140.000 1.449
1145.000 1.465
1150.000 1.471
1155.000 1.482
1160.000 1.490
1165.000 1.506
1170.000 1.514
1175.000 1.530
1180.000 1.552
1185.000 1.553
1190.000 1.577
1195.000 1.603
1200.000 1.614
1205.000 1.636
1210.000 1.644
1215.000 1.667
1220.000 1.684
1225.000 1.698
1230.000 1.720
1235.000 1.736
1240.000 1.755
1245.000 1.778
1250.000 1.786
1255.000 1.813
1260.000 1.825
1265.000 1.845
1270.000 1.873
1275.000 1.880
1280.000 1.903
1285.000 1.914
1290.000 1.942
1295.000 1.965
1300.000 1.982
1305.000 2.007
1310.000 2.020
1315.000 2.045
1320.000 2.066
1325.000 2.078
1330.000 2.103
1335.000 2.121
1340.000 2.149
1345.000 2.178
1350.000 2.191
1355.000 2.214
1360.000 2.227
1365.000 2.256
1370.000 2.281
1375.000 2.300
1380.000 2.324
1385.000 2.339
1390.000 2.365
1395.000 2.378
1400.000 2.399
1405.000 2.429
1410.000 2.445
1415.000 2.467
1420.000 2.484
1425.000 2.506
1430.000 2.529
1435.000 2.546
1440.000 2.570
1445.000 2.581
1450.000 2.609
1455.000 2.631
1460.000 2.646
1465.000 2.666
1470.000 2.678
1475.000 2.705
1480.000 2.729
1485.000 2.736
1490.000 2.759
1495.000 2.770
1500.000 2.786
1505.000 2.810
1510.000 2.819
1515.000 2.832
1520.000 2.842
1525.000 2.851
1530.000 2.862
1535.000 2.870
1540.000 2.876
1545.000 2.873
1550.000 2.880
1555.000 2.876
1560.000 2.873
1565.000 2.869
1570.000 2.861
1575.000 2.852
1580.000 2.835
1585.000 2.819
1590.000 2.794
1595.000 2.781
1600.000 2.742
1605.000 2.704
1610.000 2.681
1615.000 2.640
1620.000 2.621
1625.000 2.584
1630.000 2.564
1635.000 2.561
1640.000 2.581
1645.000 2.603
1650.000 2.671
1655.000 2.774
1660.000 2.844
1665.000 2.997
1670.000 3.087
1675.000 3.287
1680.000 3.481
1685.000 3.585
1690.000 3.778
1695.000 3.872
1700.000 4.053
1705.000 4.225
1710.000 4.305
1715.000 4.458
1720.000 4.527
1725.000 4.657
1730.000 4.788
1735.000 4.850
1740.000 4.957
1745.000 5.019
1750.000 5.120
1755.000 5.226
1760.000 5.272
1765.000 5.371
1770.000 5.419
1775.000 5.517
1780.000 5.603
1785.000 5.648
1790.000 5.733
1795.000 5.779
1800.000 5.866
1805.000 5.953
1810.000 5.994
1815.000 6.079
1820.000 6.118
1825.000 6.202
1830.000 6.289
1835.000 6.329
1840.000 6.407
1845.000 6.445
1850.000 6.510
1855.000 6.586
1860.000 6.623
1865.000 6.694
1870.000 6.730
1875.000 6.796
1880.000 6.865
1885.000 6.904
1890.000 6.973
1895.000 7.008
1900.000 7.077
1905.000 7.142
1910.000 7.176
1915.000 7.250
1920.000 7.287
1925.000 7.350
1930.000 7.426
1935.000 7.454
1940.000 7.517
1945.000 7.546
1950.000 7.623
1955.000 7.671
1960.000 7.702
1965.000 7.750
1970.000 7.782
1975.000 7.827
1980.000 7.840
1985.000 7.886
1990.000 7.910
1995.000 7.916
2000.000 7.949
2005.000 7.954
2010.000 7.972
2015.000 7.962
2020.000 7.976
2025.000 7.976
2030.000 7.967
2035.000 7.975
2040.000 7.965
2045.000 7.960
2050.000 7.963
2055.000 7.945
2060.000 7.938
2065.000 7.921
2070.000 7.908
2075.000 7.889
2080.000 7.884
2085.000 7.862
2090.000 7.833
2095.000 7.819
2100.000 7.790
2105.000 7.774
2110.000 7.739
2115.000 7.705
2120.000 7.688
2125.000 7.647
2130.000 7.630
2135.000 7.586
2140.000 7.542
2145.000 7.518
2150.000 7.473
2155.000 7.447
2160.000 7.396
2165.000 7.347
2170.000 7.317
2175.000 7.271
2180.000 7.244
2185.000 7.194
2190.000 7.145
2195.000 7.116
2200.000 7.061
2205.000 7.035
2210.000 6.982
2215.000 6.924
2220.000 6.895
2225.000 6.837
2230.000 6.813
2235.000 6.754
2240.000 6.699
2245.000 6.670
2250.000 6.614
2255.000 6.588
2260.000 6.525
2265.000 6.468
2270.000 6.445
2275.000 6.389
2280.000 6.361
2285.000 6.310
2290.000 6.250
2295.000 6.228
2300.000 6.181
2305.000 6.148
2310.000 6.101
2315.000 6.048
2320.000 6.022
2325.000 5.969
2330.000 5.945
2335.000 5.890
2340.000 5.845
2345.000 5.818
2350.000 5.771
2355.000 5.750
2360.000 5.702
2365.000 5.656
2370.000 5.634
2375.000 5.597
2380.000 5.569
2385.000 5.524
2390.000 5.486
2395.000 5.463
2400.000 5.426
2405.000 5.400
2410.000 5.362
2415.000 5.324
2420.000 5.305
2425.000 5.271
2430.000 5.251
2435.000 5.213
2440.000 5.175
2445.000 5.162
2450.000 5.129
2455.000 5.112
2460.000 5.081
2465.000 5.046
2470.000 5.031
2475.000 4.999
2480.000 4.984
2485.000 4.953
2490.000 4.921
2495.000 4.908
2500.000 4.877
2505.000 4.861
2510.000 4.837
2515.000 4.813
2520.000 4.794
2525.000 4.768
2530.000 4.755
2535.000 4.728
2540.000 4.710
2545.000 4.697
2550.000 4.672
2555.000 4.660
2560.000 4.638
2565.000 4.627
2570.000 4.604
2575.000 4.584
2580.000 4.570
2585.000 4.554
2590.000 4.547
2595.000 4.522
2600.000 4.506
2605.000 4.498
2610.000 4.485
2615.000 4.473
2620.000 4.456
2625.000 4.443
2630.000 4.433
2635.000 4.422
2640.000 4.418
2645.000 4.405
2650.000 4.393
2655.000 4.388
2660.000 4.375
2665.000 4.368
2670.000 4.353
2675.000 4.341
2680.000 4.342
2685.000 4.335
2690.000 4.332
2695.000 4.309
2700.000 4.301
2705.000 4.298
2710.000 4.294
2715.000 4.291
2720.000 4.287
2725.000 4.281
2730.000 4.278
2735.000 4.277
2740.000 4.277
2745.000 4.271
2750.000 4.266
2755.000 4.265
2760.000 4.262
2765.000 4.261
2770.000 4.254
2775.000 4.250
2780.000 4.252
2785.000 4.248
2790.000 4.247
2795.000 4.247
2800.000 4.246
2805.000 4.245
2810.000 4.248
2815.000 4.248
2820.000 4.248
2825.000 4.255
2830.000 4.250
2835.000 4.254
2840.000 4.257
2845.000 4.259
2850.000 4.264
2855.000 4.264
2860.000 4.270
2865.000 4.275
2870.000 4.283
2875.000 4.291
2880.000 4.294
2885.000 4.299
2890.000 4.303
2895.000 4.312
2900.000 4.327
2905.000 4.329
2910.000 4.340
2915.000 4.344
2920.000 4.356
2925.000 4.367
2930.000 4.370
2935.000 4.387
2940.000 4.394
2945.000 4.410
2950.000 4.425
2955.000 4.429
2960.000 4.451
2965.000 4.455
2970.000 4.489
2975.000 4.507
2980.000 4.519
2985.000 4.533
2990.000 4.546
2995.000 4.561
3000.000 4.602
3005.000 4.613
3010.000 4.639
3015.000 4.643
3020.000 4.685
3025.000 4.708
3030.000 4.727
3035.000 4.749
3040.000 4.767
3045.000 4.810
3050.000 4.835
3055.000 4.855
3060.000 4.879
3065.000 4.911
3070.000 4.955
3075.000 4.991
3080.000 5.010
3085.000 5.050
3090.000 5.073
3095.000 5.115
3100.000 5.159
3105.000 5.179
3110.000 5.231
3115.000 5.255
3120.000 5.302
3125.000 5.357
3130.000 5.386
3135.000 5.441
3140.000 5.476
3145.000 5.534
3150.000 5.598
3155.000 5.632
3160.000 5.706
3165.000 5.740
3170.000 5.818
3175.000 5.858
3180.000 5.929
3185.000 6.021
3190.000 6.063
3195.000 6.143
3200.000 6.194
3205.000 6.290
3210.000 6.388
3215.000 6.449
3220.000 6.556
3225.000 6.608
3230.000 6.731
3235.000 6.856
3240.000 6.922
3245.000 7.054
3250.000 7.126
3255.000 7.268
3260.000 7.431
3265.000 7.509
3270.000 7.670
3275.000 7.751
3280.000 7.941
3285.000 8.126
3290.000 8.236
3295.000 8.465
3300.000 8.586
3305.000 8.828
3310.000 9.096
3315.000 9.218
3320.000 9.512
3325.000 9.675
3330.000 10.007
3335.000 10.356
3340.000 10.561
3345.000 10.974
3350.000 11.173
3355.000 11.660
3360.000 12.167
3365.000 12.421
3370.000 13.028
3375.000 13.350
3380.000 14.009
3385.000 14.808
3390.000 15.226
3395.000 16.106
3400.000 16.610
3405.000 17.745
3410.000 18.936
3415.000 19.681
3420.000 21.218
3425.000 22.069
3430.000 23.909
3435.000 26.148
3440.000 27.360
3445.000 30.019
3450.000 31.500
3455.000 34.807
3460.000 37.976
3465.000 39.590
3470.000 42.227
3475.000 43.112
3480.000 43.908
3485.000 42.940
3490.000 41.879
3495.000 38.703
3500.000 36.937
3505.000 33.468
3510.000 29.891
3515.000 28.317
3520.000 25.593
3525.000 24.193
3530.000 21.919
3535.000 20.047
3540.000 19.102
3545.000 17.532
3550.000 16.888
3555.000 15.554
3560.000 14.445
3565.000 13.990
3570.000 13.012
3575.000 12.593
3580.000 11.855
3585.000 11.125
3590.000 10.809
3595.000 10.240
3600.000 9.937
3605.000 9.415
3610.000 8.970
3615.000 8.744
3620.000 8.317
3625.000 8.125
3630.000 7.766
3635.000 7.428
3640.000 7.271
3645.000 6.972
3650.000 6.826
3655.000 6.561
3660.000 6.304
3665.000 6.183
3670.000 5.967
3675.000 5.859
3680.000 5.644
3685.000 5.450
3690.000 5.363
3695.000 5.179
3700.000 5.093
3705.000 4.939
3710.000 4.777
3715.000 4.701
3720.000 4.566
3725.000 4.487
3730.000 4.361
3735.000 4.239
3740.000 4.171
3745.000 4.056
3750.000 4.004
3755.000 3.880
3760.000 3.832
3765.000 3.734
3770.000 3.636
3775.000 3.586
3780.000 3.502
3785.000 3.454
3790.000 3.366
3795.000 3.287
3800.000 3.247
3805.000 3.171
3810.000 3.133
3815.000 3.060
3820.000 2.989
3825.000 2.958
3830.000 2.893
3835.000 2.860
3840.000 2.790
3845.000 2.737
3850.000 2.702
3855.000 2.649
3860.000 2.623
3865.000 2.570
3870.000 2.517
3875.000 2.493
3880.000 2.441
3885.000 2.413
3890.000 2.369
3895.000 2.326
3900.000 2.302
3905.000 2.259
3910.000 2.237
3915.000 2.195
3920.000 2.155
3925.000 2.129
3930.000 2.094
3935.000 2.077
3940.000 2.038
3945.000 2.004
3950.000 1.990
3955.000 1.953
3960.000 1.926
3965.000 1.898
3970.000 1.861
3975.000 1.847
3980.000 1.819
3985.000 1.810
3990.000 1.776
3995.000 1.756
4000.000 1.735
4005.000 1.698
4010.000 1.690
4015.000 1.667
4020.000 1.643
4025.000 1.615
4030.000 1.605
4035.000 1.583
4040.000 1.559
4045.000 1.541
4050.000 1.519
4055.000 1.500
4060.000 1.498
4065.000 1.473
4070.000 1.450
4075.000 1.445
4080.000 1.419
4085.000 1.411
4090.000 1.390
4095.000 1.370
4100.000 1.360
4105.000 1.343
4110.000 1.331
4115.000 1.314
4120.000 1.299
4125.000 1.287
4130.000 1.274
4135.000 1.262
4140.000 1.249
4145.000 1.233
4150.000 1.223
4155.000 1.208
4160.000 1.201
4165.000 1.187
4170.000 1.171
4175.000 1.166
4180.000 1.149
4185.000 1.141
4190.000 1.125
4195.000 1.110
4200.000 1.105
4205.000 1.083
4210.000 1.077
4215.000 1.058
4220.000 1.040
4225.000 1.027
4230.000 1.003
4235.000 0.990
4240.000 0.968
4245.000 0.947
4250.000 0.937
4255.000 0.912
4260.000 0.908
4265.000 0.886
4270.000 0.874
4275.000 0.863
4280.000 0.850
4285.000 0.844
4290.000 0.835
4295.000 0.822
4300.000 0.812
4305.000 0.805
4310.000 0.806
4315.000 0.791
4320.000 0.779
4325.000 0.776
4330.000 0.766
4335.000 0.763
4340.000 0.752
4345.000 0.739
4350.000 0.737
4355.000 0.730
4360.000 0.721
4365.000 0.716
4370.000 0.707
4375.000 0.700
4380.000 0.690
4385.000 0.684
4390.000 0.677
4395.000 0.672
4400.000 0.666
4405.000 0.657
4410.000 0.652
4415.000 0.648
4420.000 0.642
4425.000 0.636
4430.000 0.626
4435.000 0.625
4440.000 0.618
4445.000 0.611
4450.000 0.605
4455.000 0.599
4460.000 0.596
4465.000 0.589
4470.000 0.584
4475.000 0.578
4480.000 0.574
4485.000 0.568
4490.000 0.568
4495.000 0.566
4500.000 0.561
4505.000 0.558
4510.000 0.554
4515.000 0.554
4520.000 0.552
4525.000 0.545
4530.000 0.543
4535.000 0.540
4540.000 0.538
4545.000 0.540
4550.000 0.534
4555.000 0.532
4560.000 0.532
4565.000 0.530
4570.000 0.530
4575.000 0.533
4580.000 0.533
4585.000 0.533
4590.000 0.531
4595.000 0.539
4600.000 0.534
4605.000 0.540
4610.000 0.540
4615.000 0.538
4620.000 0.538
4625.000 0.542
4630.000 0.545
4635.000 0.545
4640.000 0.545
4645.000 0.548
4650.000 0.551
4655.000 0.543
4660.000 0.546
4665.000 0.544
4670.000 0.544
4675.000 0.545
4680.000 0.539
4685.000 0.534
4690.000 0.523
4695.000 0.519
4700.000 0.509
4705.000 0.502
4710.000 0.487
4715.000 0.475
4720.000 0.464
4725.000 0.447
4730.000 0.437
4735.000 0.421
4740.000 0.401
4745.000 0.388
4750.000 0.372
4755.000 0.362
4760.000 0.341
4765.000 0.320
4770.000 0.314
4775.000 0.294
4780.000 0.281
4785.000 0.268
4790.000 0.249
4795.000 0.244
4800.000 0.226
4805.000 0.223
4810.000 0.217
4815.000 0.209
4820.000 0.208
4825.000 0.204
4830.000 0.205
4835.000 0.214
4840.000 0.220
4845.000 0.227
4850.000 0.245
4855.000 0.252
4860.000 0.274
4865.000 0.294
4870.000 0.304
4875.000 0.325
4880.000 0.338
4885.000 0.359
4890.000 0.378
4895.000 0.387
4900.000 0.413
4905.000 0.421
4910.000 0.440
4915.000 0.469
4920.000 0.481
4925.000 0.510
4930.000 0.518
4935.000 0.549
4940.000 0.575
4945.000 0.594
4950.000 0.630
4955.000 0.643
4960.000 0.675
4965.000 0.698
4970.000 0.710
4975.000 0.742
4980.000 0.756
4985.000 0.805
4990.000 0.839
4995.000 0.840
5000.000 0.883
5005.000 0.909
5010.000 0.934
5015.000 0.973
5020.000 1.002
5025.000 1.035
5030.000 1.057
5035.000 1.088
5040.000 1.127
5045.000 1.151
5050.000 1.185
5055.000 1.212
5060.000 1.242
5065.000 1.277
5070.000 1.296
5075.000 1.336
5080.000 1.354
5085.000 1.391
5090.000 1.429
5095.000 1.447
5100.000 1.479
5105.000 1.498
5110.000 1.531
5115.000 1.566
5120.000 1.575
5125.000 1.606
5130.000 1.621
5135.000 1.643
5140.000 1.664
5145.000 1.673
5150.000 1.688
5155.000 1.699
5160.000 1.714
5165.000 1.723
5170.000 1.729
5175.000 1.744
5180.000 1.748
5185.000 1.753
5190.000 1.771
5195.000 1.765
5200.000 1.772
5205.000 1.770
5210.000 1.774
5215.000 1.775
5220.000 1.775
5225.000 1.770
5230.000 1.764
5235.000 1.764
5240.000 1.763
5245.000 1.760
5250.000 1.749
5255.000 1.753
5260.000 1.747
5265.000 1.740
5270.000 1.735
5275.000 1.730
5280.000 1.725
5285.000 1.716
5290.000 1.715
5295.000 1.709
5300.000 1.701
5305.000 1.697
5310.000 1.689
5315.000 1.681
5320.000 1.676
5325.000 1.662
5330.000 1.663
5335.000 1.654
5340.000 1.649
5345.000 1.645
5350.000 1.636
5355.000 1.632
5360.000 1.627
5365.000 1.626
5370.000 1.616
5375.000 1.609
5380.000 1.606
5385.000 1.598
5390.000 1.598
5395.000 1.589
5400.000 1.580
5405.000 1.579
5410.000 1.573
5415.000 1.567
5420.000 1.565
5425.000 1.553
5430.000 1.552
5435.000 1.543
5440.000 1.546
5445.000 1.542
5450.000 1.537
5455.000 1.531
5460.000 1.526
5465.000 1.523
5470.000 1.516
5475.000 1.509
5480.000 1.505
5485.000 1.498
5490.000 1.499
5495.000 1.494
5500.000 1.489
5505.000 1.484
5510.000 1.481
5515.000 1.477
5520.000 1.479
5525.000 1.473
5530.000 1.469
5535.000 1.470
5540.000 1.468
5545.000 1.465
5550.000 1.460
5555.000 1.457
5560.000 1.453
5565.000 1.449
5570.000 1.447
5575.000 1.445
5580.000 1.441
5585.000 1.441
5590.000 1.438
5595.000 1.436
5600.000 1.436
5605.000 1.433
5610.000 1.433
5615.000 1.435
5620.000 1.431
5625.000 1.427
5630.000 1.427
5635.000 1.427
5640.000 1.427
5645.000 1.420
5650.000 1.417
5655.000 1.417
5660.000 1.415
5665.000 1.413
5670.000 1.412
5675.000 1.413
5680.000 1.410
5685.000 1.412
5690.000 1.410
5695.000 1.410
5700.000 1.408
5705.000 1.410
5710.000 1.408
5715.000 1.407
5720.000 1.403
5725.000 1.407
5730.000 1.406
5735.000 1.403
5740.000 1.399
5745.000 1.402
5750.000 1.404
5755.000 1.403
5760.000 1.399
5765.000 1.402
5770.000 1.400
5775.000 1.408
5780.000 1.404
5785.000 1.408
5790.000 1.406
5795.000 1.409
5800.000 1.407
5805.000 1.409
5810.000 1.406
5815.000 1.406
5820.000 1.406
5825.000 1.407
5830.000 1.405
5835.000 1.406
5840.000 1.407
5845.000 1.408
5850.000 1.407
5855.000 1.409
5860.000 1.410
5865.000 1.409
5870.000 1.411
5875.000 1.412
5880.000 1.412
5885.000 1.408
5890.000 1.410
5895.000 1.412
5900.000 1.413
5905.000 1.412
5910.000 1.411
5915.000 1.413
5920.000 1.413
5925.000 1.415
5930.000 1.414
5935.000 1.423
5940.000 1.421
5945.000 1.425
5950.000 1.429
5955.000 1.431
5960.000 1.436
5965.000 1.428
5970.000 1.440
5975.000 1.442
5980.000 1.443
5985.000 1.456
5990.000 1.444
5995.000 1.441
6000.000 1.449
6005.000 1.460
6010.000 1.458
6015.000 1.454
6020.000 1.464
6025.000 1.472
6030.000 1.478
6035.000 1.484
6040.000 1.488
6045.000 1.489
6050.000 1.488
6055.000 1.494
6060.000 1.505
6065.000 1.501
6070.000 1.505
6075.000 1.507
6080.000 1.520
6085.000 1.525
6090.000 1.522
6095.000 1.530
6100.000 1.533
6105.000 1.537
6110.000 1.549
6115.000 1.549
6120.000 1.558
6125.000 1.562
6130.000 1.574
6135.000 1.583
6140.000 1.586
6145.000 1.596
6150.000 1.597
6155.000 1.609
6160.000 1.613
6165.000 1.617
6170.000 1.624
6175.000 1.629
6180.000 1.634
6185.000 1.641
6190.000 1.651
6195.000 1.660
6200.000 1.665
6205.000 1.671
6210.000 1.688
6215.000 1.690
6220.000 1.704
6225.000 1.708
6230.000 1.719
6235.000 1.724
6240.000 1.729
6245.000 1.740
6250.000 1.750
6255.000 1.756
6260.000 1.767
6265.000 1.774
6270.000 1.785
6275.000 1.793
6280.000 1.804
6285.000 1.820
6290.000 1.827
6295.000 1.840
6300.000 1.839
6305.000 1.873
6310.000 1.868
6315.000 1.883
6320.000 1.902
6325.000 1.908
6330.000 1.920
6335.000 1.928
6340.000 1.936
6345.000 1.948
6350.000 1.951
6355.000 1.958
6360.000 1.978
6365.000 1.982
6370.000 2.002
6375.000 2.008
6380.000 2.031
6385.000 2.050
6390.000 2.058
6395.000 2.073
6400.000 2.080
6405.000 2.095
6410.000 2.113
6415.000 2.123
6420.000 2.141
6425.000 2.141
6430.000 2.166
6435.000 2.177
6440.000 2.195
6445.000 2.224
6450.000 2.233
6455.000 2.253
6460.000 2.267
6465.000 2.292
6470.000 2.320
6475.000 2.333
6480.000 2.360
6485.000 2.374
6490.000 2.399
6495.000 2.433
6500.000 2.443
6505.000 2.470
6510.000 2.489
6515.000 2.515
6520.000 2.553
6525.000 2.569
6530.000 2.601
6535.000 2.621
6540.000 2.659
6545.000 2.699
6550.000 2.721
6555.000 2.762
6560.000 2.785
6565.000 2.835
6570.000 2.881
6575.000 2.896
6580.000 2.952
6585.000 2.978
6590.000 3.025
6595.000 3.081
6600.000 3.112
6605.000 3.164
6610.000 3.194
6615.000 3.260
6620.000 3.320
6625.000 3.363
6630.000 3.432
6635.000 3.471
6640.000 3.550
6645.000 3.630
6650.000 3.669
6655.000 3.761
6660.000 3.808
6665.000 3.897
6670.000 4.004
6675.000 4.056
6680.000 4.161
6685.000 4.209
6690.000 4.339
6695.000 4.456
6700.000 4.521
6705.000 4.676
6710.000 4.750
6715.000 4.897
6720.000 5.080
6725.000 5.182
6730.000 5.365
6735.000 5.476
6740.000 5.688
6745.000 5.902
6750.000 6.043
6755.000 6.307
6760.000 6.424
6765.000 6.751
6770.000 7.071
6775.000 7.232
6780.000 7.645
6785.000 7.862
6790.000 8.283
6795.000 8.838
6800.000 9.119
6805.000 9.692
6810.000 10.093
6815.000 10.856
6820.000 11.665
6825.000 12.239
6830.000 13.358
6835.000 13.929
6840.000 15.423
6845.000 17.106
6850.000 17.905
6855.000 20.217
6860.000 21.399
6865.000 23.747
6870.000 26.561
6875.000 27.745
6880.000 29.384
6885.000 29.811
6890.000 29.336
6895.000 27.524
6900.000 26.231
6905.000 23.116
6910.000 21.711
6915.000 19.260
6920.000 16.953
6925.000 16.011
6930.000 14.310
6935.000 13.592
6940.000 12.314
6945.000 11.227
6950.000 10.743
6955.000 9.926
6960.000 9.568
6965.000 8.825
6970.000 8.264
6975.000 7.988
6980.000 7.446
6985.000 7.217
6990.000 6.828
6995.000 6.412
7000.000 6.246
7005.000 5.946
7010.000 5.769
7015.000 5.482
7020.000 5.249
7025.000 5.104
7030.000 4.874
7035.000 4.794
7040.000 4.577
7045.000 4.478
7050.000 4.327
7055.000 4.150
7060.000 4.067
7065.000 3.933
7070.000 3.855
7075.000 3.718
7080.000 3.601
7085.000 3.528
7090.000 3.412
7095.000 3.369
7100.000 3.257
7105.000 3.158
7110.000 3.120
7115.000 3.021
7120.000 2.979
7125.000 2.907
7130.000 2.821
7135.000 2.781
7140.000 2.715
7145.000 2.677
7150.000 2.605
7155.000 2.544
7160.000 2.511
7165.000 2.448
7170.000 2.414
7175.000 2.356
7180.000 2.297
7185.000 2.276
7190.000 2.225
7195.000 2.199
7200.000 2.152
7205.000 2.107
7210.000 2.083
7215.000 2.041
7220.000 2.027
7225.000 1.979
7230.000 1.945
7235.000 1.930
7240.000 1.885
7245.000 1.868
7250.000 1.835
7255.000 1.794
7260.000 1.776
7265.000 1.742
7270.000 1.724
7275.000 1.689
7280.000 1.668
7285.000 1.651
7290.000 1.621
7295.000 1.612
7300.000 1.582
7305.000 1.556
7310.000 1.546
7315.000 1.519
7320.000 1.507
7325.000 1.484
7330.000 1.455
7335.000 1.445
7340.000 1.419
7345.000 1.406
7350.000 1.389
7355.000 1.366
7360.000 1.353
7365.000 1.333
7370.000 1.325
7375.000 1.305
7380.000 1.289
7385.000 1.279
7390.000 1.267
7395.000 1.256
7400.000 1.239
7405.000 1.220
7410.000 1.214
7415.000 1.199
7420.000 1.190
7425.000 1.170
7430.000 1.159
7435.000 1.147
7440.000 1.129
7445.000 1.121
7450.000 1.107
7455.000 1.093
7460.000 1.087
7465.000 1.077
7470.000 1.067
7475.000 1.056
7480.000 1.048
7485.000 1.040
7490.000 1.030
7495.000 1.023
7500.000 1.009
7505.000 0.997
7510.000 0.993
7515.000 0.977
7520.000 0.971
7525.000 0.958
7530.000 0.946
7535.000 0.941
7540.000 0.930
7545.000 0.929
7550.000 0.918
7555.000 0.910
7560.000 0.907
7565.000 0.896
7570.000 0.893
7575.000 0.885
7580.000 0.873
7585.000 0.871
7590.000 0.860
7595.000 0.854
7600.000 0.846
7605.000 0.833
7610.000 0.829
7615.000 0.820
7620.000 0.815
7625.000 0.806
7630.000 0.803
7635.000 0.798
7640.000 0.791
7645.000 0.790
7650.000 0.783
7655.000 0.779
7660.000 0.774
7665.000 0.768
7670.000 0.764
7675.000 0.751
7680.000 0.750
7685.000 0.742
7690.000 0.737
7695.000 0.732
7700.000 0.723
7705.000 0.719
7710.000 0.710
7715.000 0.706
7720.000 0.704
7725.000 0.700
7730.000 0.696
7735.000 0.688
7740.000 0.691
7745.000 0.686
7750.000 0.681
7755.000 0.682
7760.000 0.674
7765.000 0.671
7770.000 0.665
7775.000 0.657
7780.000 0.655
7785.000 0.644
7790.000 0.638
7795.000 0.637
7800.000 0.632
7805.000 0.632
7810.000 0.623
7815.000 0.625
7820.000 0.622
7825.000 0.616
7830.000 0.617
7835.000 0.614
7840.000 0.609
7845.000 0.606
7850.000 0.602
7855.000 0.600
7860.000 0.593
7865.000 0.584
7870.000 0.584
7875.000 0.578
7880.000 0.576
7885.000 0.570
7890.000 0.567
7895.000 0.567
7900.000 0.566
7905.000 0.561
7910.000 0.559
7915.000 0.562
7920.000 0.557
7925.000 0.554
7930.000 0.554
7935.000 0.553
7940.000 0.550
7945.000 0.553
7950.000 0.561
7955.000 0.564
7960.000 0.579
7965.000 0.588
7970.000 0.574
7975.000 0.562
7980.000 0.559
7985.000 0.551
7990.000 0.541
7995.000 0.537
8000.000 0.527
8005.000 0.529
8010.000 0.521
8015.000 0.520
8020.000 0.521
8025.000 0.522
8030.000 0.511
8035.000 0.503
8040.000 0.503
8045.000 0.498
8050.000 0.491
8055.000 0.490
8060.000 0.486
8065.000 0.484
8070.000 0.483
8075.000 0.485
8080.000 0.485
8085.000 0.476
8090.000 0.484
8095.000 0.479
8100.000 0.476
8105.000 0.473
8110.000 0.468
8115.000 0.470
8120.000 0.462
8125.000 0.460
8130.000 0.458
8135.000 0.452
8140.000 0.452
8145.000 0.450
8150.000 0.446
8155.000 0.445
8160.000 0.444
8165.000 0.446
8170.000 0.446
8175.000 0.439
8180.000 0.442
8185.000 0.441
8190.000 0.440
8195.000 0.438
8200.000 0.433
8205.000 0.433
8210.000 0.429
8215.000 0.427
8220.000 0.423
8225.000 0.416
8230.000 0.418
8235.000 0.415
8240.000 0.412
8245.000 0.416
8250.000 0.412
8255.000 0.411
8260.000 0.414
8265.000 0.416
8270.000 0.411
8275.000 0.411
8280.000 0.405
8285.000 0.406
8290.000 0.403
8295.000 0.400
8300.000 0.397
8305.000 0.392
8310.000 0.392
8315.000 0.391
8320.000 0.392
8325.000 0.387
8330.000 0.388
8335.000 0.389
8340.000 0.388
8345.000 0.386
8350.000 0.387
8355.000 0.384
8360.000 0.382
8365.000 0.384
8370.000 0.377
8375.000 0.377
8380.000 0.375
8385.000 0.369
8390.000 0.372
8395.000 0.367
8400.000 0.363
8405.000 0.365
8410.000 0.363
8415.000 0.362
8420.000 0.361
8425.000 0.360
8430.000 0.358
8435.000 0.362
8440.000 0.357
8445.000 0.361
8450.000 0.358
8455.000 0.352
8460.000 0.353
8465.000 0.351
8470.000 0.348
8475.000 0.343
8480.000 0.343
8485.000 0.340
8490.000 0.338
8495.000 0.334
8500.000 0.339
8505.000 0.340
8510.000 0.335
8515.000 0.338
8520.000 0.335
8525.000 0.336
8530.000 0.336
8535.000 0.330
8540.000 0.334
8545.000 0.330
8550.000 0.326
8555.000 0.322
8560.000 0.322
8565.000 0.316
8570.000 0.315
8575.000 0.313
8580.000 0.314
8585.000 0.310
8590.000 0.310
8595.000 0.315
8600.000 0.313
8605.000 0.309
8610.000 0.314
8615.000 0.315
8620.000 0.309
8625.000 0.309
8630.000 0.305
8635.000 0.304
8640.000 0.300
8645.000 0.298
8650.000 0.295
8655.000 0.293
8660.000 0.289
8665.000 0.289
8670.000 0.292
8675.000 0.291
8680.000 0.287
8685.000 0.295
8690.000 0.293
8695.000 0.293
8700.000 0.295
8705.000 0.293
8710.000 0.290
8715.000 0.288
8720.000 0.281
8725.000 0.281
8730.000 0.277
8735.000 0.274
8740.000 0.270
8745.000 0.271
8750.000 0.268
8755.000 0.269
8760.000 0.267
8765.000 0.270
8770.000 0.267
8775.000 0.265
8780.000 0.272
8785.000 0.269
8790.000 0.269
8795.000 0.266
8800.000 0.266
8805.000 0.261
8810.000 0.251
8815.000 0.239
8820.000 0.291
8830.000 0.239
8835.000 0.241
8840.000 0.244
8845.000 0.257
8850.000 0.254
8855.000 0.253
8860.000 0.253
8865.000 0.255
8870.000 0.253
8875.000 0.252
8880.000 0.249
8885.000 0.249
8890.000 0.246
8895.000 0.241
8900.000 0.243
8905.000 0.239
8910.000 0.238
8915.000 0.237
8920.000 0.239
8930.000 0.242
8935.000 0.246
8940.000 0.247
8945.000 0.247
8950.000 0.237
8955.000 0.240
8960.000 0.235
8965.000 0.235
8970.000 0.232
8975.000 0.229
8980.000 0.231
8985.000 0.228
8990.000 0.229
8995.000 0.227
9000.000 0.233
9005.000 0.235
9010.000 0.236
9015.000 0.227
9020.000 0.236
9025.000 0.233
9030.000 0.225
9035.000 0.229
9040.000 0.221
9045.000 0.220
9050.000 0.224
9055.000 0.218
9060.000 0.220
9065.000 0.212
9070.000 0.211
9075.000 0.213
9080.000 0.216
9085.000 0.215
9090.000 0.218
9095.000 0.217
9100.000 0.217
9105.000 0.219
9110.000 0.219
9115.000 0.216
9120.000 0.213
9125.000 0.214
9130.000 0.210
9135.000 0.205
9140.000 0.206
9145.000 0.202
9150.000 0.201
9155.000 0.197
9160.000 0.203
9165.000 0.203
9170.000 0.201
9175.000 0.205
9180.000 0.206
9185.000 0.205
9190.000 0.204
9195.000 0.208
9200.000 0.205
9205.000 0.201
9210.000 0.198
9215.000 0.199
9220.000 0.199
9225.000 0.193
9230.000 0.189
9235.000 0.191
9240.000 0.189
9245.000 0.189
9250.000 0.189
9255.000 0.192
9260.000 0.191
9265.000 0.189
9270.000 0.195
9275.000 0.194
9280.000 0.193
9285.000 0.190
9290.000 0.190
9295.000 0.190
9300.000 0.184
9305.000 0.180
9310.000 0.181
9315.000 0.175
9320.000 0.175
9325.000 0.175
9330.000 0.179
9335.000 0.180
9340.000 0.175
9345.000 0.180
9350.000 0.184
9355.000 0.182
9360.000 0.186
9365.000 0.182
9370.000 0.177
9375.000 0.177
9380.000 0.177
9385.000 0.173
9390.000 0.171
9395.000 0.171
9400.000 0.170
9405.000 0.169
9410.000 0.171
9415.000 0.172
9420.000 0.172
9425.000 0.175
9430.000 0.175
9435.000 0.177
9440.000 0.178
9445.000 0.176
9450.000 0.178
9455.000 0.176
9460.000 0.176
9465.000 0.172
9470.000 0.169
9475.000 0.171
9480.000 0.169
9485.000 0.166
9490.000 0.168
9495.000 0.168
9500.000 0.170
9505.000 0.170
9510.000 0.173
9515.000 0.174
9520.000 0.175
9525.000 0.178
9530.000 0.180
9535.000 0.178
9540.000 0.178
9545.000 0.176
9550.000 0.174
9555.000 0.177
9560.000 0.173
9565.000 0.172
9570.000 0.175
9575.000 0.175
9580.000 0.174
9585.000 0.180
9590.000 0.185
9595.000 0.184
9600.000 0.185
9605.000 0.193
9610.000 0.190
9615.000 0.191
9620.000 0.190
9625.000 0.194
9630.000 0.194
9635.000 0.189
9640.000 0.189
9645.000 0.193
9650.000 0.191
9655.000 0.194
9660.000 0.198
9665.000 0.204
9670.000 0.204
9675.000 0.209
9680.000 0.210
9685.000 0.214
9690.000 0.218
9695.000 0.220
9700.000 0.226
9705.000 0.225
9710.000 0.224
9715.000 0.229
9720.000 0.227
9725.000 0.228
9730.000 0.231
9735.000 0.231
9740.000 0.237
9745.000 0.239
9750.000 0.248
9755.000 0.250
9760.000 0.257
9765.000 0.263
9770.000 0.267
9775.000 0.272
9780.000 0.277
9785.000 0.277
9790.000 0.285
9795.000 0.286
9800.000 0.277
9805.000 0.280
9810.000 0.288
9815.000 0.301
9820.000 0.302
9825.000 0.310
9830.000 0.310
9835.000 0.328
9840.000 0.333
9845.000 0.336
9850.000 0.349
9855.000 0.351
9860.000 0.358
9865.000 0.371
9870.000 0.373
9875.000 0.380
9880.000 0.380
9885.000 0.387
9890.000 0.396
9895.000 0.398
9900.000 0.409
9905.000 0.414
9910.000 0.428
9915.000 0.432
9920.000 0.443
9925.000 0.460
9930.000 0.467
9935.000 0.478
9940.000 0.488
9945.000 0.503
9950.000 0.514
9955.000 0.516
9960.000 0.530
9965.000 0.541
9970.000 0.548
9975.000 0.566
9980.000 0.575
9985.000 0.583
9990.000 0.598
9995.000 0.619
10000.000 0.633
10005.000 0.642
10010.000 0.666
10015.000 0.680
10020.000 0.701
10025.000 0.723
10030.000 0.727
10035.000 0.762
10040.000 0.774
10045.000 0.787
10050.000 0.823
10055.000 0.828
10060.000 0.853
10065.000 0.869
10070.000 0.899
10075.000 0.932
10080.000 0.952
10085.000 0.987
10090.000 1.000
10095.000 1.044
10100.000 1.089
10105.000 1.105
10110.000 1.161
10115.000 1.214
10120.000 1.266
10125.000 1.331
10130.000 1.362
10135.000 1.422
10140.000 1.464
10145.000 1.536
10150.000 1.601
10155.000 1.657
10160.000 1.748
10165.000 1.783
10170.000 1.902
10175.000 2.015
10180.000 2.064
10185.000 2.211
10190.000 2.281
10195.000 2.411
10200.000 2.600
10205.000 2.692
10210.000 2.871
10215.000 2.986
10220.000 3.241
10225.000 3.467
10230.000 3.649
10235.000 3.983
10240.000 4.140
10245.000 4.565
10250.000 5.020
10255.000 5.215
10260.000 5.830
10265.000 6.128
10270.000 6.723
10275.000 7.405
10280.000 7.725
10285.000 8.228
10290.000 8.432
10295.000 8.736
10300.000 8.716
10305.000 8.613
10310.000 8.157
10315.000 7.896
10320.000 7.381
10325.000 6.731
10330.000 6.453
10335.000 5.929
10340.000 5.686
10345.000 5.239
10350.000 4.859
10355.000 4.672
10360.000 4.370
10365.000 4.249
10370.000 3.954
10375.000 3.753
10380.000 3.646
10385.000 3.429
10390.000 3.342
10395.000 3.206
10400.000 3.042
10405.000 2.972
10410.000 2.869
10415.000 2.792
10420.000 2.679
10425.000 2.590
10430.000 2.531
10435.000 2.442
10440.000 2.409
10445.000 2.317
10450.000 2.248
10455.000 2.225
10460.000 2.151
10465.000 2.122
10470.000 2.077
10475.000 2.023
10480.000 2.000
10485.000 1.968
10490.000 1.941
10495.000 1.900
10500.000 1.868
10505.000 1.843
10510.000 1.803
10515.000 1.787
10520.000 1.744
10525.000 1.725
10530.000 1.693
10535.000 1.652
10540.000 1.633
10545.000 1.602
10550.000 1.585
10555.000 1.549
10560.000 1.523
10565.000 1.508
10570.000 1.479
10575.000 1.467
10580.000 1.450
10585.000 1.427
10590.000 1.419
10595.000 1.391
10600.000 1.381
10605.000 1.363
10610.000 1.337
10615.000 1.330
10620.000 1.310
10625.000 1.301
10630.000 1.278
10635.000 1.268
10640.000 1.259
10645.000 1.242
10650.000 1.234
10655.000 1.227
10660.000 1.210
10665.000 1.204
10670.000 1.193
10675.000 1.186
10680.000 1.173
10685.000 1.156
10690.000 1.151
10695.000 1.137
10700.000 1.129
10705.000 1.114
10710.000 1.104
10715.000 1.097
10720.000 1.086
10725.000 1.082
10730.000 1.076
10735.000 1.064
10740.000 1.059
10745.000 1.059
10750.000 1.049
10755.000 1.040
10760.000 1.035
10765.000 1.029
10770.000 1.020
10775.000 1.015
10780.000 1.002
10785.000 0.994
10790.000 0.989
10795.000 0.978
10800.000 0.975
10805.000 0.969
10810.000 0.963
10815.000 0.955
10820.000 0.956
10825.000 0.952
10830.000 0.949
10835.000 0.943
10840.000 0.938
10845.000 0.935
10850.000 0.931
10855.000 0.925
10860.000 0.921
10865.000 0.915
10870.000 0.904
10875.000 0.900
10880.000 0.892
10885.000 0.884
10890.000 0.881
10895.000 0.881
10900.000 0.878
10905.000 0.874
10910.000 0.872
10915.000 0.871
10920.000 0.866
10925.000 0.868
10930.000 0.864
10935.000 0.856
10940.000 0.856
10945.000 0.847
10950.000 0.844
10955.000 0.837
10960.000 0.832
10965.000 0.833
10970.000 0.825
10975.000 0.822
10980.000 0.820
10985.000 0.812
10990.000 0.821
10995.000 0.815
11000.000 0.816
11005.000 0.813
11010.000 0.810
11015.000 0.805
11020.000 0.808
11025.000 0.802
11030.000 0.801
11035.000 0.792
11040.000 0.788
11045.000 0.787
11050.000 0.781
11055.000 0.775
11060.000 0.773
11065.000 0.771
11070.000 0.771
11075.000 0.767
11080.000 0.770
11085.000 0.766
11090.000 0.765
11095.000 0.770
11100.000 0.768
11105.000 0.766
11110.000 0.760
11115.000 0.755
11120.000 0.754
11125.000 0.752
11130.000 0.745
11135.000 0.747
11140.000 0.741
11145.000 0.739
11150.000 0.736
11155.000 0.735
11160.000 0.738
11165.000 0.732
11170.000 0.735
11175.000 0.731
11180.000 0.735
11185.000 0.732
11190.000 0.731
11195.000 0.729
11200.000 0.724
11205.000 0.721
11210.000 0.719
11215.000 0.718
11220.000 0.711
11225.000 0.714
11230.000 0.707
11235.000 0.708
11240.000 0.707
11245.000 0.703
11250.000 0.705
11255.000 0.706
11260.000 0.706
11265.000 0.707
11270.000 0.706
11275.000 0.701
11280.000 0.701
11285.000 0.701
11290.000 0.696
11295.000 0.689
11300.000 0.690
11305.000 0.687
11310.000 0.684
11315.000 0.683
11320.000 0.679
11325.000 0.681
11330.000 0.680
11335.000 0.680
11340.000 0.682
11345.000 0.681
11350.000 0.678
11355.000 0.682
11360.000 0.684
11365.000 0.680
11370.000 0.675
11375.000 0.680
11380.000 0.673
11385.000 0.670
11390.000 0.667
11395.000 0.665
11400.000 0.663
11405.000 0.664
11410.000 0.660
11415.000 0.662
11420.000 0.661
11425.000 0.662
11430.000 0.663
11435.000 0.664
11440.000 0.662
11445.000 0.662
11450.000 0.661
11455.000 0.659
11460.000 0.654
11465.000 0.653
11470.000 0.653
11475.000 0.649
11480.000 0.644
11485.000 0.645
11490.000 0.642
11495.000 0.647
11500.000 0.644
11505.000 0.647
11510.000 0.648
11515.000 0.644
11520.000 0.646
11525.000 0.648
11530.000 0.646
11535.000 0.646
11540.000 0.643
11545.000 0.642
11550.000 0.638
11555.000 0.635
11560.000 0.636
11565.000 0.635
11570.000 0.631
11575.000 0.632
11580.000 0.630
11585.000 0.631
11590.000 0.631
11595.000 0.629
11600.000 0.634
11605.000 0.633
11610.000 0.632
11615.000 0.632
11620.000 0.629
11625.000 0.632
11630.000 0.629
11635.000 0.627
11640.000 0.624
11645.000 0.624
11650.000 0.619
11655.000 0.620
11660.000 0.621
11665.000 0.618
11670.000 0.618
11675.000 0.619
11680.000 0.619
11685.000 0.621
11690.000 0.622
11695.000 0.624
11700.000 0.621
11705.000 0.618
11710.000 0.619
11715.000 0.617
11720.000 0.616
11725.000 0.617
11730.000 0.612
11735.000 0.612
11740.000 0.610
11745.000 0.610
11750.000 0.611
11755.000 0.608
11760.000 0.612
11765.000 0.610
11770.000 0.608
11775.000 0.611
11780.000 0.613
11785.000 0.611
11790.000 0.612
11795.000 0.608
11800.000 0.609
11805.000 0.607
11810.000 0.605
11815.000 0.606
11820.000 0.604
11825.000 0.599
11830.000 0.603
11835.000 0.600
11840.000 0.601
11845.000 0.603
11850.000 0.601
11855.000 0.603
11860.000 0.604
11865.000 0.605
11870.000 0.601
11875.000 0.607
11880.000 0.604
11885.000 0.602
11890.000 0.599
11895.000 0.600
11900.000 0.598
11905.000 0.598
11910.000 0.597
11915.000 0.595
11920.000 0.596
11925.000 0.596
11930.000 0.597
11935.000 0.594
11940.000 0.595
11945.000 0.595
11950.000 0.600
11955.000 0.596
11960.000 0.600
11965.000 0.598
11970.000 0.599
11975.000 0.600
11980.000 0.593
11985.000 0.596
11990.000 0.591
11995.000 0.593
12000.000 0.594
