105.000 0.341
110.000 3.606
115.000 3.591
120.000 3.671
125.000 3.829
130.000 4.041
135.000 4.153
140.000 4.274
145.000 4.482
150.000 4.547
155.000 4.735
160.000 4.971
165.000 5.243
170.000 5.339
175.000 5.575
180.000 5.698
185.000 5.954
190.000 6.335
195.000 6.516
200.000 6.943
205.000 7.269
210.000 7.619
215.000 8.347
220.000 8.699
225.000 9.404
230.000 9.818
235.000 10.676
240.000 11.717
245.000 12.324
250.000 13.718
255.000 14.438
260.000 16.307
265.000 18.595
270.000 19.945
275.000 23.247
280.000 25.212
285.000 30.146
290.000 36.945
295.000 41.944
300.000 54.111
305.000 62.405
310.000 85.865
315.000 101.913
320.000 132.952
325.000 140.113
330.000 137.766
335.000 106.676
340.000 91.238
345.000 72.320
350.000 61.103
355.000 57.126
360.000 51.306
365.000 49.143
370.000 45.712
375.000 43.297
380.000 42.432
385.000 41.167
390.000 40.697
395.000 40.082
400.000 39.787
405.000 39.713
410.000 39.652
415.000 39.664
420.000 39.621
425.000 39.449
430.000 39.291
435.000 38.937
440.000 38.518
445.000 37.339
450.000 35.946
455.000 35.141
460.000 33.322
465.000 32.375
470.000 30.437
475.000 28.556
480.000 27.600
485.000 25.923
490.000 25.119
495.000 23.654
500.000 22.355
505.000 21.793
510.000 20.730
515.000 20.301
520.000 19.523
525.000 18.844
530.000 18.633
535.000 18.204
540.000 18.043
545.000 17.828
550.000 17.740
555.000 17.769
560.000 17.953
565.000 18.093
570.000 18.499
575.000 19.236
580.000 19.736
585.000 20.640
590.000 21.657
595.000 23.631
600.000 26.408
605.000 28.149
610.000 33.016
615.000 36.464
620.000 46.229
625.000 62.740
630.000 74.671
635.000 101.837
640.000 109.423
645.000 76.851
650.000 40.105
655.000 33.033
660.000 24.386
665.000 21.415
670.000 17.550
675.000 14.244
680.000 13.073
685.000 11.210
690.000 10.428
695.000 9.133
700.000 8.062
705.000 7.644
710.000 7.010
715.000 6.663
720.000 6.077
725.000 5.591
730.000 5.381
735.000 4.982
740.000 4.822
745.000 4.513
750.000 4.248
755.000 4.122
760.000 3.913
765.000 3.810
770.000 3.634
775.000 3.494
780.000 3.429
785.000 3.318
790.000 3.273
795.000 3.198
800.000 3.140
805.000 3.110
810.000 3.044
815.000 3.014
820.000 2.964
825.000 2.926
830.000 2.907
835.000 2.892
840.000 2.885
845.000 2.883
850.000 2.900
855.000 2.913
860.000 2.949
865.000 2.974
870.000 3.050
875.000 3.137
880.000 3.188
885.000 3.338
890.000 3.419
895.000 3.639
900.000 3.759
905.000 4.076
910.000 4.543
915.000 4.801
920.000 5.552
925.000 6.055
930.000 7.454
935.000 9.750
940.000 11.360
945.000 15.301
950.000 16.834
955.000 14.462
960.000 7.306
965.000 6.080
970.000 4.259
975.000 3.668
980.000 2.838
985.000 2.252
990.000 2.019
995.000 1.658
1000.000 1.517
1005.000 1.281
1010.000 1.098
1015.000 1.005
1020.000 0.875
1025.000 0.806
1030.000 0.710
1035.000 0.620
1040.000 0.587
1045.000 0.534
1050.000 0.508
1055.000 0.470
1060.000 0.427
1065.000 0.415
1070.000 0.397
1075.000 0.397
1080.000 0.386
1085.000 0.393
1090.000 0.389
1095.000 0.399
1100.000 0.408
1105.000 0.427
1110.000 0.455
1115.000 0.480
1120.000 0.495
1125.000 0.540
1130.000 0.556
1135.000 0.596
1140.000 0.649
1145.000 0.673
1150.000 0.737
1155.000 0.771
1160.000 0.842
1165.000 0.930
1170.000 0.973
1175.000 1.079
1180.000 1.141
1185.000 1.285
1190.000 1.356
1195.000 1.531
1200.000 1.754
1205.000 1.880
1210.000 2.191
1215.000 2.365
1220.000 2.833
1225.000 3.460
1230.000 3.846
1235.000 4.946
1240.000 5.691
1245.000 7.790
1250.000 11.282
1255.000 13.561
1260.000 17.659
1265.000 17.749
1270.000 11.582
1275.000 7.981
1280.000 6.947
1285.000 5.614
1290.000 5.156
1295.000 4.467
1300.000 3.970
1305.000 3.779
1310.000 3.459
1315.000 3.327
1320.000 3.109
1325.000 2.938
1330.000 2.869
1335.000 2.740
1340.000 2.694
1345.000 2.605
1350.000 2.529
1355.000 2.502
1360.000 2.448
1365.000 2.431
1370.000 2.397
1375.000 2.372
1380.000 2.368
1385.000 2.356
1390.000 2.363
1395.000 2.364
1400.000 2.378
1405.000 2.386
1410.000 2.413
1415.000 2.424
1420.000 2.460
1425.000 2.508
1430.000 2.534
1435.000 2.591
1440.000 2.628
1445.000 2.700
1450.000 2.791
1455.000 2.840
1460.000 2.944
1465.000 3.005
1470.000 3.148
1475.000 3.304
1480.000 3.398
1485.000 3.613
1490.000 3.723
1495.000 3.974
1500.000 4.286
1505.000 4.458
1510.000 4.865
1515.000 5.100
1520.000 5.675
1525.000 6.368
1530.000 6.797
1535.000 7.888
1540.000 8.556
1545.000 10.249
1550.000 12.763
1555.000 14.389
1560.000 18.480
1565.000 20.984
1570.000 25.005
1575.000 23.497
1580.000 20.122
1585.000 13.961
1590.000 12.073
1595.000 9.294
1600.000 7.530
1605.000 6.878
1610.000 5.791
1615.000 5.366
1620.000 4.694
1625.000 4.175
1630.000 3.958
1635.000 3.652
1640.000 3.544
1645.000 3.375
1650.000 3.303
1655.000 3.306
1660.000 3.329
1665.000 3.360
1670.000 3.429
1675.000 3.524
1680.000 3.573
1685.000 3.671
1690.000 3.728
1695.000 3.826
1700.000 3.926
1705.000 3.975
1710.000 4.068
1715.000 4.116
1720.000 4.221
1725.000 4.327
1730.000 4.381
1735.000 4.505
1740.000 4.570
1745.000 4.712
1750.000 4.872
1755.000 4.955
1760.000 5.143
1765.000 5.249
1770.000 5.488
1775.000 5.752
1780.000 5.914
1785.000 6.259
1790.000 6.443
1795.000 6.856
1800.000 7.099
1805.000 7.636
1810.000 8.258
1815.000 8.638
1820.000 9.475
1825.000 9.949
1830.000 11.096
1835.000 12.493
1840.000 13.334
1845.000 15.339
1850.000 16.561
1855.000 19.517
1860.000 23.425
1865.000 25.773
1870.000 31.186
1875.000 33.926
1880.000 38.859
1885.000 39.779
1890.000 38.271
1895.000 32.556
1900.000 29.603
1905.000 24.761
1910.000 20.968
1915.000 19.495
1920.000 17.175
1925.000 16.163
1930.000 14.566
1935.000 13.330
1940.000 12.767
1945.000 11.848
1950.000 11.457
1955.000 10.776
1960.000 10.195
1965.000 9.738
1970.000 9.507
1975.000 9.318
1980.000 8.984
1985.000 8.682
1990.000 8.565
1995.000 8.337
2000.000 8.254
2005.000 8.074
2010.000 7.940
2015.000 7.879
2020.000 7.776
2025.000 7.721
2030.000 7.672
2035.000 7.616
2040.000 7.600
2045.000 7.600
2050.000 7.594
2055.000 7.619
2060.000 7.652
2065.000 7.685
2070.000 7.763
2075.000 7.810
2080.000 7.928
2085.000 8.067
2090.000 8.143
2095.000 8.333
2100.000 8.440
2105.000 8.686
2110.000 8.963
2115.000 9.133
2120.000 9.507
2125.000 9.699
2130.000 10.190
2135.000 10.750
2140.000 11.053
2145.000 11.810
2150.000 12.235
2155.000 13.185
2160.000 14.416
2165.000 15.126
2170.000 16.745
2175.000 17.751
2180.000 20.139
2185.000 22.979
2190.000 24.662
2195.000 28.421
2200.000 30.222
2205.000 32.911
2210.000 33.049
2215.000 31.775
2220.000 27.712
2225.000 25.244
2230.000 21.000
2235.000 17.719
2240.000 16.262
2245.000 14.005
2250.000 13.121
2255.000 11.508
2260.000 10.262
2265.000 9.768
2270.000 8.829
2275.000 8.436
2280.000 7.768
2285.000 7.185
2290.000 6.929
2295.000 6.496
2300.000 6.301
2305.000 5.939
2310.000 5.648
2315.000 5.518
2320.000 5.269
2325.000 5.162
2330.000 4.981
2335.000 4.819
2340.000 4.752
2345.000 4.630
2350.000 4.577
2355.000 4.488
2360.000 4.424
2365.000 4.393
2370.000 4.358
2375.000 4.344
2380.000 4.333
2385.000 4.336
2390.000 4.350
2395.000 4.386
2400.000 4.409
2405.000 4.475
2410.000 4.515
2415.000 4.617
2420.000 4.741
2425.000 4.817
2430.000 4.994
2435.000 5.099
2440.000 5.325
2445.000 5.614
2450.000 5.785
2455.000 6.156
2460.000 6.392
2465.000 6.916
2470.000 7.550
2475.000 7.960
2480.000 8.908
2485.000 9.431
2490.000 10.906
2495.000 12.852
2500.000 14.037
2505.000 17.226
2510.000 19.203
2515.000 23.881
2520.000 28.215
2525.000 29.240
2530.000 26.500
2535.000 23.476
2540.000 17.513
2545.000 13.807
2550.000 12.480
2555.000 10.321
2560.000 9.523
2565.000 8.284
2570.000 7.280
2575.000 6.878
2580.000 6.225
2585.000 5.925
2590.000 5.435
2595.000 5.043
2600.000 4.860
2605.000 4.551
2610.000 4.426
2615.000 4.183
2620.000 3.981
2625.000 3.893
2630.000 3.733
2635.000 3.663
2640.000 3.540
2645.000 3.426
2650.000 3.380
2655.000 3.298
2660.000 3.257
2665.000 3.196
2670.000 3.168
2675.000 3.125
2680.000 3.093
2685.000 3.081
2690.000 3.067
2695.000 3.061
2700.000 3.066
2705.000 3.085
2710.000 3.098
2715.000 3.124
2720.000 3.146
2725.000 3.201
2730.000 3.265
2735.000 3.306
2740.000 3.404
2745.000 3.455
2750.000 3.587
2755.000 3.756
2760.000 3.847
2765.000 4.055
2770.000 4.180
2775.000 4.483
2780.000 4.851
2785.000 5.063
2790.000 5.607
2795.000 5.928
2800.000 6.699
2805.000 7.816
2810.000 8.513
2815.000 10.254
2820.000 11.514
2825.000 14.618
2830.000 18.351
2835.000 20.073
2840.000 20.551
2845.000 18.529
2850.000 13.224
2855.000 9.735
2860.000 8.610
2865.000 6.917
2870.000 6.313
2875.000 5.356
2880.000 4.639
2885.000 4.357
2890.000 3.878
2895.000 3.700
2900.000 3.348
2905.000 3.078
2910.000 2.965
2915.000 2.747
2920.000 2.661
2925.000 2.511
2930.000 2.376
2935.000 2.314
2940.000 2.221
2945.000 2.172
2950.000 2.091
2955.000 2.027
2960.000 2.000
2965.000 1.953
2970.000 1.935
2975.000 1.897
2980.000 1.873
2985.000 1.850
2990.000 1.839
2995.000 1.849
3000.000 1.827
3005.000 1.836
3010.000 1.840
3015.000 1.867
3020.000 1.872
3025.000 1.901
3030.000 1.940
3035.000 1.953
3040.000 2.010
3045.000 2.044
3050.000 2.108
3055.000 2.202
3060.000 2.257
3065.000 2.360
3070.000 2.435
3075.000 2.586
3080.000 2.765
3085.000 2.884
3090.000 3.140
3095.000 3.280
3100.000 3.650
3105.000 4.115
3110.000 4.396
3115.000 5.123
3120.000 5.581
3125.000 6.780
3130.000 8.479
3135.000 9.706
3140.000 12.688
3145.000 14.289
3150.000 16.784
3155.000 14.775
3160.000 12.485
3165.000 8.763
3170.000 7.667
3175.000 6.163
3180.000 5.076
3185.000 4.681
3190.000 4.082
3195.000 3.811
3200.000 3.412
3205.000 3.107
3210.000 2.957
3215.000 2.733
3220.000 2.633
3225.000 2.465
3230.000 2.322
3235.000 2.261
3240.000 2.149
3245.000 2.103
3250.000 2.016
3255.000 1.945
3260.000 1.913
3265.000 1.854
3270.000 1.826
3275.000 1.783
3280.000 1.766
3285.000 1.734
3290.000 1.711
3295.000 1.703
3300.000 1.686
3305.000 1.679
3310.000 1.669
3315.000 1.670
3320.000 1.670
3325.000 1.674
3330.000 1.678
3335.000 1.691
3340.000 1.715
3345.000 1.721
3350.000 1.757
3355.000 1.774
3360.000 1.817
3365.000 1.880
3370.000 1.906
3375.000 1.977
3380.000 2.019
3385.000 2.117
3390.000 2.239
3395.000 2.301
3400.000 2.467
3405.000 2.563
3410.000 2.779
3415.000 3.079
3420.000 3.256
3425.000 3.670
3430.000 3.958
3435.000 4.668
3440.000 5.613
3445.000 6.286
3450.000 8.077
3455.000 9.155
3460.000 11.219
3465.000 11.591
3470.000 10.422
3475.000 7.367
3480.000 6.179
3485.000 4.744
3490.000 3.818
3495.000 3.481
3500.000 2.957
3505.000 2.766
3510.000 2.417
3515.000 2.158
3520.000 2.062
3525.000 1.873
3530.000 1.798
3535.000 1.675
3540.000 1.559
3545.000 1.510
3550.000 1.433
3555.000 1.391
3560.000 1.327
3565.000 1.278
3570.000 1.251
3575.000 1.214
3580.000 1.200
3585.000 1.170
3590.000 1.146
3595.000 1.135
3600.000 1.123
3605.000 1.115
3610.000 1.105
3615.000 1.099
3620.000 1.099
3625.000 1.100
3630.000 1.100
3635.000 1.109
3640.000 1.121
3645.000 1.127
3650.000 1.146
3655.000 1.155
3660.000 1.181
3665.000 1.215
3670.000 1.233
3675.000 1.275
3680.000 1.305
3685.000 1.357
3690.000 1.429
3695.000 1.471
3700.000 1.562
3705.000 1.611
3710.000 1.729
3715.000 1.880
3720.000 1.970
3725.000 2.188
3730.000 2.307
3735.000 2.619
3740.000 3.032
3745.000 3.298
3750.000 3.981
3755.000 4.390
3760.000 5.648
3765.000 7.396
3770.000 8.362
3775.000 10.264
3780.000 10.478
3785.000 8.562
3790.000 5.909
3795.000 5.137
3800.000 4.099
3805.000 3.671
3810.000 3.094
3815.000 2.699
3820.000 2.523
3825.000 2.257
3830.000 2.154
3835.000 1.965
3840.000 1.819
3845.000 1.759
3850.000 1.646
3855.000 1.600
3860.000 1.514
3865.000 1.482
3870.000 1.411
3875.000 1.364
3880.000 1.336
3885.000 1.294
3890.000 1.274
3895.000 1.245
3900.000 1.220
3905.000 1.204
3910.000 1.189
3915.000 1.181
3920.000 1.164
3925.000 1.154
3930.000 1.151
3935.000 1.139
3940.000 1.143
3945.000 1.137
3950.000 1.142
3955.000 1.146
3960.000 1.153
3965.000 1.154
3970.000 1.163
3975.000 1.177
3980.000 1.186
3985.000 1.218
3990.000 1.220
3995.000 1.257
4000.000 1.303
4005.000 1.332
4010.000 1.380
4015.000 1.401
4020.000 1.481
4025.000 1.568
4030.000 1.631
4035.000 1.732
4040.000 1.809
4045.000 1.996
4050.000 2.204
4055.000 2.378
4060.000 2.738
4065.000 2.977
4070.000 3.598
4075.000 4.528
4080.000 5.106
4085.000 6.395
4090.000 6.975
4095.000 6.904
4100.000 5.106
4105.000 4.187
4110.000 3.137
4115.000 2.787
4120.000 2.226
4125.000 1.876
4130.000 1.746
4135.000 1.516
4140.000 1.426
4145.000 1.285
4150.000 1.168
4155.000 1.114
4160.000 1.036
4165.000 0.999
4170.000 0.943
4175.000 0.899
4180.000 0.874
4185.000 0.838
4190.000 0.823
4195.000 0.796
4200.000 0.775
4205.000 0.762
4210.000 0.746
4215.000 0.741
4220.000 0.724
4225.000 0.711
4230.000 0.706
4235.000 0.689
4240.000 0.684
4245.000 0.676
4250.000 0.667
4255.000 0.668
4260.000 0.661
4265.000 0.659
4270.000 0.665
4275.000 0.666
4280.000 0.671
4285.000 0.679
4290.000 0.685
4295.000 0.700
4300.000 0.715
4305.000 0.728
4310.000 0.754
4315.000 0.766
4320.000 0.804
4325.000 0.852
4330.000 0.871
4335.000 0.932
4340.000 0.972
4345.000 1.051
4350.000 1.163
4355.000 1.232
4360.000 1.385
4365.000 1.488
4370.000 1.754
4375.000 2.097
4380.000 2.323
4385.000 2.981
4390.000 3.398
4395.000 4.397
4400.000 5.642
4405.000 6.007
4410.000 5.585
4415.000 4.808
4420.000 3.534
4425.000 2.846
4430.000 2.553
4435.000 2.180
4440.000 2.058
4445.000 1.820
4450.000 1.651
4455.000 1.584
4460.000 1.466
4465.000 1.417
4470.000 1.343
4475.000 1.308
4480.000 1.245
4485.000 1.198
4490.000 1.175
4495.000 1.140
4500.000 1.124
4505.000 1.098
4510.000 1.076
4515.000 1.066
4520.000 1.051
4525.000 1.046
4530.000 1.033
4535.000 1.035
4540.000 1.031
4545.000 1.023
4550.000 1.023
4555.000 1.027
4560.000 1.027
4565.000 1.028
4570.000 1.036
4575.000 1.036
4580.000 1.046
4585.000 1.060
4590.000 1.067
4595.000 1.082
4600.000 1.090
4605.000 1.119
4610.000 1.139
4615.000 1.155
4620.000 1.187
4625.000 1.209
4630.000 1.236
4635.000 1.281
4640.000 1.306
4645.000 1.362
4650.000 1.396
4655.000 1.470
4660.000 1.549
4665.000 1.605
4670.000 1.728
4675.000 1.795
4680.000 1.977
4685.000 2.211
4690.000 2.337
4695.000 2.743
4700.000 2.983
4705.000 3.560
4710.000 4.332
4715.000 4.656
4720.000 4.748
4725.000 4.352
4730.000 2.957
4735.000 2.085
4740.000 1.785
4745.000 1.319
4750.000 1.145
4755.000 0.920
4760.000 0.740
4765.000 0.676
4770.000 0.570
4775.000 0.519
4780.000 0.444
4785.000 0.385
4790.000 0.358
4795.000 0.319
4800.000 0.303
4805.000 0.274
4810.000 0.254
4815.000 0.245
4820.000 0.230
4825.000 0.229
4830.000 0.222
4835.000 0.224
4840.000 0.227
4845.000 0.232
4850.000 0.238
4855.000 0.250
4860.000 0.267
4865.000 0.276
4870.000 0.295
4875.000 0.308
4880.000 0.332
4885.000 0.359
4890.000 0.380
4895.000 0.414
4900.000 0.435
4905.000 0.478
4910.000 0.532
4915.000 0.560
4920.000 0.614
4925.000 0.653
4930.000 0.730
4935.000 0.809
4940.000 0.853
4945.000 0.964
4950.000 1.026
4955.000 1.149
4960.000 1.313
4965.000 1.415
4970.000 1.608
4975.000 1.732
4980.000 2.041
4985.000 2.370
4990.000 2.632
4995.000 3.172
5000.000 3.526
5005.000 4.361
5010.000 5.636
5015.000 6.412
5020.000 8.349
5025.000 9.597
5030.000 11.809
5035.000 12.338
5040.000 11.510
5045.000 9.038
5050.000 8.184
5055.000 6.671
5060.000 6.149
5065.000 5.385
5070.000 4.763
5075.000 4.527
5080.000 4.168
5085.000 3.973
5090.000 3.705
5095.000 3.492
5100.000 3.386
5105.000 3.214
5110.000 3.143
5115.000 3.006
5120.000 2.892
5125.000 2.846
5130.000 2.756
5135.000 2.712
5140.000 2.641
5145.000 2.579
5150.000 2.550
5155.000 2.500
5160.000 2.478
5165.000 2.438
5170.000 2.403
5175.000 2.390
5180.000 2.358
5185.000 2.349
5190.000 2.333
5195.000 2.319
5200.000 2.314
5205.000 2.311
5210.000 2.312
5215.000 2.321
5220.000 2.336
5225.000 2.346
5230.000 2.375
5235.000 2.393
5240.000 2.435
5245.000 2.491
5250.000 2.515
5255.000 2.599
5260.000 2.642
5265.000 2.737
5270.000 2.862
5275.000 2.938
5280.000 3.091
5285.000 3.189
5290.000 3.442
5295.000 3.724
5300.000 3.892
5305.000 4.359
5310.000 4.625
5315.000 5.248
5320.000 6.227
5325.000 6.822
5330.000 8.241
5335.000 9.316
5340.000 11.623
5345.000 13.512
5350.000 13.623
5355.000 11.309
5360.000 9.756
5365.000 7.197
5370.000 5.675
5375.000 5.178
5380.000 4.263
5385.000 3.945
5390.000 3.460
5395.000 3.025
5400.000 2.864
5405.000 2.614
5410.000 2.493
5415.000 2.280
5420.000 2.133
5425.000 2.060
5430.000 1.933
5435.000 1.878
5440.000 1.799
5445.000 1.714
5450.000 1.686
5455.000 1.628
5460.000 1.600
5465.000 1.557
5470.000 1.523
5475.000 1.503
5480.000 1.478
5485.000 1.466
5490.000 1.450
5495.000 1.439
5500.000 1.432
5505.000 1.434
5510.000 1.435
5515.000 1.439
5520.000 1.448
5525.000 1.454
5530.000 1.473
5535.000 1.485
5540.000 1.512
5545.000 1.543
5550.000 1.562
5555.000 1.609
5560.000 1.632
5565.000 1.685
5570.000 1.763
5575.000 1.804
5580.000 1.895
5585.000 1.949
5590.000 2.072
5595.000 2.217
5600.000 2.313
5605.000 2.519
5610.000 2.621
5615.000 2.934
5620.000 3.318
5625.000 3.508
5630.000 4.135
5635.000 4.511
5640.000 5.448
5645.000 6.075
5650.000 7.715
5655.000 9.356
5660.000 10.000
5665.000 9.839
5670.000 8.878
5675.000 6.767
5680.000 5.114
5685.000 4.572
5690.000 3.771
5695.000 3.460
5700.000 2.975
5705.000 2.615
5710.000 2.461
5715.000 2.217
5720.000 2.128
5725.000 1.934
5730.000 1.791
5735.000 1.739
5740.000 1.623
5745.000 1.576
5750.000 1.499
5755.000 1.422
5760.000 1.394
5765.000 1.341
5770.000 1.314
5775.000 1.269
5780.000 1.235
5785.000 1.215
5790.000 1.184
5795.000 1.174
5800.000 1.150
5805.000 1.133
5810.000 1.128
5815.000 1.112
5820.000 1.108
5825.000 1.104
5830.000 1.103
5835.000 1.102
5840.000 1.106
5845.000 1.112
5850.000 1.123
5855.000 1.137
5860.000 1.148
5865.000 1.170
5870.000 1.179
5875.000 1.207
5880.000 1.254
5885.000 1.274
5890.000 1.320
5895.000 1.348
5900.000 1.425
5905.000 1.495
5910.000 1.559
5915.000 1.678
5920.000 1.748
5925.000 1.922
5930.000 2.143
5935.000 2.273
5940.000 2.641
5945.000 2.853
5950.000 3.378
5955.000 3.695
5960.000 4.668
5965.000 5.883
5970.000 6.455
5975.000 7.465
5980.000 7.430
5985.000 6.250
5990.000 4.617
5995.000 4.073
6000.000 3.341
6005.000 3.001
6010.000 2.566
6015.000 2.254
6020.000 2.117
6025.000 1.911
6030.000 1.832
6035.000 1.676
6040.000 1.556
6045.000 1.514
6050.000 1.437
6055.000 1.394
6060.000 1.344
6065.000 1.277
6070.000 1.260
6075.000 1.224
6080.000 1.207
6085.000 1.171
6090.000 1.150
6095.000 1.139
6100.000 1.117
6105.000 1.111
6110.000 1.100
6115.000 1.092
6120.000 1.089
6125.000 1.089
6130.000 1.087
6135.000 1.088
6140.000 1.092
6145.000 1.100
6150.000 1.108
6155.000 1.111
6160.000 1.124
6165.000 1.148
6170.000 1.154
6175.000 1.175
6180.000 1.190
6185.000 1.222
6190.000 1.261
6195.000 1.288
6200.000 1.332
6205.000 1.366
6210.000 1.434
6215.000 1.506
6220.000 1.559
6225.000 1.671
6230.000 1.739
6235.000 1.883
6240.000 2.086
6245.000 2.203
6250.000 2.461
6255.000 2.654
6260.000 3.096
6265.000 3.640
6270.000 4.088
6275.000 5.055
6280.000 5.563
6285.000 6.786
6290.000 7.203
6295.000 6.868
6300.000 5.292
6305.000 4.567
6310.000 3.612
6315.000 2.878
6320.000 2.627
6325.000 2.261
6330.000 2.097
6335.000 1.831
6340.000 1.653
6345.000 1.570
6350.000 1.427
6355.000 1.368
6360.000 1.272
6365.000 1.191
6370.000 1.155
6375.000 1.103
6380.000 1.069
6385.000 1.025
6390.000 0.984
6395.000 0.965
6400.000 0.935
6405.000 0.923
6410.000 0.896
6415.000 0.873
6420.000 0.867
6425.000 0.848
6430.000 0.839
6435.000 0.834
6440.000 0.824
6445.000 0.817
6450.000 0.818
6455.000 0.817
6460.000 0.817
6465.000 0.820
6470.000 0.823
6475.000 0.831
6480.000 0.836
6485.000 0.842
6490.000 0.855
6495.000 0.884
6500.000 0.884
6505.000 0.894
6510.000 0.924
6515.000 0.957
6520.000 0.981
6525.000 1.028
6530.000 1.052
6535.000 1.127
6540.000 1.173
6545.000 1.257
6550.000 1.388
6555.000 1.458
6560.000 1.616
6565.000 1.751
6570.000 2.019
6575.000 2.361
6580.000 2.630
6585.000 3.263
6590.000 3.660
6595.000 4.543
6600.000 5.459
6605.000 5.630
6610.000 5.110
6615.000 4.474
6620.000 3.463
6625.000 2.807
6630.000 2.558
6635.000 2.200
6640.000 2.070
6645.000 1.819
6650.000 1.655
6655.000 1.590
6660.000 1.467
6665.000 1.417
6670.000 1.341
6675.000 1.267
6680.000 1.243
6685.000 1.194
6690.000 1.167
6695.000 1.131
6700.000 1.100
6705.000 1.084
6710.000 1.058
6715.000 1.048
6720.000 1.029
6725.000 1.019
6730.000 1.014
6735.000 1.010
6740.000 1.000
6745.000 0.997
6750.000 0.998
6755.000 0.998
6760.000 0.998
6765.000 1.003
6770.000 1.008
6775.000 1.016
6780.000 1.017
6785.000 1.031
6790.000 1.043
6795.000 1.049
6800.000 1.074
6805.000 1.088
6810.000 1.114
6815.000 1.130
6820.000 1.169
6825.000 1.210
6830.000 1.238
6835.000 1.297
6840.000 1.325
6845.000 1.404
6850.000 1.489
6855.000 1.532
6860.000 1.660
6865.000 1.732
6870.000 1.882
6875.000 2.122
6880.000 2.255
6885.000 2.558
6890.000 2.769
6895.000 3.343
6900.000 4.012
6905.000 4.418
6910.000 5.362
6915.000 5.667
6920.000 5.625
6925.000 4.509
6930.000 3.927
6935.000 3.102
6940.000 2.711
6945.000 2.230
6950.000 1.889
6955.000 1.742
6960.000 1.528
6965.000 1.451
6970.000 1.300
6975.000 1.184
6980.000 1.139
6985.000 1.043
6990.000 1.014
6995.000 0.948
7000.000 0.901
7005.000 0.877
7010.000 0.840
7015.000 0.816
7020.000 0.789
7025.000 0.760
7030.000 0.740
7035.000 0.714
7040.000 0.706
7045.000 0.695
7050.000 0.676
7055.000 0.679
7060.000 0.668
7065.000 0.664
7070.000 0.657
7075.000 0.657
7080.000 0.650
7085.000 0.652
7090.000 0.654
7095.000 0.651
7100.000 0.655
7105.000 0.654
7110.000 0.658
7115.000 0.662
7120.000 0.670
7125.000 0.684
7130.000 0.690
7135.000 0.712
7140.000 0.724
7145.000 0.754
7150.000 0.768
7155.000 0.808
7160.000 0.862
7165.000 0.887
7170.000 0.958
7175.000 1.004
7180.000 1.100
7185.000 1.232
7190.000 1.311
7195.000 1.496
7200.000 1.612
7205.000 1.958
7210.000 2.408
7215.000 2.645
7220.000 3.423
7225.000 3.818
7230.000 4.445
7235.000 4.452
7240.000 4.108
7245.000 3.331
7250.000 2.926
7255.000 2.407
7260.000 2.084
7265.000 1.925
7270.000 1.715
7275.000 1.646
7280.000 1.502
7285.000 1.392
7290.000 1.354
7295.000 1.274
7300.000 1.240
7305.000 1.187
7310.000 1.132
7315.000 1.114
7320.000 1.082
7325.000 1.067
7330.000 1.035
7335.000 1.017
7340.000 1.009
7345.000 0.991
7350.000 0.985
7355.000 0.978
7360.000 0.971
7365.000 0.967
7370.000 0.965
7375.000 0.966
7380.000 0.963
7385.000 0.962
7390.000 0.961
7395.000 0.965
7400.000 0.968
7405.000 0.971
7410.000 0.981
7415.000 0.983
7420.000 0.997
7425.000 1.008
7430.000 1.028
7435.000 1.053
7440.000 1.067
7445.000 1.092
7450.000 1.113
7455.000 1.152
7460.000 1.192
7465.000 1.215
7470.000 1.276
7475.000 1.311
7480.000 1.383
7485.000 1.473
7490.000 1.526
7495.000 1.645
7500.000 1.733
7505.000 1.919
7510.000 2.158
7515.000 2.317
7520.000 2.704
7525.000 2.891
7530.000 3.549
7535.000 4.264
7540.000 4.551
7545.000 4.920
7550.000 4.767
7555.000 3.955
7560.000 2.941
7565.000 2.600
7570.000 2.121
7575.000 1.878
7580.000 1.578
7585.000 1.375
7590.000 1.266
7595.000 1.122
7600.000 1.073
7605.000 0.963
7610.000 0.886
7615.000 0.852
7620.000 0.787
7625.000 0.766
7630.000 0.718
7635.000 0.679
7640.000 0.662
7645.000 0.636
7650.000 0.621
7655.000 0.593
7660.000 0.575
7665.000 0.568
7670.000 0.551
7675.000 0.543
7680.000 0.540
7685.000 0.528
7690.000 0.526
7695.000 0.524
7700.000 0.518
7705.000 0.513
7710.000 0.510
7715.000 0.505
7720.000 0.505
7725.000 0.505
7730.000 0.501
7735.000 0.501
7740.000 0.503
7745.000 0.512
7750.000 0.515
7755.000 0.521
7760.000 0.530
7765.000 0.543
7770.000 0.561
7775.000 0.580
7780.000 0.604
7785.000 0.624
7790.000 0.658
7795.000 0.713
7800.000 0.744
7805.000 0.805
7810.000 0.859
7815.000 0.972
7820.000 1.106
7825.000 1.226
7830.000 1.465
7835.000 1.604
7840.000 2.027
7845.000 2.568
7850.000 3.154
7855.000 3.505
7860.000 3.736
7865.000 3.691
7870.000 3.114
7875.000 2.789
7880.000 2.351
7885.000 2.169
7890.000 1.858
7895.000 1.683
7900.000 1.599
7905.000 1.448
7910.000 1.399
7915.000 1.310
7920.000 1.235
7925.000 1.200
7930.000 1.147
7935.000 1.122
7940.000 1.077
7945.000 1.050
7950.000 1.038
7955.000 1.017
7960.000 1.006
7965.000 0.978
7970.000 0.971
7975.000 0.973
7980.000 0.955
7985.000 0.959
7990.000 0.943
7995.000 0.941
8000.000 0.934
8005.000 0.929
8010.000 0.922
8015.000 0.936
8020.000 0.936
8025.000 0.944
8030.000 0.942
8035.000 0.947
8040.000 0.957
8045.000 0.974
8050.000 0.978
8055.000 0.994
8060.000 1.002
8065.000 1.015
8070.000 1.045
8075.000 1.056
8080.000 1.091
8085.000 1.098
8090.000 1.144
8095.000 1.193
8100.000 1.207
8105.000 1.269
8110.000 1.308
8115.000 1.390
8120.000 1.501
8125.000 1.562
8130.000 1.703
8135.000 1.812
8140.000 2.034
8145.000 2.299
8150.000 2.514
8155.000 2.924
8160.000 3.127
8165.000 3.425
8170.000 3.452
8175.000 3.426
8180.000 3.349
8185.000 3.203
8190.000 2.619
8195.000 2.026
8200.000 1.801
8205.000 1.495
8210.000 1.356
8215.000 1.132
8220.000 0.993
8225.000 0.927
8230.000 0.810
8235.000 0.768
8240.000 0.704
8245.000 0.643
8250.000 0.619
8255.000 0.581
8260.000 0.557
8265.000 0.523
8270.000 0.495
8275.000 0.478
8280.000 0.458
8285.000 0.452
8290.000 0.440
8295.000 0.420
8300.000 0.415
8305.000 0.409
8310.000 0.403
8315.000 0.394
8320.000 0.390
8325.000 0.380
8330.000 0.369
8335.000 0.362
8340.000 0.357
8345.000 0.354
8350.000 0.349
8355.000 0.350
8360.000 0.350
8365.000 0.352
8370.000 0.353
8375.000 0.354
8380.000 0.362
8385.000 0.367
8390.000 0.374
8395.000 0.382
8400.000 0.394
8405.000 0.414
8410.000 0.419
8415.000 0.448
8420.000 0.461
8425.000 0.495
8430.000 0.544
8435.000 0.575
8440.000 0.632
8445.000 0.687
8450.000 0.810
8455.000 0.970
8460.000 1.087
8465.000 1.389
8470.000 1.566
8475.000 1.991
8480.000 2.570
8485.000 2.840
8490.000 3.176
8495.000 3.172
8500.000 2.803
8505.000 2.372
8510.000 2.165
8515.000 1.875
8520.000 1.786
8525.000 1.577
8530.000 1.448
8535.000 1.397
8540.000 1.293
8545.000 1.258
8550.000 1.196
8555.000 1.135
8560.000 1.115
8565.000 1.079
8570.000 1.059
8575.000 1.028
8580.000 1.007
8585.000 0.998
8590.000 0.978
8595.000 0.975
8600.000 0.959
8605.000 0.946
8610.000 0.943
8615.000 0.930
8620.000 0.925
8625.000 0.918
8630.000 0.911
8635.000 0.912
8640.000 0.912
8645.000 0.909
8650.000 0.908
8655.000 0.912
8660.000 0.919
8665.000 0.920
8670.000 0.926
8675.000 0.937
8680.000 0.952
8685.000 0.960
8690.000 0.969
8695.000 0.983
8700.000 1.002
8705.000 1.017
8710.000 1.033
8715.000 1.064
8720.000 1.077
8725.000 1.119
8730.000 1.164
8735.000 1.186
8740.000 1.255
8745.000 1.292
8750.000 1.367
8755.000 1.487
8760.000 1.551
8765.000 1.686
8770.000 1.783
8775.000 2.029
8780.000 2.285
8785.000 2.458
8790.000 2.905
8795.000 3.111
8800.000 3.375
8805.000 3.258
8810.000 2.993
8815.000 2.389
8820.000 2.048
8825.000 1.591
8830.000 1.290
8835.000 1.125
8840.000 0.930
8845.000 0.862
8850.000 0.719
8855.000 0.622
8860.000 0.590
8865.000 0.513
8870.000 0.486
8875.000 0.439
8880.000 0.397
8885.000 0.379
8890.000 0.354
8895.000 0.344
8900.000 0.319
8905.000 0.310
8910.000 0.300
8915.000 0.288
8920.000 0.283
8925.000 0.274
8930.000 0.266
8935.000 0.260
8940.000 0.249
8945.000 0.249
8950.000 0.249
8955.000 0.245
8960.000 0.238
8965.000 0.239
8970.000 0.231
8975.000 0.224
8980.000 0.226
8985.000 0.216
8990.000 0.211
8995.000 0.219
9000.000 0.209
9005.000 0.214
9010.000 0.207
9015.000 0.218
9020.000 0.211
9025.000 0.208
9030.000 0.221
9035.000 0.222
9040.000 0.236
9045.000 0.252
9050.000 0.274
9055.000 0.319
9060.000 0.348
9065.000 0.423
9070.000 0.468
9075.000 0.562
9080.000 0.623
9085.000 0.774
9090.000 0.947
9095.000 1.043
9100.000 1.389
9105.000 1.591
9110.000 2.000
9115.000 2.480
9120.000 2.595
9125.000 2.548
9130.000 2.395
9135.000 2.036
9140.000 1.796
9145.000 1.660
9150.000 1.494
9155.000 1.434
9160.000 1.306
9165.000 1.219
9170.000 1.189
9175.000 1.121
9180.000 1.093
9185.000 1.055
9190.000 1.017
9195.000 1.000
9200.000 0.977
9205.000 0.967
9210.000 0.942
9215.000 0.935
9220.000 0.916
9225.000 0.900
9230.000 0.891
9235.000 0.879
9240.000 0.872
9245.000 0.870
9250.000 0.859
9255.000 0.859
9260.000 0.854
9265.000 0.855
9270.000 0.853
9275.000 0.851
9280.000 0.855
9285.000 0.865
9290.000 0.862
9295.000 0.869
9300.000 0.878
9305.000 0.884
9310.000 0.888
9315.000 0.893
9320.000 0.906
9325.000 0.912
9330.000 0.920
9335.000 0.941
9340.000 0.947
9345.000 0.977
9350.000 1.006
9355.000 1.017
9360.000 1.063
9365.000 1.086
9370.000 1.136
9375.000 1.211
9380.000 1.247
9385.000 1.322
9390.000 1.370
9395.000 1.501
9400.000 1.644
9405.000 1.706
9410.000 1.923
9415.000 2.043
9420.000 2.276
9425.000 2.560
9430.000 2.624
9435.000 2.535
9440.000 2.318
9445.000 1.776
9450.000 1.386
9455.000 1.161
9460.000 0.907
9465.000 0.822
9470.000 0.638
9475.000 0.518
9480.000 0.486
9485.000 0.396
9490.000 0.362
9495.000 0.319
9500.000 0.275
9505.000 0.256
9510.000 0.235
9515.000 0.222
9520.000 0.207
9525.000 0.201
9530.000 0.200
9535.000 0.191
9540.000 0.189
9545.000 0.186
9550.000 0.185
9555.000 0.179
9560.000 0.178
9565.000 0.175
9570.000 0.173
9575.000 0.169
9580.000 0.168
9585.000 0.166
9590.000 0.164
9595.000 0.158
9600.000 0.154
9605.000 0.151
9610.000 0.147
9615.000 0.142
9620.000 0.141
9625.000 0.135
9630.000 0.127
9635.000 0.119
9640.000 0.115
9645.000 0.099
9650.000 0.087
9655.000 0.074
9660.000 0.060
9665.000 0.058
9670.000 0.064
9675.000 0.093
9680.000 0.107
9685.000 0.158
9690.000 0.186
9695.000 0.254
9700.000 0.333
9705.000 0.392
9710.000 0.525
9715.000 0.582
9720.000 0.804
9725.000 1.080
9730.000 1.202
9735.000 1.617
9740.000 1.793
9745.000 2.024
9750.000 2.012
9755.000 1.929
9760.000 1.756
9765.000 1.655
9770.000 1.483
9775.000 1.352
9780.000 1.284
9785.000 1.184
9790.000 1.146
9795.000 1.075
9800.000 1.019
9805.000 1.008
9810.000 0.961
9815.000 0.946
9820.000 0.919
9825.000 0.907
9830.000 0.881
9835.000 0.864
9840.000 0.850
9845.000 0.832
9850.000 0.826
9855.000 0.811
9860.000 0.800
9865.000 0.794
9870.000 0.790
9875.000 0.784
9880.000 0.779
9885.000 0.781
9890.000 0.776
9895.000 0.778
9900.000 0.779
9905.000 0.782
9910.000 0.781
9915.000 0.780
9920.000 0.784
9925.000 0.787
9930.000 0.788
9935.000 0.789
9940.000 0.795
9945.000 0.803
9950.000 0.804
9955.000 0.814
9960.000 0.824
9965.000 0.837
9970.000 0.859
9975.000 0.865
9980.000 0.895
9985.000 0.919
9990.000 0.940
9995.000 0.972
10000.000 1.001
10005.000 1.042
10010.000 1.092
10015.000 1.129
10020.000 1.210
10025.000 1.236
10030.000 1.364
10035.000 1.508
10040.000 1.569
10045.000 1.779
10050.000 1.867
10055.000 1.969
10060.000 1.855
10065.000 1.700
10070.000 1.340
10075.000 1.129
10080.000 0.802
10085.000 0.608
10090.000 0.509
10095.000 0.409
10100.000 0.360
10105.000 0.286
10110.000 0.243
10115.000 0.226
10120.000 0.196
10125.000 0.183
10130.000 0.175
10135.000 0.167
10140.000 0.159
10145.000 0.155
10150.000 0.156
10155.000 0.163
10160.000 0.165
10165.000 0.170
10170.000 0.176
10175.000 0.183
10180.000 0.176
10185.000 0.187
10190.000 0.186
10195.000 0.184
10200.000 0.184
10205.000 0.187
10210.000 0.179
10215.000 0.181
10220.000 0.179
10225.000 0.179
10230.000 0.180
10235.000 0.180
10240.000 0.177
10245.000 0.175
10250.000 0.175
10255.000 0.168
10260.000 0.159
10265.000 0.153
10270.000 0.143
10275.000 0.135
10280.000 0.116
10285.000 0.103
10290.000 0.086
10295.000 0.066
10300.000 0.054
10305.000 0.039
10310.000 0.049
10315.000 0.068
10320.000 0.100
10325.000 0.137
10330.000 0.214
10335.000 0.314
10340.000 0.384
10345.000 0.541
10350.000 0.616
10355.000 0.890
10360.000 1.190
10365.000 1.313
10370.000 1.624
10375.000 1.699
10380.000 1.680
10385.000 1.518
10390.000 1.437
10395.000 1.296
10400.000 1.219
10405.000 1.119
10410.000 1.076
10415.000 1.011
10420.000 0.955
10425.000 0.937
10430.000 0.900
10435.000 0.883
10440.000 0.856
10445.000 0.829
10450.000 0.818
10455.000 0.798
10460.000 0.791
10465.000 0.766
10470.000 0.759
10475.000 0.749
10480.000 0.741
10485.000 0.734
10490.000 0.735
10495.000 0.727
10500.000 0.724
10505.000 0.727
10510.000 0.727
10515.000 0.723
10520.000 0.727
10525.000 0.723
10530.000 0.721
10535.000 0.724
10540.000 0.719
10545.000 0.722
10550.000 0.720
10555.000 0.720
10560.000 0.724
10565.000 0.725
10570.000 0.735
10575.000 0.737
10580.000 0.745
10585.000 0.754
10590.000 0.766
10595.000 0.781
10600.000 0.787
10605.000 0.805
10610.000 0.815
10615.000 0.835
10620.000 0.863
10625.000 0.875
10630.000 0.900
10635.000 0.924
10640.000 0.970
10645.000 1.017
10650.000 1.055
10655.000 1.136
10660.000 1.166
10665.000 1.293
10670.000 1.418
10675.000 1.471
10680.000 1.589
10685.000 1.601
10690.000 1.517
10695.000 1.181
10700.000 1.013
10705.000 0.750
10710.000 0.603
10715.000 0.427
10720.000 0.316
10725.000 0.258
10730.000 0.187
10735.000 0.168
10740.000 0.133
10745.000 0.117
10750.000 0.117
10755.000 0.125
10760.000 0.137
10765.000 0.143
10770.000 0.159
10775.000 0.163
10780.000 0.179
10785.000 0.187
10790.000 0.193
10795.000 0.202
10800.000 0.202
10805.000 0.210
10810.000 0.211
10815.000 0.213
10820.000 0.213
10825.000 0.217
10830.000 0.220
10835.000 0.216
10840.000 0.223
10845.000 0.225
10850.000 0.225
10855.000 0.227
10860.000 0.227
10865.000 0.226
10870.000 0.225
10875.000 0.225
10880.000 0.222
10885.000 0.213
10890.000 0.210
10895.000 0.197
10900.000 0.194
10905.000 0.185
10910.000 0.177
10915.000 0.166
10920.000 0.163
10925.000 0.151
10930.000 0.144
10935.000 0.135
10940.000 0.137
10945.000 0.142
10950.000 0.152
10955.000 0.184
10960.000 0.213
10965.000 0.264
10970.000 0.353
10975.000 0.407
10980.000 0.553
10985.000 0.623
10990.000 0.893
10995.000 1.024
11000.000 1.233
11005.000 1.398
11010.000 1.400
11015.000 1.324
11020.000 1.268
11025.000 1.138
11030.000 1.054
11035.000 1.007
11040.000 0.938
11045.000 0.921
11050.000 0.872
11055.000 0.834
11060.000 0.819
11065.000 0.784
11070.000 0.772
11075.000 0.750
11080.000 0.727
11085.000 0.718
11090.000 0.706
11095.000 0.704
11100.000 0.693
11105.000 0.680
11110.000 0.681
11115.000 0.672
11120.000 0.670
11125.000 0.669
11130.000 0.666
11135.000 0.664
11140.000 0.659
11145.000 0.655
11150.000 0.654
11155.000 0.651
11160.000 0.649
11165.000 0.646
11170.000 0.651
11175.000 0.650
11180.000 0.651
11185.000 0.652
11195.000 0.668
11200.000 0.669
11205.000 0.672
11210.000 0.675
11215.000 0.681
11220.000 0.684
11225.000 0.687
11230.000 0.703
11235.000 0.721
11240.000 0.721
11245.000 0.735
11250.000 0.742
11255.000 0.774
11260.000 0.788
11265.000 0.815
11270.000 0.859
11275.000 0.882
11280.000 0.923
11285.000 0.962
11290.000 1.030
11295.000 1.089
11300.000 1.130
11305.000 1.203
11310.000 1.221
11315.000 1.161
11320.000 0.973
11325.000 0.859
11330.000 0.600
11335.000 0.495
11340.000 0.354
11345.000 0.220
11350.000 0.182
11355.000 0.141
11360.000 0.129
11365.000 0.118
11370.000 0.129
11375.000 0.140
11380.000 0.158
11385.000 0.164
11390.000 0.177
11395.000 0.194
11400.000 0.200
11405.000 0.214
11410.000 0.221
11415.000 0.228
11420.000 0.240
11425.000 0.250
11430.000 0.250
11435.000 0.251
11440.000 0.261
11445.000 0.266
11450.000 0.269
11455.000 0.271
11460.000 0.271
11465.000 0.271
11470.000 0.270
11475.000 0.273
11480.000 0.269
11485.000 0.266
11490.000 0.262
11495.000 0.262
11500.000 0.262
11505.000 0.259
11510.000 0.257
11515.000 0.256
11520.000 0.251
11525.000 0.250
11530.000 0.248
11535.000 0.243
11540.000 0.235
11545.000 0.228
11550.000 0.227
11555.000 0.217
11560.000 0.215
11565.000 0.202
11570.000 0.200
11575.000 0.192
11580.000 0.198
11585.000 0.205
11590.000 0.228
11595.000 0.285
11600.000 0.324
11605.000 0.405
11610.000 0.564
11615.000 0.643
11620.000 0.786
11625.000 0.884
11630.000 1.019
11635.000 1.055
11640.000 1.108
11645.000 1.067
11650.000 1.040
11655.000 0.954
11660.000 0.921
11665.000 0.867
11670.000 0.810
11675.000 0.789
11680.000 0.762
11685.000 0.743
11690.000 0.716
11695.000 0.700
11700.000 0.695
11705.000 0.676
11710.000 0.668
11715.000 0.657
11720.000 0.647
11725.000 0.643
11730.000 0.635
11735.000 0.632
11740.000 0.622
11745.000 0.616
11750.000 0.613
11755.000 0.606
11760.000 0.603
11765.000 0.602
11770.000 0.600
11775.000 0.600
11780.000 0.599
11785.000 0.596
11790.000 0.598
11795.000 0.605
11800.000 0.605
11805.000 0.603
11810.000 0.606
11815.000 0.607
11820.000 0.608
11825.000 0.611
11830.000 0.617
11835.000 0.617
11840.000 0.619
11845.000 0.626
11850.000 0.626
11855.000 0.641
11860.000 0.647
11865.000 0.653
11870.000 0.659
11875.000 0.676
11880.000 0.690
11885.000 0.702
11890.000 0.724
11895.000 0.736
11900.000 0.757
11905.000 0.794
11910.000 0.812
11915.000 0.849
11920.000 0.877
11925.000 0.923
11930.000 0.952
11935.000 0.960
11940.000 0.924
11945.000 0.887
11950.000 0.704
11955.000 0.512
11960.000 0.448
11965.000 0.290
11970.000 0.237
11975.000 0.182
11980.000 0.149
11985.000 0.145
11990.000 0.152
11995.000 0.162
12000.000 0.176
