105.000 0.522
110.000 5.948
115.000 5.804
120.000 6.118
125.000 6.091
130.000 6.223
135.000 6.320
140.000 6.480
145.000 6.508
150.000 6.454
155.000 6.718
160.000 7.152
165.000 6.856
170.000 6.993
175.000 7.126
180.000 7.270
185.000 7.233
190.000 7.552
195.000 7.743
200.000 7.721
205.000 7.842
210.000 8.031
215.000 8.292
220.000 8.318
225.000 8.497
230.000 8.616
235.000 8.931
240.000 9.111
245.000 9.257
250.000 9.433
255.000 9.668
260.000 10.069
265.000 10.293
270.000 10.531
275.000 10.915
280.000 11.128
285.000 11.537
290.000 11.763
295.000 12.230
300.000 12.768
305.000 13.080
310.000 13.650
315.000 14.053
320.000 14.727
325.000 15.522
330.000 15.864
335.000 16.765
340.000 17.294
345.000 18.326
350.000 19.489
355.000 20.119
360.000 21.467
365.000 22.212
370.000 23.752
375.000 25.517
380.000 26.446
385.000 28.453
390.000 29.464
395.000 31.928
400.000 34.427
405.000 35.756
410.000 38.460
415.000 39.798
420.000 42.384
425.000 44.838
430.000 45.948
435.000 47.919
440.000 48.648
445.000 49.807
450.000 50.375
455.000 50.449
460.000 50.253
465.000 50.078
470.000 49.527
475.000 48.886
480.000 48.463
485.000 47.840
490.000 47.550
495.000 47.172
500.000 46.973
505.000 46.999
510.000 48.012
515.000 47.538
520.000 48.503
525.000 49.957
530.000 50.943
535.000 53.423
540.000 55.083
545.000 59.297
550.000 64.962
555.000 68.693
560.000 78.563
565.000 84.888
570.000 103.102
575.000 129.002
580.000 136.269
585.000 144.169
590.000 145.543
595.000 140.914
600.000 102.018
605.000 84.442
610.000 61.099
615.000 53.846
620.000 41.997
625.000 34.319
630.000 31.204
635.000 26.259
640.000 24.231
645.000 20.873
650.000 18.128
655.000 16.916
660.000 15.222
665.000 14.234
670.000 12.756
675.000 11.476
680.000 10.906
685.000 9.884
690.000 9.437
695.000 8.636
700.000 7.919
705.000 7.596
710.000 7.006
715.000 6.725
720.000 6.241
725.000 5.789
730.000 5.579
735.000 5.198
740.000 5.033
745.000 4.696
750.000 4.446
755.000 4.297
760.000 4.029
765.000 3.899
770.000 3.675
775.000 3.467
780.000 3.390
785.000 3.199
790.000 3.129
795.000 2.999
800.000 2.876
805.000 2.797
810.000 2.682
815.000 2.618
820.000 2.495
825.000 2.376
830.000 2.319
835.000 2.213
840.000 2.156
845.000 2.062
850.000 1.967
855.000 1.927
860.000 1.840
865.000 1.795
870.000 1.729
875.000 1.683
880.000 1.621
885.000 1.556
890.000 1.529
895.000 1.473
900.000 1.441
905.000 1.381
910.000 1.337
915.000 1.312
920.000 1.268
925.000 1.244
930.000 1.201
935.000 1.169
940.000 1.143
945.000 1.106
950.000 1.094
955.000 1.059
960.000 1.022
965.000 1.012
970.000 0.989
975.000 0.976
980.000 0.958
985.000 0.932
990.000 0.925
995.000 0.913
1000.000 0.911
1005.000 0.899
1010.000 0.907
1015.000 0.899
1020.000 0.910
1025.000 0.903
1030.000 0.935
1035.000 0.952
1040.000 0.967
1045.000 1.027
1050.000 1.041
1055.000 1.112
1060.000 1.188
1065.000 1.241
1070.000 1.355
1075.000 1.419
1080.000 1.562
1085.000 1.751
1090.000 1.880
1095.000 2.143
1100.000 2.250
1105.000 2.625
1110.000 3.083
1115.000 3.377
1120.000 4.097
1125.000 4.546
1130.000 5.735
1135.000 7.506
1140.000 8.669
1145.000 11.841
1150.000 13.876
1155.000 17.722
1160.000 17.538
1165.000 14.995
1170.000 10.236
1175.000 8.987
1180.000 7.206
1185.000 6.098
1190.000 5.680
1195.000 5.021
1200.000 4.761
1205.000 4.332
1210.000 3.982
1215.000 3.854
1220.000 3.609
1225.000 3.516
1230.000 3.327
1235.000 3.179
1240.000 3.103
1245.000 2.982
1250.000 2.933
1255.000 2.831
1260.000 2.758
1265.000 2.720
1270.000 2.652
1275.000 2.624
1280.000 2.568
1285.000 2.521
1290.000 2.503
1295.000 2.467
1300.000 2.452
1305.000 2.421
1310.000 2.395
1315.000 2.383
1320.000 2.365
1325.000 2.359
1330.000 2.343
1335.000 2.335
1340.000 2.334
1345.000 2.328
1350.000 2.322
1355.000 2.332
1360.000 2.320
1365.000 2.321
1370.000 2.326
1375.000 2.333
1380.000 2.337
1385.000 2.349
1390.000 2.357
1395.000 2.371
1400.000 2.376
1405.000 2.393
1410.000 2.410
1415.000 2.419
1420.000 2.442
1425.000 2.449
1430.000 2.476
1435.000 2.508
1440.000 2.518
1445.000 2.554
1450.000 2.574
1455.000 2.609
1460.000 2.646
1465.000 2.671
1470.000 2.709
1475.000 2.743
1480.000 2.785
1485.000 2.811
1490.000 2.864
1495.000 2.916
1500.000 2.947
1505.000 3.005
1510.000 3.037
1515.000 3.096
1520.000 3.168
1525.000 3.210
1530.000 3.280
1535.000 3.312
1540.000 3.393
1545.000 3.474
1550.000 3.515
1555.000 3.606
1560.000 3.645
1565.000 3.737
1570.000 3.839
1575.000 3.883
1580.000 3.982
1585.000 4.029
1590.000 4.122
1595.000 4.218
1600.000 4.274
1605.000 4.381
1610.000 4.432
1615.000 4.560
1620.000 4.703
1625.000 4.784
1630.000 4.996
1635.000 5.118
1640.000 5.455
1645.000 5.952
1650.000 6.246
1655.000 6.981
1660.000 7.451
1665.000 8.629
1670.000 10.070
1675.000 10.968
1680.000 13.170
1685.000 14.480
1690.000 17.614
1695.000 21.950
1700.000 24.610
1705.000 31.092
1710.000 35.355
1715.000 44.794
1720.000 53.324
1725.000 55.654
1730.000 52.367
1735.000 47.845
1740.000 38.307
1745.000 31.388
1750.000 28.829
1755.000 24.588
1760.000 22.947
1765.000 20.194
1770.000 18.101
1775.000 17.237
1780.000 15.806
1785.000 15.174
1790.000 14.059
1795.000 13.157
1800.000 12.747
1805.000 12.007
1810.000 11.688
1815.000 11.110
1820.000 10.586
1825.000 10.354
1830.000 9.959
1835.000 9.767
1840.000 9.421
1845.000 9.116
1850.000 8.974
1855.000 8.719
1860.000 8.603
1865.000 8.380
1870.000 8.182
1875.000 8.098
1880.000 7.926
1885.000 7.845
1890.000 7.707
1895.000 7.573
1900.000 7.506
1905.000 7.400
1910.000 7.346
1915.000 7.247
1920.000 7.161
1925.000 7.124
1930.000 7.045
1935.000 7.014
1940.000 6.948
1945.000 6.900
1950.000 6.878
1955.000 6.828
1960.000 6.815
1965.000 6.773
1970.000 6.755
1975.000 6.743
1980.000 6.712
1985.000 6.702
1990.000 6.690
1995.000 6.680
2000.000 6.660
2005.000 6.664
2010.000 6.661
2015.000 6.667
2020.000 6.670
2025.000 6.698
2030.000 6.696
2035.000 6.710
2040.000 6.734
2045.000 6.754
2050.000 6.781
2055.000 6.811
2060.000 6.822
2065.000 6.864
2070.000 6.890
2075.000 6.935
2080.000 6.989
2085.000 7.017
2090.000 7.080
2095.000 7.114
2100.000 7.190
2105.000 7.270
2110.000 7.309
2115.000 7.405
2120.000 7.450
2125.000 7.552
2130.000 7.675
2135.000 7.731
2140.000 7.860
2145.000 7.931
2150.000 8.081
2155.000 8.237
2160.000 8.328
2165.000 8.518
2170.000 8.619
2175.000 8.840
2180.000 9.080
2185.000 9.211
2190.000 9.487
2195.000 9.638
2200.000 9.963
2205.000 10.332
2210.000 10.532
2215.000 10.971
2220.000 11.197
2225.000 11.738
2230.000 12.325
2235.000 12.645
2240.000 13.401
2245.000 13.806
2250.000 14.689
2255.000 15.779
2260.000 16.381
2265.000 17.703
2270.000 18.526
2275.000 20.308
2280.000 22.372
2285.000 23.668
2290.000 26.478
2295.000 28.074
2300.000 31.556
2305.000 35.353
2310.000 37.107
2315.000 39.789
2320.000 40.448
2325.000 39.718
2330.000 36.528
2335.000 34.366
2340.000 30.006
2345.000 28.003
2350.000 24.196
2355.000 21.166
2360.000 19.769
2365.000 17.470
2370.000 16.510
2375.000 14.882
2380.000 14.107
2385.000 12.834
2390.000 11.783
2395.000 11.268
2400.000 10.415
2405.000 10.049
2410.000 9.342
2415.000 8.745
2420.000 8.485
2425.000 7.973
2430.000 7.745
2435.000 7.338
2440.000 6.955
2445.000 6.781
2450.000 6.474
2455.000 6.326
2460.000 6.038
2465.000 5.802
2470.000 5.684
2475.000 5.456
2480.000 5.358
2485.000 5.176
2490.000 4.999
2495.000 4.917
2500.000 4.769
2505.000 4.693
2510.000 4.558
2515.000 4.440
2520.000 4.374
2525.000 4.268
2530.000 4.219
2535.000 4.118
2540.000 4.030
2545.000 3.991
2550.000 3.906
2555.000 3.872
2560.000 3.798
2565.000 3.733
2570.000 3.699
2575.000 3.647
2580.000 3.621
2585.000 3.571
2590.000 3.528
2595.000 3.509
2600.000 3.467
2605.000 3.447
2610.000 3.421
2615.000 3.388
2620.000 3.376
2625.000 3.360
2630.000 3.351
2635.000 3.335
2640.000 3.325
2645.000 3.320
2650.000 3.312
2655.000 3.315
2660.000 3.314
2665.000 3.317
2670.000 3.320
2675.000 3.337
2680.000 3.346
2685.000 3.366
2690.000 3.390
2695.000 3.399
2700.000 3.433
2705.000 3.449
2710.000 3.488
2715.000 3.532
2720.000 3.558
2725.000 3.615
2730.000 3.647
2735.000 3.709
2740.000 3.788
2745.000 3.830
2750.000 3.921
2755.000 3.972
2760.000 4.082
2765.000 4.204
2770.000 4.275
2775.000 4.422
2780.000 4.499
2785.000 4.682
2790.000 4.887
2795.000 4.993
2800.000 5.253
2805.000 5.393
2810.000 5.689
2815.000 6.074
2820.000 6.286
2825.000 6.742
2830.000 7.036
2835.000 7.671
2840.000 8.425
2845.000 8.891
2850.000 10.027
2855.000 10.699
2860.000 12.346
2865.000 14.596
2870.000 15.999
2875.000 19.404
2880.000 21.682
2885.000 26.357
2890.000 29.637
2895.000 29.653
2900.000 25.272
2905.000 22.300
2910.000 16.931
2915.000 13.469
2920.000 12.271
2925.000 10.161
2930.000 9.363
2935.000 8.120
2940.000 7.095
2945.000 6.679
2950.000 6.000
2955.000 5.631
2960.000 5.120
2965.000 4.915
2970.000 4.503
2975.000 4.157
2980.000 4.016
2985.000 3.743
2990.000 3.620
2995.000 3.405
3000.000 3.202
3005.000 3.119
3010.000 2.956
3015.000 2.873
3020.000 2.743
3025.000 2.621
3030.000 2.574
3035.000 2.451
3040.000 2.403
3045.000 2.325
3050.000 2.229
3055.000 2.200
3060.000 2.125
3065.000 2.094
3070.000 2.026
3075.000 1.976
3080.000 1.946
3085.000 1.895
3090.000 1.873
3095.000 1.830
3100.000 1.787
3105.000 1.771
3110.000 1.736
3115.000 1.719
3120.000 1.692
3125.000 1.662
3130.000 1.650
3135.000 1.629
3140.000 1.622
3145.000 1.597
3150.000 1.583
3155.000 1.575
3160.000 1.563
3165.000 1.555
3170.000 1.544
3175.000 1.537
3180.000 1.533
3185.000 1.527
3190.000 1.525
3195.000 1.522
3200.000 1.519
3205.000 1.518
3210.000 1.523
3215.000 1.526
3220.000 1.526
3225.000 1.535
3230.000 1.536
3235.000 1.547
3240.000 1.556
3245.000 1.567
3250.000 1.583
3255.000 1.591
3260.000 1.607
3265.000 1.622
3270.000 1.646
3275.000 1.672
3280.000 1.685
3285.000 1.721
3290.000 1.733
3295.000 1.769
3300.000 1.815
3305.000 1.834
3310.000 1.882
3315.000 1.914
3320.000 1.971
3325.000 2.031
3330.000 2.069
3335.000 2.142
3340.000 2.181
3345.000 2.274
3350.000 2.377
3355.000 2.425
3360.000 2.552
3365.000 2.621
3370.000 2.761
3375.000 2.939
3380.000 3.035
3385.000 3.239
3390.000 3.371
3395.000 3.647
3400.000 3.960
3405.000 4.165
3410.000 4.618
3415.000 4.886
3420.000 5.488
3425.000 6.337
3430.000 6.839
3435.000 8.073
3440.000 8.919
3445.000 10.998
3450.000 13.703
3455.000 15.523
3460.000 18.776
3465.000 19.681
3470.000 18.355
3475.000 14.007
3480.000 12.296
3485.000 9.497
3490.000 8.543
3495.000 7.141
3500.000 6.046
3505.000 5.634
3510.000 4.981
3515.000 4.678
3520.000 4.201
3525.000 3.830
3530.000 3.650
3535.000 3.367
3540.000 3.239
3545.000 3.015
3550.000 2.903
3555.000 2.729
3560.000 2.571
3565.000 2.504
3570.000 2.384
3575.000 2.324
3580.000 2.217
3585.000 2.122
3590.000 2.079
3595.000 1.996
3600.000 1.959
3605.000 1.895
3610.000 1.826
3615.000 1.799
3620.000 1.744
3625.000 1.719
3630.000 1.674
3635.000 1.633
3640.000 1.613
3645.000 1.572
3650.000 1.560
3655.000 1.526
3660.000 1.495
3665.000 1.486
3670.000 1.455
3675.000 1.443
3680.000 1.421
3685.000 1.397
3690.000 1.388
3695.000 1.371
3700.000 1.361
3705.000 1.341
3710.000 1.329
3715.000 1.327
3720.000 1.311
3725.000 1.307
3730.000 1.298
3735.000 1.288
3740.000 1.282
3745.000 1.277
3750.000 1.275
3755.000 1.267
3760.000 1.266
3765.000 1.263
3770.000 1.262
3775.000 1.259
3780.000 1.259
3785.000 1.257
3790.000 1.257
3795.000 1.261
3800.000 1.263
3805.000 1.264
3810.000 1.270
3815.000 1.273
3820.000 1.279
3825.000 1.283
3830.000 1.291
3835.000 1.307
3840.000 1.314
3845.000 1.329
3850.000 1.335
3855.000 1.351
3860.000 1.370
3865.000 1.379
3870.000 1.401
3875.000 1.413
3880.000 1.442
3885.000 1.467
3890.000 1.483
3895.000 1.517
3900.000 1.535
3905.000 1.576
3910.000 1.618
3915.000 1.646
3920.000 1.707
3925.000 1.732
3930.000 1.791
3935.000 1.878
3940.000 1.916
3945.000 2.007
3950.000 2.065
3955.000 2.170
3960.000 2.297
3965.000 2.375
3970.000 2.561
3975.000 2.661
3980.000 2.893
3985.000 3.176
3990.000 3.342
3995.000 3.729
4000.000 4.001
4005.000 4.612
4010.000 5.447
4015.000 5.971
4020.000 7.367
4025.000 8.128
4030.000 10.337
4035.000 12.244
4040.000 12.579
4045.000 10.947
4050.000 9.400
4055.000 7.024
4060.000 5.378
4065.000 4.820
4070.000 4.010
4075.000 3.640
4080.000 3.130
4085.000 2.753
4090.000 2.567
4095.000 2.297
4100.000 2.199
4105.000 1.977
4110.000 1.810
4115.000 1.742
4120.000 1.611
4125.000 1.553
4130.000 1.454
4135.000 1.360
4140.000 1.323
4145.000 1.249
4150.000 1.217
4155.000 1.159
4160.000 1.135
4165.000 1.082
4170.000 1.040
4175.000 1.018
4180.000 0.982
4185.000 0.966
4190.000 0.933
4195.000 0.905
4200.000 0.890
4205.000 0.861
4210.000 0.852
4215.000 0.829
4220.000 0.807
4225.000 0.798
4230.000 0.774
4235.000 0.761
4240.000 0.736
4245.000 0.714
4250.000 0.704
4255.000 0.687
4260.000 0.680
4265.000 0.658
4270.000 0.648
4275.000 0.646
4280.000 0.632
4285.000 0.627
4290.000 0.620
4295.000 0.613
4300.000 0.611
4305.000 0.602
4310.000 0.602
4315.000 0.599
4320.000 0.590
4325.000 0.587
4330.000 0.585
4335.000 0.583
4340.000 0.578
4345.000 0.581
4350.000 0.576
4355.000 0.576
4360.000 0.575
4365.000 0.575
4370.000 0.578
4375.000 0.577
4380.000 0.578
4385.000 0.581
4390.000 0.581
4395.000 0.584
4400.000 0.585
4405.000 0.591
4410.000 0.592
4415.000 0.595
4420.000 0.605
4425.000 0.606
4430.000 0.613
4435.000 0.619
4440.000 0.629
4445.000 0.644
4450.000 0.648
4455.000 0.667
4460.000 0.676
4465.000 0.694
4470.000 0.719
4475.000 0.727
4480.000 0.759
4485.000 0.773
4490.000 0.805
4495.000 0.852
4500.000 0.874
4505.000 0.922
4510.000 0.951
4515.000 1.018
4520.000 1.087
4525.000 1.136
4530.000 1.230
4535.000 1.281
4540.000 1.412
4545.000 1.566
4550.000 1.642
4555.000 1.860
4560.000 1.983
4565.000 2.249
4570.000 2.646
4575.000 2.873
4580.000 3.402
4585.000 3.761
4590.000 4.733
4595.000 5.965
4600.000 6.738
4605.000 8.721
4610.000 9.620
4615.000 10.394
4620.000 8.958
4625.000 7.866
4630.000 6.209
4635.000 5.489
4640.000 4.554
4645.000 3.909
4650.000 3.621
4655.000 3.189
4660.000 3.025
4665.000 2.699
4670.000 2.452
4675.000 2.350
4680.000 2.151
4685.000 2.063
4690.000 1.921
4695.000 1.781
4700.000 1.719
4705.000 1.620
4710.000 1.564
4715.000 1.481
4720.000 1.405
4725.000 1.370
4730.000 1.309
4735.000 1.283
4740.000 1.231
4745.000 1.207
4750.000 1.172
4755.000 1.139
4760.000 1.126
4765.000 1.113
4770.000 1.104
4775.000 1.089
4780.000 1.081
4785.000 1.082
4790.000 1.079
4795.000 1.078
4800.000 1.081
4805.000 1.087
4810.000 1.089
4815.000 1.096
4820.000 1.102
4825.000 1.113
4830.000 1.118
4835.000 1.125
4840.000 1.142
4845.000 1.143
4850.000 1.161
4855.000 1.176
4860.000 1.184
4865.000 1.203
4870.000 1.212
4875.000 1.231
4880.000 1.254
4885.000 1.265
4890.000 1.286
4895.000 1.296
4900.000 1.326
4905.000 1.347
4910.000 1.355
4915.000 1.389
4920.000 1.398
4925.000 1.429
4930.000 1.464
4935.000 1.481
4940.000 1.510
4945.000 1.530
4950.000 1.581
4955.000 1.615
4960.000 1.651
4965.000 1.694
4970.000 1.724
4975.000 1.792
4980.000 1.843
4985.000 1.872
4990.000 1.942
4995.000 1.989
5000.000 2.045
5005.000 2.130
5010.000 2.173
5015.000 2.266
5020.000 2.307
5025.000 2.414
5030.000 2.504
5035.000 2.570
5040.000 2.690
5045.000 2.755
5050.000 2.884
5055.000 3.035
5060.000 3.111
5065.000 3.266
5070.000 3.352
5075.000 3.532
5080.000 3.729
5085.000 3.837
5090.000 4.067
5095.000 4.174
5100.000 4.468
5105.000 4.780
5110.000 4.930
5115.000 5.339
5120.000 5.554
5125.000 6.007
5130.000 6.636
5135.000 6.968
5140.000 7.703
5145.000 8.218
5150.000 9.330
5155.000 10.656
5160.000 11.635
5165.000 13.795
5170.000 15.130
5175.000 18.231
5180.000 22.103
5185.000 23.788
5190.000 25.293
5195.000 24.498
5200.000 20.313
5205.000 15.991
5210.000 14.146
5215.000 11.558
5220.000 10.580
5225.000 8.834
5230.000 7.646
5235.000 7.182
5240.000 6.280
5245.000 5.931
5250.000 5.366
5255.000 4.836
5260.000 4.617
5265.000 4.262
5270.000 4.074
5275.000 3.776
5280.000 3.533
5285.000 3.400
5290.000 3.191
5295.000 3.112
5300.000 2.920
5305.000 2.766
5310.000 2.706
5315.000 2.565
5320.000 2.505
5325.000 2.399
5330.000 2.296
5335.000 2.246
5340.000 2.169
5345.000 2.125
5350.000 2.052
5355.000 2.019
5360.000 1.958
5365.000 1.899
5370.000 1.870
5375.000 1.822
5380.000 1.799
5385.000 1.757
5390.000 1.714
5395.000 1.700
5400.000 1.665
5405.000 1.647
5410.000 1.619
5415.000 1.594
5420.000 1.586
5425.000 1.558
5430.000 1.546
5435.000 1.530
5440.000 1.516
5445.000 1.510
5450.000 1.493
5455.000 1.487
5460.000 1.478
5465.000 1.464
5470.000 1.460
5475.000 1.451
5480.000 1.451
5485.000 1.447
5490.000 1.440
5495.000 1.444
5500.000 1.444
5505.000 1.444
5510.000 1.450
5515.000 1.456
5520.000 1.456
5525.000 1.461
5530.000 1.466
5535.000 1.476
5540.000 1.488
5545.000 1.493
5550.000 1.507
5555.000 1.517
5560.000 1.531
5565.000 1.550
5570.000 1.561
5575.000 1.585
5580.000 1.596
5585.000 1.622
5590.000 1.651
5595.000 1.674
5600.000 1.706
5605.000 1.726
5610.000 1.769
5615.000 1.816
5620.000 1.837
5625.000 1.895
5630.000 1.927
5635.000 1.986
5640.000 2.023
5645.000 2.097
5650.000 2.177
5655.000 2.222
5660.000 2.334
5665.000 2.391
5670.000 2.514
5675.000 2.658
5680.000 2.737
5685.000 2.911
5690.000 3.020
5695.000 3.245
5700.000 3.524
5705.000 3.679
5710.000 4.041
5715.000 4.225
5720.000 4.763
5725.000 5.416
5730.000 5.752
5735.000 6.798
5740.000 7.415
5745.000 8.833
5750.000 11.060
5755.000 12.258
5760.000 14.489
5765.000 15.296
5770.000 14.789
5775.000 12.049
5780.000 10.516
5785.000 8.127
5790.000 7.317
5795.000 6.010
5800.000 5.111
5805.000 4.750
5810.000 4.140
5815.000 3.906
5820.000 3.515
5825.000 3.157
5830.000 3.019
5835.000 2.770
5840.000 2.672
5845.000 2.459
5850.000 2.304
5855.000 2.229
5860.000 2.087
5865.000 1.978
5870.000 1.922
5875.000 1.814
5880.000 1.770
5885.000 1.699
5890.000 1.615
5895.000 1.582
5900.000 1.527
5905.000 1.495
5910.000 1.443
5915.000 1.399
5920.000 1.371
5925.000 1.332
5930.000 1.313
5935.000 1.280
5940.000 1.263
5945.000 1.235
5950.000 1.204
5955.000 1.186
5960.000 1.160
5965.000 1.152
5970.000 1.130
5975.000 1.110
5980.000 1.101
5985.000 1.073
5990.000 1.076
5995.000 1.064
6000.000 1.035
6005.000 1.034
6010.000 1.024
6015.000 1.026
6020.000 1.006
6025.000 1.001
6030.000 1.003
6035.000 1.001
6040.000 0.999
6045.000 0.990
6050.000 0.983
6055.000 0.972
6060.000 0.968
6065.000 0.969
6070.000 0.970
6075.000 0.969
6080.000 0.967
6085.000 0.968
6090.000 0.972
6095.000 0.973
6100.000 0.975
6105.000 0.978
6110.000 0.986
6115.000 0.988
6120.000 0.997
6125.000 1.005
6130.000 1.008
6135.000 1.015
6140.000 1.022
6145.000 1.030
6150.000 1.042
6155.000 1.047
6160.000 1.066
6165.000 1.073
6170.000 1.097
6175.000 1.119
6180.000 1.132
6185.000 1.162
6190.000 1.176
6195.000 1.206
6200.000 1.243
6205.000 1.263
6210.000 1.298
6215.000 1.325
6220.000 1.377
6225.000 1.399
6230.000 1.465
6235.000 1.533
6240.000 1.564
6245.000 1.657
6250.000 1.707
6255.000 1.806
6260.000 1.942
6265.000 2.010
6270.000 2.157
6275.000 2.257
6280.000 2.480
6285.000 2.720
6290.000 2.900
6295.000 3.267
6300.000 3.491
6305.000 4.009
6310.000 4.767
6315.000 5.237
6320.000 6.350
6325.000 7.118
6330.000 8.805
6335.000 10.325
6340.000 10.822
6345.000 10.135
6350.000 9.278
6355.000 7.087
6360.000 5.652
6365.000 5.202
6370.000 4.292
6375.000 3.965
6380.000 3.492
6385.000 3.062
6390.000 2.899
6395.000 2.647
6400.000 2.504
6405.000 2.307
6410.000 2.151
6415.000 2.066
6420.000 1.935
6425.000 1.886
6430.000 1.777
6435.000 1.685
6440.000 1.651
6445.000 1.575
6450.000 1.540
6455.000 1.484
6460.000 1.425
6465.000 1.406
6470.000 1.364
6475.000 1.345
6480.000 1.307
6485.000 1.277
6490.000 1.261
6495.000 1.227
6500.000 1.217
6505.000 1.189
6510.000 1.166
6515.000 1.155
6520.000 1.134
6525.000 1.123
6530.000 1.108
6535.000 1.098
6540.000 1.087
6545.000 1.075
6550.000 1.072
6555.000 1.062
6560.000 1.054
6565.000 1.052
6570.000 1.044
6575.000 1.039
6580.000 1.034
6585.000 1.026
6590.000 1.027
6595.000 1.020
6600.000 1.015
6605.000 1.009
6610.000 1.008
6615.000 1.009
6620.000 1.012
6625.000 1.007
6630.000 1.008
6635.000 1.010
6640.000 1.014
6645.000 1.017
6650.000 1.019
6655.000 1.025
6660.000 1.028
6665.000 1.037
6670.000 1.039
6675.000 1.037
6680.000 1.044
6685.000 1.054
6690.000 1.054
6695.000 1.063
6700.000 1.069
6705.000 1.080
6710.000 1.096
6715.000 1.102
6720.000 1.117
6725.000 1.129
6730.000 1.145
6735.000 1.165
6740.000 1.179
6745.000 1.202
6750.000 1.215
6755.000 1.239
6760.000 1.269
6765.000 1.277
6770.000 1.312
6775.000 1.333
6780.000 1.368
6785.000 1.416
6790.000 1.439
6795.000 1.483
6800.000 1.511
6805.000 1.574
6810.000 1.642
6815.000 1.685
6820.000 1.775
6825.000 1.827
6830.000 1.931
6835.000 1.992
6840.000 2.127
6845.000 2.288
6850.000 2.376
6855.000 2.584
6860.000 2.682
6865.000 2.991
6870.000 3.352
6875.000 3.533
6880.000 4.102
6885.000 4.430
6890.000 5.160
6895.000 6.335
6900.000 6.979
6905.000 8.267
6910.000 8.933
6915.000 9.475
6920.000 8.502
6925.000 7.591
6930.000 5.853
6935.000 5.237
6940.000 4.235
6945.000 3.553
6950.000 3.288
6955.000 2.830
6960.000 2.663
6965.000 2.387
6970.000 2.121
6975.000 2.014
6980.000 1.858
6985.000 1.780
6990.000 1.630
6995.000 1.523
7000.000 1.466
7005.000 1.356
7010.000 1.317
7015.000 1.251
7020.000 1.177
7025.000 1.142
7030.000 1.095
7035.000 1.062
7040.000 1.016
7045.000 0.984
7050.000 0.968
7055.000 0.935
7060.000 0.914
7065.000 0.890
7070.000 0.861
7075.000 0.851
7080.000 0.822
7085.000 0.816
7090.000 0.795
7095.000 0.773
7100.000 0.764
7105.000 0.746
7110.000 0.738
7115.000 0.725
7120.000 0.712
7125.000 0.707
7130.000 0.694
7135.000 0.691
7140.000 0.685
7145.000 0.676
7150.000 0.674
7155.000 0.666
7160.000 0.665
7165.000 0.658
7170.000 0.651
7175.000 0.647
7180.000 0.638
7185.000 0.636
7190.000 0.632
7195.000 0.631
7200.000 0.624
7205.000 0.623
7210.000 0.623
7215.000 0.624
7220.000 0.620
7225.000 0.620
7230.000 0.624
7235.000 0.627
7240.000 0.624
7245.000 0.630
7250.000 0.628
7255.000 0.631
7260.000 0.628
7265.000 0.631
7270.000 0.635
7275.000 0.636
7280.000 0.639
7285.000 0.639
7290.000 0.647
7295.000 0.654
7300.000 0.658
7305.000 0.670
7310.000 0.674
7315.000 0.686
7320.000 0.702
7325.000 0.706
7330.000 0.724
7335.000 0.732
7340.000 0.746
7345.000 0.770
7350.000 0.785
7355.000 0.803
7360.000 0.819
7365.000 0.849
7370.000 0.879
7375.000 0.904
7380.000 0.945
7385.000 0.965
7390.000 1.026
7395.000 1.090
7400.000 1.117
7405.000 1.202
7410.000 1.250
7415.000 1.345
7420.000 1.410
7425.000 1.546
7430.000 1.686
7435.000 1.802
7440.000 2.027
7445.000 2.144
7450.000 2.487
7455.000 2.906
7460.000 3.164
7465.000 3.814
7470.000 4.237
7475.000 5.208
7480.000 6.355
7485.000 6.929
7490.000 7.437
7495.000 7.289
7500.000 6.106
7505.000 4.952
7510.000 4.527
7515.000 3.708
7520.000 3.423
7525.000 3.017
7530.000 2.641
7535.000 2.498
7540.000 2.285
7545.000 2.170
7550.000 2.000
7555.000 1.872
7560.000 1.799
7565.000 1.690
7570.000 1.652
7575.000 1.556
7580.000 1.486
7585.000 1.461
7590.000 1.398
7595.000 1.372
7600.000 1.332
7605.000 1.288
7610.000 1.266
7615.000 1.239
7620.000 1.219
7625.000 1.190
7630.000 1.164
7635.000 1.145
7640.000 1.127
7645.000 1.113
7650.000 1.086
7655.000 1.071
7660.000 1.061
7665.000 1.045
7670.000 1.038
7675.000 1.027
7680.000 1.021
7685.000 1.015
7690.000 1.005
7695.000 1.003
7700.000 0.997
7705.000 0.990
7710.000 0.983
7715.000 0.975
7720.000 0.974
7725.000 0.965
7730.000 0.955
7735.000 0.957
7740.000 0.950
7745.000 0.947
7750.000 0.948
7755.000 0.947
7760.000 0.945
7765.000 0.943
7770.000 0.950
7775.000 0.952
7780.000 0.952
7785.000 0.953
7790.000 0.957
7795.000 0.958
7800.000 0.960
7805.000 0.960
7810.000 0.961
7815.000 0.965
7820.000 0.963
7825.000 0.970
7830.000 0.972
7835.000 0.974
7840.000 0.983
7845.000 0.985
7850.000 1.000
7855.000 1.009
7860.000 1.015
7865.000 1.030
7870.000 1.037
7875.000 1.052
7880.000 1.066
7885.000 1.071
7890.000 1.086
7895.000 1.092
7900.000 1.112
7905.000 1.131
7910.000 1.135
7915.000 1.162
7920.000 1.174
7925.000 1.196
7930.000 1.237
7935.000 1.251
7940.000 1.291
7945.000 1.315
7950.000 1.357
7955.000 1.393
7960.000 1.423
7965.000 1.477
7970.000 1.501
7975.000 1.576
7980.000 1.656
7985.000 1.687
7990.000 1.796
7995.000 1.866
8000.000 1.974
8005.000 2.161
8010.000 2.266
8015.000 2.463
8020.000 2.601
8025.000 2.904
8030.000 3.034
8035.000 3.271
8040.000 3.681
8045.000 3.983
8050.000 4.690
8055.000 5.228
8060.000 6.166
8065.000 6.659
8070.000 6.583
8075.000 5.659
8080.000 5.113
8085.000 3.964
8090.000 3.191
8095.000 2.959
8100.000 2.423
8105.000 2.228
8110.000 1.949
8115.000 1.685
8120.000 1.586
8125.000 1.435
8130.000 1.356
8135.000 1.259
8140.000 1.194
8145.000 1.153
8150.000 1.058
8155.000 1.012
8160.000 0.928
8165.000 0.857
8170.000 0.827
8175.000 0.774
8180.000 0.754
8185.000 0.709
8190.000 0.673
8195.000 0.661
8200.000 0.635
8205.000 0.618
8210.000 0.587
8215.000 0.565
8220.000 0.556
8225.000 0.535
8230.000 0.523
8235.000 0.502
8240.000 0.487
8245.000 0.480
8250.000 0.472
8255.000 0.462
8260.000 0.449
8265.000 0.443
8270.000 0.439
8275.000 0.439
8280.000 0.441
8285.000 0.445
8290.000 0.440
8295.000 0.436
8300.000 0.425
8305.000 0.419
8310.000 0.414
8315.000 0.408
8320.000 0.403
8325.000 0.395
8330.000 0.392
8335.000 0.385
8340.000 0.386
8345.000 0.384
8350.000 0.382
8355.000 0.380
8360.000 0.378
8365.000 0.378
8370.000 0.377
8375.000 0.381
8380.000 0.377
8385.000 0.374
8390.000 0.374
8395.000 0.374
8400.000 0.373
8405.000 0.371
8410.000 0.370
8415.000 0.369
8420.000 0.371
8425.000 0.369
8430.000 0.371
8435.000 0.373
8440.000 0.376
8445.000 0.377
8450.000 0.374
8455.000 0.362
8460.000 0.349
8465.000 0.345
8470.000 0.350
8475.000 0.364
8480.000 0.370
8485.000 0.381
8490.000 0.397
8495.000 0.401
8500.000 0.419
8505.000 0.428
8510.000 0.444
8515.000 0.471
8520.000 0.485
8525.000 0.517
8530.000 0.531
8535.000 0.569
8540.000 0.609
8545.000 0.627
8550.000 0.689
8555.000 0.717
8560.000 0.770
8565.000 0.854
8570.000 0.904
8575.000 0.993
8580.000 1.070
8585.000 1.213
8590.000 1.383
8595.000 1.505
8600.000 1.779
8605.000 1.912
8610.000 2.341
8615.000 2.582
8620.000 3.093
8625.000 3.879
8630.000 4.248
8635.000 4.794
8640.000 4.928
8645.000 4.600
8650.000 3.945
8655.000 3.553
8660.000 2.954
8665.000 2.772
8670.000 2.522
8675.000 2.428
8680.000 2.375
8685.000 2.201
8690.000 2.108
8695.000 1.950
8700.000 1.786
8705.000 1.725
8710.000 1.628
8715.000 1.577
8720.000 1.485
8725.000 1.425
8730.000 1.396
8735.000 1.336
8740.000 1.308
8745.000 1.274
8750.000 1.228
8755.000 1.207
8760.000 1.176
8765.000 1.154
8770.000 1.130
8775.000 1.098
8780.000 1.084
8785.000 1.061
8790.000 1.055
8795.000 1.032
8800.000 1.019
8805.000 1.013
8810.000 1.001
8815.000 0.993
8820.000 1.004
8825.000 1.000
8830.000 0.951
8835.000 0.948
8840.000 0.960
8845.000 0.947
8850.000 0.936
8855.000 0.929
8860.000 0.923
8865.000 0.921
8870.000 0.910
8875.000 0.902
8880.000 0.903
8885.000 0.904
8890.000 0.900
8895.000 0.896
8900.000 0.900
8905.000 0.897
8910.000 0.897
8915.000 0.896
8920.000 0.899
8925.000 0.895
8930.000 0.891
8935.000 0.892
8940.000 0.886
8945.000 0.889
8950.000 0.893
8955.000 0.888
8960.000 0.888
8965.000 0.897
8970.000 0.891
8975.000 0.894
8980.000 0.901
8985.000 0.906
8990.000 0.914
8995.000 0.927
9000.000 0.924
9005.000 0.931
9010.000 0.939
9015.000 0.945
9020.000 0.951
9025.000 0.963
9030.000 0.966
9035.000 0.976
9040.000 0.981
9045.000 0.993
9050.000 0.996
9055.000 1.007
9060.000 1.023
9065.000 1.031
9070.000 1.063
9075.000 1.080
9080.000 1.093
9085.000 1.125
9090.000 1.137
9095.000 1.166
9100.000 1.197
9105.000 1.219
9110.000 1.258
9115.000 1.271
9120.000 1.320
9125.000 1.371
9130.000 1.395
9135.000 1.473
9140.000 1.510
9145.000 1.587
9150.000 1.707
9155.000 1.767
9160.000 1.895
9165.000 1.991
9170.000 2.174
9175.000 2.363
9180.000 2.489
9185.000 2.687
9190.000 2.756
9195.000 3.024
9200.000 3.199
9205.000 3.627
9210.000 4.172
9215.000 4.366
9220.000 4.399
9225.000 4.227
9230.000 3.445
9235.000 2.801
9240.000 2.490
9245.000 1.964
9250.000 1.774
9255.000 1.502
9260.000 1.243
9265.000 1.149
9270.000 0.989
9275.000 0.917
9280.000 0.801
9285.000 0.702
9290.000 0.666
9295.000 0.589
9300.000 0.567
9305.000 0.508
9310.000 0.459
9315.000 0.443
9320.000 0.401
9325.000 0.383
9330.000 0.356
9335.000 0.327
9340.000 0.316
9345.000 0.295
9350.000 0.283
9355.000 0.265
9360.000 0.250
9365.000 0.241
9370.000 0.227
9375.000 0.224
9380.000 0.215
9385.000 0.208
9390.000 0.203
9395.000 0.199
9400.000 0.197
9405.000 0.192
9410.000 0.195
9415.000 0.191
9420.000 0.192
9425.000 0.193
9430.000 0.189
9435.000 0.191
9440.000 0.187
9445.000 0.183
9450.000 0.182
9455.000 0.175
9460.000 0.170
9465.000 0.168
9470.000 0.165
9475.000 0.161
9480.000 0.158
9485.000 0.153
9490.000 0.152
9495.000 0.152
9500.000 0.155
9505.000 0.164
9510.000 0.163
9515.000 0.167
9520.000 0.169
9525.000 0.168
9530.000 0.166
9535.000 0.164
9540.000 0.162
9545.000 0.155
9550.000 0.150
9555.000 0.147
9560.000 0.144
9565.000 0.138
9570.000 0.135
9575.000 0.136
9580.000 0.134
9585.000 0.131
9590.000 0.129
9595.000 0.129
9600.000 0.124
9605.000 0.126
9610.000 0.123
9615.000 0.113
9620.000 0.109
9625.000 0.103
9630.000 0.093
9635.000 0.095
9640.000 0.091
9645.000 0.094
9650.000 0.095
9655.000 0.099
9660.000 0.111
9665.000 0.119
9670.000 0.135
9675.000 0.152
9680.000 0.168
9685.000 0.176
9690.000 0.201
9695.000 0.236
9700.000 0.254
9705.000 0.295
9710.000 0.320
9715.000 0.374
9720.000 0.449
9725.000 0.487
9730.000 0.570
9735.000 0.626
9740.000 0.761
9745.000 0.900
9750.000 1.009
9755.000 1.230
9760.000 1.366
9765.000 1.657
9770.000 2.103
9775.000 2.338
9780.000 2.781
9785.000 3.005
9790.000 3.155
9795.000 2.939
9800.000 2.740
9805.000 2.379
9810.000 2.224
9815.000 1.990
9820.000 1.873
9825.000 1.822
9830.000 1.739
9835.000 1.696
9840.000 1.603
9845.000 1.483
9850.000 1.434
9855.000 1.359
9860.000 1.313
9865.000 1.245
9870.000 1.196
9875.000 1.167
9880.000 1.121
9885.000 1.104
9890.000 1.060
9895.000 1.027
9900.000 1.014
9905.000 0.980
9910.000 0.965
9915.000 0.945
9920.000 0.918
9925.000 0.908
9930.000 0.899
9935.000 0.888
9940.000 0.878
9945.000 0.862
9950.000 0.859
9955.000 0.850
9960.000 0.845
9965.000 0.838
9970.000 0.823
9975.000 0.817
9980.000 0.810
9985.000 0.809
9990.000 0.801
9995.000 0.792
10000.000 0.781
10005.000 0.774
10010.000 0.768
10015.000 0.773
10020.000 0.761
10025.000 0.759
10030.000 0.759
10035.000 0.755
10040.000 0.755
10045.000 0.760
10050.000 0.759
10055.000 0.758
10060.000 0.753
10065.000 0.746
10070.000 0.747
10075.000 0.746
10080.000 0.745
10085.000 0.741
10090.000 0.740
10095.000 0.742
10100.000 0.740
10105.000 0.742
10110.000 0.744
10115.000 0.744
10120.000 0.750
10125.000 0.750
10130.000 0.752
10135.000 0.753
10140.000 0.760
10145.000 0.757
10150.000 0.761
10155.000 0.765
10160.000 0.771
10165.000 0.780
10170.000 0.787
10175.000 0.809
10180.000 0.817
10185.000 0.823
10190.000 0.823
10195.000 0.827
10200.000 0.841
10205.000 0.849
10210.000 0.855
10215.000 0.871
10220.000 0.874
10225.000 0.888
10230.000 0.904
10235.000 0.912
10240.000 0.919
10245.000 0.930
10250.000 0.953
10255.000 0.964
10260.000 0.984
10265.000 1.006
10270.000 1.018
10275.000 1.055
10280.000 1.093
10285.000 1.108
10290.000 1.165
10295.000 1.194
10300.000 1.245
10305.000 1.333
10310.000 1.375
10315.000 1.449
10320.000 1.504
10325.000 1.651
10330.000 1.779
10335.000 1.871
10340.000 2.117
10345.000 2.242
10350.000 2.473
10355.000 2.752
10360.000 2.831
10365.000 2.822
10370.000 2.671
10375.000 2.240
10380.000 1.804
10385.000 1.541
10390.000 1.213
10395.000 1.113
10400.000 0.865
10405.000 0.707
10410.000 0.648
10415.000 0.518
10420.000 0.471
10425.000 0.403
10430.000 0.326
10435.000 0.299
10440.000 0.260
10445.000 0.233
10450.000 0.197
10455.000 0.175
10460.000 0.162
10465.000 0.142
10470.000 0.141
10475.000 0.133
10480.000 0.125
10485.000 0.120
10490.000 0.119
10495.000 0.122
10500.000 0.123
10505.000 0.128
10510.000 0.129
10515.000 0.131
10520.000 0.132
10525.000 0.138
10530.000 0.140
10535.000 0.143
10540.000 0.148
10545.000 0.149
10550.000 0.156
10555.000 0.164
10560.000 0.165
10565.000 0.171
10570.000 0.178
10575.000 0.183
10580.000 0.181
10585.000 0.184
10590.000 0.191
10595.000 0.183
10600.000 0.191
10605.000 0.187
10610.000 0.187
10615.000 0.190
10620.000 0.188
10625.000 0.191
10630.000 0.198
10635.000 0.198
10640.000 0.203
10645.000 0.207
10650.000 0.207
10655.000 0.208
10660.000 0.210
10665.000 0.209
10670.000 0.209
10675.000 0.207
10680.000 0.207
10685.000 0.201
10690.000 0.200
10695.000 0.195
10700.000 0.193
10705.000 0.191
10710.000 0.194
10715.000 0.190
10720.000 0.191
10725.000 0.193
10730.000 0.187
10735.000 0.190
10740.000 0.189
10745.000 0.185
10750.000 0.179
10755.000 0.183
10760.000 0.173
10765.000 0.165
10770.000 0.162
10775.000 0.152
10780.000 0.148
10785.000 0.139
10790.000 0.133
10795.000 0.126
10800.000 0.115
10805.000 0.113
10810.000 0.102
10815.000 0.097
10820.000 0.092
10825.000 0.087
10830.000 0.082
10835.000 0.079
10840.000 0.080
10845.000 0.087
10850.000 0.100
10855.000 0.111
10860.000 0.141
10865.000 0.182
10870.000 0.200
10875.000 0.253
10880.000 0.284
10885.000 0.349
10890.000 0.439
10895.000 0.496
10900.000 0.596
10905.000 0.661
10910.000 0.847
10915.000 1.010
10920.000 1.104
10925.000 1.342
10930.000 1.469
10935.000 1.713
10940.000 2.035
10945.000 2.125
10950.000 2.159
10955.000 2.091
10960.000 1.888
10965.000 1.714
10970.000 1.593
10975.000 1.446
10980.000 1.387
10985.000 1.271
10990.000 1.186
10995.000 1.158
11000.000 1.094
11005.000 1.062
11010.000 1.023
11015.000 0.967
11020.000 0.955
11025.000 0.927
11030.000 0.897
11035.000 0.877
11040.000 0.853
11045.000 0.835
11050.000 0.817
11055.000 0.807
11060.000 0.788
11065.000 0.776
11070.000 0.772
11075.000 0.761
11080.000 0.756
11085.000 0.745
11090.000 0.736
11095.000 0.735
11100.000 0.729
11105.000 0.724
11110.000 0.712
11115.000 0.705
11120.000 0.699
11125.000 0.687
11130.000 0.687
11135.000 0.680
11140.000 0.675
11145.000 0.672
11150.000 0.674
11155.000 0.670
11160.000 0.667
11165.000 0.667
11170.000 0.664
11175.000 0.665
11180.000 0.663
11185.000 0.662
11190.000 0.657
11195.000 0.656
11200.000 0.654
11205.000 0.653
11210.000 0.650
11215.000 0.646
11220.000 0.646
11225.000 0.643
11230.000 0.641
11235.000 0.643
11240.000 0.647
11245.000 0.646
11250.000 0.649
11255.000 0.645
11260.000 0.648
11265.000 0.650
11270.000 0.654
11275.000 0.654
11280.000 0.657
11285.000 0.658
11290.000 0.655
11295.000 0.653
11300.000 0.655
11305.000 0.659
11310.000 0.661
11315.000 0.661
11320.000 0.661
11325.000 0.666
11330.000 0.665
11335.000 0.671
11340.000 0.670
11345.000 0.679
11350.000 0.685
11355.000 0.694
11360.000 0.696
11365.000 0.701
11370.000 0.703
11375.000 0.714
11380.000 0.717
11385.000 0.724
11390.000 0.735
11395.000 0.736
11400.000 0.750
11405.000 0.765
11410.000 0.767
11415.000 0.787
11420.000 0.798
11425.000 0.818
11430.000 0.847
11435.000 0.860
11440.000 0.886
11445.000 0.901
11450.000 0.941
11455.000 0.977
11460.000 1.003
11465.000 1.055
11470.000 1.084
11475.000 1.161
11480.000 1.246
11485.000 1.296
11490.000 1.411
11495.000 1.477
11500.000 1.597
11505.000 1.693
11510.000 1.719
11515.000 1.659
11520.000 1.588
11525.000 1.285
11530.000 1.018
11535.000 0.896
11540.000 0.647
11545.000 0.560
11550.000 0.436
11555.000 0.314
11560.000 0.270
11565.000 0.211
11570.000 0.167
11575.000 0.116
11580.000 0.099
11585.000 0.071
11590.000 0.061
11595.000 0.065
11600.000 0.084
11605.000 0.089
11610.000 0.107
11615.000 0.127
11620.000 0.135
11625.000 0.144
11630.000 0.154
11635.000 0.166
11640.000 0.173
11645.000 0.178
11650.000 0.191
11655.000 0.192
11660.000 0.202
11665.000 0.208
11670.000 0.213
11675.000 0.219
11680.000 0.222
11685.000 0.228
11690.000 0.236
11695.000 0.238
11700.000 0.242
11705.000 0.247
11710.000 0.249
11715.000 0.255
11720.000 0.255
11725.000 0.258
11730.000 0.260
11735.000 0.263
11740.000 0.267
11745.000 0.268
11750.000 0.270
11755.000 0.269
11760.000 0.272
11765.000 0.275
11770.000 0.273
11775.000 0.276
11780.000 0.275
11785.000 0.279
11790.000 0.278
11795.000 0.280
11800.000 0.280
11805.000 0.282
11810.000 0.280
11815.000 0.278
11820.000 0.275
11825.000 0.277
11830.000 0.274
11835.000 0.276
11840.000 0.275
11845.000 0.274
11850.000 0.272
11855.000 0.272
11860.000 0.276
11865.000 0.267
11870.000 0.271
11875.000 0.268
11880.000 0.270
11885.000 0.265
11890.000 0.263
11895.000 0.261
11900.000 0.256
11905.000 0.258
11910.000 0.250
11915.000 0.245
11920.000 0.244
11925.000 0.242
11930.000 0.234
11935.000 0.233
11940.000 0.226
11945.000 0.223
11950.000 0.223
11955.000 0.219
11960.000 0.209
11965.000 0.207
11970.000 0.201
11975.000 0.196
11980.000 0.192
11985.000 0.181
11990.000 0.177
11995.000 0.174
12000.000 0.165
