105.000 0.240
110.000 11.450
115.000 11.749
120.000 11.957
125.000 12.172
130.000 12.333
135.000 12.534
140.000 12.686
145.000 12.749
150.000 12.827
155.000 12.869
160.000 13.154
165.000 13.250
170.000 13.393
175.000 13.496
180.000 13.526
185.000 13.655
190.000 13.803
195.000 13.851
200.000 13.975
205.000 14.030
210.000 14.213
215.000 14.352
220.000 14.031
225.000 14.611
230.000 14.644
235.000 14.901
240.000 15.179
245.000 15.269
250.000 15.478
255.000 15.623
260.000 15.877
265.000 16.149
270.000 16.341
275.000 16.631
280.000 16.795
285.000 17.147
290.000 17.522
295.000 17.688
300.000 18.129
305.000 18.365
310.000 18.854
315.000 19.351
320.000 19.681
325.000 20.270
330.000 20.640
335.000 21.252
340.000 21.617
345.000 22.388
350.000 23.309
355.000 23.740
360.000 24.721
365.000 25.258
370.000 26.374
375.000 27.585
380.000 28.230
385.000 29.586
390.000 30.302
395.000 31.737
400.000 33.219
405.000 33.941
410.000 35.423
415.000 36.113
420.000 37.404
425.000 38.367
430.000 38.792
435.000 39.193
440.000 39.196
445.000 38.842
450.000 37.943
455.000 37.307
460.000 35.695
465.000 34.820
470.000 32.880
475.000 30.829
480.000 29.817
485.000 27.828
490.000 26.848
495.000 24.972
500.000 23.288
505.000 22.489
510.000 20.978
515.000 20.289
520.000 19.001
525.000 17.795
530.000 17.250
535.000 16.214
540.000 15.717
545.000 14.825
550.000 13.985
555.000 13.613
560.000 12.917
565.000 12.582
570.000 11.953
575.000 11.368
580.000 11.083
585.000 10.569
590.000 10.329
595.000 9.885
600.000 9.458
605.000 9.263
610.000 8.887
615.000 8.723
620.000 8.361
625.000 8.026
630.000 7.862
635.000 7.578
640.000 7.450
645.000 7.167
650.000 6.932
655.000 6.809
660.000 6.595
665.000 6.484
670.000 6.261
675.000 6.058
680.000 5.967
685.000 5.821
690.000 5.724
695.000 5.547
700.000 5.389
705.000 5.307
710.000 5.148
715.000 5.077
720.000 4.908
725.000 4.785
730.000 4.722
735.000 4.596
740.000 4.532
745.000 4.413
750.000 4.294
755.000 4.244
760.000 4.134
765.000 4.092
770.000 3.991
775.000 3.906
780.000 3.866
785.000 3.795
790.000 3.765
795.000 3.725
800.000 3.691
805.000 3.639
810.000 3.583
815.000 3.550
820.000 3.473
825.000 3.401
830.000 3.365
835.000 3.300
840.000 3.259
845.000 3.209
850.000 3.153
855.000 3.119
860.000 3.069
865.000 3.047
870.000 2.991
875.000 2.944
880.000 2.934
885.000 2.890
890.000 2.866
895.000 2.833
900.000 2.791
905.000 2.771
910.000 2.743
915.000 2.729
920.000 2.706
925.000 2.692
930.000 2.669
935.000 2.646
940.000 2.644
945.000 2.629
950.000 2.620
955.000 2.611
960.000 2.614
965.000 2.621
970.000 2.607
975.000 2.612
980.000 2.625
985.000 2.615
990.000 2.624
995.000 2.636
1000.000 2.630
1005.000 2.649
1010.000 2.680
1015.000 2.707
1020.000 2.742
1025.000 2.796
1030.000 2.839
1035.000 2.926
1040.000 2.970
1045.000 3.066
1050.000 3.136
1055.000 3.285
1060.000 3.437
1065.000 3.535
1070.000 3.744
1075.000 3.852
1080.000 4.144
1085.000 4.511
1090.000 4.698
1095.000 5.161
1100.000 5.458
1105.000 6.108
1110.000 6.960
1115.000 7.479
1120.000 8.763
1125.000 9.554
1130.000 11.514
1135.000 14.209
1140.000 15.923
1145.000 19.729
1150.000 21.757
1155.000 24.352
1160.000 23.040
1165.000 20.959
1170.000 16.696
1175.000 15.056
1180.000 12.395
1185.000 10.585
1190.000 9.876
1195.000 8.712
1200.000 8.257
1205.000 7.484
1210.000 6.855
1215.000 6.582
1220.000 6.111
1225.000 5.917
1230.000 5.566
1235.000 5.268
1240.000 5.133
1245.000 4.895
1250.000 4.788
1255.000 4.594
1260.000 4.421
1265.000 4.339
1270.000 4.199
1275.000 4.139
1280.000 4.017
1285.000 3.903
1290.000 3.857
1295.000 3.764
1300.000 3.720
1305.000 3.639
1310.000 3.564
1315.000 3.536
1320.000 3.467
1325.000 3.441
1330.000 3.388
1335.000 3.335
1340.000 3.309
1345.000 3.271
1350.000 3.242
1355.000 3.208
1360.000 3.167
1365.000 3.157
1370.000 3.125
1375.000 3.110
1380.000 3.082
1385.000 3.055
1390.000 3.033
1395.000 3.008
1400.000 2.995
1405.000 2.983
1410.000 2.962
1415.000 2.950
1420.000 2.930
1425.000 2.927
1430.000 2.912
1435.000 2.889
1440.000 2.887
1445.000 2.867
1450.000 2.864
1455.000 2.848
1460.000 2.838
1465.000 2.833
1470.000 2.819
1475.000 2.815
1480.000 2.801
1485.000 2.788
1490.000 2.782
1495.000 2.764
1500.000 2.757
1505.000 2.746
1510.000 2.738
1515.000 2.731
1520.000 2.712
1525.000 2.713
1530.000 2.697
1535.000 2.686
1540.000 2.667
1545.000 2.643
1550.000 2.635
1555.000 2.605
1560.000 2.586
1565.000 2.552
1570.000 2.516
1575.000 2.497
1580.000 2.455
1585.000 2.440
1590.000 2.397
1595.000 2.352
1600.000 2.331
1605.000 2.288
1610.000 2.262
1615.000 2.226
1620.000 2.197
1625.000 2.191
1630.000 2.190
1635.000 2.196
1640.000 2.246
1645.000 2.328
1650.000 2.382
1655.000 2.509
1660.000 2.583
1665.000 2.759
1670.000 2.939
1675.000 3.034
1680.000 3.229
1685.000 3.324
1690.000 3.504
1695.000 3.685
1700.000 3.767
1705.000 3.922
1710.000 4.000
1715.000 4.140
1720.000 4.264
1725.000 4.323
1730.000 4.438
1735.000 4.490
1740.000 4.589
1745.000 4.694
1750.000 4.740
1755.000 4.840
1760.000 4.890
1765.000 4.985
1770.000 5.076
1775.000 5.123
1780.000 5.210
1785.000 5.255
1790.000 5.348
1795.000 5.433
1800.000 5.476
1805.000 5.569
1810.000 5.614
1815.000 5.708
1820.000 5.756
1825.000 5.847
1830.000 5.936
1835.000 5.985
1840.000 6.083
1845.000 6.131
1850.000 6.228
1855.000 6.330
1860.000 6.379
1865.000 6.478
1870.000 6.535
1875.000 6.638
1880.000 6.744
1885.000 6.800
1890.000 6.913
1895.000 6.969
1900.000 7.085
1905.000 7.203
1910.000 7.262
1915.000 7.388
1920.000 7.441
1925.000 7.564
1930.000 7.696
1935.000 7.759
1940.000 7.879
1945.000 7.947
1950.000 8.087
1955.000 8.206
1960.000 8.283
1965.000 8.415
1970.000 8.494
1975.000 8.629
1980.000 8.765
1985.000 8.834
1990.000 8.977
1995.000 9.062
2000.000 9.197
2005.000 9.340
2010.000 9.416
2015.000 9.576
2020.000 9.655
2025.000 9.818
2030.000 9.956
2035.000 10.041
2040.000 10.208
2045.000 10.284
2050.000 10.462
2055.000 10.632
2060.000 10.711
2065.000 10.888
2070.000 10.981
2075.000 11.167
2080.000 11.342
2085.000 11.440
2090.000 11.635
2095.000 11.729
2100.000 11.928
2105.000 12.141
2110.000 12.254
2115.000 12.484
2120.000 12.604
2125.000 12.846
2130.000 13.087
2135.000 13.223
2140.000 13.489
2145.000 13.627
2150.000 13.922
2155.000 14.231
2160.000 14.385
2165.000 14.732
2170.000 14.916
2175.000 15.276
2180.000 15.685
2185.000 15.891
2190.000 16.315
2195.000 16.545
2200.000 17.047
2205.000 17.586
2210.000 17.897
2215.000 18.531
2220.000 18.871
2225.000 19.576
2230.000 20.377
2235.000 20.800
2240.000 21.681
2245.000 22.199
2250.000 23.256
2255.000 24.417
2260.000 25.079
2265.000 26.464
2270.000 27.181
2275.000 28.875
2280.000 30.716
2285.000 31.643
2290.000 33.846
2295.000 34.997
2300.000 37.365
2305.000 39.926
2310.000 41.153
2315.000 43.423
2320.000 44.448
2325.000 46.104
2330.000 46.811
2335.000 46.776
2340.000 45.704
2345.000 43.785
2350.000 42.509
2355.000 39.509
2360.000 36.477
2365.000 34.925
2370.000 33.326
2375.000 30.452
2380.000 27.906
2385.000 26.647
2390.000 24.445
2395.000 23.498
2400.000 21.601
2405.000 19.972
2410.000 19.181
2415.000 17.791
2420.000 17.169
2425.000 16.056
2430.000 15.514
2435.000 14.539
2440.000 13.693
2445.000 13.281
2450.000 12.516
2455.000 12.170
2460.000 11.527
2465.000 10.942
2470.000 10.667
2475.000 10.156
2480.000 9.914
2485.000 9.458
2490.000 9.053
2495.000 8.846
2500.000 8.476
2505.000 8.316
2510.000 7.970
2515.000 7.659
2520.000 7.521
2525.000 7.238
2530.000 7.107
2535.000 6.868
2540.000 6.619
2545.000 6.512
2550.000 6.301
2555.000 6.092
2560.000 5.997
2565.000 5.817
2570.000 5.725
2575.000 5.557
2580.000 5.471
2585.000 5.313
2590.000 5.171
2595.000 5.033
2600.000 4.967
2605.000 4.901
2610.000 4.773
2615.000 4.652
2620.000 4.538
2625.000 4.484
2630.000 4.435
2635.000 4.330
2640.000 4.231
2645.000 4.186
2650.000 4.093
2655.000 4.004
2660.000 3.964
2665.000 3.879
2670.000 3.843
2675.000 3.767
2680.000 3.728
2685.000 3.658
2690.000 3.588
2695.000 3.558
2700.000 3.493
2705.000 3.460
2710.000 3.399
2715.000 3.342
2720.000 3.315
2725.000 3.258
2730.000 3.233
2735.000 3.186
2740.000 3.134
2745.000 3.112
2750.000 3.066
2755.000 3.045
2760.000 2.999
2765.000 2.958
2770.000 2.940
2775.000 2.898
2780.000 2.882
2785.000 2.843
2790.000 2.807
2795.000 2.792
2800.000 2.760
2805.000 2.728
2810.000 2.711
2815.000 2.680
2820.000 2.666
2825.000 2.637
2830.000 2.627
2835.000 2.601
2840.000 2.571
2845.000 2.562
2850.000 2.533
2855.000 2.525
2860.000 2.502
2865.000 2.477
2870.000 2.471
2875.000 2.453
2880.000 2.443
2885.000 2.422
2890.000 2.406
2895.000 2.401
2900.000 2.384
2905.000 2.377
2910.000 2.358
2915.000 2.346
2920.000 2.339
2925.000 2.326
2930.000 2.319
2935.000 2.310
2940.000 2.297
2945.000 2.288
2950.000 2.281
2955.000 2.274
2960.000 2.269
2965.000 2.257
2970.000 2.251
2975.000 2.247
2980.000 2.240
2985.000 2.251
2990.000 2.243
2995.000 2.223
3000.000 2.237
3005.000 2.232
3010.000 2.228
3015.000 2.224
3020.000 2.228
3025.000 2.225
3030.000 2.217
3035.000 2.214
3040.000 2.215
3045.000 2.214
3050.000 2.220
3055.000 2.220
3060.000 2.230
3065.000 2.225
3070.000 2.226
3075.000 2.238
3080.000 2.245
3085.000 2.245
3090.000 2.249
3095.000 2.254
3100.000 2.258
3105.000 2.266
3110.000 2.279
3115.000 2.281
3120.000 2.291
3125.000 2.304
3130.000 2.310
3135.000 2.324
3140.000 2.333
3145.000 2.348
3150.000 2.365
3155.000 2.377
3160.000 2.394
3165.000 2.401
3170.000 2.425
3175.000 2.444
3180.000 2.457
3185.000 2.480
3190.000 2.493
3195.000 2.525
3200.000 2.552
3205.000 2.565
3210.000 2.597
3215.000 2.621
3220.000 2.649
3225.000 2.691
3230.000 2.712
3235.000 2.753
3240.000 2.777
3245.000 2.824
3250.000 2.870
3255.000 2.898
3260.000 2.957
3265.000 2.985
3270.000 3.043
3275.000 3.110
3280.000 3.149
3285.000 3.217
3290.000 3.262
3295.000 3.345
3300.000 3.435
3305.000 3.491
3310.000 3.592
3315.000 3.646
3320.000 3.769
3325.000 3.896
3330.000 3.961
3335.000 4.116
3340.000 4.195
3345.000 4.364
3350.000 4.561
3355.000 4.669
3360.000 4.886
3365.000 5.012
3370.000 5.295
3375.000 5.592
3380.000 5.761
3385.000 6.163
3390.000 6.376
3395.000 6.841
3400.000 7.421
3405.000 7.744
3410.000 8.452
3415.000 8.917
3420.000 9.921
3425.000 11.119
3430.000 11.933
3435.000 13.748
3440.000 14.743
3445.000 17.559
3450.000 20.965
3455.000 22.799
3460.000 26.705
3465.000 28.191
3470.000 28.692
3475.000 25.219
3480.000 22.776
3485.000 18.491
3490.000 16.694
3495.000 13.690
3500.000 11.670
3505.000 10.786
3510.000 9.341
3515.000 8.762
3520.000 7.821
3525.000 6.988
3530.000 6.643
3535.000 6.073
3540.000 5.785
3545.000 5.317
3550.000 4.922
3555.000 4.736
3560.000 4.410
3565.000 4.274
3570.000 3.995
3575.000 3.758
3580.000 3.658
3585.000 3.445
3590.000 3.349
3595.000 3.187
3600.000 3.087
3605.000 2.939
3610.000 2.810
3615.000 2.742
3620.000 2.623
3625.000 2.566
3630.000 2.462
3635.000 2.369
3640.000 2.323
3645.000 2.237
3650.000 2.193
3655.000 2.118
3660.000 2.045
3665.000 2.013
3670.000 1.944
3675.000 1.918
3680.000 1.855
3685.000 1.799
3690.000 1.772
3695.000 1.721
3700.000 1.696
3705.000 1.654
3710.000 1.609
3715.000 1.589
3720.000 1.551
3725.000 1.532
3730.000 1.492
3735.000 1.457
3740.000 1.440
3745.000 1.407
3750.000 1.391
3755.000 1.361
3760.000 1.333
3765.000 1.320
3770.000 1.293
3775.000 1.283
3780.000 1.257
3785.000 1.235
3790.000 1.223
3795.000 1.204
3800.000 1.190
3805.000 1.170
3810.000 1.153
3815.000 1.144
3820.000 1.125
3825.000 1.117
3830.000 1.098
3835.000 1.085
3840.000 1.075
3845.000 1.061
3850.000 1.051
3855.000 1.038
3860.000 1.025
3865.000 1.019
3870.000 1.002
3875.000 1.001
3880.000 0.989
3885.000 0.974
3890.000 0.972
3895.000 0.960
3900.000 0.955
3905.000 0.945
3910.000 0.935
3915.000 0.930
3920.000 0.919
3925.000 0.916
3930.000 0.910
3935.000 0.896
3940.000 0.894
3945.000 0.888
3950.000 0.881
3955.000 0.879
3960.000 0.871
3965.000 0.873
3970.000 0.856
3975.000 0.854
3980.000 0.859
3985.000 0.841
3990.000 0.847
3995.000 0.848
4000.000 0.841
4005.000 0.822
4010.000 0.830
4015.000 0.831
4020.000 0.820
4025.000 0.816
4030.000 0.806
4035.000 0.810
4040.000 0.806
4045.000 0.802
4050.000 0.812
4055.000 0.808
4060.000 0.800
4065.000 0.802
4070.000 0.797
4075.000 0.797
4080.000 0.791
4085.000 0.791
4090.000 0.789
4095.000 0.784
4100.000 0.787
4105.000 0.785
4110.000 0.786
4115.000 0.785
4120.000 0.783
4125.000 0.785
4130.000 0.787
4135.000 0.785
4140.000 0.790
4145.000 0.787
4150.000 0.789
4155.000 0.790
4160.000 0.791
4165.000 0.790
4170.000 0.794
4175.000 0.794
4180.000 0.796
4185.000 0.798
4190.000 0.800
4195.000 0.804
4200.000 0.801
4205.000 0.800
4210.000 0.799
4215.000 0.803
4220.000 0.801
4225.000 0.798
4230.000 0.794
4235.000 0.790
4240.000 0.784
4245.000 0.780
4250.000 0.772
4255.000 0.772
4260.000 0.773
4265.000 0.769
4270.000 0.767
4275.000 0.768
4280.000 0.767
4285.000 0.773
4290.000 0.773
4295.000 0.776
4300.000 0.780
4305.000 0.782
4310.000 0.786
4315.000 0.794
4320.000 0.802
4325.000 0.804
4330.000 0.813
4335.000 0.819
4340.000 0.825
4345.000 0.838
4350.000 0.838
4355.000 0.852
4360.000 0.858
4365.000 0.869
4370.000 0.886
4375.000 0.890
4380.000 0.908
4385.000 0.918
4390.000 0.935
4395.000 0.956
4400.000 0.976
4405.000 0.989
4410.000 1.000
4415.000 1.027
4420.000 1.055
4425.000 1.071
4430.000 1.100
4435.000 1.120
4440.000 1.155
4445.000 1.195
4450.000 1.215
4455.000 1.264
4460.000 1.286
4465.000 1.340
4470.000 1.400
4475.000 1.436
4480.000 1.502
4485.000 1.543
4490.000 1.636
4495.000 1.727
4500.000 1.778
4505.000 1.899
4510.000 1.967
4515.000 2.103
4520.000 2.271
4525.000 2.363
4530.000 2.547
4535.000 2.675
4540.000 2.932
4545.000 3.235
4550.000 3.417
4555.000 3.830
4560.000 4.045
4565.000 4.639
4570.000 5.359
4575.000 5.742
4580.000 6.852
4585.000 7.507
4590.000 9.002
4595.000 11.199
4600.000 12.384
4605.000 14.562
4610.000 15.482
4615.000 15.794
4620.000 13.934
4625.000 12.650
4630.000 10.211
4635.000 9.289
4640.000 7.841
4645.000 6.735
4650.000 6.289
4655.000 5.553
4660.000 5.233
4665.000 4.703
4670.000 4.241
4675.000 4.049
4680.000 3.696
4685.000 3.554
4690.000 3.252
4695.000 3.011
4700.000 2.902
4705.000 2.681
4710.000 2.588
4715.000 2.428
4720.000 2.266
4725.000 2.198
4730.000 2.083
4735.000 2.023
4740.000 1.923
4745.000 1.845
4750.000 1.800
4755.000 1.730
4760.000 1.705
4765.000 1.655
4770.000 1.611
4775.000 1.599
4780.000 1.567
4785.000 1.558
4790.000 1.542
4795.000 1.535
4800.000 1.526
4805.000 1.521
4810.000 1.522
4815.000 1.527
4820.000 1.527
4825.000 1.537
4830.000 1.548
4835.000 1.553
4840.000 1.561
4845.000 1.569
4850.000 1.583
4855.000 1.595
4860.000 1.601
4865.000 1.619
4870.000 1.625
4875.000 1.637
4880.000 1.652
4885.000 1.659
4890.000 1.675
4895.000 1.684
4900.000 1.698
4905.000 1.716
4910.000 1.724
4915.000 1.735
4920.000 1.738
4925.000 1.753
4930.000 1.763
4935.000 1.771
4940.000 1.785
4945.000 1.791
4950.000 1.812
4955.000 1.832
4960.000 1.836
4965.000 1.858
4970.000 1.872
4975.000 1.892
4980.000 1.922
4985.000 1.946
4990.000 1.963
4995.000 1.972
5000.000 2.000
5005.000 2.015
5010.000 2.027
5015.000 2.066
5020.000 2.060
5025.000 2.083
5030.000 2.117
5035.000 2.119
5040.000 2.144
5045.000 2.161
5050.000 2.173
5055.000 2.197
5060.000 2.218
5065.000 2.235
5070.000 2.247
5075.000 2.264
5080.000 2.288
5085.000 2.299
5090.000 2.315
5095.000 2.324
5100.000 2.336
5105.000 2.342
5110.000 2.351
5115.000 2.358
5120.000 2.359
5125.000 2.367
5130.000 2.366
5135.000 2.374
5140.000 2.375
5145.000 2.374
5150.000 2.369
5155.000 2.372
5160.000 2.362
5165.000 2.362
5170.000 2.359
5175.000 2.351
5180.000 2.348
5185.000 2.334
5190.000 2.323
5195.000 2.319
5200.000 2.296
5205.000 2.290
5210.000 2.275
5215.000 2.259
5220.000 2.252
5225.000 2.238
5230.000 2.229
5235.000 2.212
5240.000 2.199
5245.000 2.191
5250.000 2.175
5255.000 2.169
5260.000 2.158
5265.000 2.142
5270.000 2.132
5275.000 2.120
5280.000 2.111
5285.000 2.096
5290.000 2.086
5295.000 2.076
5300.000 2.067
5305.000 2.056
5310.000 2.048
5315.000 2.040
5320.000 2.035
5325.000 2.027
5330.000 2.023
5335.000 2.019
5340.000 2.012
5345.000 2.011
5350.000 2.007
5355.000 1.998
5360.000 1.996
5365.000 1.994
5370.000 1.991
5375.000 1.989
5380.000 1.982
5385.000 1.983
5390.000 1.984
5395.000 1.982
5400.000 1.987
5405.000 1.986
5410.000 1.989
5415.000 1.995
5420.000 1.995
5425.000 2.003
5430.000 2.008
5435.000 2.014
5440.000 2.020
5445.000 2.020
5450.000 2.032
5455.000 2.036
5460.000 2.048
5465.000 2.057
5470.000 2.065
5475.000 2.076
5480.000 2.081
5485.000 2.102
5490.000 2.123
5495.000 2.133
5500.000 2.150
5505.000 2.165
5510.000 2.194
5515.000 2.219
5520.000 2.236
5525.000 2.268
5530.000 2.286
5535.000 2.321
5540.000 2.361
5545.000 2.379
5550.000 2.421
5555.000 2.442
5560.000 2.498
5565.000 2.546
5570.000 2.575
5575.000 2.638
5580.000 2.671
5585.000 2.737
5590.000 2.813
5595.000 2.856
5600.000 2.920
5605.000 2.968
5610.000 3.057
5615.000 3.150
5620.000 3.211
5625.000 3.330
5630.000 3.384
5635.000 3.532
5640.000 3.675
5645.000 3.748
5650.000 3.937
5655.000 4.032
5660.000 4.227
5665.000 4.477
5670.000 4.609
5675.000 4.879
5680.000 5.077
5685.000 5.434
5690.000 5.637
5695.000 6.084
5700.000 6.629
5705.000 6.928
5710.000 7.663
5715.000 8.070
5720.000 9.057
5725.000 10.276
5730.000 11.053
5735.000 12.859
5740.000 13.809
5745.000 16.627
5750.000 19.763
5755.000 21.146
5760.000 23.723
5765.000 24.047
5770.000 22.439
5775.000 18.502
5780.000 16.684
5785.000 13.861
5790.000 12.482
5795.000 10.533
5800.000 9.176
5805.000 8.476
5810.000 7.492
5815.000 7.098
5820.000 6.357
5825.000 5.772
5830.000 5.559
5835.000 5.058
5840.000 4.860
5845.000 4.530
5850.000 4.192
5855.000 4.055
5860.000 3.815
5865.000 3.702
5870.000 3.478
5875.000 3.304
5880.000 3.215
5885.000 3.040
5890.000 2.977
5895.000 2.843
5900.000 2.714
5905.000 2.655
5910.000 2.551
5915.000 2.493
5920.000 2.401
5925.000 2.316
5930.000 2.267
5935.000 2.195
5940.000 2.159
5945.000 2.084
5950.000 2.028
5955.000 1.996
5960.000 1.937
5965.000 1.920
5970.000 1.861
5975.000 1.808
5980.000 1.785
5985.000 1.758
5990.000 1.720
5995.000 1.685
6000.000 1.656
6005.000 1.643
6010.000 1.602
6015.000 1.580
6020.000 1.556
6025.000 1.525
6030.000 1.517
6035.000 1.475
6040.000 1.466
6045.000 1.450
6050.000 1.422
6055.000 1.418
6060.000 1.391
6065.000 1.391
6070.000 1.369
6075.000 1.351
6080.000 1.340
6085.000 1.323
6090.000 1.303
6095.000 1.299
6100.000 1.279
6105.000 1.271
6110.000 1.257
6115.000 1.247
6120.000 1.237
6125.000 1.228
6130.000 1.219
6135.000 1.209
6140.000 1.200
6145.000 1.194
6150.000 1.187
6155.000 1.182
6160.000 1.172
6165.000 1.164
6170.000 1.160
6175.000 1.148
6180.000 1.144
6185.000 1.139
6190.000 1.128
6195.000 1.126
6200.000 1.119
6205.000 1.117
6210.000 1.104
6215.000 1.103
6220.000 1.103
6225.000 1.094
6230.000 1.094
6235.000 1.095
6240.000 1.091
6245.000 1.083
6250.000 1.083
6255.000 1.079
6260.000 1.076
6265.000 1.077
6270.000 1.069
6275.000 1.068
6280.000 1.062
6285.000 1.056
6290.000 1.056
6295.000 1.054
6300.000 1.056
6305.000 1.051
6310.000 1.055
6315.000 1.052
6320.000 1.056
6325.000 1.053
6330.000 1.057
6335.000 1.053
6340.000 1.055
6345.000 1.054
6350.000 1.053
6355.000 1.054
6360.000 1.051
6365.000 1.052
6370.000 1.055
6375.000 1.052
6380.000 1.052
6385.000 1.052
6390.000 1.057
6395.000 1.054
6400.000 1.055
6405.000 1.060
6410.000 1.064
6415.000 1.067
6420.000 1.069
6425.000 1.071
6430.000 1.075
6435.000 1.076
6440.000 1.076
6445.000 1.081
6450.000 1.080
6455.000 1.085
6460.000 1.086
6465.000 1.089
6470.000 1.093
6475.000 1.098
6480.000 1.099
6485.000 1.107
6490.000 1.109
6495.000 1.116
6500.000 1.117
6505.000 1.128
6510.000 1.136
6515.000 1.136
6520.000 1.141
6525.000 1.147
6530.000 1.149
6535.000 1.156
6540.000 1.158
6545.000 1.168
6550.000 1.169
6555.000 1.177
6560.000 1.186
6565.000 1.196
6570.000 1.205
6575.000 1.209
6580.000 1.225
6585.000 1.236
6590.000 1.242
6595.000 1.251
6600.000 1.263
6605.000 1.274
6610.000 1.286
6615.000 1.294
6620.000 1.304
6625.000 1.316
6630.000 1.335
6635.000 1.349
6640.000 1.357
6645.000 1.379
6650.000 1.388
6655.000 1.416
6660.000 1.434
6665.000 1.448
6670.000 1.475
6675.000 1.487
6680.000 1.515
6685.000 1.545
6690.000 1.561
6695.000 1.595
6700.000 1.607
6705.000 1.641
6710.000 1.677
6715.000 1.695
6720.000 1.740
6725.000 1.759
6730.000 1.802
6735.000 1.862
6740.000 1.887
6745.000 1.942
6750.000 1.978
6755.000 2.044
6760.000 2.112
6765.000 2.151
6770.000 2.233
6775.000 2.270
6780.000 2.370
6785.000 2.472
6790.000 2.518
6795.000 2.642
6800.000 2.708
6805.000 2.837
6810.000 3.007
6815.000 3.097
6820.000 3.272
6825.000 3.380
6830.000 3.640
6835.000 3.898
6840.000 4.072
6845.000 4.447
6850.000 4.654
6855.000 5.145
6860.000 5.731
6865.000 6.080
6870.000 6.953
6875.000 7.472
6880.000 8.673
6885.000 9.302
6890.000 11.206
6895.000 13.277
6900.000 14.156
6905.000 15.811
6910.000 15.960
6915.000 14.835
6920.000 12.180
6925.000 10.982
6930.000 9.155
6935.000 8.210
6940.000 6.929
6945.000 6.043
6950.000 5.574
6955.000 4.908
6960.000 4.673
6965.000 4.160
6970.000 3.775
6975.000 3.636
6980.000 3.304
6985.000 3.162
6990.000 2.955
6995.000 2.723
7000.000 2.639
7005.000 2.488
7010.000 2.411
7015.000 2.243
7020.000 2.137
7025.000 2.070
7030.000 1.968
7035.000 1.915
7040.000 1.825
7045.000 1.740
7050.000 1.692
7055.000 1.626
7060.000 1.596
7065.000 1.526
7070.000 1.476
7075.000 1.443
7080.000 1.396
7085.000 1.373
7090.000 1.327
7095.000 1.284
7100.000 1.264
7105.000 1.221
7110.000 1.204
7115.000 1.171
7120.000 1.134
7125.000 1.116
7130.000 1.089
7135.000 1.068
7140.000 1.043
7145.000 1.022
7150.000 1.007
7155.000 0.985
7160.000 0.976
7165.000 0.956
7170.000 0.934
7175.000 0.925
7180.000 0.908
7185.000 0.899
7190.000 0.882
7195.000 0.863
7200.000 0.858
7205.000 0.842
7210.000 0.832
7215.000 0.815
7220.000 0.801
7225.000 0.794
7230.000 0.782
7235.000 0.777
7240.000 0.767
7245.000 0.756
7250.000 0.751
7255.000 0.746
7260.000 0.741
7265.000 0.728
7270.000 0.724
7275.000 0.718
7280.000 0.709
7285.000 0.704
7290.000 0.692
7295.000 0.686
7300.000 0.682
7305.000 0.672
7310.000 0.668
7315.000 0.659
7320.000 0.656
7325.000 0.653
7330.000 0.646
7335.000 0.647
7340.000 0.644
7345.000 0.637
7350.000 0.638
7355.000 0.635
7360.000 0.631
7365.000 0.623
7370.000 0.620
7375.000 0.621
7380.000 0.610
7385.000 0.606
7390.000 0.602
7395.000 0.599
7400.000 0.598
7405.000 0.590
7410.000 0.590
7415.000 0.588
7420.000 0.583
7425.000 0.587
7430.000 0.581
7435.000 0.582
7440.000 0.582
7445.000 0.576
7450.000 0.578
7455.000 0.576
7460.000 0.571
7465.000 0.572
7470.000 0.569
7475.000 0.565
7480.000 0.560
7485.000 0.558
7490.000 0.556
7495.000 0.556
7500.000 0.557
7505.000 0.559
7510.000 0.556
7515.000 0.555
7520.000 0.557
7525.000 0.559
7530.000 0.557
7535.000 0.557
7540.000 0.556
7545.000 0.558
7550.000 0.550
7555.000 0.552
7560.000 0.551
7565.000 0.547
7570.000 0.546
7575.000 0.547
7580.000 0.548
7585.000 0.546
7590.000 0.547
7595.000 0.550
7600.000 0.552
7605.000 0.554
7610.000 0.555
7615.000 0.556
7620.000 0.559
7625.000 0.560
7630.000 0.558
7635.000 0.560
7640.000 0.557
7645.000 0.558
7650.000 0.562
7655.000 0.559
7660.000 0.561
7665.000 0.563
7670.000 0.565
7675.000 0.569
7680.000 0.573
7685.000 0.575
7690.000 0.586
7695.000 0.584
7700.000 0.587
7705.000 0.594
7710.000 0.596
7715.000 0.601
7720.000 0.600
7725.000 0.605
7730.000 0.605
7735.000 0.611
7740.000 0.615
7745.000 0.620
7750.000 0.624
7755.000 0.634
7760.000 0.641
7765.000 0.649
7770.000 0.654
7775.000 0.665
7780.000 0.678
7785.000 0.682
7790.000 0.694
7795.000 0.701
7800.000 0.713
7805.000 0.724
7810.000 0.728
7815.000 0.742
7820.000 0.748
7825.000 0.763
7830.000 0.781
7835.000 0.792
7840.000 0.812
7845.000 0.835
7850.000 0.846
7855.000 0.870
7860.000 0.884
7865.000 0.910
7870.000 0.928
7875.000 0.957
7880.000 0.990
7885.000 1.008
7890.000 1.040
7895.000 1.061
7900.000 1.100
7905.000 1.145
7910.000 1.170
7915.000 1.219
7920.000 1.250
7925.000 1.317
7930.000 1.384
7935.000 1.418
7940.000 1.512
7945.000 1.555
7950.000 1.644
7955.000 1.761
7960.000 1.820
7965.000 1.939
7970.000 2.022
7975.000 2.183
7980.000 2.355
7985.000 2.479
7990.000 2.726
7995.000 2.831
8000.000 3.189
8005.000 3.581
8010.000 3.762
8015.000 4.314
8020.000 4.604
8025.000 5.115
8030.000 5.617
8035.000 5.791
8040.000 6.132
8045.000 6.513
8050.000 7.837
8055.000 9.119
8060.000 9.718
8065.000 9.953
8070.000 9.570
8075.000 8.422
8080.000 7.611
8085.000 6.453
8090.000 5.575
8095.000 5.187
8100.000 4.573
8105.000 4.363
8110.000 3.883
8115.000 3.538
8120.000 3.412
8125.000 3.121
8130.000 3.006
8135.000 2.820
8140.000 2.629
8145.000 2.554
8150.000 2.429
8155.000 2.354
8160.000 2.240
8165.000 2.150
8170.000 2.089
8175.000 2.006
8180.000 1.973
8185.000 1.891
8190.000 1.821
8195.000 1.795
8200.000 1.731
8205.000 1.701
8210.000 1.659
8215.000 1.604
8220.000 1.587
8225.000 1.552
8230.000 1.534
8235.000 1.497
8240.000 1.468
8245.000 1.454
8250.000 1.424
8255.000 1.411
8260.000 1.386
8265.000 1.365
8270.000 1.350
8275.000 1.326
8280.000 1.317
8285.000 1.293
8290.000 1.258
8295.000 1.233
8300.000 1.205
8305.000 1.199
8310.000 1.181
8315.000 1.166
8320.000 1.160
8325.000 1.151
8330.000 1.144
8335.000 1.134
8340.000 1.119
8345.000 1.113
8350.000 1.103
8355.000 1.091
8360.000 1.083
8365.000 1.076
8370.000 1.064
8375.000 1.053
8380.000 1.048
8385.000 1.038
8390.000 1.035
8395.000 1.029
8400.000 1.026
8405.000 1.025
8410.000 1.018
8415.000 1.016
8420.000 1.010
8425.000 1.007
8430.000 0.999
8435.000 0.994
8440.000 0.992
8445.000 0.981
8450.000 0.975
8455.000 0.974
8460.000 0.965
8465.000 0.962
8470.000 0.957
8475.000 0.953
8480.000 0.957
8485.000 0.949
8490.000 0.948
8495.000 0.954
8500.000 0.948
8505.000 0.947
8510.000 0.944
8515.000 0.943
8520.000 0.941
8525.000 0.933
8530.000 0.935
8535.000 0.930
8540.000 0.927
8545.000 0.922
8550.000 0.921
8555.000 0.920
8560.000 0.916
8565.000 0.913
8570.000 0.916
8575.000 0.915
8580.000 0.916
8585.000 0.919
8590.000 0.922
8595.000 0.920
8600.000 0.922
8605.000 0.919
8610.000 0.917
8615.000 0.915
8620.000 0.908
8625.000 0.910
8630.000 0.903
8635.000 0.902
8640.000 0.902
8645.000 0.904
8650.000 0.903
8655.000 0.902
8660.000 0.903
8665.000 0.904
8670.000 0.899
8675.000 0.902
8680.000 0.905
8685.000 0.910
8690.000 0.913
8695.000 0.912
8700.000 0.916
8705.000 0.915
8710.000 0.915
8715.000 0.915
8720.000 0.915
8725.000 0.918
8730.000 0.919
8735.000 0.919
8740.000 0.923
8745.000 0.927
8750.000 0.931
8755.000 0.935
8760.000 0.939
8765.000 0.940
8770.000 0.941
8775.000 0.948
8780.000 0.949
8785.000 0.948
8790.000 0.947
8795.000 0.957
8800.000 0.953
8805.000 0.953
8810.000 0.957
8815.000 0.966
8820.000 0.969
8825.000 0.955
8830.000 0.957
8835.000 0.970
8840.000 0.977
8845.000 0.993
8850.000 1.001
8855.000 1.003
8860.000 1.009
8865.000 1.011
8870.000 1.020
8875.000 1.021
8880.000 1.023
8885.000 1.032
8890.000 1.034
8895.000 1.036
8900.000 1.045
8905.000 1.050
8910.000 1.065
8915.000 1.068
8920.000 1.074
8925.000 1.095
8930.000 1.102
8935.000 1.105
8940.000 1.122
8945.000 1.132
8950.000 1.139
8955.000 1.149
8960.000 1.166
8965.000 1.167
8970.000 1.184
8975.000 1.194
8980.000 1.207
8985.000 1.220
8990.000 1.234
8995.000 1.245
9000.000 1.263
9005.000 1.286
9010.000 1.315
9015.000 1.326
9020.000 1.358
9025.000 1.361
9030.000 1.393
9035.000 1.426
9040.000 1.439
9045.000 1.467
9050.000 1.493
9055.000 1.532
9060.000 1.569
9065.000 1.589
9070.000 1.640
9075.000 1.659
9080.000 1.721
9085.000 1.787
9090.000 1.809
9095.000 1.895
9100.000 1.939
9105.000 2.013
9110.000 2.127
9115.000 2.176
9120.000 2.285
9125.000 2.355
9130.000 2.512
9135.000 2.664
9140.000 2.759
9145.000 3.004
9150.000 3.130
9155.000 3.404
9160.000 3.784
9165.000 3.994
9170.000 4.422
9175.000 4.748
9180.000 5.317
9185.000 5.824
9190.000 6.062
9195.000 6.355
9200.000 6.598
9205.000 6.784
9210.000 6.914
9215.000 6.821
9220.000 6.092
9225.000 5.633
9230.000 4.828
9235.000 3.968
9240.000 3.651
9245.000 3.148
9250.000 2.872
9255.000 2.506
9260.000 2.240
9265.000 2.083
9270.000 1.856
9275.000 1.778
9280.000 1.581
9285.000 1.430
9290.000 1.380
9295.000 1.247
9300.000 1.190
9305.000 1.109
9310.000 1.013
9315.000 0.972
9320.000 0.909
9325.000 0.877
9330.000 0.809
9335.000 0.766
9340.000 0.733
9345.000 0.683
9350.000 0.664
9355.000 0.620
9360.000 0.582
9365.000 0.561
9370.000 0.524
9375.000 0.506
9380.000 0.480
9385.000 0.451
9390.000 0.436
9395.000 0.412
9400.000 0.403
9405.000 0.381
9410.000 0.361
9415.000 0.354
9420.000 0.340
9425.000 0.330
9430.000 0.318
9435.000 0.302
9440.000 0.297
9445.000 0.282
9450.000 0.272
9455.000 0.262
9460.000 0.250
9465.000 0.241
9470.000 0.233
9475.000 0.228
9480.000 0.217
9485.000 0.210
9490.000 0.208
9495.000 0.205
9500.000 0.196
9505.000 0.195
9510.000 0.191
9515.000 0.189
9520.000 0.188
9525.000 0.186
9530.000 0.182
9535.000 0.179
9540.000 0.180
9545.000 0.175
9550.000 0.172
9555.000 0.168
9560.000 0.166
9565.000 0.160
9570.000 0.160
9575.000 0.153
9580.000 0.155
9585.000 0.154
9590.000 0.156
9595.000 0.152
9600.000 0.155
9605.000 0.159
9610.000 0.159
9615.000 0.160
9620.000 0.164
9625.000 0.162
9630.000 0.162
9635.000 0.161
9640.000 0.165
9645.000 0.157
9650.000 0.155
9655.000 0.156
9660.000 0.154
9665.000 0.152
9670.000 0.152
9675.000 0.153
9680.000 0.156
9685.000 0.157
9690.000 0.154
9695.000 0.160
9700.000 0.159
9705.000 0.163
9710.000 0.166
9715.000 0.165
9720.000 0.166
9725.000 0.164
9730.000 0.169
9735.000 0.166
9740.000 0.156
9745.000 0.156
9750.000 0.154
9755.000 0.155
9760.000 0.154
9765.000 0.150
9770.000 0.154
9775.000 0.153
9780.000 0.154
9785.000 0.158
9790.000 0.154
9795.000 0.156
9800.000 0.148
9805.000 0.137
9810.000 0.165
9815.000 0.137
9820.000 0.133
9825.000 0.133
9830.000 0.133
9835.000 0.131
9840.000 0.140
9845.000 0.144
9850.000 0.144
9855.000 0.143
9860.000 0.148
9865.000 0.148
9870.000 0.152
9875.000 0.151
9880.000 0.155
9885.000 0.153
9890.000 0.155
9895.000 0.156
9900.000 0.152
9905.000 0.154
9910.000 0.150
9915.000 0.143
9920.000 0.142
9925.000 0.139
9930.000 0.136
9935.000 0.133
9940.000 0.130
9945.000 0.126
9950.000 0.131
9955.000 0.130
9960.000 0.132
9965.000 0.129
9970.000 0.130
9975.000 0.130
9980.000 0.127
9985.000 0.123
9990.000 0.119
9995.000 0.114
10000.000 0.114
10005.000 0.109
10010.000 0.108
10015.000 0.095
10020.000 0.093
10025.000 0.090
10030.000 0.091
10035.000 0.090
10040.000 0.083
10045.000 0.084
10050.000 0.082
10055.000 0.077
10060.000 0.080
10065.000 0.076
10070.000 0.069
10075.000 0.066
10080.000 0.062
10085.000 0.058
10090.000 0.056
10095.000 0.053
10100.000 0.051
10105.000 0.051
10110.000 0.055
10115.000 0.060
10120.000 0.063
10125.000 0.068
10130.000 0.075
10135.000 0.080
10140.000 0.086
10145.000 0.090
10150.000 0.103
10155.000 0.114
10160.000 0.118
10165.000 0.132
10170.000 0.138
10175.000 0.163
10180.000 0.181
10185.000 0.192
10190.000 0.217
10195.000 0.231
10200.000 0.255
10205.000 0.287
10210.000 0.298
10215.000 0.323
10220.000 0.343
10225.000 0.381
10230.000 0.410
10235.000 0.437
10240.000 0.481
10245.000 0.502
10250.000 0.565
10255.000 0.624
10260.000 0.652
10265.000 0.740
10270.000 0.782
10275.000 0.864
10280.000 0.989
10285.000 1.048
10290.000 1.171
10295.000 1.248
10300.000 1.452
10305.000 1.640
10310.000 1.765
10315.000 2.094
10320.000 2.273
10325.000 2.623
10330.000 3.177
10335.000 3.451
10340.000 3.952
10345.000 4.265
10350.000 4.609
10355.000 4.614
10360.000 4.458
10365.000 4.021
10370.000 3.846
10375.000 3.334
10380.000 2.965
10385.000 2.840
10390.000 2.526
10395.000 2.412
10400.000 2.238
10405.000 2.049
10410.000 1.977
10415.000 1.871
10420.000 1.798
10425.000 1.696
10430.000 1.618
10435.000 1.562
10440.000 1.490
10445.000 1.471
10450.000 1.399
10455.000 1.348
10460.000 1.332
10465.000 1.285
10470.000 1.263
10475.000 1.236
10480.000 1.205
10485.000 1.187
10490.000 1.165
10495.000 1.156
10500.000 1.129
10505.000 1.109
10510.000 1.103
10515.000 1.076
10520.000 1.068
10525.000 1.041
10530.000 1.009
10535.000 0.996
10540.000 0.963
10545.000 0.952
10550.000 0.929
10555.000 0.917
10560.000 0.908
10565.000 0.896
10570.000 0.895
10575.000 0.888
10580.000 0.877
10585.000 0.876
10590.000 0.868
10595.000 0.864
10600.000 0.854
10605.000 0.845
10610.000 0.839
10615.000 0.827
10620.000 0.820
10625.000 0.818
10630.000 0.803
10635.000 0.800
10640.000 0.791
10645.000 0.792
10650.000 0.786
10655.000 0.782
10660.000 0.782
10665.000 0.780
10670.000 0.775
10675.000 0.770
10680.000 0.766
10685.000 0.764
10690.000 0.761
10695.000 0.756
10700.000 0.750
10705.000 0.741
10710.000 0.739
10715.000 0.734
10720.000 0.729
10725.000 0.726
10730.000 0.721
10735.000 0.722
10740.000 0.720
10745.000 0.720
10750.000 0.713
10755.000 0.719
10760.000 0.717
10765.000 0.713
10770.000 0.714
10775.000 0.709
10780.000 0.709
10785.000 0.704
10790.000 0.699
10795.000 0.697
10800.000 0.691
10805.000 0.690
10810.000 0.689
10815.000 0.687
10820.000 0.687
10825.000 0.681
10830.000 0.685
10835.000 0.686
10840.000 0.686
10845.000 0.682
10850.000 0.687
10855.000 0.684
10860.000 0.682
10865.000 0.677
10870.000 0.678
10875.000 0.677
10880.000 0.672
10885.000 0.670
10890.000 0.669
10895.000 0.667
10900.000 0.668
10905.000 0.664
10910.000 0.671
10915.000 0.665
10920.000 0.666
10925.000 0.668
10930.000 0.673
10935.000 0.673
10940.000 0.674
10945.000 0.674
10950.000 0.670
10955.000 0.671
10960.000 0.666
10965.000 0.668
10970.000 0.663
10975.000 0.661
10980.000 0.664
10985.000 0.659
10990.000 0.657
10995.000 0.664
11000.000 0.659
11005.000 0.666
11010.000 0.659
11015.000 0.669
11020.000 0.673
11025.000 0.670
11030.000 0.674
11035.000 0.668
11040.000 0.670
11045.000 0.673
11050.000 0.666
11055.000 0.667
11060.000 0.665
11065.000 0.665
11070.000 0.666
11075.000 0.669
11080.000 0.670
11085.000 0.670
11090.000 0.675
11095.000 0.676
11100.000 0.679
11105.000 0.680
11110.000 0.684
11115.000 0.686
11120.000 0.684
11125.000 0.685
11130.000 0.687
11135.000 0.690
11140.000 0.687
11145.000 0.685
11150.000 0.690
11155.000 0.687
11160.000 0.691
11165.000 0.695
11170.000 0.697
11175.000 0.700
11180.000 0.702
11185.000 0.707
11190.000 0.712
11195.000 0.712
11200.000 0.718
11205.000 0.720
11210.000 0.723
11215.000 0.727
11220.000 0.727
11225.000 0.730
11230.000 0.729
11235.000 0.732
11240.000 0.734
11245.000 0.738
11250.000 0.744
11255.000 0.747
11260.000 0.755
11265.000 0.761
11270.000 0.766
11275.000 0.774
11280.000 0.776
11285.000 0.788
11290.000 0.791
11295.000 0.797
11300.000 0.805
11305.000 0.810
11310.000 0.816
11315.000 0.829
11320.000 0.839
11325.000 0.854
11330.000 0.860
11335.000 0.877
11340.000 0.884
11345.000 0.904
11350.000 0.917
11355.000 0.925
11360.000 0.950
11365.000 0.960
11370.000 0.978
11375.000 1.003
11380.000 1.018
11385.000 1.034
11390.000 1.063
11395.000 1.083
11400.000 1.108
11405.000 1.132
11410.000 1.172
11415.000 1.192
11420.000 1.245
11425.000 1.302
11430.000 1.324
11435.000 1.413
11440.000 1.449
11445.000 1.526
11450.000 1.649
11455.000 1.712
11460.000 1.825
11465.000 1.900
11470.000 2.095
11475.000 2.261
11480.000 2.359
11485.000 2.585
11490.000 2.665
11495.000 2.743
11500.000 2.682
11505.000 2.583
11510.000 2.321
11515.000 2.108
11520.000 1.763
11525.000 1.468
11530.000 1.327
11535.000 1.104
11540.000 1.033
11545.000 0.844
11550.000 0.714
11555.000 0.596
11560.000 0.551
11565.000 0.477
11570.000 0.441
11575.000 0.366
11580.000 0.336
11585.000 0.294
11590.000 0.265
11595.000 0.221
11600.000 0.186
11605.000 0.167
11610.000 0.134
11615.000 0.120
11620.000 0.087
11625.000 0.074
11630.000 0.051
11635.000 0.033
11640.000 0.029
11645.000 0.029
11650.000 0.030
11655.000 0.043
11660.000 0.052
11665.000 0.056
11670.000 0.070
11675.000 0.075
11680.000 0.086
11685.000 0.095
11690.000 0.104
11695.000 0.116
11700.000 0.120
11705.000 0.130
11710.000 0.139
11715.000 0.145
11720.000 0.152
11725.000 0.155
11730.000 0.164
11735.000 0.170
11740.000 0.170
11745.000 0.176
11750.000 0.177
11755.000 0.181
11760.000 0.190
11765.000 0.188
11770.000 0.195
11775.000 0.200
11780.000 0.201
11785.000 0.210
11790.000 0.209
11795.000 0.213
11800.000 0.214
11805.000 0.223
11810.000 0.226
11815.000 0.226
11820.000 0.228
11825.000 0.231
11830.000 0.232
11835.000 0.232
11840.000 0.234
11845.000 0.237
11850.000 0.240
11855.000 0.240
11860.000 0.243
11865.000 0.247
11870.000 0.246
11875.000 0.247
11880.000 0.250
11885.000 0.255
11890.000 0.255
11895.000 0.261
11900.000 0.263
11905.000 0.260
11910.000 0.260
11915.000 0.264
11920.000 0.265
11925.000 0.258
11930.000 0.261
11935.000 0.263
11940.000 0.262
11945.000 0.265
11950.000 0.265
11955.000 0.266
11960.000 0.266
11965.000 0.270
11970.000 0.275
11975.000 0.274
11980.000 0.275
11985.000 0.275
11990.000 0.279
11995.000 0.277
12000.000 0.276
