105.000 0.500
110.000 16.679
115.000 17.152
120.000 17.803
125.000 18.642
130.000 18.767
135.000 19.158
140.000 19.303
145.000 19.592
150.000 19.935
155.000 19.977
160.000 20.284
165.000 20.364
170.000 20.598
175.000 20.780
180.000 20.835
185.000 20.949
190.000 21.104
195.000 21.237
200.000 21.376
205.000 21.419
210.000 21.619
215.000 21.686
220.000 21.938
225.000 22.174
230.000 22.240
235.000 22.462
240.000 22.551
245.000 22.818
250.000 23.152
255.000 23.239
260.000 23.523
265.000 23.687
270.000 24.073
275.000 24.394
280.000 24.593
285.000 25.043
290.000 25.255
295.000 25.732
300.000 26.185
305.000 26.511
310.000 27.084
315.000 27.404
320.000 28.106
325.000 28.887
330.000 29.299
335.000 30.156
340.000 30.598
345.000 31.611
350.000 32.684
355.000 33.288
360.000 34.501
365.000 35.143
370.000 36.609
375.000 38.149
380.000 38.923
385.000 40.653
390.000 41.522
395.000 43.397
400.000 45.282
405.000 46.229
410.000 48.068
415.000 48.972
420.000 50.579
425.000 51.887
430.000 52.336
435.000 52.763
440.000 52.725
445.000 52.125
450.000 50.773
455.000 49.864
460.000 47.545
465.000 46.284
470.000 43.538
475.000 40.584
480.000 39.020
485.000 36.195
490.000 34.834
495.000 32.229
500.000 29.872
505.000 28.721
510.000 26.582
515.000 25.641
520.000 23.823
525.000 22.157
530.000 21.391
535.000 19.970
540.000 19.316
545.000 18.101
550.000 16.975
555.000 16.451
560.000 15.477
565.000 15.044
570.000 14.173
575.000 13.388
580.000 13.018
585.000 12.338
590.000 12.018
595.000 11.402
600.000 10.817
605.000 10.554
610.000 10.036
615.000 9.792
620.000 9.331
625.000 9.087
630.000 8.678
635.000 8.291
640.000 8.099
645.000 7.745
650.000 7.578
655.000 7.253
660.000 6.954
665.000 6.805
670.000 6.529
675.000 6.405
680.000 6.145
685.000 5.917
690.000 5.807
695.000 5.575
700.000 5.472
705.000 5.269
710.000 5.075
715.000 4.980
720.000 4.797
725.000 4.730
730.000 4.566
735.000 4.391
740.000 4.305
745.000 4.146
750.000 4.072
755.000 3.928
760.000 3.790
765.000 3.733
770.000 3.595
775.000 3.530
780.000 3.419
785.000 3.324
790.000 3.277
795.000 3.209
800.000 3.177
805.000 3.095
810.000 2.998
815.000 2.955
820.000 2.855
825.000 2.811
830.000 2.721
835.000 2.637
840.000 2.588
845.000 2.507
850.000 2.472
855.000 2.398
860.000 2.329
865.000 2.281
870.000 2.217
875.000 2.191
880.000 2.122
885.000 2.071
890.000 2.029
895.000 1.973
900.000 1.951
905.000 1.899
910.000 1.855
915.000 1.827
920.000 1.784
925.000 1.761
930.000 1.711
935.000 1.692
940.000 1.665
945.000 1.626
950.000 1.605
955.000 1.576
960.000 1.552
965.000 1.520
970.000 1.491
975.000 1.466
980.000 1.444
985.000 1.434
990.000 1.409
995.000 1.392
1000.000 1.368
1005.000 1.340
1010.000 1.331
1015.000 1.329
1020.000 1.306
1025.000 1.303
1030.000 1.287
1035.000 1.275
1040.000 1.268
1045.000 1.274
1050.000 1.270
1055.000 1.266
1060.000 1.266
1065.000 1.269
1070.000 1.275
1075.000 1.274
1080.000 1.277
1085.000 1.280
1090.000 1.290
1095.000 1.288
1100.000 1.288
1105.000 1.315
1110.000 1.322
1115.000 1.339
1120.000 1.352
1125.000 1.366
1130.000 1.384
1135.000 1.393
1140.000 1.418
1145.000 1.441
1150.000 1.455
1155.000 1.487
1160.000 1.491
1165.000 1.525
1170.000 1.552
1175.000 1.564
1180.000 1.604
1185.000 1.618
1190.000 1.653
1195.000 1.691
1200.000 1.707
1205.000 1.747
1210.000 1.771
1215.000 1.808
1220.000 1.850
1225.000 1.879
1230.000 1.923
1235.000 1.941
1240.000 1.991
1245.000 2.038
1250.000 2.067
1255.000 2.123
1260.000 2.143
1265.000 2.199
1270.000 2.262
1275.000 2.293
1280.000 2.349
1285.000 2.381
1290.000 2.453
1295.000 2.513
1300.000 2.547
1305.000 2.627
1310.000 2.658
1315.000 2.729
1320.000 2.805
1325.000 2.848
1330.000 2.920
1335.000 2.967
1340.000 3.052
1345.000 3.135
1350.000 3.184
1355.000 3.268
1360.000 3.315
1365.000 3.417
1370.000 3.519
1375.000 3.567
1380.000 3.678
1385.000 3.731
1390.000 3.846
1395.000 3.967
1400.000 4.028
1405.000 4.151
1410.000 4.219
1415.000 4.355
1420.000 4.496
1425.000 4.566
1430.000 4.718
1435.000 4.795
1440.000 4.954
1445.000 5.116
1450.000 5.202
1455.000 5.378
1460.000 5.469
1465.000 5.658
1470.000 5.858
1475.000 5.952
1480.000 6.167
1485.000 6.278
1490.000 6.509
1495.000 6.744
1500.000 6.854
1505.000 7.112
1510.000 7.237
1515.000 7.520
1520.000 7.664
1525.000 7.947
1530.000 8.242
1535.000 8.399
1540.000 8.714
1545.000 8.873
1550.000 9.203
1555.000 9.542
1560.000 9.705
1565.000 10.064
1570.000 10.241
1575.000 10.602
1580.000 10.969
1585.000 11.152
1590.000 11.516
1595.000 11.689
1600.000 12.064
1605.000 12.452
1610.000 12.630
1615.000 13.061
1620.000 13.298
1625.000 13.847
1630.000 14.622
1635.000 15.096
1640.000 16.226
1645.000 16.994
1650.000 18.865
1655.000 21.311
1660.000 22.922
1665.000 26.625
1670.000 28.837
1675.000 34.054
1680.000 40.389
1685.000 43.938
1690.000 51.774
1695.000 55.852
1700.000 63.554
1705.000 68.897
1710.000 70.469
1715.000 70.395
1720.000 69.100
1725.000 64.803
1730.000 59.644
1735.000 57.188
1740.000 52.144
1745.000 49.890
1750.000 45.901
1755.000 42.286
1760.000 40.728
1765.000 37.983
1770.000 36.663
1775.000 34.398
1780.000 32.478
1785.000 31.535
1790.000 29.901
1795.000 29.174
1800.000 27.813
1805.000 26.601
1810.000 26.070
1815.000 24.959
1820.000 24.494
1825.000 23.626
1830.000 22.810
1835.000 22.440
1840.000 21.772
1845.000 21.446
1850.000 20.831
1855.000 20.294
1860.000 20.029
1865.000 19.523
1870.000 19.287
1875.000 18.848
1880.000 18.422
1885.000 18.226
1890.000 17.860
1895.000 17.669
1900.000 17.328
1905.000 17.016
1910.000 16.854
1915.000 16.552
1920.000 16.420
1925.000 16.133
1930.000 15.869
1935.000 15.750
1940.000 15.502
1945.000 15.379
1950.000 15.157
1955.000 14.924
1960.000 14.827
1965.000 14.622
1970.000 14.523
1975.000 14.322
1980.000 14.129
1985.000 14.027
1990.000 13.835
1995.000 13.763
2000.000 13.570
2005.000 13.389
2010.000 13.298
2015.000 13.136
2020.000 13.040
2025.000 12.861
2030.000 12.700
2035.000 12.601
2040.000 12.445
2045.000 12.360
2050.000 12.194
2055.000 11.993
2060.000 11.922
2065.000 11.742
2070.000 11.669
2075.000 11.501
2080.000 11.335
2085.000 11.252
2090.000 11.087
2095.000 10.998
2100.000 10.829
2105.000 10.665
2110.000 10.568
2115.000 10.390
2120.000 10.303
2125.000 10.134
2130.000 10.047
2135.000 9.876
2140.000 9.706
2145.000 9.619
2150.000 9.446
2155.000 9.369
2160.000 9.192
2165.000 9.022
2170.000 8.949
2175.000 8.773
2180.000 8.696
2185.000 8.539
2190.000 8.374
2195.000 8.302
2200.000 8.150
2205.000 8.066
2210.000 7.920
2215.000 7.770
2220.000 7.696
2225.000 7.547
2230.000 7.474
2235.000 7.327
2240.000 7.189
2245.000 7.121
2250.000 6.985
2255.000 6.917
2260.000 6.790
2265.000 6.655
2270.000 6.596
2275.000 6.472
2280.000 6.416
2285.000 6.297
2290.000 6.180
2295.000 6.125
2300.000 6.005
2305.000 5.952
2310.000 5.852
2315.000 5.739
2320.000 5.686
2325.000 5.587
2330.000 5.531
2335.000 5.430
2340.000 5.334
2345.000 5.279
2350.000 5.186
2355.000 5.144
2360.000 5.052
2365.000 4.967
2370.000 4.928
2375.000 4.845
2380.000 4.802
2385.000 4.727
2390.000 4.647
2395.000 4.607
2400.000 4.538
2405.000 4.500
2410.000 4.424
2415.000 4.353
2420.000 4.323
2425.000 4.248
2430.000 4.217
2435.000 4.155
2440.000 4.087
2445.000 4.058
2450.000 4.004
2455.000 3.966
2460.000 3.908
2465.000 3.855
2470.000 3.819
2475.000 3.765
2480.000 3.740
2485.000 3.684
2490.000 3.629
2495.000 3.610
2500.000 3.557
2505.000 3.530
2510.000 3.485
2515.000 3.435
2520.000 3.414
2525.000 3.375
2530.000 3.357
2535.000 3.314
2540.000 3.276
2545.000 3.257
2550.000 3.224
2555.000 3.200
2560.000 3.170
2565.000 3.132
2570.000 3.116
2575.000 3.083
2580.000 3.068
2585.000 3.040
2590.000 3.010
2595.000 2.992
2600.000 2.966
2605.000 2.953
2610.000 2.925
2615.000 2.897
2620.000 2.884
2625.000 2.860
2630.000 2.846
2635.000 2.823
2640.000 2.802
2645.000 2.787
2650.000 2.768
2655.000 2.756
2660.000 2.733
2665.000 2.714
2670.000 2.705
2675.000 2.680
2680.000 2.675
2685.000 2.654
2690.000 2.632
2695.000 2.626
2700.000 2.612
2705.000 2.602
2710.000 2.587
2715.000 2.579
2720.000 2.563
2725.000 2.548
2730.000 2.547
2735.000 2.532
2740.000 2.521
2745.000 2.510
2750.000 2.501
2755.000 2.493
2760.000 2.481
2765.000 2.476
2770.000 2.464
2775.000 2.453
2780.000 2.448
2785.000 2.438
2790.000 2.436
2795.000 2.428
2800.000 2.418
2805.000 2.416
2810.000 2.403
2815.000 2.408
2820.000 2.395
2825.000 2.385
2830.000 2.384
2835.000 2.374
2840.000 2.378
2845.000 2.368
2850.000 2.364
2855.000 2.364
2860.000 2.361
2865.000 2.359
2870.000 2.355
2875.000 2.354
2880.000 2.351
2885.000 2.352
2890.000 2.354
2895.000 2.349
2900.000 2.350
2905.000 2.350
2910.000 2.353
2915.000 2.351
2920.000 2.356
2925.000 2.354
2930.000 2.353
2935.000 2.357
2940.000 2.355
2945.000 2.357
2950.000 2.371
2955.000 2.363
2960.000 2.367
2965.000 2.380
2970.000 2.376
2975.000 2.379
2980.000 2.392
2985.000 2.392
2990.000 2.400
2995.000 2.415
3000.000 2.408
3005.000 2.416
3010.000 2.420
3015.000 2.434
3020.000 2.435
3025.000 2.450
3030.000 2.461
3035.000 2.487
3040.000 2.490
3045.000 2.497
3050.000 2.519
3055.000 2.511
3060.000 2.538
3065.000 2.538
3070.000 2.560
3075.000 2.582
3080.000 2.591
3085.000 2.610
3090.000 2.620
3095.000 2.642
3100.000 2.661
3105.000 2.675
3110.000 2.699
3115.000 2.714
3120.000 2.739
3125.000 2.767
3130.000 2.780
3135.000 2.809
3140.000 2.828
3145.000 2.859
3150.000 2.894
3155.000 2.909
3160.000 2.947
3165.000 2.965
3170.000 3.004
3175.000 3.046
3180.000 3.065
3185.000 3.113
3190.000 3.135
3195.000 3.180
3200.000 3.237
3205.000 3.263
3210.000 3.317
3215.000 3.348
3220.000 3.409
3225.000 3.470
3230.000 3.505
3235.000 3.577
3240.000 3.614
3245.000 3.692
3250.000 3.771
3255.000 3.809
3260.000 3.901
3265.000 3.952
3270.000 4.046
3275.000 4.157
3280.000 4.214
3285.000 4.327
3290.000 4.388
3295.000 4.526
3300.000 4.601
3305.000 4.743
3310.000 4.911
3315.000 4.997
3320.000 5.168
3325.000 5.273
3330.000 5.479
3335.000 5.693
3340.000 5.821
3345.000 6.082
3350.000 6.205
3355.000 6.519
3360.000 6.849
3365.000 7.019
3370.000 7.428
3375.000 7.644
3380.000 8.097
3385.000 8.659
3390.000 8.958
3395.000 9.604
3400.000 9.972
3405.000 10.852
3410.000 11.802
3415.000 12.401
3420.000 13.738
3425.000 14.502
3430.000 16.207
3435.000 18.489
3440.000 19.794
3445.000 22.777
3450.000 24.647
3455.000 28.642
3460.000 32.630
3465.000 34.562
3470.000 36.411
3475.000 36.137
3480.000 32.926
3485.000 28.191
3490.000 26.074
3495.000 21.860
3500.000 20.175
3505.000 17.484
3510.000 15.182
3515.000 14.263
3520.000 12.760
3525.000 12.030
3530.000 10.871
3535.000 9.949
3540.000 9.482
3545.000 8.728
3550.000 8.400
3555.000 7.793
3560.000 7.270
3565.000 7.053
3570.000 6.598
3575.000 6.400
3580.000 6.045
3585.000 5.711
3590.000 5.558
3595.000 5.275
3600.000 5.140
3605.000 4.894
3610.000 4.684
3615.000 4.582
3620.000 4.374
3625.000 4.286
3630.000 4.118
3635.000 3.957
3640.000 3.881
3645.000 3.745
3650.000 3.673
3655.000 3.548
3660.000 3.433
3665.000 3.373
3670.000 3.263
3675.000 3.217
3680.000 3.117
3685.000 3.022
3690.000 2.982
3695.000 2.892
3700.000 2.854
3705.000 2.776
3710.000 2.699
3715.000 2.668
3720.000 2.604
3725.000 2.572
3730.000 2.502
3735.000 2.450
3740.000 2.420
3745.000 2.359
3750.000 2.335
3755.000 2.282
3760.000 2.233
3765.000 2.208
3770.000 2.159
3775.000 2.140
3780.000 2.093
3785.000 2.054
3790.000 2.034
3795.000 1.994
3800.000 1.979
3805.000 1.940
3810.000 1.905
3815.000 1.888
3820.000 1.857
3825.000 1.842
3830.000 1.808
3835.000 1.779
3840.000 1.767
3845.000 1.738
3850.000 1.721
3855.000 1.697
3860.000 1.672
3865.000 1.657
3870.000 1.628
3875.000 1.622
3880.000 1.598
3885.000 1.572
3890.000 1.564
3895.000 1.543
3900.000 1.532
3905.000 1.514
3910.000 1.504
3915.000 1.488
3920.000 1.465
3925.000 1.459
3930.000 1.443
3935.000 1.431
3940.000 1.411
3945.000 1.397
3950.000 1.390
3955.000 1.370
3960.000 1.369
3965.000 1.346
3970.000 1.344
3975.000 1.339
3980.000 1.313
3985.000 1.304
3990.000 1.292
3995.000 1.281
4000.000 1.275
4005.000 1.269
4010.000 1.262
4015.000 1.250
4020.000 1.232
4025.000 1.240
4030.000 1.221
4035.000 1.217
4040.000 1.206
4045.000 1.195
4050.000 1.201
4055.000 1.188
4060.000 1.174
4065.000 1.177
4070.000 1.168
4075.000 1.163
4080.000 1.152
4085.000 1.150
4090.000 1.143
4095.000 1.133
4100.000 1.129
4105.000 1.121
4110.000 1.116
4115.000 1.111
4120.000 1.108
4125.000 1.102
4130.000 1.093
4135.000 1.088
4140.000 1.085
4145.000 1.080
4150.000 1.072
4155.000 1.072
4160.000 1.069
4165.000 1.061
4170.000 1.057
4175.000 1.050
4180.000 1.045
4185.000 1.044
4190.000 1.031
4195.000 1.031
4200.000 1.022
4205.000 1.014
4210.000 1.005
4215.000 0.996
4220.000 0.990
4225.000 0.977
4230.000 0.967
4235.000 0.965
4240.000 0.958
4245.000 0.953
4250.000 0.950
4255.000 0.944
4260.000 0.944
4265.000 0.943
4270.000 0.947
4275.000 0.943
4280.000 0.941
4285.000 0.943
4290.000 0.940
4295.000 0.942
4300.000 0.939
4305.000 0.942
4310.000 0.939
4315.000 0.943
4320.000 0.941
4325.000 0.941
4330.000 0.943
4335.000 0.945
4340.000 0.947
4345.000 0.947
4350.000 0.950
4355.000 0.948
4360.000 0.952
4365.000 0.950
4370.000 0.949
4375.000 0.947
4380.000 0.946
4385.000 0.947
4390.000 0.950
4395.000 0.950
4400.000 0.952
4405.000 0.956
4410.000 0.955
4415.000 0.961
4420.000 0.961
4425.000 0.965
4430.000 0.964
4435.000 0.970
4440.000 0.970
4445.000 0.974
4450.000 0.977
4455.000 0.979
4460.000 0.982
4465.000 0.982
4470.000 0.982
4475.000 0.985
4480.000 0.991
4485.000 0.991
4490.000 1.001
4495.000 1.000
4500.000 1.007
4505.000 1.010
4510.000 1.015
4515.000 1.022
4520.000 1.027
4525.000 1.035
4530.000 1.041
4535.000 1.048
4540.000 1.051
4545.000 1.053
4550.000 1.064
4555.000 1.072
4560.000 1.073
4565.000 1.080
4570.000 1.087
4575.000 1.095
4580.000 1.106
4585.000 1.112
4590.000 1.122
4595.000 1.129
4600.000 1.132
4605.000 1.143
4610.000 1.148
4615.000 1.157
4620.000 1.162
4625.000 1.172
4630.000 1.179
4635.000 1.180
4640.000 1.187
4645.000 1.190
4650.000 1.193
4655.000 1.196
4660.000 1.197
4665.000 1.198
4670.000 1.200
4675.000 1.194
4680.000 1.188
4685.000 1.195
4690.000 1.188
4695.000 1.185
4700.000 1.181
4705.000 1.170
4710.000 1.165
4715.000 1.158
4720.000 1.159
4725.000 1.150
4730.000 1.141
4735.000 1.142
4740.000 1.143
4745.000 1.138
4750.000 1.148
4755.000 1.152
4760.000 1.157
4765.000 1.169
4770.000 1.176
4775.000 1.193
4780.000 1.219
4785.000 1.232
4790.000 1.257
4795.000 1.273
4800.000 1.305
4805.000 1.321
4810.000 1.358
4815.000 1.397
4820.000 1.413
4825.000 1.458
4830.000 1.479
4835.000 1.530
4840.000 1.585
4845.000 1.613
4850.000 1.673
4855.000 1.705
4860.000 1.770
4865.000 1.840
4870.000 1.877
4875.000 1.956
4880.000 1.993
4885.000 2.067
4890.000 2.156
4895.000 2.197
4900.000 2.290
4905.000 2.334
4910.000 2.421
4915.000 2.519
4920.000 2.574
4925.000 2.678
4930.000 2.728
4935.000 2.843
4940.000 2.965
4945.000 3.023
4950.000 3.165
4955.000 3.243
4960.000 3.383
4965.000 3.545
4970.000 3.640
4975.000 3.810
4980.000 3.908
4985.000 4.114
4990.000 4.308
4995.000 4.443
5000.000 4.680
5005.000 4.784
5010.000 5.049
5015.000 5.316
5020.000 5.424
5025.000 5.722
5030.000 5.888
5035.000 6.213
5040.000 6.609
5045.000 6.805
5050.000 7.176
5055.000 7.392
5060.000 7.860
5065.000 8.310
5070.000 8.560
5075.000 9.136
5080.000 9.424
5085.000 10.048
5090.000 10.784
5095.000 11.166
5100.000 11.950
5105.000 12.458
5110.000 13.455
5115.000 14.522
5120.000 15.229
5125.000 16.638
5130.000 17.330
5135.000 19.217
5140.000 21.321
5145.000 22.363
5150.000 25.260
5155.000 26.836
5160.000 30.167
5165.000 34.643
5170.000 36.940
5175.000 41.371
5180.000 43.696
5185.000 47.149
5190.000 47.684
5195.000 46.714
5200.000 42.429
5205.000 39.827
5210.000 34.645
5215.000 29.835
5220.000 27.783
5225.000 24.330
5230.000 22.739
5235.000 20.182
5240.000 17.990
5245.000 17.075
5250.000 15.547
5255.000 14.816
5260.000 13.453
5265.000 12.409
5270.000 11.924
5275.000 10.973
5280.000 10.574
5285.000 9.884
5290.000 9.191
5295.000 8.893
5300.000 8.376
5305.000 8.094
5310.000 7.629
5315.000 7.234
5320.000 7.012
5325.000 6.650
5330.000 6.503
5335.000 6.163
5340.000 5.869
5345.000 5.753
5350.000 5.474
5355.000 5.356
5360.000 5.141
5365.000 4.915
5370.000 4.812
5375.000 4.631
5380.000 4.524
5385.000 4.349
5390.000 4.269
5395.000 4.113
5400.000 3.971
5405.000 3.904
5410.000 3.778
5415.000 3.713
5420.000 3.596
5425.000 3.484
5430.000 3.428
5435.000 3.326
5440.000 3.282
5445.000 3.181
5450.000 3.094
5455.000 3.055
5460.000 2.964
5465.000 2.926
5470.000 2.854
5475.000 2.778
5480.000 2.741
5485.000 2.678
5490.000 2.644
5495.000 2.585
5500.000 2.531
5505.000 2.495
5510.000 2.440
5515.000 2.417
5520.000 2.359
5525.000 2.311
5530.000 2.296
5535.000 2.242
5540.000 2.219
5545.000 2.178
5550.000 2.137
5555.000 2.116
5560.000 2.079
5565.000 2.061
5570.000 2.020
5575.000 1.989
5580.000 1.972
5585.000 1.945
5590.000 1.924
5595.000 1.895
5600.000 1.864
5605.000 1.851
5610.000 1.821
5615.000 1.808
5620.000 1.784
5625.000 1.755
5630.000 1.742
5635.000 1.719
5640.000 1.709
5645.000 1.684
5650.000 1.660
5655.000 1.654
5660.000 1.633
5665.000 1.623
5670.000 1.603
5675.000 1.582
5680.000 1.569
5685.000 1.558
5690.000 1.545
5695.000 1.528
5700.000 1.511
5705.000 1.501
5710.000 1.485
5715.000 1.480
5720.000 1.458
5725.000 1.447
5730.000 1.438
5735.000 1.429
5740.000 1.420
5745.000 1.408
5750.000 1.391
5755.000 1.391
5760.000 1.377
5765.000 1.373
5770.000 1.360
5775.000 1.350
5780.000 1.346
5785.000 1.330
5790.000 1.330
5795.000 1.317
5800.000 1.307
5805.000 1.299
5810.000 1.294
5815.000 1.287
5820.000 1.279
5825.000 1.273
5830.000 1.271
5835.000 1.263
5840.000 1.258
5845.000 1.254
5850.000 1.246
5855.000 1.244
5860.000 1.235
5865.000 1.232
5870.000 1.226
5875.000 1.216
5880.000 1.214
5885.000 1.207
5890.000 1.201
5895.000 1.196
5900.000 1.190
5905.000 1.187
5910.000 1.181
5915.000 1.181
5920.000 1.177
5925.000 1.169
5930.000 1.171
5935.000 1.166
5940.000 1.164
5945.000 1.162
5950.000 1.153
5955.000 1.155
5960.000 1.152
5965.000 1.142
5970.000 1.139
5975.000 1.142
5980.000 1.130
5985.000 1.138
5990.000 1.122
5995.000 1.121
6000.000 1.122
6005.000 1.129
6010.000 1.122
6015.000 1.113
6020.000 1.117
6025.000 1.115
6030.000 1.124
6035.000 1.115
6040.000 1.111
6045.000 1.110
6050.000 1.103
6055.000 1.102
6060.000 1.100
6065.000 1.098
6070.000 1.097
6075.000 1.098
6080.000 1.096
6085.000 1.097
6090.000 1.097
6095.000 1.097
6100.000 1.097
6105.000 1.098
6110.000 1.098
6115.000 1.098
6120.000 1.093
6125.000 1.091
6130.000 1.095
6135.000 1.091
6140.000 1.093
6145.000 1.090
6150.000 1.089
6155.000 1.090
6160.000 1.087
6165.000 1.088
6170.000 1.092
6175.000 1.092
6180.000 1.092
6185.000 1.096
6190.000 1.095
6195.000 1.098
6200.000 1.101
6205.000 1.104
6210.000 1.102
6215.000 1.101
6220.000 1.102
6225.000 1.102
6230.000 1.103
6235.000 1.102
6240.000 1.108
6245.000 1.110
6250.000 1.109
6255.000 1.112
6260.000 1.118
6265.000 1.121
6270.000 1.124
6275.000 1.129
6280.000 1.134
6285.000 1.136
6290.000 1.137
6295.000 1.141
6300.000 1.137
6305.000 1.147
6310.000 1.157
6315.000 1.150
6320.000 1.153
6325.000 1.155
6330.000 1.162
6335.000 1.169
6340.000 1.172
6345.000 1.180
6350.000 1.182
6355.000 1.190
6360.000 1.198
6365.000 1.197
6370.000 1.209
6375.000 1.211
6380.000 1.217
6385.000 1.223
6390.000 1.226
6395.000 1.233
6400.000 1.234
6405.000 1.243
6410.000 1.248
6415.000 1.251
6420.000 1.262
6425.000 1.264
6430.000 1.276
6435.000 1.283
6440.000 1.288
6445.000 1.305
6450.000 1.306
6455.000 1.317
6460.000 1.328
6465.000 1.335
6470.000 1.342
6475.000 1.348
6480.000 1.362
6485.000 1.369
6490.000 1.377
6495.000 1.388
6500.000 1.396
6505.000 1.406
6510.000 1.420
6515.000 1.426
6520.000 1.444
6525.000 1.453
6530.000 1.466
6535.000 1.486
6540.000 1.494
6545.000 1.511
6550.000 1.521
6555.000 1.541
6560.000 1.556
6565.000 1.562
6570.000 1.584
6575.000 1.595
6580.000 1.611
6585.000 1.624
6590.000 1.647
6595.000 1.665
6600.000 1.685
6605.000 1.704
6610.000 1.718
6615.000 1.753
6620.000 1.783
6625.000 1.793
6630.000 1.827
6635.000 1.841
6640.000 1.875
6645.000 1.912
6650.000 1.931
6655.000 1.962
6660.000 1.979
6665.000 2.019
6670.000 2.060
6675.000 2.082
6680.000 2.130
6685.000 2.159
6690.000 2.206
6695.000 2.263
6700.000 2.293
6705.000 2.353
6710.000 2.385
6715.000 2.448
6720.000 2.521
6725.000 2.560
6730.000 2.639
6735.000 2.676
6740.000 2.765
6745.000 2.855
6750.000 2.903
6755.000 3.015
6760.000 3.074
6765.000 3.181
6770.000 3.327
6775.000 3.397
6780.000 3.542
6785.000 3.640
6790.000 3.826
6795.000 4.008
6800.000 4.134
6805.000 4.376
6810.000 4.480
6815.000 4.790
6820.000 5.126
6825.000 5.283
6830.000 5.719
6835.000 5.951
6840.000 6.422
6845.000 7.101
6850.000 7.468
6855.000 8.223
6860.000 8.713
6865.000 10.034
6870.000 11.349
6875.000 12.222
6880.000 14.427
6885.000 15.597
6890.000 17.915
6895.000 20.343
6900.000 21.016
6905.000 20.873
6910.000 19.881
6915.000 17.110
6920.000 14.476
6925.000 13.091
6930.000 11.091
6935.000 10.391
6940.000 8.891
6945.000 7.816
6950.000 7.431
6955.000 6.589
6960.000 6.249
6965.000 5.722
6970.000 5.181
6975.000 4.962
6980.000 4.616
6985.000 4.406
6990.000 4.103
6995.000 3.842
7000.000 3.706
7005.000 3.483
7010.000 3.400
7015.000 3.182
7020.000 3.016
7025.000 2.954
7030.000 2.800
7035.000 2.733
7040.000 2.616
7045.000 2.479
7050.000 2.427
7055.000 2.332
7060.000 2.279
7065.000 2.185
7070.000 2.108
7075.000 2.066
7080.000 1.983
7085.000 1.949
7090.000 1.885
7095.000 1.818
7100.000 1.785
7105.000 1.738
7110.000 1.706
7115.000 1.655
7120.000 1.608
7125.000 1.583
7130.000 1.539
7135.000 1.521
7140.000 1.473
7145.000 1.436
7150.000 1.419
7155.000 1.379
7160.000 1.361
7165.000 1.324
7170.000 1.309
7175.000 1.276
7180.000 1.248
7185.000 1.232
7190.000 1.206
7195.000 1.198
7200.000 1.171
7205.000 1.148
7210.000 1.137
7215.000 1.114
7220.000 1.105
7225.000 1.086
7230.000 1.059
7235.000 1.050
7240.000 1.032
7245.000 1.020
7250.000 1.001
7255.000 0.980
7260.000 0.975
7265.000 0.956
7270.000 0.945
7275.000 0.937
7280.000 0.921
7285.000 0.911
7290.000 0.906
7295.000 0.897
7300.000 0.884
7305.000 0.872
7310.000 0.865
7315.000 0.854
7320.000 0.849
7325.000 0.834
7330.000 0.820
7335.000 0.811
7340.000 0.802
7345.000 0.797
7350.000 0.786
7355.000 0.775
7360.000 0.772
7365.000 0.769
7370.000 0.764
7375.000 0.754
7380.000 0.748
7385.000 0.745
7390.000 0.731
7395.000 0.730
7400.000 0.721
7405.000 0.712
7410.000 0.710
7415.000 0.703
7420.000 0.693
7425.000 0.688
7430.000 0.680
7435.000 0.679
7440.000 0.672
7445.000 0.671
7450.000 0.663
7455.000 0.657
7460.000 0.655
7465.000 0.653
7470.000 0.650
7475.000 0.648
7480.000 0.646
7485.000 0.642
7490.000 0.634
7495.000 0.631
7500.000 0.625
7505.000 0.624
7510.000 0.615
7515.000 0.610
7520.000 0.605
7525.000 0.602
7530.000 0.599
7535.000 0.597
7540.000 0.592
7545.000 0.591
7550.000 0.592
7555.000 0.589
7560.000 0.583
7565.000 0.585
7570.000 0.583
7575.000 0.580
7580.000 0.576
7585.000 0.570
7590.000 0.567
7595.000 0.565
7600.000 0.558
7605.000 0.558
7610.000 0.551
7615.000 0.552
7620.000 0.548
7625.000 0.547
7630.000 0.547
7635.000 0.545
7640.000 0.544
7645.000 0.545
7650.000 0.539
7655.000 0.541
7660.000 0.538
7665.000 0.536
7670.000 0.535
7675.000 0.526
7680.000 0.526
7685.000 0.523
7690.000 0.520
7695.000 0.521
7700.000 0.518
7705.000 0.515
7710.000 0.515
7715.000 0.512
7720.000 0.516
7725.000 0.513
7730.000 0.514
7735.000 0.510
7740.000 0.514
7745.000 0.507
7750.000 0.511
7755.000 0.506
7760.000 0.503
7765.000 0.494
7770.000 0.496
7775.000 0.494
7780.000 0.494
7785.000 0.492
7790.000 0.489
7795.000 0.491
7800.000 0.492
7805.000 0.492
7810.000 0.491
7815.000 0.493
7820.000 0.491
7825.000 0.491
7830.000 0.494
7835.000 0.493
7840.000 0.489
7845.000 0.487
7850.000 0.482
7855.000 0.485
7860.000 0.481
7865.000 0.477
7870.000 0.480
7875.000 0.480
7880.000 0.475
7885.000 0.477
7890.000 0.480
7895.000 0.482
7900.000 0.480
7905.000 0.482
7910.000 0.484
7915.000 0.484
7920.000 0.482
7925.000 0.484
7930.000 0.481
7935.000 0.479
7940.000 0.483
7945.000 0.481
7950.000 0.479
7955.000 0.477
7960.000 0.479
7965.000 0.480
7970.000 0.478
7975.000 0.474
7980.000 0.480
7985.000 0.474
7990.000 0.475
7995.000 0.484
8000.000 0.474
8005.000 0.479
8010.000 0.474
8015.000 0.478
8020.000 0.467
8025.000 0.472
8030.000 0.485
8035.000 0.470
8040.000 0.476
8045.000 0.477
8050.000 0.471
8055.000 0.478
8060.000 0.483
8065.000 0.485
8070.000 0.485
8075.000 0.490
8080.000 0.489
8085.000 0.491
8090.000 0.490
8095.000 0.494
8100.000 0.494
8105.000 0.491
8110.000 0.492
8115.000 0.492
8120.000 0.491
8125.000 0.492
8130.000 0.492
8135.000 0.494
8140.000 0.495
8145.000 0.492
8150.000 0.499
8155.000 0.498
8160.000 0.506
8165.000 0.508
8170.000 0.519
8175.000 0.527
8180.000 0.530
8185.000 0.529
8190.000 0.535
8195.000 0.538
8200.000 0.541
8205.000 0.541
8210.000 0.550
8215.000 0.552
8220.000 0.562
8225.000 0.565
8230.000 0.573
8235.000 0.581
8240.000 0.586
8245.000 0.593
8250.000 0.603
8255.000 0.603
8260.000 0.612
8265.000 0.619
8270.000 0.629
8275.000 0.630
8280.000 0.636
8285.000 0.643
8290.000 0.648
8295.000 0.658
8300.000 0.667
8305.000 0.678
8310.000 0.691
8315.000 0.699
8320.000 0.713
8325.000 0.731
8330.000 0.738
8335.000 0.750
8340.000 0.764
8345.000 0.777
8350.000 0.791
8355.000 0.804
8360.000 0.820
8365.000 0.830
8370.000 0.848
8375.000 0.873
8380.000 0.879
8385.000 0.909
8390.000 0.922
8395.000 0.951
8400.000 0.980
8405.000 1.005
8410.000 1.031
8415.000 1.051
8420.000 1.088
8425.000 1.120
8430.000 1.143
8435.000 1.183
8440.000 1.206
8445.000 1.250
8450.000 1.299
8455.000 1.319
8460.000 1.383
8465.000 1.412
8470.000 1.472
8475.000 1.553
8480.000 1.588
8485.000 1.662
8490.000 1.704
8495.000 1.809
8500.000 1.903
8505.000 1.953
8510.000 2.088
8515.000 2.154
8520.000 2.273
8525.000 2.451
8530.000 2.536
8535.000 2.705
8540.000 2.833
8545.000 3.075
8550.000 3.319
8555.000 3.514
8560.000 3.865
8565.000 4.025
8570.000 4.536
8575.000 5.099
8580.000 5.355
8585.000 6.188
8590.000 6.634
8595.000 7.532
8600.000 8.892
8605.000 9.549
8610.000 10.735
8615.000 11.341
8620.000 12.021
8625.000 11.732
8630.000 11.185
8635.000 9.773
8640.000 9.073
8645.000 7.849
8650.000 7.194
8655.000 6.338
8660.000 5.539
8665.000 5.240
8670.000 4.795
8675.000 4.627
8680.000 4.351
8685.000 4.210
8690.000 4.110
8695.000 3.864
8700.000 3.748
8705.000 3.535
8710.000 3.298
8715.000 3.201
8720.000 3.044
8725.000 2.944
8730.000 2.794
8735.000 2.672
8740.000 2.598
8745.000 2.489
8750.000 2.443
8755.000 2.335
8760.000 2.248
8765.000 2.220
8770.000 2.136
8775.000 2.096
8780.000 2.045
8785.000 1.978
8790.000 1.950
8795.000 1.902
8800.000 1.872
8805.000 1.823
8810.000 1.788
8815.000 1.762
8820.000 1.698
8825.000 1.707
8830.000 1.675
8835.000 1.604
8840.000 1.598
8845.000 1.561
8850.000 1.548
8855.000 1.520
8860.000 1.493
8865.000 1.477
8870.000 1.458
8875.000 1.454
8880.000 1.425
8885.000 1.404
8890.000 1.396
8895.000 1.370
8900.000 1.360
8905.000 1.340
8910.000 1.317
8915.000 1.308
8920.000 1.287
8925.000 1.278
8930.000 1.257
8935.000 1.245
8940.000 1.241
8945.000 1.220
8950.000 1.220
8955.000 1.204
8960.000 1.193
8965.000 1.196
8970.000 1.184
8975.000 1.175
8980.000 1.171
8985.000 1.147
8990.000 1.149
8995.000 1.127
9000.000 1.125
9005.000 1.113
9010.000 1.102
9015.000 1.094
9020.000 1.091
9025.000 1.074
9030.000 1.077
9035.000 1.059
9040.000 1.058
9045.000 1.060
9050.000 1.054
9055.000 1.050
9060.000 1.041
9065.000 1.041
9070.000 1.032
9075.000 1.026
9080.000 1.018
9085.000 1.005
9090.000 1.002
9095.000 0.993
9100.000 0.991
9105.000 0.986
9110.000 0.980
9115.000 0.977
9120.000 0.974
9125.000 0.973
9130.000 0.968
9135.000 0.967
9140.000 0.963
9145.000 0.964
9150.000 0.962
9155.000 0.955
9160.000 0.952
9165.000 0.945
9170.000 0.937
9175.000 0.935
9180.000 0.928
9185.000 0.924
9190.000 0.920
9195.000 0.919
9200.000 0.916
9205.000 0.915
9210.000 0.915
9215.000 0.917
9220.000 0.910
9225.000 0.912
9230.000 0.911
9235.000 0.908
9240.000 0.908
9245.000 0.901
9250.000 0.898
9255.000 0.893
9260.000 0.885
9265.000 0.885
9270.000 0.884
9275.000 0.879
9280.000 0.874
9285.000 0.876
9290.000 0.876
9295.000 0.876
9300.000 0.873
9305.000 0.876
9310.000 0.876
9315.000 0.873
9320.000 0.874
9325.000 0.873
9330.000 0.871
9335.000 0.871
9340.000 0.864
9345.000 0.859
9350.000 0.858
9355.000 0.854
9360.000 0.856
9365.000 0.850
9370.000 0.851
9375.000 0.850
9380.000 0.853
9385.000 0.852
9390.000 0.852
9395.000 0.853
9400.000 0.854
9405.000 0.854
9410.000 0.855
9415.000 0.852
9420.000 0.851
9425.000 0.845
9430.000 0.843
9435.000 0.841
9440.000 0.838
9445.000 0.834
9450.000 0.832
9455.000 0.834
9460.000 0.834
9465.000 0.833
9470.000 0.832
9475.000 0.835
9480.000 0.832
9485.000 0.831
9490.000 0.827
9495.000 0.818
9500.000 0.820
9505.000 0.815
9510.000 0.814
9515.000 0.815
9520.000 0.810
9525.000 0.812
9530.000 0.813
9535.000 0.810
9540.000 0.810
9545.000 0.815
9550.000 0.816
9555.000 0.816
9560.000 0.817
9565.000 0.827
9570.000 0.828
9575.000 0.825
9580.000 0.829
9585.000 0.825
9590.000 0.829
9595.000 0.825
9600.000 0.823
9605.000 0.826
9610.000 0.823
9615.000 0.819
9620.000 0.820
9625.000 0.820
9630.000 0.819
9635.000 0.821
9640.000 0.824
9645.000 0.830
9650.000 0.829
9655.000 0.833
9660.000 0.835
9665.000 0.835
9670.000 0.835
9675.000 0.836
9680.000 0.834
9685.000 0.833
9690.000 0.830
9695.000 0.835
9700.000 0.832
9705.000 0.826
9710.000 0.832
9715.000 0.834
9720.000 0.835
9725.000 0.836
9730.000 0.839
9735.000 0.846
9740.000 0.846
9745.000 0.853
9750.000 0.850
9755.000 0.851
9760.000 0.852
9765.000 0.850
9770.000 0.850
9775.000 0.851
9780.000 0.848
9785.000 0.853
9790.000 0.852
9795.000 0.850
9800.000 0.850
9805.000 0.859
9810.000 0.853
9815.000 0.864
9820.000 0.862
9825.000 0.872
9830.000 0.877
9835.000 0.878
9840.000 0.877
9845.000 0.881
9850.000 0.882
9855.000 0.884
9860.000 0.883
9865.000 0.885
9870.000 0.883
9875.000 0.887
9880.000 0.888
9885.000 0.888
9890.000 0.896
9895.000 0.899
9900.000 0.901
9905.000 0.912
9910.000 0.911
9915.000 0.915
9920.000 0.922
9925.000 0.928
9930.000 0.931
9935.000 0.925
9940.000 0.938
9945.000 0.940
9950.000 0.936
9955.000 0.941
9960.000 0.942
9965.000 0.949
9970.000 0.952
9975.000 0.952
9980.000 0.967
9985.000 0.967
9990.000 0.976
9995.000 0.976
10000.000 0.989
10005.000 0.998
10010.000 1.004
10015.000 1.006
10020.000 1.014
10025.000 1.018
10030.000 1.023
10035.000 1.029
10040.000 1.031
10045.000 1.030
10050.000 1.044
10055.000 1.053
10060.000 1.057
10065.000 1.070
10070.000 1.083
10075.000 1.097
10080.000 1.112
10085.000 1.119
10090.000 1.139
10095.000 1.147
10100.000 1.160
10105.000 1.180
10110.000 1.192
10115.000 1.202
10120.000 1.209
10125.000 1.225
10130.000 1.245
10135.000 1.255
10140.000 1.276
10145.000 1.289
10150.000 1.322
10155.000 1.347
10160.000 1.356
10165.000 1.399
10170.000 1.412
10175.000 1.441
10180.000 1.485
10185.000 1.506
10190.000 1.538
10195.000 1.560
10200.000 1.610
10205.000 1.652
10210.000 1.675
10215.000 1.736
10220.000 1.771
10225.000 1.830
10230.000 1.907
10235.000 1.950
10240.000 2.041
10245.000 2.088
10250.000 2.195
10255.000 2.315
10260.000 2.384
10265.000 2.531
10270.000 2.592
10275.000 2.799
10280.000 2.996
10285.000 3.100
10290.000 3.409
10295.000 3.568
10300.000 3.873
10305.000 4.347
10310.000 4.587
10315.000 5.037
10320.000 5.369
10325.000 5.880
10330.000 6.199
10335.000 6.285
10340.000 6.105
10345.000 5.909
10350.000 5.225
10355.000 4.505
10360.000 4.246
10365.000 3.561
10370.000 3.301
10375.000 2.911
10380.000 2.495
10385.000 2.338
10390.000 2.098
10395.000 1.975
10400.000 1.735
10405.000 1.580
10410.000 1.484
10415.000 1.340
10420.000 1.279
10425.000 1.154
10430.000 1.054
10435.000 1.004
10440.000 0.915
10445.000 0.877
10450.000 0.819
10455.000 0.782
10460.000 0.719
10465.000 0.671
10470.000 0.654
10475.000 0.606
10480.000 0.582
10485.000 0.555
10490.000 0.515
10495.000 0.495
10500.000 0.470
10505.000 0.450
10510.000 0.423
10515.000 0.395
10520.000 0.376
10525.000 0.354
10530.000 0.345
10535.000 0.323
10540.000 0.301
10545.000 0.299
10550.000 0.277
10555.000 0.264
10560.000 0.247
10565.000 0.226
10570.000 0.218
10575.000 0.201
10580.000 0.191
10585.000 0.173
10590.000 0.160
10595.000 0.148
10600.000 0.133
10605.000 0.124
10610.000 0.104
10615.000 0.098
10620.000 0.092
10625.000 0.076
10630.000 0.072
10635.000 0.068
10640.000 0.062
10645.000 0.056
10650.000 0.052
10655.000 0.053
10660.000 0.048
10665.000 0.050
10670.000 0.056
10675.000 0.056
10680.000 0.058
10685.000 0.062
10690.000 0.068
10695.000 0.072
10700.000 0.071
10705.000 0.078
10710.000 0.084
10715.000 0.083
10720.000 0.087
10725.000 0.091
10730.000 0.086
10735.000 0.092
10740.000 0.095
10745.000 0.098
10750.000 0.105
10755.000 0.109
10760.000 0.109
10765.000 0.119
10770.000 0.120
10775.000 0.132
10780.000 0.135
10785.000 0.136
10790.000 0.139
10795.000 0.146
10800.000 0.150
10805.000 0.149
10810.000 0.150
10815.000 0.151
10820.000 0.154
10825.000 0.152
10830.000 0.157
10835.000 0.159
10840.000 0.158
10845.000 0.162
10850.000 0.166
10855.000 0.174
10860.000 0.176
10865.000 0.178
10870.000 0.185
10875.000 0.185
10880.000 0.187
10885.000 0.187
10890.000 0.191
10895.000 0.194
10900.000 0.188
10905.000 0.191
10910.000 0.191
10915.000 0.191
10920.000 0.193
10925.000 0.197
10930.000 0.196
10935.000 0.201
10940.000 0.205
10945.000 0.210
10950.000 0.217
10955.000 0.211
10960.000 0.211
10965.000 0.216
10970.000 0.216
10975.000 0.217
10980.000 0.225
10985.000 0.217
10990.000 0.221
10995.000 0.220
11000.000 0.213
11005.000 0.216
11010.000 0.217
11015.000 0.214
11020.000 0.219
11025.000 0.223
11030.000 0.227
11035.000 0.231
11040.000 0.235
11045.000 0.236
11050.000 0.236
11055.000 0.235
11060.000 0.237
11065.000 0.238
11070.000 0.235
11075.000 0.234
11080.000 0.235
11085.000 0.233
11090.000 0.237
11095.000 0.234
11100.000 0.235
11105.000 0.234
11110.000 0.237
11115.000 0.239
11120.000 0.241
11125.000 0.245
11130.000 0.244
11135.000 0.250
11140.000 0.249
11145.000 0.249
11150.000 0.246
11155.000 0.248
11160.000 0.246
11165.000 0.246
11170.000 0.245
11175.000 0.244
11180.000 0.241
11185.000 0.242
11190.000 0.244
11195.000 0.245
11200.000 0.245
11205.000 0.249
11210.000 0.253
11215.000 0.253
11220.000 0.254
11225.000 0.252
11230.000 0.259
11235.000 0.255
11240.000 0.250
11245.000 0.251
11250.000 0.251
11255.000 0.248
11260.000 0.247
11265.000 0.246
11270.000 0.248
11275.000 0.246
11280.000 0.246
11285.000 0.249
11290.000 0.252
11295.000 0.254
11300.000 0.256
11305.000 0.254
11310.000 0.255
11315.000 0.255
11320.000 0.253
11325.000 0.254
11330.000 0.249
11335.000 0.252
11340.000 0.249
11345.000 0.245
11350.000 0.246
11355.000 0.247
11360.000 0.247
11365.000 0.244
11370.000 0.247
11375.000 0.249
11380.000 0.250
11385.000 0.249
11390.000 0.252
11395.000 0.251
11400.000 0.251
11405.000 0.249
11410.000 0.250
11415.000 0.251
11420.000 0.244
11425.000 0.244
11430.000 0.243
11435.000 0.242
11440.000 0.238
11445.000 0.239
11450.000 0.239
11455.000 0.239
11460.000 0.238
11465.000 0.237
11470.000 0.241
11475.000 0.242
11480.000 0.243
11485.000 0.242
11490.000 0.242
11495.000 0.238
11500.000 0.238
11505.000 0.233
11510.000 0.234
11515.000 0.230
11520.000 0.231
11525.000 0.227
11530.000 0.225
11535.000 0.224
11540.000 0.224
11545.000 0.226
11550.000 0.226
11555.000 0.225
11560.000 0.227
11565.000 0.225
11570.000 0.226
11575.000 0.224
11580.000 0.224
11585.000 0.222
11590.000 0.216
11595.000 0.213
11600.000 0.212
11605.000 0.208
11610.000 0.205
11615.000 0.205
11620.000 0.204
11625.000 0.200
11630.000 0.196
11635.000 0.199
11640.000 0.197
11645.000 0.196
11650.000 0.196
11655.000 0.197
11660.000 0.195
11665.000 0.194
11670.000 0.188
11675.000 0.187
11680.000 0.184
11685.000 0.178
11690.000 0.173
11695.000 0.172
11700.000 0.170
11705.000 0.163
11710.000 0.161
11715.000 0.160
11720.000 0.152
11725.000 0.152
11730.000 0.150
11735.000 0.148
11740.000 0.149
11745.000 0.146
11750.000 0.143
11755.000 0.143
11760.000 0.134
11765.000 0.138
11770.000 0.137
11775.000 0.132
11780.000 0.127
11785.000 0.122
11790.000 0.124
11795.000 0.118
11800.000 0.119
11805.000 0.117
11810.000 0.113
11815.000 0.111
11820.000 0.111
11825.000 0.109
11830.000 0.110
11835.000 0.112
11840.000 0.115
11845.000 0.116
11850.000 0.118
11855.000 0.120
11860.000 0.126
11865.000 0.133
11870.000 0.141
11875.000 0.143
11880.000 0.158
11885.000 0.165
11890.000 0.175
11895.000 0.188
11900.000 0.197
11905.000 0.218
11910.000 0.236
11915.000 0.254
11920.000 0.280
11925.000 0.292
11930.000 0.327
11935.000 0.343
11940.000 0.373
11945.000 0.416
11950.000 0.442
11955.000 0.478
11960.000 0.507
11965.000 0.569
11970.000 0.621
11975.000 0.654
11980.000 0.740
11985.000 0.778
11990.000 0.857
11995.000 0.973
12000.000 1.036
