105.000 9.493
110.000 20.057
115.000 21.474
120.000 22.063
125.000 23.425
130.000 24.530
135.000 24.672
140.000 25.564
145.000 26.110
150.000 26.534
155.000 27.181
160.000 27.252
165.000 27.822
170.000 28.144
175.000 28.331
180.000 28.579
185.000 28.791
190.000 29.057
195.000 29.220
200.000 29.471
205.000 29.653
210.000 29.817
215.000 30.090
220.000 30.231
225.000 30.383
230.000 30.717
235.000 30.842
240.000 31.175
245.000 31.278
250.000 31.596
255.000 32.007
260.000 32.174
265.000 32.604
270.000 32.827
275.000 33.319
280.000 33.798
285.000 34.073
290.000 34.613
295.000 34.895
300.000 35.566
305.000 36.291
310.000 36.677
315.000 37.460
320.000 37.877
325.000 38.806
330.000 39.860
335.000 40.386
340.000 41.526
345.000 42.763
350.000 43.468
355.000 44.938
360.000 45.727
365.000 47.424
370.000 49.256
375.000 50.246
380.000 52.303
385.000 53.416
390.000 55.634
395.000 58.015
400.000 59.221
405.000 61.705
410.000 62.966
415.000 65.236
420.000 67.258
425.000 68.133
430.000 69.304
435.000 69.610
440.000 69.551
445.000 68.563
450.000 67.704
455.000 65.276
460.000 63.797
465.000 60.375
470.000 56.571
475.000 54.637
480.000 50.755
485.000 48.801
490.000 44.872
495.000 41.434
500.000 39.810
505.000 36.809
510.000 35.401
515.000 32.763
520.000 30.363
525.000 29.284
530.000 27.218
535.000 26.266
540.000 24.511
545.000 22.904
550.000 22.170
555.000 20.785
560.000 20.145
565.000 18.921
570.000 17.814
575.000 17.303
580.000 16.323
585.000 15.857
590.000 14.993
595.000 14.179
600.000 13.807
605.000 13.109
610.000 12.761
615.000 12.132
620.000 11.538
625.000 11.247
630.000 10.717
635.000 10.466
640.000 9.961
645.000 9.511
650.000 9.282
655.000 8.858
660.000 8.663
665.000 8.269
670.000 7.917
675.000 7.757
680.000 7.418
685.000 7.261
690.000 6.973
695.000 6.679
700.000 6.544
705.000 6.273
710.000 6.150
715.000 5.910
720.000 5.679
725.000 5.558
730.000 5.357
735.000 5.243
740.000 5.040
745.000 4.851
750.000 4.761
755.000 4.579
760.000 4.511
765.000 4.368
770.000 4.206
775.000 4.120
780.000 3.987
785.000 3.917
790.000 3.809
795.000 3.752
800.000 3.651
805.000 3.527
810.000 3.460
815.000 3.339
820.000 3.277
825.000 3.149
830.000 3.038
835.000 2.991
840.000 2.883
845.000 2.826
850.000 2.736
855.000 2.640
860.000 2.594
865.000 2.515
870.000 2.463
875.000 2.394
880.000 2.312
885.000 2.280
890.000 2.202
895.000 2.172
900.000 2.101
905.000 2.044
910.000 2.012
915.000 1.955
920.000 1.925
925.000 1.864
930.000 1.818
935.000 1.789
940.000 1.743
945.000 1.727
950.000 1.676
955.000 1.639
960.000 1.626
965.000 1.578
970.000 1.568
975.000 1.526
980.000 1.487
985.000 1.473
990.000 1.445
995.000 1.437
1000.000 1.406
1005.000 1.375
1010.000 1.369
1015.000 1.364
1020.000 1.346
1025.000 1.329
1030.000 1.328
1035.000 1.309
1040.000 1.307
1045.000 1.303
1050.000 1.290
1055.000 1.282
1060.000 1.282
1065.000 1.275
1070.000 1.277
1075.000 1.274
1080.000 1.266
1085.000 1.274
1090.000 1.269
1095.000 1.277
1100.000 1.279
1105.000 1.288
1110.000 1.286
1115.000 1.301
1120.000 1.299
1125.000 1.319
1130.000 1.336
1135.000 1.335
1140.000 1.353
1145.000 1.357
1150.000 1.372
1155.000 1.387
1160.000 1.394
1165.000 1.404
1170.000 1.415
1175.000 1.433
1180.000 1.454
1185.000 1.462
1190.000 1.483
1195.000 1.489
1200.000 1.518
1205.000 1.536
1210.000 1.550
1215.000 1.574
1220.000 1.589
1225.000 1.612
1230.000 1.640
1235.000 1.650
1240.000 1.674
1245.000 1.695
1250.000 1.720
1255.000 1.746
1260.000 1.758
1265.000 1.788
1270.000 1.804
1275.000 1.818
1280.000 1.867
1285.000 1.886
1290.000 1.923
1295.000 1.943
1300.000 1.966
1305.000 2.005
1310.000 2.022
1315.000 2.052
1320.000 2.071
1325.000 2.104
1330.000 2.144
1335.000 2.157
1340.000 2.196
1345.000 2.213
1350.000 2.247
1355.000 2.275
1360.000 2.300
1365.000 2.337
1370.000 2.353
1375.000 2.393
1380.000 2.417
1385.000 2.453
1390.000 2.494
1395.000 2.518
1400.000 2.554
1405.000 2.573
1410.000 2.615
1415.000 2.657
1420.000 2.676
1425.000 2.719
1430.000 2.737
1435.000 2.782
1440.000 2.828
1445.000 2.848
1450.000 2.886
1455.000 2.914
1460.000 2.951
1465.000 3.001
1470.000 3.021
1475.000 3.062
1480.000 3.087
1485.000 3.133
1490.000 3.168
1495.000 3.196
1500.000 3.237
1505.000 3.261
1510.000 3.304
1515.000 3.349
1520.000 3.367
1525.000 3.400
1530.000 3.417
1535.000 3.450
1540.000 3.479
1545.000 3.492
1550.000 3.518
1555.000 3.526
1560.000 3.546
1565.000 3.556
1570.000 3.563
1575.000 3.566
1580.000 3.560
1585.000 3.556
1590.000 3.539
1595.000 3.527
1600.000 3.499
1605.000 3.487
1610.000 3.447
1615.000 3.407
1620.000 3.394
1625.000 3.362
1630.000 3.358
1635.000 3.360
1640.000 3.409
1645.000 3.446
1650.000 3.570
1655.000 3.653
1660.000 3.862
1665.000 4.139
1670.000 4.286
1675.000 4.618
1680.000 4.773
1685.000 5.101
1690.000 5.424
1695.000 5.585
1700.000 5.893
1705.000 6.050
1710.000 6.338
1715.000 6.624
1720.000 6.764
1725.000 7.029
1730.000 7.157
1735.000 7.416
1740.000 7.675
1745.000 7.799
1750.000 8.061
1755.000 8.189
1760.000 8.449
1765.000 8.702
1770.000 8.833
1775.000 9.087
1780.000 9.222
1785.000 9.471
1790.000 9.705
1795.000 9.827
1800.000 10.069
1805.000 10.188
1810.000 10.419
1815.000 10.663
1820.000 10.780
1825.000 11.015
1830.000 11.135
1835.000 11.377
1840.000 11.619
1845.000 11.750
1850.000 11.994
1855.000 12.107
1860.000 12.367
1865.000 12.625
1870.000 12.746
1875.000 13.002
1880.000 13.135
1885.000 13.385
1890.000 13.657
1895.000 13.790
1900.000 14.051
1905.000 14.185
1910.000 14.466
1915.000 14.730
1920.000 14.865
1925.000 15.163
1930.000 15.283
1935.000 15.529
1940.000 15.837
1945.000 15.940
1950.000 16.201
1955.000 16.347
1960.000 16.625
1965.000 16.891
1970.000 17.036
1975.000 17.311
1980.000 17.487
1985.000 16.820
1990.000 17.831
1995.000 18.119
2000.000 18.357
2005.000 18.471
2010.000 18.719
2015.000 18.817
2020.000 18.993
2025.000 19.258
2030.000 19.363
2035.000 19.584
2040.000 19.698
2045.000 19.913
2050.000 20.153
2055.000 20.279
2060.000 20.505
2065.000 20.620
2070.000 20.860
2075.000 21.091
2080.000 21.212
2085.000 21.459
2090.000 21.572
2095.000 21.812
2100.000 22.057
2105.000 22.178
2110.000 22.415
2115.000 22.541
2120.000 22.794
2125.000 23.033
2130.000 23.172
2135.000 23.416
2140.000 23.540
2145.000 23.802
2150.000 24.063
2155.000 24.179
2160.000 24.436
2165.000 24.569
2170.000 24.859
2175.000 25.201
2180.000 25.397
2185.000 25.801
2190.000 26.033
2195.000 26.529
2200.000 27.027
2205.000 27.296
2210.000 27.874
2215.000 28.160
2220.000 28.752
2225.000 29.414
2230.000 29.755
2235.000 30.447
2240.000 30.852
2245.000 31.638
2250.000 32.471
2255.000 32.945
2260.000 33.855
2265.000 34.326
2270.000 35.399
2275.000 36.464
2280.000 37.011
2285.000 38.191
2290.000 38.795
2295.000 40.026
2300.000 41.391
2305.000 42.072
2310.000 43.461
2315.000 44.141
2320.000 45.600
2325.000 46.960
2330.000 47.564
2335.000 48.799
2340.000 49.328
2345.000 50.178
2350.000 50.807
2355.000 50.974
2360.000 51.048
2365.000 50.925
2370.000 50.366
2375.000 49.413
2380.000 48.757
2385.000 47.215
2390.000 46.330
2395.000 44.418
2400.000 42.333
2405.000 41.259
2410.000 39.146
2415.000 38.035
2420.000 35.934
2425.000 33.964
2430.000 32.937
2435.000 31.065
2440.000 30.224
2445.000 28.467
2450.000 26.878
2455.000 26.171
2460.000 24.700
2465.000 24.026
2470.000 22.791
2475.000 21.570
2480.000 21.014
2485.000 19.986
2490.000 19.486
2495.000 18.513
2500.000 17.665
2505.000 17.237
2510.000 16.443
2515.000 16.069
2520.000 15.379
2525.000 14.697
2530.000 14.386
2535.000 13.802
2540.000 13.495
2545.000 12.955
2550.000 12.462
2555.000 12.204
2560.000 11.736
2565.000 11.524
2570.000 11.062
2575.000 10.859
2580.000 10.483
2585.000 10.107
2590.000 9.929
2595.000 9.602
2600.000 9.438
2605.000 9.113
2610.000 8.827
2615.000 8.687
2620.000 8.400
2625.000 8.267
2630.000 8.020
2635.000 7.769
2640.000 7.647
2645.000 7.424
2650.000 7.309
2655.000 7.093
2660.000 6.900
2665.000 6.798
2670.000 6.612
2675.000 6.519
2680.000 6.338
2685.000 6.168
2690.000 6.098
2695.000 5.933
2700.000 5.857
2705.000 5.717
2710.000 5.566
2715.000 5.500
2720.000 5.364
2725.000 5.303
2730.000 5.173
2735.000 5.052
2740.000 5.000
2745.000 4.880
2750.000 4.822
2755.000 4.720
2760.000 4.612
2765.000 4.562
2770.000 4.467
2775.000 4.419
2780.000 4.322
2785.000 4.237
2790.000 4.188
2795.000 4.103
2800.000 4.064
2805.000 3.980
2810.000 3.903
2815.000 3.862
2820.000 3.789
2825.000 3.750
2830.000 3.676
2835.000 3.611
2840.000 3.579
2845.000 3.514
2850.000 3.483
2855.000 3.419
2860.000 3.358
2865.000 3.327
2870.000 3.265
2875.000 3.238
2880.000 3.180
2885.000 3.156
2890.000 3.102
2895.000 3.053
2900.000 3.025
2905.000 2.975
2910.000 2.952
2915.000 2.906
2920.000 2.855
2925.000 2.836
2930.000 2.793
2935.000 2.771
2940.000 2.725
2945.000 2.684
2950.000 2.669
2955.000 2.623
2960.000 2.611
2965.000 2.559
2970.000 2.534
2975.000 2.516
2980.000 2.468
2985.000 2.454
2990.000 2.419
2995.000 2.391
3000.000 2.365
3005.000 2.337
3010.000 2.322
3015.000 2.300
3020.000 2.260
3025.000 2.257
3030.000 2.218
3035.000 2.192
3040.000 2.181
3045.000 2.156
3050.000 2.146
3055.000 2.122
3060.000 2.086
3065.000 2.079
3070.000 2.057
3075.000 2.042
3080.000 2.016
3085.000 1.995
3090.000 1.977
3095.000 1.958
3100.000 1.946
3105.000 1.924
3110.000 1.905
3115.000 1.899
3120.000 1.877
3125.000 1.865
3130.000 1.846
3135.000 1.826
3140.000 1.816
3145.000 1.798
3150.000 1.792
3155.000 1.771
3160.000 1.754
3165.000 1.745
3170.000 1.728
3175.000 1.720
3180.000 1.703
3185.000 1.702
3190.000 1.679
3195.000 1.664
3200.000 1.656
3205.000 1.644
3210.000 1.635
3215.000 1.620
3220.000 1.608
3225.000 1.601
3230.000 1.588
3235.000 1.581
3240.000 1.567
3245.000 1.552
3250.000 1.549
3255.000 1.539
3260.000 1.530
3265.000 1.520
3270.000 1.507
3275.000 1.502
3280.000 1.490
3285.000 1.482
3290.000 1.474
3295.000 1.465
3300.000 1.459
3305.000 1.448
3310.000 1.439
3315.000 1.430
3320.000 1.420
3325.000 1.415
3330.000 1.401
3335.000 1.398
3340.000 1.387
3345.000 1.373
3350.000 1.368
3355.000 1.363
3360.000 1.356
3365.000 1.350
3370.000 1.342
3375.000 1.335
3380.000 1.327
3385.000 1.326
3390.000 1.319
3395.000 1.311
3400.000 1.309
3405.000 1.302
3410.000 1.298
3415.000 1.293
3420.000 1.288
3425.000 1.283
3430.000 1.279
3435.000 1.272
3440.000 1.270
3445.000 1.263
3450.000 1.262
3455.000 1.256
3460.000 1.254
3465.000 1.251
3470.000 1.249
3475.000 1.243
3480.000 1.238
3485.000 1.237
3490.000 1.232
3495.000 1.231
3500.000 1.227
3505.000 1.225
3510.000 1.219
3515.000 1.215
3520.000 1.215
3525.000 1.216
3530.000 1.208
3535.000 1.207
3540.000 1.203
3545.000 1.201
3550.000 1.198
3555.000 1.190
3560.000 1.190
3565.000 1.188
3570.000 1.187
3575.000 1.184
3580.000 1.181
3585.000 1.178
3590.000 1.171
3595.000 1.172
3600.000 1.171
3605.000 1.171
3610.000 1.167
3615.000 1.163
3620.000 1.165
3625.000 1.163
3630.000 1.159
3635.000 1.155
3640.000 1.156
3645.000 1.158
3650.000 1.156
3655.000 1.152
3660.000 1.149
3665.000 1.152
3670.000 1.151
3675.000 1.146
3680.000 1.144
3685.000 1.146
3690.000 1.144
3695.000 1.143
3700.000 1.142
3705.000 1.142
3710.000 1.142
3715.000 1.139
3720.000 1.135
3725.000 1.139
3730.000 1.136
3735.000 1.133
3740.000 1.133
3745.000 1.134
3750.000 1.132
3755.000 1.131
3760.000 1.129
3765.000 1.129
3770.000 1.129
3775.000 1.124
3780.000 1.122
3785.000 1.118
3790.000 1.120
3795.000 1.119
3800.000 1.117
3805.000 1.115
3810.000 1.114
3815.000 1.117
3820.000 1.112
3825.000 1.114
3830.000 1.112
3835.000 1.113
3840.000 1.115
3845.000 1.115
3850.000 1.113
3855.000 1.111
3860.000 1.110
3865.000 1.115
3870.000 1.114
3875.000 1.113
3880.000 1.115
3885.000 1.114
3890.000 1.114
3895.000 1.118
3900.000 1.118
3905.000 1.120
3910.000 1.119
3915.000 1.118
3920.000 1.122
3925.000 1.123
3930.000 1.125
3935.000 1.121
3940.000 1.127
3945.000 1.126
3950.000 1.126
3955.000 1.127
3960.000 1.136
3965.000 1.134
3970.000 1.139
3975.000 1.145
3980.000 1.135
3985.000 1.142
3990.000 1.141
3995.000 1.147
4000.000 1.152
4005.000 1.151
4010.000 1.153
4015.000 1.160
4020.000 1.154
4025.000 1.153
4030.000 1.166
4035.000 1.169
4040.000 1.172
4045.000 1.173
4050.000 1.174
4055.000 1.172
4060.000 1.179
4065.000 1.183
4070.000 1.186
4075.000 1.190
4080.000 1.197
4085.000 1.197
4090.000 1.208
4095.000 1.209
4100.000 1.220
4105.000 1.223
4110.000 1.228
4115.000 1.233
4120.000 1.237
4125.000 1.246
4130.000 1.249
4135.000 1.258
4140.000 1.267
4145.000 1.271
4150.000 1.280
4155.000 1.285
4160.000 1.298
4165.000 1.308
4170.000 1.312
4175.000 1.327
4180.000 1.331
4185.000 1.340
4190.000 1.348
4195.000 1.355
4200.000 1.364
4205.000 1.370
4210.000 1.376
4215.000 1.376
4220.000 1.376
4225.000 1.371
4230.000 1.372
4235.000 1.368
4240.000 1.365
4245.000 1.365
4250.000 1.370
4255.000 1.370
4260.000 1.375
4265.000 1.385
4270.000 1.390
4275.000 1.402
4280.000 1.411
4285.000 1.427
4290.000 1.443
4295.000 1.446
4300.000 1.473
4305.000 1.484
4310.000 1.501
4315.000 1.521
4320.000 1.536
4325.000 1.559
4330.000 1.568
4335.000 1.594
4340.000 1.615
4345.000 1.629
4350.000 1.662
4355.000 1.677
4360.000 1.711
4365.000 1.745
4370.000 1.761
4375.000 1.798
4380.000 1.820
4385.000 1.861
4390.000 1.905
4395.000 1.927
4400.000 1.981
4405.000 2.001
4410.000 2.059
4415.000 2.121
4420.000 2.148
4425.000 2.218
4430.000 2.254
4435.000 2.325
4440.000 2.410
4445.000 2.455
4450.000 2.547
4455.000 2.600
4460.000 2.709
4465.000 2.817
4470.000 2.884
4475.000 3.023
4480.000 3.091
4485.000 3.233
4490.000 3.415
4495.000 3.503
4500.000 3.695
4505.000 3.810
4510.000 4.039
4515.000 4.296
4520.000 4.454
4525.000 4.779
4530.000 4.931
4535.000 5.345
4540.000 5.802
4545.000 6.030
4550.000 6.638
4555.000 6.965
4560.000 7.665
4565.000 8.607
4570.000 9.117
4575.000 10.224
4580.000 10.911
4585.000 12.577
4590.000 14.339
4595.000 15.387
4600.000 17.714
4605.000 18.786
4610.000 20.452
4615.000 21.150
4620.000 20.906
4625.000 19.543
4630.000 18.402
4635.000 16.185
4640.000 14.260
4645.000 13.242
4650.000 11.578
4655.000 10.982
4660.000 9.710
4665.000 9.191
4670.000 8.325
4675.000 7.280
4680.000 6.932
4685.000 6.339
4690.000 6.047
4695.000 5.509
4700.000 5.085
4705.000 4.876
4710.000 4.488
4715.000 4.317
4720.000 4.028
4725.000 3.746
4730.000 3.624
4735.000 3.421
4740.000 3.318
4745.000 3.151
4750.000 3.024
4755.000 2.955
4760.000 2.852
4765.000 2.809
4770.000 2.729
4775.000 2.670
4780.000 2.644
4785.000 2.602
4790.000 2.586
4795.000 2.559
4800.000 2.540
4805.000 2.535
4810.000 2.526
4815.000 2.524
4820.000 2.526
4825.000 2.528
4830.000 2.535
4835.000 2.548
4840.000 2.558
4845.000 2.576
4850.000 2.601
4855.000 2.612
4860.000 2.640
4865.000 2.654
4870.000 2.685
4875.000 2.711
4880.000 2.726
4885.000 2.760
4890.000 2.773
4895.000 2.803
4900.000 2.839
4905.000 2.857
4910.000 2.893
4915.000 2.909
4920.000 2.947
4925.000 2.989
4930.000 3.006
4935.000 3.045
4940.000 3.065
4945.000 3.112
4950.000 3.156
4955.000 3.173
4960.000 3.217
4965.000 3.246
4970.000 3.278
4975.000 3.322
4980.000 3.350
4985.000 3.370
4990.000 3.411
4995.000 3.447
5000.000 3.471
5005.000 3.486
5010.000 3.525
5015.000 3.548
5020.000 3.573
5025.000 3.600
5030.000 3.603
5035.000 3.632
5040.000 3.635
5045.000 3.657
5050.000 3.670
5055.000 3.677
5060.000 3.685
5065.000 3.686
5070.000 3.680
5075.000 3.678
5080.000 3.668
5085.000 3.651
5090.000 3.646
5095.000 3.626
5100.000 3.606
5105.000 3.590
5110.000 3.565
5115.000 3.552
5120.000 3.527
5125.000 3.504
5130.000 3.490
5135.000 3.472
5140.000 3.456
5145.000 3.428
5150.000 3.405
5155.000 3.393
5160.000 3.359
5165.000 3.346
5170.000 3.313
5175.000 3.277
5180.000 3.259
5185.000 3.224
5190.000 3.206
5195.000 3.158
5200.000 3.126
5205.000 3.104
5210.000 3.056
5215.000 3.035
5220.000 2.992
5225.000 2.940
5230.000 2.917
5235.000 2.870
5240.000 2.845
5245.000 2.795
5250.000 2.776
5255.000 2.731
5260.000 2.688
5265.000 2.669
5270.000 2.621
5275.000 2.604
5280.000 2.568
5285.000 2.531
5290.000 2.517
5295.000 2.484
5300.000 2.468
5305.000 2.428
5310.000 2.401
5315.000 2.384
5320.000 2.346
5325.000 2.331
5330.000 2.300
5335.000 2.267
5340.000 2.252
5345.000 2.224
5350.000 2.204
5355.000 2.176
5360.000 2.148
5365.000 2.136
5370.000 2.107
5375.000 2.094
5380.000 2.065
5385.000 2.040
5390.000 2.028
5395.000 2.000
5400.000 1.987
5405.000 1.965
5410.000 1.937
5415.000 1.925
5420.000 1.903
5425.000 1.890
5430.000 1.865
5435.000 1.841
5440.000 1.834
5445.000 1.808
5450.000 1.798
5455.000 1.782
5460.000 1.757
5465.000 1.749
5470.000 1.734
5475.000 1.721
5480.000 1.704
5485.000 1.683
5490.000 1.674
5495.000 1.656
5500.000 1.646
5505.000 1.620
5510.000 1.605
5515.000 1.595
5520.000 1.573
5525.000 1.568
5530.000 1.553
5535.000 1.536
5540.000 1.524
5545.000 1.511
5550.000 1.505
5555.000 1.491
5560.000 1.483
5565.000 1.469
5570.000 1.458
5575.000 1.450
5580.000 1.439
5585.000 1.428
5590.000 1.418
5595.000 1.405
5600.000 1.398
5605.000 1.385
5610.000 1.378
5615.000 1.370
5620.000 1.361
5625.000 1.354
5630.000 1.347
5635.000 1.338
5640.000 1.334
5645.000 1.326
5650.000 1.323
5655.000 1.312
5660.000 1.306
5665.000 1.303
5670.000 1.294
5675.000 1.291
5680.000 1.280
5685.000 1.277
5690.000 1.268
5695.000 1.259
5700.000 1.254
5705.000 1.245
5710.000 1.241
5715.000 1.240
5720.000 1.236
5725.000 1.233
5730.000 1.226
5735.000 1.218
5740.000 1.217
5745.000 1.212
5750.000 1.207
5755.000 1.201
5760.000 1.198
5765.000 1.197
5770.000 1.184
5775.000 1.183
5780.000 1.175
5785.000 1.171
5790.000 1.170
5795.000 1.165
5800.000 1.164
5805.000 1.159
5810.000 1.155
5815.000 1.156
5820.000 1.151
5825.000 1.148
5830.000 1.148
5835.000 1.142
5840.000 1.138
5845.000 1.133
5850.000 1.128
5855.000 1.127
5860.000 1.125
5865.000 1.120
5870.000 1.119
5875.000 1.112
5880.000 1.108
5885.000 1.117
5890.000 1.102
5895.000 1.103
5900.000 1.101
5905.000 1.102
5910.000 1.099
5915.000 1.097
5920.000 1.096
5925.000 1.096
5930.000 1.089
5935.000 1.089
5940.000 1.085
5945.000 1.082
5950.000 1.081
5955.000 1.078
5960.000 1.068
5965.000 1.073
5970.000 1.063
5975.000 1.063
5980.000 1.068
5985.000 1.073
5990.000 1.073
5995.000 1.073
6000.000 1.074
6005.000 1.065
6010.000 1.071
6015.000 1.069
6020.000 1.074
6025.000 1.060
6030.000 1.071
6035.000 1.068
6040.000 1.064
6045.000 1.064
6050.000 1.056
6055.000 1.055
6060.000 1.063
6065.000 1.061
6070.000 1.060
6075.000 1.058
6080.000 1.065
6085.000 1.067
6090.000 1.066
6095.000 1.066
6100.000 1.063
6105.000 1.056
6110.000 1.061
6115.000 1.062
6120.000 1.060
6125.000 1.061
6130.000 1.059
6135.000 1.062
6140.000 1.060
6145.000 1.060
6150.000 1.056
6155.000 1.062
6160.000 1.064
6165.000 1.065
6170.000 1.066
6175.000 1.067
6180.000 1.071
6185.000 1.071
6190.000 1.074
6195.000 1.074
6200.000 1.070
6205.000 1.071
6210.000 1.069
6215.000 1.073
6220.000 1.068
6225.000 1.073
6230.000 1.074
6235.000 1.073
6240.000 1.077
6245.000 1.077
6250.000 1.081
6255.000 1.081
6260.000 1.083
6265.000 1.085
6270.000 1.091
6275.000 1.091
6280.000 1.096
6285.000 1.097
6290.000 1.103
6295.000 1.114
6300.000 1.100
6305.000 1.106
6310.000 1.120
6315.000 1.119
6320.000 1.122
6325.000 1.123
6330.000 1.132
6335.000 1.131
6340.000 1.136
6345.000 1.143
6350.000 1.148
6355.000 1.153
6360.000 1.157
6365.000 1.162
6370.000 1.171
6375.000 1.176
6380.000 1.180
6385.000 1.187
6390.000 1.190
6395.000 1.200
6400.000 1.204
6405.000 1.213
6410.000 1.214
6415.000 1.226
6420.000 1.239
6425.000 1.237
6430.000 1.254
6435.000 1.263
6440.000 1.274
6445.000 1.277
6450.000 1.287
6455.000 1.296
6460.000 1.302
6465.000 1.315
6470.000 1.320
6475.000 1.329
6480.000 1.347
6485.000 1.352
6490.000 1.369
6495.000 1.378
6500.000 1.394
6505.000 1.407
6510.000 1.417
6515.000 1.432
6520.000 1.441
6525.000 1.466
6530.000 1.483
6535.000 1.494
6540.000 1.513
6545.000 1.524
6550.000 1.546
6555.000 1.571
6560.000 1.583
6565.000 1.606
6570.000 1.622
6575.000 1.646
6580.000 1.673
6585.000 1.686
6590.000 1.721
6595.000 1.736
6600.000 1.769
6605.000 1.802
6610.000 1.815
6615.000 1.849
6620.000 1.869
6625.000 1.903
6630.000 1.943
6635.000 1.959
6640.000 1.996
6645.000 2.015
6650.000 2.058
6655.000 2.102
6660.000 2.128
6665.000 2.183
6670.000 2.209
6675.000 2.264
6680.000 2.325
6685.000 2.355
6690.000 2.418
6695.000 2.458
6700.000 2.526
6705.000 2.592
6710.000 2.634
6715.000 2.715
6720.000 2.752
6725.000 2.847
6730.000 2.901
6735.000 2.987
6740.000 3.101
6745.000 3.155
6750.000 3.268
6755.000 3.344
6760.000 3.479
6765.000 3.615
6770.000 3.708
6775.000 3.878
6780.000 3.969
6785.000 4.160
6790.000 4.374
6795.000 4.494
6800.000 4.752
6805.000 4.887
6810.000 5.192
6815.000 5.521
6820.000 5.714
6825.000 6.125
6830.000 6.318
6835.000 6.874
6840.000 7.471
6845.000 7.742
6850.000 8.573
6855.000 9.007
6860.000 9.914
6865.000 11.215
6870.000 11.909
6875.000 13.362
6880.000 14.372
6885.000 16.506
6890.000 18.597
6895.000 19.768
6900.000 21.824
6905.000 22.393
6910.000 22.404
6915.000 20.786
6920.000 19.638
6925.000 17.308
6930.000 16.006
6935.000 13.932
6940.000 12.327
6945.000 11.499
6950.000 10.243
6955.000 9.789
6960.000 8.767
6965.000 7.994
6970.000 7.711
6975.000 7.046
6980.000 6.781
6985.000 6.328
6990.000 5.875
6995.000 5.698
7000.000 5.371
7005.000 5.188
7010.000 4.907
7015.000 4.688
7020.000 4.538
7025.000 4.301
7030.000 4.222
7035.000 4.026
7040.000 3.857
7045.000 3.779
7050.000 3.623
7055.000 3.553
7060.000 3.428
7065.000 3.307
7070.000 3.250
7075.000 3.141
7080.000 3.099
7085.000 2.998
7090.000 2.909
7095.000 2.871
7100.000 2.786
7105.000 2.743
7110.000 2.675
7115.000 2.596
7120.000 2.565
7125.000 2.504
7130.000 2.467
7135.000 2.408
7140.000 2.362
7145.000 2.328
7150.000 2.277
7155.000 2.257
7160.000 2.209
7165.000 2.166
7170.000 2.145
7175.000 2.102
7180.000 2.085
7185.000 2.051
7190.000 2.009
7195.000 1.989
7200.000 1.956
7205.000 1.937
7210.000 1.901
7215.000 1.873
7220.000 1.860
7225.000 1.829
7230.000 1.815
7235.000 1.790
7240.000 1.762
7245.000 1.750
7250.000 1.730
7255.000 1.718
7260.000 1.694
7265.000 1.672
7270.000 1.667
7275.000 1.646
7280.000 1.634
7285.000 1.607
7290.000 1.586
7295.000 1.582
7300.000 1.555
7305.000 1.549
7310.000 1.530
7315.000 1.512
7320.000 1.507
7325.000 1.492
7330.000 1.488
7335.000 1.474
7340.000 1.466
7345.000 1.455
7350.000 1.440
7355.000 1.433
7360.000 1.422
7365.000 1.413
7370.000 1.401
7375.000 1.384
7380.000 1.373
7385.000 1.365
7390.000 1.360
7395.000 1.344
7400.000 1.331
7405.000 1.335
7410.000 1.324
7415.000 1.319
7420.000 1.313
7425.000 1.303
7430.000 1.300
7435.000 1.295
7440.000 1.287
7445.000 1.282
7450.000 1.272
7455.000 1.263
7460.000 1.254
7465.000 1.250
7470.000 1.237
7475.000 1.227
7480.000 1.222
7485.000 1.216
7490.000 1.213
7495.000 1.208
7500.000 1.205
7505.000 1.201
7510.000 1.197
7515.000 1.194
7520.000 1.189
7525.000 1.182
7530.000 1.183
7535.000 1.174
7540.000 1.172
7545.000 1.163
7550.000 1.155
7555.000 1.153
7560.000 1.145
7565.000 1.140
7570.000 1.135
7575.000 1.130
7580.000 1.128
7585.000 1.123
7590.000 1.123
7595.000 1.123
7600.000 1.118
7605.000 1.113
7610.000 1.113
7615.000 1.110
7620.000 1.109
7625.000 1.099
7630.000 1.099
7635.000 1.091
7640.000 1.091
7645.000 1.082
7650.000 1.077
7655.000 1.074
7660.000 1.072
7665.000 1.070
7670.000 1.070
7675.000 1.068
7680.000 1.068
7685.000 1.062
7690.000 1.066
7695.000 1.062
7700.000 1.059
7705.000 1.060
7710.000 1.057
7715.000 1.052
7720.000 1.046
7725.000 1.046
7730.000 1.043
7735.000 1.039
7740.000 1.033
7745.000 1.031
7750.000 1.028
7755.000 1.028
7760.000 1.027
7765.000 1.026
7770.000 1.028
7775.000 1.025
7780.000 1.026
7785.000 1.028
7790.000 1.027
7795.000 1.022
7800.000 1.019
7805.000 1.021
7810.000 1.012
7815.000 1.015
7820.000 1.009
7825.000 1.005
7830.000 1.005
7835.000 1.003
7840.000 1.001
7845.000 1.002
7850.000 0.998
7855.000 0.994
7860.000 0.998
7865.000 0.994
7870.000 0.999
7875.000 0.998
7880.000 0.998
7885.000 0.994
7890.000 0.991
7895.000 0.988
7900.000 0.989
7905.000 0.985
7910.000 0.980
7915.000 0.983
7920.000 0.975
7925.000 0.977
7930.000 0.975
7935.000 0.978
7940.000 0.980
7945.000 0.975
7950.000 0.973
7955.000 0.980
7960.000 0.985
7965.000 0.987
7970.000 0.976
7975.000 0.972
7980.000 0.980
7985.000 0.973
7990.000 0.981
7995.000 0.987
8000.000 0.975
8005.000 0.969
8010.000 0.973
8015.000 0.979
8020.000 0.973
8025.000 0.982
8030.000 0.969
8035.000 0.975
8040.000 0.979
8045.000 0.978
8050.000 0.988
8055.000 0.984
8060.000 0.982
8065.000 0.981
8070.000 0.982
8075.000 0.982
8080.000 0.970
8085.000 0.974
8090.000 0.976
8095.000 0.971
8100.000 0.971
8105.000 0.969
8110.000 0.975
8115.000 0.977
8120.000 0.978
8125.000 0.979
8130.000 0.983
8135.000 0.984
8140.000 0.986
8145.000 0.985
8150.000 0.989
8155.000 0.980
8160.000 0.982
8165.000 0.979
8170.000 0.978
8175.000 0.976
8180.000 0.974
8185.000 0.976
8190.000 0.979
8195.000 0.980
8200.000 0.980
8205.000 0.987
8210.000 0.984
8215.000 0.990
8220.000 0.993
8225.000 0.994
8230.000 0.995
8235.000 0.992
8240.000 0.992
8245.000 0.991
8250.000 0.991
8255.000 0.992
8260.000 0.991
8265.000 0.987
8270.000 0.986
8275.000 0.989
8280.000 0.991
8285.000 0.992
8290.000 0.989
8295.000 0.995
8300.000 0.992
8305.000 0.997
8310.000 1.002
8315.000 0.998
8320.000 1.004
8325.000 1.000
8330.000 1.001
8335.000 1.002
8340.000 1.001
8345.000 0.999
8350.000 1.000
8355.000 1.002
8360.000 1.003
8365.000 1.004
8370.000 1.009
8375.000 1.006
8380.000 1.015
8385.000 1.020
8390.000 1.023
8395.000 1.023
8400.000 1.023
8405.000 1.031
8410.000 1.033
8415.000 1.034
8420.000 1.030
8425.000 1.031
8430.000 1.035
8435.000 1.032
8440.000 1.030
8445.000 1.038
8450.000 1.041
8455.000 1.041
8460.000 1.042
8465.000 1.046
8470.000 1.053
8475.000 1.054
8480.000 1.060
8485.000 1.064
8490.000 1.069
8495.000 1.070
8500.000 1.071
8505.000 1.074
8510.000 1.075
8515.000 1.075
8520.000 1.077
8525.000 1.079
8530.000 1.080
8535.000 1.078
8540.000 1.085
8545.000 1.091
8550.000 1.093
8555.000 1.099
8560.000 1.100
8565.000 1.109
8570.000 1.112
8575.000 1.115
8580.000 1.122
8585.000 1.126
8590.000 1.128
8595.000 1.133
8600.000 1.132
8605.000 1.136
8610.000 1.133
8615.000 1.140
8620.000 1.142
8625.000 1.144
8630.000 1.148
8635.000 1.153
8640.000 1.161
8645.000 1.168
8650.000 1.171
8655.000 1.180
8660.000 1.188
8665.000 1.192
8670.000 1.198
8675.000 1.205
8680.000 1.209
8685.000 1.207
8690.000 1.215
8695.000 1.219
8700.000 1.219
8705.000 1.226
8710.000 1.227
8715.000 1.234
8720.000 1.247
8725.000 1.249
8730.000 1.263
8735.000 1.267
8740.000 1.274
8745.000 1.289
8750.000 1.295
8755.000 1.302
8760.000 1.306
8765.000 1.317
8770.000 1.323
8775.000 1.324
8780.000 1.336
8785.000 1.335
8790.000 1.348
8795.000 1.356
8800.000 1.362
8805.000 1.374
8810.000 1.383
8815.000 1.386
8820.000 1.388
8825.000 1.445
8830.000 1.457
8835.000 1.461
8840.000 1.456
8845.000 1.477
8850.000 1.488
8855.000 1.494
8860.000 1.505
8865.000 1.520
8870.000 1.528
8875.000 1.540
8880.000 1.557
8885.000 1.561
8890.000 1.585
8895.000 1.605
8900.000 1.615
8905.000 1.643
8910.000 1.653
8915.000 1.678
8920.000 1.708
8925.000 1.718
8930.000 1.741
8935.000 1.756
8940.000 1.791
8945.000 1.814
8950.000 1.824
8955.000 1.860
8960.000 1.869
8965.000 1.896
8970.000 1.932
8975.000 1.949
8980.000 1.991
8985.000 2.022
8990.000 2.061
8995.000 2.105
9000.000 2.136
9005.000 2.182
9010.000 2.205
9015.000 2.263
9020.000 2.320
9025.000 2.340
9030.000 2.413
9035.000 2.445
9040.000 2.507
9045.000 2.583
9050.000 2.625
9055.000 2.700
9060.000 2.754
9065.000 2.866
9070.000 2.959
9075.000 3.024
9080.000 3.158
9085.000 3.229
9090.000 3.380
9095.000 3.544
9100.000 3.636
9105.000 3.846
9110.000 3.952
9115.000 4.183
9120.000 4.285
9125.000 4.602
9130.000 4.932
9135.000 5.068
9140.000 5.527
9145.000 5.763
9150.000 6.218
9155.000 6.896
9160.000 7.243
9165.000 7.916
9170.000 8.406
9175.000 9.308
9180.000 10.080
9185.000 10.497
9190.000 11.080
9195.000 11.181
9200.000 10.960
9205.000 10.219
9210.000 9.739
9215.000 8.743
9220.000 8.175
9225.000 7.236
9230.000 6.348
9235.000 5.976
9240.000 5.309
9245.000 5.076
9250.000 4.488
9255.000 4.091
9260.000 3.897
9265.000 3.503
9270.000 3.353
9275.000 3.103
9280.000 2.827
9285.000 2.719
9290.000 2.540
9295.000 2.430
9300.000 2.265
9305.000 2.134
9310.000 2.051
9315.000 1.922
9320.000 1.867
9325.000 1.755
9330.000 1.656
9335.000 1.617
9340.000 1.519
9345.000 1.476
9350.000 1.404
9355.000 1.319
9360.000 1.288
9365.000 1.228
9370.000 1.194
9375.000 1.129
9380.000 1.081
9385.000 1.060
9390.000 1.003
9395.000 0.982
9400.000 0.949
9405.000 0.919
9410.000 0.879
9415.000 0.847
9420.000 0.825
9425.000 0.790
9430.000 0.773
9435.000 0.736
9440.000 0.705
9445.000 0.692
9450.000 0.654
9455.000 0.628
9460.000 0.619
9465.000 0.589
9470.000 0.576
9475.000 0.558
9480.000 0.535
9485.000 0.525
9490.000 0.507
9495.000 0.500
9500.000 0.481
9505.000 0.468
9510.000 0.456
9515.000 0.436
9520.000 0.428
9525.000 0.409
9530.000 0.391
9535.000 0.382
9540.000 0.362
9545.000 0.356
9550.000 0.346
9555.000 0.330
9560.000 0.320
9565.000 0.310
9570.000 0.311
9575.000 0.298
9580.000 0.284
9585.000 0.285
9590.000 0.278
9595.000 0.269
9600.000 0.263
9605.000 0.250
9610.000 0.249
9615.000 0.238
9620.000 0.228
9625.000 0.219
9630.000 0.207
9635.000 0.204
9640.000 0.196
9645.000 0.193
9650.000 0.186
9655.000 0.178
9660.000 0.179
9665.000 0.173
9670.000 0.172
9675.000 0.163
9680.000 0.165
9685.000 0.164
9690.000 0.158
9695.000 0.157
9700.000 0.153
9705.000 0.149
9710.000 0.144
9715.000 0.138
9720.000 0.138
9725.000 0.134
9730.000 0.132
9735.000 0.129
9740.000 0.124
9745.000 0.121
9750.000 0.121
9755.000 0.119
9760.000 0.123
9765.000 0.123
9770.000 0.124
9775.000 0.130
9780.000 0.128
9785.000 0.127
9790.000 0.129
9795.000 0.133
9800.000 0.114
9805.000 0.126
9810.000 0.128
9815.000 0.130
9820.000 0.124
9825.000 0.121
9830.000 0.125
9835.000 0.121
9840.000 0.124
9845.000 0.124
9850.000 0.126
9855.000 0.130
9860.000 0.132
9865.000 0.138
9870.000 0.140
9875.000 0.142
9880.000 0.144
9885.000 0.146
9890.000 0.150
9895.000 0.149
9900.000 0.149
9905.000 0.150
9910.000 0.150
9915.000 0.145
9920.000 0.147
9925.000 0.149
9930.000 0.147
9935.000 0.147
9940.000 0.151
9945.000 0.155
9950.000 0.161
9955.000 0.160
9960.000 0.170
9965.000 0.166
9970.000 0.169
9975.000 0.174
9980.000 0.173
9985.000 0.180
9990.000 0.180
9995.000 0.170
10000.000 0.183
10005.000 0.177
10010.000 0.176
10015.000 0.173
10020.000 0.178
10025.000 0.178
10030.000 0.179
10035.000 0.181
10040.000 0.187
10045.000 0.189
10050.000 0.191
10055.000 0.197
10060.000 0.199
10065.000 0.199
10070.000 0.205
10075.000 0.206
10080.000 0.207
10085.000 0.199
10090.000 0.204
10095.000 0.204
10100.000 0.202
10105.000 0.201
10110.000 0.203
10115.000 0.206
10120.000 0.207
10125.000 0.209
10130.000 0.209
10135.000 0.211
10140.000 0.212
10145.000 0.213
10150.000 0.216
10155.000 0.218
10160.000 0.219
10165.000 0.216
10170.000 0.218
10175.000 0.210
10180.000 0.207
10185.000 0.211
10190.000 0.210
10195.000 0.207
10200.000 0.206
10205.000 0.207
10210.000 0.211
10215.000 0.211
10220.000 0.213
10225.000 0.220
10230.000 0.221
10235.000 0.218
10240.000 0.223
10245.000 0.222
10250.000 0.223
10255.000 0.220
10260.000 0.221
10265.000 0.221
10270.000 0.214
10275.000 0.214
10280.000 0.212
10285.000 0.211
10290.000 0.210
10295.000 0.210
10300.000 0.215
10305.000 0.219
10310.000 0.215
10315.000 0.217
10320.000 0.225
10325.000 0.222
10330.000 0.223
10335.000 0.222
10340.000 0.220
10345.000 0.223
10350.000 0.220
10355.000 0.214
10360.000 0.219
10365.000 0.215
10370.000 0.214
10375.000 0.213
10380.000 0.215
10385.000 0.218
10390.000 0.221
10395.000 0.223
10400.000 0.227
10405.000 0.226
10410.000 0.231
10415.000 0.233
10420.000 0.232
10425.000 0.229
10430.000 0.231
10435.000 0.231
10440.000 0.227
10445.000 0.223
10450.000 0.223
10455.000 0.224
10460.000 0.221
10465.000 0.217
10470.000 0.221
10475.000 0.222
10480.000 0.219
10485.000 0.222
10490.000 0.227
10495.000 0.226
10500.000 0.225
10505.000 0.225
10510.000 0.227
10515.000 0.225
10520.000 0.218
10525.000 0.217
10530.000 0.218
10535.000 0.213
10540.000 0.211
10545.000 0.212
10550.000 0.208
10555.000 0.208
10560.000 0.202
10565.000 0.206
10570.000 0.205
10575.000 0.202
10580.000 0.210
10585.000 0.208
10590.000 0.211
10595.000 0.213
10600.000 0.211
10605.000 0.210
10610.000 0.204
10615.000 0.201
10620.000 0.204
10625.000 0.204
10630.000 0.200
10635.000 0.198
10640.000 0.197
10645.000 0.200
10650.000 0.197
10655.000 0.199
10660.000 0.205
10665.000 0.204
10670.000 0.205
10675.000 0.209
10680.000 0.209
10685.000 0.209
10690.000 0.211
10695.000 0.204
10700.000 0.206
10705.000 0.203
10710.000 0.196
10715.000 0.198
10720.000 0.194
10725.000 0.193
10730.000 0.193
10735.000 0.194
10740.000 0.196
10745.000 0.196
10750.000 0.192
10755.000 0.198
10760.000 0.198
10765.000 0.201
10770.000 0.197
10775.000 0.199
10780.000 0.196
10785.000 0.193
10790.000 0.192
10795.000 0.193
10800.000 0.188
10805.000 0.187
10810.000 0.186
10815.000 0.183
10820.000 0.181
10825.000 0.180
10830.000 0.185
10835.000 0.181
10840.000 0.181
10845.000 0.188
10850.000 0.189
10855.000 0.183
10860.000 0.184
10865.000 0.182
10870.000 0.180
10875.000 0.179
10880.000 0.173
10885.000 0.172
10890.000 0.172
10895.000 0.166
10900.000 0.164
10905.000 0.164
10910.000 0.159
10915.000 0.162
10920.000 0.161
10925.000 0.162
10930.000 0.160
10935.000 0.164
10940.000 0.162
10945.000 0.160
10950.000 0.161
10955.000 0.156
10960.000 0.154
10965.000 0.150
10970.000 0.144
10975.000 0.144
10980.000 0.140
10985.000 0.137
10990.000 0.132
10995.000 0.133
11000.000 0.128
11005.000 0.128
11010.000 0.121
11015.000 0.127
11020.000 0.126
11025.000 0.127
11030.000 0.123
11035.000 0.123
11040.000 0.120
11045.000 0.115
11050.000 0.118
11055.000 0.113
11060.000 0.106
11065.000 0.102
11070.000 0.100
11075.000 0.100
11080.000 0.091
11085.000 0.088
11090.000 0.087
11095.000 0.085
11100.000 0.085
11105.000 0.084
11110.000 0.085
11115.000 0.081
11120.000 0.081
11125.000 0.082
11130.000 0.081
11135.000 0.081
11140.000 0.078
11145.000 0.079
11150.000 0.080
11155.000 0.079
11160.000 0.079
11165.000 0.084
11170.000 0.081
11175.000 0.082
11180.000 0.090
11185.000 0.092
11190.000 0.092
11195.000 0.098
11200.000 0.101
11205.000 0.111
11210.000 0.115
11215.000 0.126
11220.000 0.138
11225.000 0.147
11230.000 0.156
11235.000 0.163
11240.000 0.175
11245.000 0.188
11250.000 0.195
11255.000 0.208
11260.000 0.219
11265.000 0.230
11270.000 0.249
11275.000 0.257
11280.000 0.270
11285.000 0.282
11290.000 0.304
11295.000 0.326
11300.000 0.337
11305.000 0.366
11310.000 0.376
11315.000 0.416
11320.000 0.446
11325.000 0.458
11330.000 0.495
11335.000 0.518
11340.000 0.547
11345.000 0.597
11350.000 0.619
11355.000 0.661
11360.000 0.689
11365.000 0.747
11370.000 0.799
11375.000 0.840
11380.000 0.919
11385.000 0.959
11390.000 1.040
11395.000 1.146
11400.000 1.198
11405.000 1.324
11410.000 1.395
11415.000 1.540
11420.000 1.694
11425.000 1.800
11430.000 2.005
11435.000 2.087
11440.000 2.374
11445.000 2.658
11450.000 2.765
11455.000 3.132
11460.000 3.293
11465.000 3.556
11470.000 3.839
11475.000 3.919
11480.000 3.988
11485.000 3.970
11490.000 3.831
11495.000 3.648
11500.000 3.494
11505.000 3.243
11510.000 3.129
11515.000 2.887
11520.000 2.678
11525.000 2.608
11530.000 2.413
11535.000 2.335
11540.000 2.207
11545.000 2.070
11550.000 2.014
11555.000 1.929
11560.000 1.884
11565.000 1.782
11570.000 1.713
11575.000 1.672
11580.000 1.599
11585.000 1.568
11590.000 1.514
11595.000 1.454
11600.000 1.430
11605.000 1.390
11610.000 1.367
11615.000 1.326
11620.000 1.295
11625.000 1.275
11630.000 1.244
11635.000 1.233
11640.000 1.203
11645.000 1.174
11650.000 1.170
11655.000 1.138
11660.000 1.127
11665.000 1.107
11670.000 1.079
11675.000 1.070
11680.000 1.051
11685.000 1.041
11690.000 1.025
11695.000 1.009
11700.000 1.002
11705.000 0.987
11710.000 0.980
11715.000 0.968
11720.000 0.951
11725.000 0.947
11730.000 0.939
11735.000 0.930
11740.000 0.920
11745.000 0.908
11750.000 0.904
11755.000 0.895
11760.000 0.888
11765.000 0.878
11770.000 0.868
11775.000 0.862
11780.000 0.852
11785.000 0.846
11790.000 0.841
11795.000 0.839
11800.000 0.831
11805.000 0.827
11810.000 0.826
11815.000 0.817
11820.000 0.817
11825.000 0.808
11830.000 0.800
11835.000 0.797
11840.000 0.790
11845.000 0.791
11850.000 0.784
11855.000 0.774
11860.000 0.775
11865.000 0.768
11870.000 0.763
11875.000 0.762
11880.000 0.758
11885.000 0.754
11890.000 0.752
11895.000 0.750
11900.000 0.746
11905.000 0.745
11910.000 0.745
11915.000 0.740
11920.000 0.733
11925.000 0.731
11930.000 0.728
11935.000 0.730
11940.000 0.721
11945.000 0.720
11950.000 0.715
11955.000 0.713
11960.000 0.711
11965.000 0.707
11970.000 0.709
11975.000 0.706
11980.000 0.704
11985.000 0.703
11990.000 0.698
11995.000 0.701
12000.000 0.699
