105.000 4.169
110.000 5.079
115.000 5.142
120.000 5.346
125.000 5.380
130.000 5.517
135.000 5.611
140.000 5.761
145.000 5.946
150.000 6.059
155.000 6.213
160.000 6.293
165.000 6.541
170.000 6.749
175.000 6.805
180.000 7.026
185.000 7.091
190.000 7.367
195.000 7.615
200.000 7.742
205.000 8.065
210.000 8.244
215.000 8.513
220.000 8.911
225.000 9.139
230.000 9.556
235.000 9.720
240.000 10.212
245.000 10.753
250.000 11.051
255.000 11.672
260.000 12.022
265.000 12.767
270.000 13.147
275.000 14.002
280.000 14.961
285.000 15.484
290.000 16.584
295.000 17.242
300.000 18.599
305.000 20.178
310.000 21.074
315.000 23.036
320.000 24.121
325.000 26.613
330.000 29.538
335.000 31.210
340.000 34.986
345.000 37.161
350.000 42.278
355.000 48.440
360.000 52.064
365.000 60.768
370.000 65.855
375.000 78.082
380.000 94.128
385.000 103.893
390.000 126.442
395.000 133.654
400.000 142.587
405.000 147.579
410.000 149.131
415.000 150.974
420.000 151.375
425.000 151.408
430.000 150.457
435.000 149.613
440.000 147.183
445.000 145.487
450.000 140.868
455.000 133.629
460.000 128.146
465.000 109.839
470.000 100.863
475.000 85.052
480.000 72.095
485.000 66.610
490.000 56.963
495.000 52.829
500.000 45.817
505.000 39.977
510.000 37.477
515.000 33.119
520.000 31.235
525.000 27.828
530.000 25.031
535.000 23.761
540.000 21.524
545.000 20.533
550.000 18.772
555.000 17.874
560.000 16.470
565.000 15.263
570.000 14.687
575.000 13.690
580.000 13.225
585.000 12.378
590.000 11.632
595.000 11.311
600.000 10.673
605.000 10.388
610.000 9.864
615.000 9.408
620.000 9.190
625.000 8.802
630.000 8.622
635.000 8.288
640.000 8.019
645.000 7.872
650.000 7.639
655.000 7.526
660.000 7.347
665.000 7.169
670.000 7.100
675.000 6.969
680.000 6.916
685.000 6.819
690.000 6.761
695.000 6.740
700.000 6.710
705.000 6.730
710.000 6.722
715.000 6.753
720.000 6.779
725.000 6.856
730.000 6.913
735.000 7.039
740.000 7.216
745.000 7.328
750.000 7.589
755.000 7.739
760.000 8.124
765.000 8.613
770.000 8.900
775.000 9.629
780.000 10.072
785.000 11.199
790.000 12.772
795.000 13.779
800.000 16.395
805.000 18.059
810.000 22.704
815.000 29.393
820.000 33.347
825.000 39.920
830.000 39.724
835.000 28.899
840.000 18.747
845.000 15.928
850.000 11.952
855.000 10.592
860.000 8.607
865.000 7.205
870.000 6.643
875.000 5.723
880.000 5.342
885.000 4.709
890.000 4.199
895.000 3.981
900.000 3.606
905.000 3.427
910.000 3.138
915.000 2.889
920.000 2.782
925.000 2.579
930.000 2.491
935.000 2.333
940.000 2.191
945.000 2.139
950.000 2.009
955.000 1.961
960.000 1.872
965.000 1.785
970.000 1.756
975.000 1.687
980.000 1.660
985.000 1.585
990.000 1.549
995.000 1.536
1000.000 1.478
1005.000 1.466
1010.000 1.436
1015.000 1.428
1020.000 1.396
1025.000 1.383
1030.000 1.383
1035.000 1.374
1040.000 1.366
1045.000 1.365
1050.000 1.360
1055.000 1.357
1060.000 1.363
1065.000 1.384
1070.000 1.397
1075.000 1.407
1080.000 1.413
1085.000 1.441
1090.000 1.480
1095.000 1.501
1100.000 1.537
1105.000 1.562
1110.000 1.625
1115.000 1.684
1120.000 1.718
1125.000 1.801
1130.000 1.844
1135.000 1.945
1140.000 2.066
1145.000 2.127
1150.000 2.291
1155.000 2.388
1160.000 2.595
1165.000 2.715
1170.000 2.990
1175.000 3.345
1180.000 3.560
1185.000 4.059
1190.000 4.380
1195.000 5.176
1200.000 6.270
1205.000 7.017
1210.000 8.979
1215.000 10.252
1220.000 13.650
1225.000 17.149
1230.000 17.894
1235.000 15.002
1240.000 12.302
1245.000 8.890
1250.000 6.957
1255.000 6.290
1260.000 5.311
1265.000 4.944
1270.000 4.334
1275.000 3.883
1280.000 3.700
1285.000 3.389
1290.000 3.259
1295.000 3.038
1300.000 2.853
1305.000 2.773
1310.000 2.634
1315.000 2.572
1320.000 2.465
1325.000 2.376
1330.000 2.345
1335.000 2.270
1340.000 2.236
1345.000 2.183
1350.000 2.141
1355.000 2.122
1360.000 2.084
1365.000 2.077
1370.000 2.054
1375.000 2.037
1380.000 2.025
1385.000 2.023
1390.000 2.021
1395.000 2.016
1400.000 2.022
1405.000 2.024
1410.000 2.033
1415.000 2.041
1420.000 2.059
1425.000 2.076
1430.000 2.094
1435.000 2.125
1440.000 2.147
1445.000 2.186
1450.000 2.231
1455.000 2.257
1460.000 2.309
1465.000 2.342
1470.000 2.408
1475.000 2.484
1480.000 2.527
1485.000 2.613
1490.000 2.662
1495.000 2.768
1500.000 2.886
1505.000 2.950
1510.000 3.089
1515.000 3.166
1520.000 3.333
1525.000 3.528
1530.000 3.628
1535.000 3.863
1540.000 3.996
1545.000 4.285
1550.000 4.628
1555.000 4.818
1560.000 5.254
1565.000 5.490
1570.000 6.072
1575.000 6.769
1580.000 7.172
1585.000 8.180
1590.000 8.777
1595.000 10.203
1600.000 12.152
1605.000 13.322
1610.000 15.998
1615.000 17.471
1620.000 19.869
1625.000 19.847
1630.000 18.642
1635.000 15.105
1640.000 13.540
1645.000 11.231
1650.000 9.665
1655.000 9.120
1660.000 8.370
1665.000 8.063
1670.000 7.601
1675.000 7.266
1680.000 7.129
1685.000 6.900
1690.000 6.798
1695.000 6.604
1700.000 6.440
1705.000 6.360
1710.000 6.214
1715.000 6.146
1720.000 6.025
1725.000 5.903
1730.000 5.855
1735.000 5.763
1740.000 5.716
1745.000 5.638
1750.000 5.606
1755.000 5.547
1760.000 5.506
1765.000 5.487
1770.000 5.462
1775.000 5.447
1780.000 5.436
1785.000 5.440
1790.000 5.440
1795.000 5.457
1800.000 5.472
1805.000 5.507
1810.000 5.550
1815.000 5.574
1820.000 5.640
1825.000 5.677
1830.000 5.754
1835.000 5.855
1840.000 5.908
1845.000 6.022
1850.000 6.086
1855.000 6.234
1860.000 6.396
1865.000 6.479
1870.000 6.683
1875.000 6.788
1880.000 7.020
1885.000 7.289
1890.000 7.435
1895.000 7.742
1900.000 7.923
1905.000 8.308
1910.000 8.736
1915.000 8.982
1920.000 9.528
1925.000 9.825
1930.000 10.503
1935.000 11.286
1940.000 11.730
1945.000 12.731
1950.000 13.315
1955.000 14.636
1960.000 16.195
1965.000 17.159
1970.000 19.306
1975.000 20.474
1980.000 23.379
1985.000 26.598
1990.000 28.247
1995.000 31.396
2000.000 32.535
2005.000 33.250
2010.000 31.466
2015.000 29.830
2020.000 26.066
2025.000 24.204
2030.000 20.724
2035.000 18.043
2040.000 16.736
2045.000 14.709
2050.000 13.883
2055.000 12.474
2060.000 11.255
2065.000 10.738
2070.000 9.850
2075.000 9.430
2080.000 8.714
2085.000 8.122
2090.000 7.828
2095.000 7.333
2100.000 7.119
2105.000 6.701
2110.000 6.340
2115.000 6.186
2120.000 5.880
2125.000 5.740
2130.000 5.501
2135.000 5.276
2140.000 5.177
2145.000 4.991
2150.000 4.910
2155.000 4.747
2160.000 4.616
2165.000 4.555
2170.000 4.441
2175.000 4.391
2180.000 4.305
2185.000 4.227
2190.000 4.196
2195.000 4.142
2200.000 4.119
2205.000 4.083
2210.000 4.068
2215.000 4.060
2220.000 4.067
2225.000 4.075
2230.000 4.103
2235.000 4.149
2240.000 4.180
2245.000 4.253
2250.000 4.296
2255.000 4.409
2260.000 4.548
2265.000 4.631
2270.000 4.827
2275.000 4.938
2280.000 5.213
2285.000 5.549
2290.000 5.739
2295.000 6.224
2300.000 6.506
2305.000 7.174
2310.000 8.115
2315.000 8.682
2320.000 10.076
2325.000 10.940
2330.000 13.192
2335.000 15.814
2340.000 17.138
2345.000 18.275
2350.000 17.616
2355.000 14.371
2360.000 12.421
2365.000 9.541
2370.000 7.646
2375.000 6.859
2380.000 5.716
2385.000 5.281
2390.000 4.517
2395.000 3.948
2400.000 3.719
2405.000 3.302
2410.000 3.129
2415.000 2.833
2420.000 2.571
2425.000 2.460
2430.000 2.268
2435.000 2.181
2440.000 2.020
2445.000 1.885
2450.000 1.826
2455.000 1.705
2460.000 1.653
2465.000 1.565
2470.000 1.473
2475.000 1.435
2480.000 1.368
2485.000 1.337
2490.000 1.279
2495.000 1.223
2500.000 1.199
2505.000 1.148
2510.000 1.126
2515.000 1.091
2520.000 1.051
2525.000 1.033
2530.000 1.002
2535.000 0.987
2540.000 0.958
2545.000 0.929
2550.000 0.919
2555.000 0.896
2560.000 0.883
2565.000 0.862
2570.000 0.839
2575.000 0.831
2580.000 0.818
2585.000 0.807
2590.000 0.791
2595.000 0.778
2600.000 0.774
2605.000 0.757
2610.000 0.748
2615.000 0.740
2620.000 0.726
2625.000 0.722
2630.000 0.714
2635.000 0.709
2640.000 0.700
2645.000 0.690
2650.000 0.687
2655.000 0.677
2660.000 0.673
2665.000 0.663
2670.000 0.659
2675.000 0.654
2680.000 0.646
2685.000 0.643
2690.000 0.638
2695.000 0.635
2700.000 0.633
2705.000 0.625
2710.000 0.624
2715.000 0.620
2720.000 0.616
2725.000 0.611
2730.000 0.607
2735.000 0.607
2740.000 0.605
2745.000 0.600
2750.000 0.603
2755.000 0.599
2760.000 0.593
2765.000 0.592
2770.000 0.590
2775.000 0.591
2780.000 0.590
2785.000 0.590
2790.000 0.589
2795.000 0.586
2800.000 0.585
2805.000 0.585
2810.000 0.583
2815.000 0.582
2820.000 0.581
2825.000 0.578
2830.000 0.578
2835.000 0.576
2840.000 0.577
2845.000 0.577
2850.000 0.573
2855.000 0.572
2860.000 0.574
2865.000 0.577
2870.000 0.578
2875.000 0.574
2880.000 0.572
2885.000 0.575
2890.000 0.574
2895.000 0.575
2900.000 0.574
2905.000 0.573
2910.000 0.567
2915.000 0.575
2920.000 0.575
2925.000 0.571
2930.000 0.573
2935.000 0.578
2940.000 0.577
2945.000 0.578
2950.000 0.575
2955.000 0.586
2960.000 0.578
2965.000 0.586
2970.000 0.581
2975.000 0.578
2980.000 0.593
2985.000 0.586
2990.000 0.593
2995.000 0.584
3000.000 0.595
3005.000 0.597
3010.000 0.598
3015.000 0.583
3020.000 0.601
3025.000 0.600
3030.000 0.593
3035.000 0.604
3040.000 0.604
3045.000 0.598
3050.000 0.610
3055.000 0.615
3060.000 0.613
3065.000 0.622
3070.000 0.625
3075.000 0.626
3080.000 0.625
3085.000 0.635
3090.000 0.638
3095.000 0.641
3100.000 0.647
3105.000 0.653
3110.000 0.653
3115.000 0.665
3120.000 0.671
3125.000 0.680
3130.000 0.691
3135.000 0.693
3140.000 0.707
3145.000 0.712
3150.000 0.728
3155.000 0.739
3160.000 0.745
3165.000 0.765
3170.000 0.773
3175.000 0.791
3180.000 0.814
3185.000 0.821
3190.000 0.849
3195.000 0.861
3200.000 0.894
3205.000 0.924
3210.000 0.946
3215.000 0.983
3220.000 1.005
3225.000 1.052
3230.000 1.114
3235.000 1.143
3240.000 1.210
3245.000 1.249
3250.000 1.331
3255.000 1.430
3260.000 1.486
3265.000 1.606
3270.000 1.672
3275.000 1.838
3280.000 2.033
3285.000 2.140
3290.000 2.414
3295.000 2.572
3300.000 2.929
3305.000 3.429
3310.000 3.722
3315.000 4.420
3320.000 4.894
3325.000 6.151
3330.000 7.821
3335.000 8.934
3340.000 11.889
3345.000 13.480
3350.000 15.847
3355.000 14.994
3360.000 13.355
3365.000 10.494
3370.000 9.337
3375.000 7.840
3380.000 6.883
3385.000 6.478
3390.000 5.904
3395.000 5.709
3400.000 5.339
3405.000 5.097
3410.000 5.017
3415.000 4.878
3420.000 4.834
3425.000 4.791
3430.000 4.794
3435.000 4.816
3440.000 4.895
3445.000 4.950
3450.000 5.109
3455.000 5.314
3460.000 5.444
3465.000 5.783
3470.000 5.977
3475.000 6.425
3480.000 7.057
3485.000 7.425
3490.000 8.285
3495.000 8.892
3500.000 10.284
3505.000 12.076
3510.000 13.332
3515.000 16.177
3520.000 17.751
3525.000 20.664
3530.000 21.343
3535.000 19.878
3540.000 16.056
3545.000 14.108
3550.000 11.254
3555.000 10.273
3560.000 8.508
3565.000 7.309
3570.000 6.851
3575.000 6.015
3580.000 5.682
3585.000 5.155
3590.000 4.688
3595.000 4.494
3600.000 4.176
3605.000 4.019
3610.000 3.769
3615.000 3.565
3620.000 3.465
3625.000 3.300
3630.000 3.225
3635.000 3.090
3640.000 2.978
3645.000 2.935
3650.000 2.847
3655.000 2.810
3660.000 2.739
3665.000 2.690
3670.000 2.663
3675.000 2.621
3680.000 2.611
3685.000 2.586
3690.000 2.567
3695.000 2.561
3700.000 2.558
3705.000 2.559
3710.000 2.569
3715.000 2.590
3720.000 2.604
3725.000 2.633
3730.000 2.651
3735.000 2.709
3740.000 2.771
3745.000 2.808
3750.000 2.899
3755.000 2.948
3760.000 3.060
3765.000 3.206
3770.000 3.287
3775.000 3.463
3780.000 3.583
3785.000 3.835
3790.000 4.132
3795.000 4.331
3800.000 4.777
3805.000 5.017
3810.000 5.702
3815.000 6.561
3820.000 7.044
3825.000 8.545
3830.000 9.390
3835.000 11.308
3840.000 12.284
3845.000 13.821
3850.000 13.221
3855.000 12.140
3860.000 9.328
3865.000 8.228
3870.000 6.633
3875.000 5.409
3880.000 4.961
3885.000 4.279
3890.000 3.964
3895.000 3.486
3900.000 3.133
3905.000 2.957
3910.000 2.687
3915.000 2.586
3920.000 2.370
3925.000 2.202
3930.000 2.132
3935.000 1.999
3940.000 1.943
3945.000 1.844
3950.000 1.743
3955.000 1.712
3960.000 1.642
3965.000 1.604
3970.000 1.563
3975.000 1.511
3980.000 1.492
3985.000 1.439
3990.000 1.435
3995.000 1.400
4000.000 1.372
4005.000 1.360
4010.000 1.348
4015.000 1.343
4020.000 1.326
4025.000 1.321
4030.000 1.314
4035.000 1.327
4040.000 1.329
4045.000 1.322
4050.000 1.346
4055.000 1.339
4060.000 1.362
4065.000 1.370
4070.000 1.400
4075.000 1.432
4080.000 1.448
4085.000 1.494
4090.000 1.515
4095.000 1.566
4100.000 1.630
4105.000 1.664
4110.000 1.748
4115.000 1.802
4120.000 1.903
4125.000 2.040
4130.000 2.117
4135.000 2.280
4140.000 2.392
4145.000 2.633
4150.000 2.918
4155.000 3.107
4160.000 3.553
4165.000 3.820
4170.000 4.454
4175.000 5.395
4180.000 5.955
4185.000 7.219
4190.000 7.991
4195.000 9.149
4200.000 9.127
4205.000 8.453
4210.000 6.691
4215.000 5.983
4220.000 4.725
4225.000 3.899
4230.000 3.614
4235.000 3.069
4240.000 2.867
4245.000 2.550
4250.000 2.282
4255.000 2.175
4260.000 2.004
4265.000 1.930
4270.000 1.795
4275.000 1.694
4280.000 1.650
4285.000 1.560
4290.000 1.527
4295.000 1.469
4300.000 1.414
4305.000 1.391
4310.000 1.350
4315.000 1.328
4320.000 1.294
4325.000 1.262
4330.000 1.248
4335.000 1.228
4340.000 1.214
4345.000 1.193
4350.000 1.182
4355.000 1.172
4360.000 1.162
4365.000 1.160
4370.000 1.150
4375.000 1.149
4380.000 1.148
4385.000 1.148
4390.000 1.146
4395.000 1.152
4400.000 1.154
4405.000 1.161
4410.000 1.171
4415.000 1.179
4420.000 1.191
4425.000 1.198
4430.000 1.218
4435.000 1.242
4440.000 1.258
4445.000 1.287
4450.000 1.302
4455.000 1.347
4460.000 1.398
4465.000 1.420
4470.000 1.492
4475.000 1.532
4480.000 1.609
4485.000 1.720
4490.000 1.779
4495.000 1.922
4500.000 1.995
4505.000 2.214
4510.000 2.477
4515.000 2.624
4520.000 3.052
4525.000 3.300
4530.000 3.873
4535.000 4.626
4540.000 4.954
4545.000 5.266
4550.000 5.120
4555.000 4.223
4560.000 3.293
4565.000 2.869
4570.000 2.271
4575.000 2.046
4580.000 1.703
4585.000 1.448
4590.000 1.348
4595.000 1.180
4600.000 1.113
4605.000 0.994
4610.000 0.903
4615.000 0.865
4620.000 0.792
4625.000 0.767
4630.000 0.715
4635.000 0.672
4640.000 0.654
4645.000 0.609
4650.000 0.597
4655.000 0.573
4660.000 0.552
4665.000 0.540
4670.000 0.528
4675.000 0.519
4680.000 0.504
4685.000 0.494
4690.000 0.488
4695.000 0.474
4700.000 0.470
4705.000 0.455
4710.000 0.449
4715.000 0.437
4720.000 0.426
4725.000 0.422
4730.000 0.409
4735.000 0.397
4740.000 0.394
4745.000 0.381
4750.000 0.379
4755.000 0.371
4760.000 0.364
4765.000 0.364
4770.000 0.363
4775.000 0.365
4780.000 0.378
4785.000 0.402
4790.000 0.414
4795.000 0.457
4800.000 0.488
4805.000 0.568
4810.000 0.665
4815.000 0.734
4820.000 0.901
4825.000 1.009
4830.000 1.255
4835.000 1.630
4840.000 1.858
4845.000 2.394
4850.000 2.787
4855.000 3.545
4860.000 4.114
4865.000 4.219
4870.000 3.905
4875.000 3.647
4880.000 3.092
4885.000 2.703
4890.000 2.567
4895.000 2.298
4900.000 2.194
4905.000 2.052
4910.000 1.910
4915.000 1.861
4920.000 1.767
4925.000 1.735
4930.000 1.663
4935.000 1.606
4940.000 1.590
4945.000 1.537
4950.000 1.526
4955.000 1.496
4960.000 1.470
4965.000 1.469
4970.000 1.441
4975.000 1.426
4980.000 1.428
4985.000 1.418
4990.000 1.425
4995.000 1.429
5000.000 1.433
5005.000 1.430
5010.000 1.451
5015.000 1.466
5020.000 1.487
5025.000 1.489
5030.000 1.525
5035.000 1.538
5040.000 1.584
5045.000 1.644
5050.000 1.675
5055.000 1.757
5060.000 1.801
5065.000 1.906
5070.000 2.055
5075.000 2.137
5080.000 2.330
5085.000 2.476
5090.000 2.776
5095.000 3.110
5100.000 3.299
5105.000 3.554
5110.000 3.551
5115.000 3.135
5120.000 2.354
5125.000 1.995
5130.000 1.447
5135.000 1.236
5140.000 0.932
5145.000 0.703
5150.000 0.622
5155.000 0.492
5160.000 0.448
5165.000 0.367
5170.000 0.323
5175.000 0.307
5180.000 0.298
5185.000 0.292
5190.000 0.301
5195.000 0.311
5200.000 0.317
5205.000 0.330
5210.000 0.334
5215.000 0.348
5220.000 0.361
5225.000 0.366
5230.000 0.376
5235.000 0.377
5240.000 0.385
5245.000 0.395
5250.000 0.400
5255.000 0.407
5260.000 0.410
5265.000 0.418
5270.000 0.430
5275.000 0.433
5280.000 0.436
5285.000 0.440
5290.000 0.441
5295.000 0.451
5300.000 0.451
5305.000 0.453
5310.000 0.452
5315.000 0.457
5320.000 0.459
5325.000 0.456
5330.000 0.459
5335.000 0.459
5340.000 0.462
5345.000 0.466
5350.000 0.467
5355.000 0.469
5360.000 0.467
5365.000 0.477
5370.000 0.476
5375.000 0.475
5380.000 0.477
5385.000 0.480
5390.000 0.478
5395.000 0.475
5400.000 0.475
5405.000 0.479
5410.000 0.478
5415.000 0.474
5420.000 0.479
5425.000 0.477
5430.000 0.477
5435.000 0.480
5440.000 0.480
5445.000 0.481
5450.000 0.482
5455.000 0.488
5460.000 0.486
5465.000 0.488
5470.000 0.485
5475.000 0.484
5480.000 0.485
5485.000 0.482
5490.000 0.482
5495.000 0.481
5500.000 0.479
5505.000 0.483
5510.000 0.480
5515.000 0.477
5520.000 0.485
5525.000 0.482
5530.000 0.480
5535.000 0.485
5540.000 0.486
5545.000 0.488
5550.000 0.488
5555.000 0.490
5560.000 0.487
5565.000 0.491
5570.000 0.486
5575.000 0.486
5580.000 0.485
5585.000 0.485
5590.000 0.485
5595.000 0.482
5600.000 0.484
5605.000 0.483
5610.000 0.484
5615.000 0.488
5620.000 0.487
5625.000 0.484
5630.000 0.492
5635.000 0.491
5640.000 0.487
5645.000 0.491
5650.000 0.491
5655.000 0.490
5660.000 0.493
5665.000 0.490
5670.000 0.489
5675.000 0.488
5680.000 0.483
5685.000 0.484
5690.000 0.484
5695.000 0.485
5700.000 0.486
5705.000 0.487
5710.000 0.490
5715.000 0.489
5720.000 0.492
5725.000 0.496
5730.000 0.493
5735.000 0.495
5740.000 0.492
5745.000 0.490
5750.000 0.491
5755.000 0.488
5760.000 0.489
5765.000 0.487
5770.000 0.487
5775.000 0.485
5780.000 0.485
5785.000 0.487
5790.000 0.490
5795.000 0.489
5800.000 0.487
5805.000 0.491
5810.000 0.494
5815.000 0.494
5820.000 0.495
5825.000 0.489
5830.000 0.492
5835.000 0.490
5840.000 0.491
5845.000 0.489
5850.000 0.489
5855.000 0.486
5860.000 0.484
5865.000 0.484
5870.000 0.486
5875.000 0.484
5880.000 0.485
5885.000 0.491
5890.000 0.490
5895.000 0.490
5900.000 0.496
5905.000 0.492
5910.000 0.492
5915.000 0.494
5920.000 0.494
5925.000 0.494
5930.000 0.490
5935.000 0.491
5940.000 0.490
5945.000 0.488
5950.000 0.486
5955.000 0.489
5960.000 0.482
5965.000 0.482
5970.000 0.481
5975.000 0.482
5980.000 0.492
5985.000 0.499
5990.000 0.497
5995.000 0.485
6000.000 0.501
6005.000 0.498
6010.000 0.497
6015.000 0.484
6020.000 0.491
6025.000 0.490
6030.000 0.485
6035.000 0.491
6040.000 0.485
6045.000 0.481
6050.000 0.489
6055.000 0.490
6060.000 0.482
6065.000 0.488
6070.000 0.490
6075.000 0.491
6080.000 0.493
6085.000 0.494
6090.000 0.493
6095.000 0.493
6100.000 0.491
6105.000 0.489
6110.000 0.486
6115.000 0.484
6120.000 0.486
6125.000 0.487
6130.000 0.485
6135.000 0.483
6140.000 0.486
6145.000 0.487
6150.000 0.488
6155.000 0.487
6160.000 0.491
6165.000 0.495
6170.000 0.496
6175.000 0.493
6180.000 0.497
6185.000 0.496
6190.000 0.493
6195.000 0.493
6200.000 0.489
6205.000 0.489
6210.000 0.491
6215.000 0.486
6220.000 0.489
6225.000 0.491
6230.000 0.486
6235.000 0.489
6240.000 0.491
6245.000 0.492
6250.000 0.495
6255.000 0.494
6260.000 0.497
6265.000 0.498
6270.000 0.498
6275.000 0.495
6280.000 0.493
6285.000 0.500
6290.000 0.490
6295.000 0.496
6300.000 0.484
6305.000 0.487
6310.000 0.490
6315.000 0.491
6320.000 0.493
6325.000 0.492
6330.000 0.493
6335.000 0.498
6340.000 0.502
6345.000 0.501
6350.000 0.505
6355.000 0.504
6360.000 0.506
6365.000 0.507
6370.000 0.503
6375.000 0.503
6380.000 0.500
6385.000 0.500
6390.000 0.503
6395.000 0.500
6400.000 0.504
6405.000 0.503
6410.000 0.502
6415.000 0.504
6420.000 0.514
6425.000 0.510
6430.000 0.512
6435.000 0.520
6440.000 0.519
6445.000 0.521
6450.000 0.521
6455.000 0.522
6460.000 0.525
6465.000 0.528
6470.000 0.527
6475.000 0.532
6480.000 0.528
6485.000 0.533
6490.000 0.535
6495.000 0.540
6500.000 0.546
6505.000 0.550
6510.000 0.559
6515.000 0.568
6520.000 0.574
6525.000 0.585
6530.000 0.588
6535.000 0.603
6540.000 0.612
6545.000 0.619
6550.000 0.637
6555.000 0.645
6560.000 0.663
6565.000 0.689
6570.000 0.704
6575.000 0.737
6580.000 0.755
6585.000 0.798
6590.000 0.857
6595.000 0.890
6600.000 0.961
6605.000 1.009
6610.000 1.122
6615.000 1.249
6620.000 1.331
6625.000 1.549
6630.000 1.673
6635.000 1.969
6640.000 2.433
6645.000 2.709
6650.000 3.361
6655.000 3.885
6660.000 4.958
6665.000 5.921
6670.000 6.263
6675.000 6.007
6680.000 5.577
6685.000 4.671
6690.000 4.030
6695.000 3.836
6700.000 3.454
6705.000 3.330
6710.000 3.177
6715.000 3.066
6720.000 3.046
6725.000 3.047
6730.000 3.067
6735.000 3.164
6740.000 3.293
6745.000 3.399
6750.000 3.682
6755.000 3.848
6760.000 4.229
6765.000 4.845
6770.000 5.210
6775.000 6.018
6780.000 6.656
6785.000 7.958
6790.000 9.215
6795.000 9.894
6800.000 10.058
6805.000 9.633
6810.000 8.080
6815.000 7.291
6820.000 6.092
6825.000 5.117
6830.000 4.772
6835.000 4.253
6840.000 4.012
6845.000 3.606
6850.000 3.343
6855.000 3.215
6860.000 3.001
6865.000 2.919
6870.000 2.791
6875.000 2.673
6880.000 2.630
6885.000 2.567
6890.000 2.532
6895.000 2.487
6900.000 2.465
6905.000 2.452
6910.000 2.446
6915.000 2.442
6920.000 2.460
6925.000 2.488
6930.000 2.501
6935.000 2.559
6940.000 2.588
6945.000 2.657
6950.000 2.775
6955.000 2.829
6960.000 2.953
6965.000 3.044
6970.000 3.242
6975.000 3.455
6980.000 3.599
6985.000 3.961
6990.000 4.158
6995.000 4.589
7000.000 5.244
7005.000 5.623
7010.000 6.433
7015.000 7.066
7020.000 8.282
7025.000 9.389
7030.000 9.896
7035.000 9.959
7040.000 9.530
7045.000 8.048
7050.000 6.517
7055.000 5.998
7060.000 4.918
7065.000 4.524
7070.000 3.943
7075.000 3.409
7080.000 3.204
7085.000 2.897
7090.000 2.751
7095.000 2.477
7100.000 2.373
7105.000 2.215
7110.000 2.052
7115.000 1.990
7120.000 1.887
7125.000 1.828
7130.000 1.743
7135.000 1.675
7140.000 1.634
7145.000 1.582
7150.000 1.560
7155.000 1.513
7160.000 1.477
7165.000 1.467
7170.000 1.441
7175.000 1.433
7180.000 1.420
7185.000 1.417
7190.000 1.416
7195.000 1.425
7200.000 1.430
7205.000 1.447
7210.000 1.469
7215.000 1.483
7220.000 1.525
7225.000 1.545
7230.000 1.589
7235.000 1.661
7240.000 1.703
7245.000 1.782
7250.000 1.847
7255.000 1.974
7260.000 2.114
7265.000 2.219
7270.000 2.441
7275.000 2.561
7280.000 2.898
7285.000 3.298
7290.000 3.506
7295.000 4.144
7300.000 4.496
7305.000 5.287
7310.000 6.142
7315.000 6.520
7320.000 6.815
7325.000 6.709
7330.000 5.905
7335.000 5.012
7340.000 4.638
7345.000 3.884
7350.000 3.613
7355.000 3.201
7360.000 2.822
7365.000 2.678
7370.000 2.461
7375.000 2.337
7380.000 2.174
7385.000 2.043
7390.000 1.965
7395.000 1.864
7400.000 1.826
7405.000 1.742
7410.000 1.681
7415.000 1.659
7420.000 1.604
7425.000 1.590
7430.000 1.552
7435.000 1.516
7440.000 1.503
7445.000 1.486
7450.000 1.474
7455.000 1.455
7460.000 1.449
7465.000 1.449
7470.000 1.444
7475.000 1.445
7480.000 1.453
7485.000 1.470
7490.000 1.474
7495.000 1.493
7500.000 1.510
7505.000 1.539
7510.000 1.574
7515.000 1.591
7520.000 1.640
7525.000 1.663
7530.000 1.727
7535.000 1.802
7540.000 1.840
7545.000 1.942
7550.000 1.998
7555.000 2.130
7560.000 2.309
7565.000 2.405
7570.000 2.622
7575.000 2.756
7580.000 3.117
7585.000 3.535
7590.000 3.742
7595.000 4.349
7600.000 4.648
7605.000 5.126
7610.000 5.343
7615.000 5.222
7620.000 4.666
7625.000 4.210
7630.000 3.432
7635.000 2.887
7640.000 2.595
7645.000 2.201
7650.000 2.040
7655.000 1.775
7660.000 1.571
7665.000 1.497
7670.000 1.336
7675.000 1.268
7680.000 1.166
7685.000 1.070
7690.000 1.025
7695.000 0.959
7700.000 0.931
7705.000 0.874
7710.000 0.849
7715.000 0.814
7720.000 0.775
7725.000 0.763
7730.000 0.740
7735.000 0.727
7740.000 0.703
7745.000 0.692
7750.000 0.679
7755.000 0.671
7760.000 0.668
7765.000 0.656
7770.000 0.652
7775.000 0.651
7780.000 0.647
7785.000 0.653
7790.000 0.653
7795.000 0.668
7800.000 0.678
7805.000 0.701
7810.000 0.716
7815.000 0.758
7820.000 0.810
7825.000 0.831
7830.000 0.915
7835.000 0.961
7840.000 1.068
7845.000 1.233
7850.000 1.333
7855.000 1.543
7860.000 1.697
7865.000 2.003
7870.000 2.225
7875.000 2.299
7880.000 2.244
7885.000 2.146
7890.000 1.916
7895.000 1.651
7900.000 1.554
7905.000 1.387
7910.000 1.321
7915.000 1.210
7920.000 1.127
7925.000 1.094
7930.000 1.037
7935.000 1.014
7940.000 0.977
7945.000 0.942
7950.000 0.933
7955.000 0.907
7960.000 0.897
7965.000 0.884
7970.000 0.864
7975.000 0.857
7980.000 0.849
7985.000 0.853
7990.000 0.846
7995.000 0.859
8000.000 0.855
8005.000 0.856
8010.000 0.867
8015.000 0.907
8020.000 0.916
8025.000 0.926
8030.000 0.967
8035.000 0.996
8040.000 1.057
8045.000 1.121
8050.000 1.145
8055.000 1.133
8060.000 1.094
8065.000 0.947
8070.000 0.852
8075.000 0.836
8080.000 0.853
8085.000 0.855
8090.000 0.816
8095.000 0.730
8100.000 0.695
8105.000 0.656
8110.000 0.624
8115.000 0.556
8120.000 0.513
8125.000 0.493
8130.000 0.478
8135.000 0.475
8140.000 0.462
8145.000 0.464
8150.000 0.465
8155.000 0.462
8160.000 0.462
8165.000 0.463
8170.000 0.461
8175.000 0.463
8180.000 0.464
8185.000 0.464
8190.000 0.463
8195.000 0.460
8200.000 0.465
8205.000 0.467
8210.000 0.467
8215.000 0.471
8220.000 0.471
8225.000 0.474
8230.000 0.472
8235.000 0.471
8240.000 0.469
8245.000 0.468
8250.000 0.466
8255.000 0.469
8260.000 0.464
8265.000 0.467
8270.000 0.470
8275.000 0.472
8280.000 0.477
8285.000 0.477
8290.000 0.477
8295.000 0.478
8300.000 0.479
8305.000 0.481
8310.000 0.480
8315.000 0.477
8320.000 0.478
8325.000 0.475
8330.000 0.469
8335.000 0.471
8340.000 0.469
8345.000 0.470
8350.000 0.471
8355.000 0.472
8360.000 0.473
8365.000 0.476
8370.000 0.473
8375.000 0.482
8380.000 0.482
8385.000 0.483
8390.000 0.483
8395.000 0.486
8400.000 0.484
8405.000 0.480
8410.000 0.479
8415.000 0.480
8420.000 0.474
8425.000 0.474
8430.000 0.474
8435.000 0.471
8440.000 0.472
8445.000 0.474
8450.000 0.476
8455.000 0.479
8460.000 0.478
8465.000 0.482
8470.000 0.484
8475.000 0.484
8480.000 0.486
8485.000 0.484
8490.000 0.487
8495.000 0.483
8500.000 0.477
8505.000 0.478
8510.000 0.478
8515.000 0.473
8520.000 0.469
8525.000 0.472
8530.000 0.473
8535.000 0.475
8540.000 0.477
8545.000 0.479
8550.000 0.483
8555.000 0.480
8560.000 0.484
8565.000 0.483
8570.000 0.486
8575.000 0.483
8580.000 0.483
8585.000 0.478
8590.000 0.479
8595.000 0.477
8600.000 0.473
8605.000 0.476
8610.000 0.473
8615.000 0.473
8620.000 0.473
8625.000 0.478
8630.000 0.481
8635.000 0.480
8640.000 0.485
8645.000 0.484
8650.000 0.487
8655.000 0.482
8660.000 0.485
8665.000 0.485
8670.000 0.483
8675.000 0.481
8680.000 0.481
8685.000 0.476
8690.000 0.473
8695.000 0.477
8700.000 0.473
8705.000 0.474
8710.000 0.474
8715.000 0.476
8720.000 0.483
8725.000 0.485
8730.000 0.482
8735.000 0.486
8740.000 0.488
8745.000 0.484
8750.000 0.483
8755.000 0.482
8760.000 0.483
8765.000 0.478
8770.000 0.476
8775.000 0.476
8780.000 0.472
8785.000 0.470
8790.000 0.469
8795.000 0.472
8800.000 0.472
8805.000 0.471
8810.000 0.472
8815.000 0.464
8820.000 0.490
8825.000 0.508
8830.000 0.494
8835.000 0.502
8840.000 0.480
8845.000 0.489
8850.000 0.483
8855.000 0.478
8860.000 0.475
8865.000 0.476
8870.000 0.473
8875.000 0.475
8880.000 0.473
8885.000 0.471
8890.000 0.475
8895.000 0.470
8900.000 0.472
8905.000 0.473
8910.000 0.476
8915.000 0.480
8920.000 0.479
8925.000 0.481
8930.000 0.484
8935.000 0.478
8940.000 0.473
8945.000 0.478
8950.000 0.473
8955.000 0.475
8960.000 0.474
8965.000 0.471
8970.000 0.472
8975.000 0.473
8980.000 0.473
8985.000 0.483
8990.000 0.483
8995.000 0.480
9000.000 0.490
9005.000 0.490
9010.000 0.490
9015.000 0.482
9020.000 0.482
9025.000 0.482
9030.000 0.471
9035.000 0.476
9040.000 0.476
9045.000 0.469
9050.000 0.471
9055.000 0.468
9060.000 0.468
9065.000 0.475
9070.000 0.473
9075.000 0.473
9080.000 0.474
9085.000 0.478
9090.000 0.478
9095.000 0.482
9100.000 0.482
9105.000 0.482
9110.000 0.475
9115.000 0.479
9120.000 0.480
9125.000 0.473
9130.000 0.472
9135.000 0.470
9140.000 0.470
9145.000 0.473
9150.000 0.472
9155.000 0.473
9160.000 0.475
9165.000 0.477
9170.000 0.482
9175.000 0.483
9180.000 0.481
9185.000 0.484
9190.000 0.483
9195.000 0.479
9200.000 0.478
9205.000 0.477
9210.000 0.475
9215.000 0.468
9220.000 0.469
9225.000 0.467
9230.000 0.467
9235.000 0.472
9240.000 0.471
9245.000 0.471
9250.000 0.477
9255.000 0.477
9260.000 0.478
9265.000 0.481
9270.000 0.483
9275.000 0.482
9280.000 0.477
9285.000 0.480
9290.000 0.476
9295.000 0.472
9300.000 0.472
9305.000 0.473
9310.000 0.467
9315.000 0.468
9320.000 0.468
9325.000 0.470
9330.000 0.474
9335.000 0.471
9340.000 0.476
9345.000 0.478
9350.000 0.481
9355.000 0.476
9360.000 0.479
9365.000 0.479
9370.000 0.477
9375.000 0.471
9380.000 0.473
9385.000 0.474
9390.000 0.468
9395.000 0.466
9400.000 0.466
9405.000 0.466
9410.000 0.470
9415.000 0.466
9420.000 0.471
9425.000 0.473
9430.000 0.472
9435.000 0.476
9440.000 0.479
9445.000 0.479
9450.000 0.477
9455.000 0.476
9460.000 0.474
9465.000 0.474
9470.000 0.470
9475.000 0.469
9480.000 0.466
9485.000 0.465
9490.000 0.464
9495.000 0.465
9500.000 0.466
9505.000 0.466
9510.000 0.467
9515.000 0.470
9520.000 0.473
9525.000 0.472
9530.000 0.474
9535.000 0.475
9540.000 0.474
9545.000 0.474
9550.000 0.471
9555.000 0.470
9560.000 0.466
9565.000 0.466
9570.000 0.462
9575.000 0.461
9580.000 0.462
9585.000 0.460
9590.000 0.460
9595.000 0.464
9600.000 0.465
9605.000 0.467
9610.000 0.470
9615.000 0.469
9620.000 0.471
9625.000 0.472
9630.000 0.474
9635.000 0.469
9640.000 0.468
9645.000 0.464
9650.000 0.462
9655.000 0.459
9660.000 0.456
9665.000 0.457
9670.000 0.454
9675.000 0.457
9680.000 0.454
9685.000 0.458
9690.000 0.461
9695.000 0.460
9700.000 0.459
9705.000 0.464
9710.000 0.464
9715.000 0.461
9720.000 0.458
9725.000 0.460
9730.000 0.458
9735.000 0.450
9740.000 0.450
9745.000 0.450
9750.000 0.441
9755.000 0.442
9760.000 0.436
9765.000 0.438
9770.000 0.440
9775.000 0.439
9780.000 0.438
9785.000 0.437
9790.000 0.438
9795.000 0.438
9800.000 0.429
9805.000 0.434
9810.000 0.430
9815.000 0.423
9820.000 0.416
9825.000 0.404
9830.000 0.400
9835.000 0.390
9840.000 0.389
9845.000 0.376
9850.000 0.362
9855.000 0.359
9860.000 0.349
9865.000 0.341
9870.000 0.322
9875.000 0.307
9880.000 0.296
9885.000 0.276
9890.000 0.262
9895.000 0.227
9900.000 0.210
9905.000 0.215
9910.000 0.273
9915.000 0.328
9920.000 0.471
9925.000 0.759
9930.000 0.924
9935.000 1.238
9940.000 1.443
9945.000 1.669
9950.000 1.686
9955.000 1.660
9960.000 1.565
9965.000 1.526
9970.000 1.470
9975.000 1.439
9980.000 1.421
9985.000 1.420
9990.000 1.413
9995.000 1.427
10000.000 1.461
10005.000 1.484
10010.000 1.532
10015.000 1.559
10020.000 1.662
10025.000 1.778
10030.000 1.843
10035.000 2.031
10040.000 2.134
10045.000 2.353
10050.000 2.653
10055.000 2.790
10060.000 2.956
10065.000 2.976
10070.000 2.767
10075.000 2.585
10080.000 2.101
10085.000 1.724
10090.000 1.594
10095.000 1.289
10100.000 1.180
10105.000 1.028
10110.000 0.873
10115.000 0.818
10120.000 0.733
10125.000 0.693
10130.000 0.618
10135.000 0.574
10140.000 0.549
10145.000 0.514
10150.000 0.503
10155.000 0.481
10160.000 0.470
10165.000 0.468
10170.000 0.473
10175.000 0.481
10180.000 0.498
10185.000 0.518
10190.000 0.542
10195.000 0.585
10200.000 0.599
10205.000 0.661
10210.000 0.737
10215.000 0.768
10220.000 0.880
10225.000 0.942
10230.000 1.071
10235.000 1.288
10240.000 1.400
10245.000 1.637
10250.000 1.800
10255.000 2.221
10260.000 2.605
10265.000 2.785
10270.000 3.125
10275.000 3.181
10280.000 3.110
10285.000 2.816
10290.000 2.666
10295.000 2.415
10300.000 2.255
10305.000 2.046
10310.000 1.900
10315.000 1.811
10320.000 1.690
10325.000 1.654
10330.000 1.558
10335.000 1.481
10340.000 1.463
10345.000 1.397
10350.000 1.375
10355.000 1.341
10360.000 1.298
10365.000 1.282
10370.000 1.260
10375.000 1.250
10380.000 1.234
10385.000 1.226
10390.000 1.224
10395.000 1.222
10400.000 1.218
10405.000 1.227
10410.000 1.228
10415.000 1.240
10420.000 1.252
10425.000 1.263
10430.000 1.285
10435.000 1.294
10440.000 1.326
10445.000 1.362
10450.000 1.378
10455.000 1.438
10460.000 1.467
10465.000 1.528
10470.000 1.628
10475.000 1.680
10480.000 1.782
10485.000 1.853
10490.000 2.038
10495.000 2.196
10500.000 2.299
10505.000 2.532
10510.000 2.627
10515.000 2.739
10520.000 2.720
10525.000 2.629
10530.000 2.367
10535.000 2.135
10540.000 1.753
10545.000 1.474
10550.000 1.300
10555.000 1.068
10560.000 0.999
10565.000 0.815
10570.000 0.684
10575.000 0.643
10580.000 0.529
10585.000 0.490
10590.000 0.425
10595.000 0.357
10600.000 0.330
10605.000 0.293
10610.000 0.276
10615.000 0.237
10620.000 0.219
10625.000 0.205
10630.000 0.183
10635.000 0.175
10640.000 0.170
10645.000 0.160
10650.000 0.154
10655.000 0.144
10660.000 0.145
10665.000 0.140
10670.000 0.138
10675.000 0.141
10680.000 0.150
10685.000 0.156
10690.000 0.179
10695.000 0.199
10700.000 0.212
10705.000 0.255
10710.000 0.274
10715.000 0.317
10720.000 0.380
10725.000 0.416
10730.000 0.478
10735.000 0.536
10740.000 0.649
10745.000 0.762
10750.000 0.843
10755.000 1.046
10760.000 1.154
10765.000 1.354
10770.000 1.611
10775.000 1.702
10780.000 1.799
10785.000 1.797
10790.000 1.717
10795.000 1.603
10800.000 1.518
10805.000 1.401
10810.000 1.366
10815.000 1.271
10820.000 1.207
10825.000 1.191
10830.000 1.132
10835.000 1.105
10840.000 1.064
10845.000 1.022
10850.000 1.008
10855.000 0.979
10860.000 0.963
10865.000 0.936
10870.000 0.916
10875.000 0.903
10880.000 0.889
10885.000 0.883
10890.000 0.865
10895.000 0.858
10900.000 0.856
10905.000 0.850
10910.000 0.847
10915.000 0.845
10920.000 0.852
10925.000 0.854
10930.000 0.863
10935.000 0.868
10940.000 0.879
10945.000 0.896
10950.000 0.901
10955.000 0.917
10960.000 0.935
10965.000 0.951
10970.000 0.968
10975.000 1.004
10980.000 1.029
10985.000 1.051
10990.000 1.095
10995.000 1.118
11000.000 1.129
11005.000 1.120
11010.000 1.098
11015.000 0.993
11020.000 0.923
11025.000 0.756
11030.000 0.586
11035.000 0.509
11040.000 0.388
11045.000 0.347
11050.000 0.265
11055.000 0.231
11060.000 0.216
11065.000 0.204
11070.000 0.201
11075.000 0.203
11080.000 0.198
11085.000 0.199
11090.000 0.203
11095.000 0.205
11100.000 0.211
11105.000 0.214
11110.000 0.219
11115.000 0.220
11120.000 0.223
11125.000 0.228
11130.000 0.227
11135.000 0.228
11140.000 0.226
11145.000 0.227
11150.000 0.231
11155.000 0.237
11160.000 0.242
11165.000 0.268
11170.000 0.285
11175.000 0.345
11180.000 0.412
11185.000 0.446
11190.000 0.517
11195.000 0.540
11200.000 0.560
11205.000 0.564
11210.000 0.560
11215.000 0.552
11220.000 0.545
11225.000 0.532
11230.000 0.520
11235.000 0.513
11240.000 0.505
11245.000 0.503
11250.000 0.496
11255.000 0.490
11260.000 0.486
11265.000 0.479
11270.000 0.479
11275.000 0.475
11280.000 0.477
11285.000 0.477
11290.000 0.476
11295.000 0.473
11300.000 0.475
11305.000 0.469
11310.000 0.468
11315.000 0.463
11320.000 0.466
11325.000 0.460
11330.000 0.458
11335.000 0.458
11340.000 0.456
11345.000 0.456
11350.000 0.452
11355.000 0.456
11360.000 0.457
11365.000 0.456
11370.000 0.457
11375.000 0.458
11380.000 0.458
11385.000 0.457
11390.000 0.459
11395.000 0.459
11400.000 0.459
11405.000 0.451
11410.000 0.452
11415.000 0.453
11420.000 0.450
11425.000 0.448
11430.000 0.447
11435.000 0.447
11440.000 0.448
11445.000 0.449
11450.000 0.448
11455.000 0.449
11460.000 0.453
11465.000 0.453
11470.000 0.453
11475.000 0.454
11480.000 0.452
11485.000 0.456
11490.000 0.452
11495.000 0.451
11500.000 0.448
11505.000 0.447
11510.000 0.448
11515.000 0.445
11520.000 0.445
11525.000 0.443
11530.000 0.443
11535.000 0.445
11540.000 0.448
11545.000 0.445
11550.000 0.451
11555.000 0.447
11560.000 0.454
11565.000 0.450
11570.000 0.450
11575.000 0.447
11580.000 0.446
11585.000 0.448
11590.000 0.444
11595.000 0.445
11600.000 0.442
11605.000 0.441
11610.000 0.443
11615.000 0.444
11620.000 0.441
11625.000 0.445
11630.000 0.443
11635.000 0.445
11640.000 0.445
11645.000 0.446
11650.000 0.449
11655.000 0.451
11660.000 0.449
11665.000 0.446
11670.000 0.444
11675.000 0.442
11680.000 0.442
11685.000 0.440
11690.000 0.443
11695.000 0.439
11700.000 0.440
11705.000 0.444
11710.000 0.441
11715.000 0.446
11720.000 0.447
11725.000 0.443
11730.000 0.444
11735.000 0.446
11740.000 0.447
11745.000 0.446
11750.000 0.447
11755.000 0.447
11760.000 0.445
11765.000 0.444
11770.000 0.438
11775.000 0.442
11780.000 0.437
11785.000 0.440
11790.000 0.440
11795.000 0.441
11800.000 0.438
11805.000 0.439
11810.000 0.442
11815.000 0.441
11820.000 0.442
11825.000 0.443
11830.000 0.444
11835.000 0.443
11840.000 0.442
11845.000 0.442
11850.000 0.443
11855.000 0.438
11860.000 0.438
11865.000 0.440
11870.000 0.442
11875.000 0.436
11880.000 0.436
11885.000 0.439
11890.000 0.438
11895.000 0.442
11900.000 0.440
11905.000 0.444
11910.000 0.441
11915.000 0.442
11920.000 0.443
11925.000 0.442
11930.000 0.441
11935.000 0.438
11940.000 0.440
11945.000 0.439
11950.000 0.438
11955.000 0.437
11960.000 0.433
11965.000 0.435
11970.000 0.441
11975.000 0.440
11980.000 0.442
11985.000 0.438
11990.000 0.436
11995.000 0.439
12000.000 0.440
