105.000 6.375
110.000 8.581
115.000 8.722
120.000 8.769
125.000 9.040
130.000 9.183
135.000 9.280
140.000 9.448
145.000 9.472
150.000 9.646
155.000 9.836
160.000 9.908
165.000 10.027
170.000 10.117
175.000 10.274
180.000 10.275
185.000 10.402
190.000 10.602
195.000 11.661
200.000 10.821
205.000 10.975
210.000 11.121
215.000 11.312
220.000 11.369
225.000 11.612
230.000 11.929
235.000 11.964
240.000 12.165
245.000 12.321
250.000 12.574
255.000 12.824
260.000 12.964
265.000 13.296
270.000 13.519
275.000 13.831
280.000 14.329
285.000 14.475
290.000 14.935
295.000 15.173
300.000 15.629
305.000 16.187
310.000 16.442
315.000 17.104
320.000 17.420
325.000 18.132
330.000 18.521
335.000 19.324
340.000 20.235
345.000 20.679
350.000 21.692
355.000 22.250
360.000 23.415
365.000 24.559
370.000 25.289
375.000 26.792
380.000 27.531
385.000 29.216
390.000 31.030
395.000 31.930
400.000 33.814
405.000 34.852
410.000 36.857
415.000 38.682
420.000 39.359
425.000 40.912
430.000 41.590
435.000 42.562
440.000 43.015
445.000 43.003
450.000 42.605
455.000 42.208
460.000 41.043
465.000 39.552
470.000 38.732
475.000 36.984
480.000 36.077
485.000 34.248
490.000 32.571
495.000 31.710
500.000 30.133
505.000 29.455
510.000 28.077
515.000 26.888
520.000 26.269
525.000 25.265
530.000 24.747
535.000 23.856
540.000 23.099
545.000 22.719
550.000 22.055
555.000 21.790
560.000 21.242
565.000 20.786
570.000 20.585
575.000 20.231
580.000 20.095
585.000 19.858
590.000 19.678
595.000 19.600
600.000 19.537
605.000 19.517
610.000 19.550
615.000 19.632
620.000 19.719
625.000 19.940
630.000 20.080
635.000 20.425
640.000 20.903
645.000 21.206
650.000 21.880
655.000 22.283
660.000 23.232
665.000 24.397
670.000 25.107
675.000 26.746
680.000 27.734
685.000 30.074
690.000 33.216
695.000 35.121
700.000 40.066
705.000 43.193
710.000 51.313
715.000 62.437
720.000 69.361
725.000 83.572
730.000 88.552
735.000 85.021
740.000 63.431
745.000 53.381
750.000 39.233
755.000 34.347
760.000 27.220
765.000 22.130
770.000 20.163
775.000 17.020
780.000 15.729
785.000 13.641
790.000 12.012
795.000 11.319
800.000 10.091
805.000 9.548
810.000 8.540
815.000 7.659
820.000 7.268
825.000 6.572
830.000 6.246
835.000 5.670
840.000 5.177
845.000 4.934
850.000 4.521
855.000 4.328
860.000 3.973
865.000 3.656
870.000 3.510
875.000 3.246
880.000 3.123
885.000 2.882
890.000 2.673
895.000 2.579
900.000 2.388
905.000 2.313
910.000 2.128
915.000 2.056
920.000 1.920
925.000 1.779
930.000 1.709
935.000 1.595
940.000 1.540
945.000 1.435
950.000 1.346
955.000 1.295
960.000 1.204
965.000 1.165
970.000 1.076
975.000 1.002
980.000 0.969
985.000 0.913
990.000 0.868
995.000 0.819
1000.000 0.776
1005.000 0.745
1010.000 0.697
1015.000 0.673
1020.000 0.644
1025.000 0.600
1030.000 0.576
1035.000 0.558
1040.000 0.539
1045.000 0.506
1050.000 0.513
1055.000 0.495
1060.000 0.489
1065.000 0.486
1070.000 0.475
1075.000 0.481
1080.000 0.484
1085.000 0.486
1090.000 0.495
1095.000 0.503
1100.000 0.518
1105.000 0.526
1110.000 0.546
1115.000 0.560
1120.000 0.591
1125.000 0.618
1130.000 0.638
1135.000 0.674
1140.000 0.692
1145.000 0.732
1150.000 0.772
1155.000 0.788
1160.000 0.836
1165.000 0.859
1170.000 0.905
1175.000 0.954
1180.000 0.976
1185.000 1.030
1190.000 1.060
1195.000 1.117
1200.000 1.178
1205.000 1.201
1210.000 1.271
1215.000 1.304
1220.000 1.371
1225.000 1.448
1230.000 1.479
1235.000 1.561
1240.000 1.593
1245.000 1.680
1250.000 1.774
1255.000 1.820
1260.000 1.923
1265.000 1.985
1270.000 2.100
1275.000 2.225
1280.000 2.286
1285.000 2.432
1290.000 2.506
1295.000 2.668
1300.000 2.843
1305.000 2.940
1310.000 3.139
1315.000 3.250
1320.000 3.498
1325.000 3.775
1330.000 3.920
1335.000 4.254
1340.000 4.438
1345.000 4.842
1350.000 5.309
1355.000 5.586
1360.000 6.167
1365.000 6.457
1370.000 7.308
1375.000 8.252
1380.000 8.810
1385.000 10.197
1390.000 11.896
1395.000 12.976
1400.000 15.648
1405.000 17.308
1410.000 21.402
1415.000 26.834
1420.000 29.777
1425.000 34.615
1430.000 35.571
1435.000 32.478
1440.000 26.184
1445.000 23.253
1450.000 18.953
1455.000 17.365
1460.000 14.752
1465.000 12.869
1470.000 12.131
1475.000 10.833
1480.000 10.295
1485.000 9.400
1490.000 8.671
1495.000 8.328
1500.000 7.745
1505.000 7.461
1510.000 7.002
1515.000 6.621
1520.000 6.435
1525.000 6.100
1530.000 5.950
1535.000 5.680
1540.000 5.416
1545.000 5.302
1550.000 5.082
1555.000 4.977
1560.000 4.778
1565.000 4.596
1570.000 4.501
1575.000 4.328
1580.000 4.244
1585.000 4.066
1590.000 3.912
1595.000 3.841
1600.000 3.685
1605.000 3.609
1610.000 3.468
1615.000 3.330
1620.000 3.266
1625.000 3.162
1630.000 3.111
1635.000 3.039
1640.000 3.008
1645.000 3.006
1650.000 3.033
1655.000 3.067
1660.000 3.173
1665.000 3.308
1670.000 3.379
1675.000 3.535
1680.000 3.623
1685.000 3.788
1690.000 3.948
1695.000 4.029
1700.000 4.179
1705.000 4.244
1710.000 4.370
1715.000 4.485
1720.000 4.539
1725.000 4.639
1730.000 4.684
1735.000 4.778
1740.000 4.861
1745.000 4.900
1750.000 4.979
1755.000 5.018
1760.000 5.096
1765.000 5.166
1770.000 5.202
1775.000 5.279
1780.000 5.313
1785.000 5.389
1790.000 5.468
1795.000 5.506
1800.000 5.593
1805.000 5.630
1810.000 5.727
1815.000 5.772
1820.000 5.861
1825.000 5.958
1830.000 6.008
1835.000 6.111
1840.000 6.172
1845.000 6.283
1850.000 6.402
1855.000 6.466
1860.000 6.593
1865.000 6.659
1870.000 6.802
1875.000 6.944
1880.000 7.016
1885.000 7.176
1890.000 7.261
1895.000 7.426
1900.000 7.611
1905.000 7.705
1910.000 7.891
1915.000 7.995
1920.000 8.213
1925.000 8.432
1930.000 8.549
1935.000 8.806
1940.000 8.936
1945.000 9.202
1950.000 9.502
1955.000 9.659
1960.000 9.979
1965.000 10.164
1970.000 10.546
1975.000 10.941
1980.000 11.166
1985.000 11.614
1990.000 11.858
1995.000 12.391
2000.000 12.980
2005.000 13.287
2010.000 13.969
2015.000 14.329
2020.000 15.127
2025.000 16.010
2030.000 16.496
2035.000 17.540
2040.000 18.098
2045.000 19.415
2050.000 20.871
2055.000 21.640
2060.000 23.439
2065.000 24.400
2070.000 26.440
2075.000 28.796
2080.000 29.998
2085.000 32.309
2090.000 33.417
2095.000 35.293
2100.000 36.220
2105.000 36.194
2110.000 35.113
2115.000 34.104
2120.000 31.431
2125.000 28.359
2130.000 26.839
2135.000 24.004
2140.000 22.624
2145.000 20.201
2150.000 18.141
2155.000 17.148
2160.000 15.468
2165.000 14.753
2170.000 13.357
2175.000 12.178
2180.000 11.673
2185.000 10.685
2190.000 10.250
2195.000 9.475
2200.000 8.746
2205.000 8.424
2210.000 7.847
2215.000 7.576
2220.000 7.051
2225.000 6.606
2230.000 6.395
2235.000 5.986
2240.000 5.808
2245.000 5.469
2250.000 5.148
2255.000 5.002
2260.000 4.733
2265.000 4.593
2270.000 4.345
2275.000 4.129
2280.000 4.010
2285.000 3.809
2290.000 3.721
2295.000 3.533
2300.000 3.366
2305.000 3.290
2310.000 3.135
2315.000 3.069
2320.000 2.935
2325.000 2.808
2330.000 2.745
2335.000 2.633
2340.000 2.578
2345.000 2.470
2350.000 2.379
2355.000 2.330
2360.000 2.243
2365.000 2.195
2370.000 2.115
2375.000 2.037
2380.000 2.000
2385.000 1.933
2390.000 1.896
2395.000 1.826
2400.000 1.798
2405.000 1.735
2410.000 1.683
2415.000 1.655
2420.000 1.607
2425.000 1.579
2430.000 1.536
2435.000 1.487
2440.000 1.466
2445.000 1.428
2450.000 1.404
2455.000 1.367
2460.000 1.328
2465.000 1.312
2470.000 1.280
2475.000 1.263
2480.000 1.233
2485.000 1.203
2490.000 1.189
2495.000 1.163
2500.000 1.153
2505.000 1.124
2510.000 1.100
2515.000 1.091
2520.000 1.068
2525.000 1.051
2530.000 1.035
2535.000 1.014
2540.000 1.007
2545.000 0.989
2550.000 0.977
2555.000 0.964
2560.000 0.954
2565.000 0.940
2570.000 0.930
2575.000 0.918
2580.000 0.909
2585.000 0.894
2590.000 0.889
2595.000 0.877
2600.000 0.871
2605.000 0.861
2610.000 0.847
2615.000 0.844
2620.000 0.834
2625.000 0.832
2630.000 0.822
2635.000 0.812
2640.000 0.809
2645.000 0.800
2650.000 0.797
2655.000 0.792
2660.000 0.783
2665.000 0.784
2670.000 0.777
2675.000 0.775
2680.000 0.770
2685.000 0.762
2690.000 0.762
2695.000 0.757
2700.000 0.757
2705.000 0.751
2710.000 0.749
2715.000 0.745
2720.000 0.743
2725.000 0.743
2730.000 0.742
2735.000 0.741
2740.000 0.738
2745.000 0.736
2750.000 0.733
2755.000 0.733
2760.000 0.732
2765.000 0.730
2770.000 0.729
2775.000 0.727
2780.000 0.727
2785.000 0.726
2790.000 0.728
2795.000 0.729
2800.000 0.728
2805.000 0.726
2810.000 0.730
2815.000 0.728
2820.000 0.728
2825.000 0.732
2830.000 0.730
2835.000 0.736
2840.000 0.733
2845.000 0.735
2850.000 0.735
2855.000 0.737
2860.000 0.739
2865.000 0.741
2870.000 0.740
2875.000 0.741
2880.000 0.750
2885.000 0.751
2890.000 0.752
2895.000 0.755
2900.000 0.761
2905.000 0.761
2910.000 0.766
2915.000 0.772
2920.000 0.769
2925.000 0.776
2930.000 0.784
2935.000 0.784
2940.000 0.787
2945.000 0.796
2950.000 0.804
2955.000 0.798
2960.000 0.811
2965.000 0.810
2970.000 0.827
2975.000 0.830
2980.000 0.829
2985.000 0.849
2990.000 0.838
2995.000 0.848
3000.000 0.851
3005.000 0.868
3010.000 0.868
3015.000 0.886
3020.000 0.891
3025.000 0.900
3030.000 0.902
3035.000 0.912
3040.000 0.925
3045.000 0.947
3050.000 0.957
3055.000 0.971
3060.000 0.975
3065.000 0.989
3070.000 1.008
3075.000 1.015
3080.000 1.041
3085.000 1.047
3090.000 1.070
3095.000 1.093
3100.000 1.102
3105.000 1.130
3110.000 1.140
3115.000 1.167
3120.000 1.194
3125.000 1.211
3130.000 1.239
3135.000 1.257
3140.000 1.288
3145.000 1.333
3150.000 1.346
3155.000 1.386
3160.000 1.407
3165.000 1.454
3170.000 1.502
3175.000 1.530
3180.000 1.585
3185.000 1.613
3190.000 1.675
3195.000 1.738
3200.000 1.776
3205.000 1.850
3210.000 1.891
3215.000 1.981
3220.000 2.069
3225.000 2.122
3230.000 2.229
3235.000 2.281
3240.000 2.416
3245.000 2.557
3250.000 2.626
3255.000 2.796
3260.000 2.887
3265.000 3.078
3270.000 3.312
3275.000 3.437
3280.000 3.703
3285.000 3.863
3290.000 4.238
3295.000 4.630
3300.000 4.879
3305.000 5.430
3310.000 5.744
3315.000 6.450
3320.000 7.403
3325.000 7.958
3330.000 9.270
3335.000 10.130
3340.000 12.195
3345.000 14.845
3350.000 16.673
3355.000 20.611
3360.000 22.546
3365.000 25.411
3370.000 24.354
3375.000 22.484
3380.000 17.904
3385.000 16.075
3390.000 13.352
3395.000 11.226
3400.000 10.437
3405.000 9.218
3410.000 8.679
3415.000 7.770
3420.000 7.115
3425.000 6.816
3430.000 6.288
3435.000 6.066
3440.000 5.692
3445.000 5.353
3450.000 5.211
3455.000 4.962
3460.000 4.835
3465.000 4.625
3470.000 4.454
3475.000 4.366
3480.000 4.217
3485.000 4.153
3490.000 4.032
3495.000 3.924
3500.000 3.881
3505.000 3.792
3510.000 3.753
3515.000 3.682
3520.000 3.620
3525.000 3.592
3530.000 3.542
3535.000 3.520
3540.000 3.479
3545.000 3.451
3550.000 3.434
3555.000 3.415
3560.000 3.407
3565.000 3.395
3570.000 3.390
3575.000 3.389
3580.000 3.394
3585.000 3.400
3590.000 3.413
3595.000 3.418
3600.000 3.443
3605.000 3.472
3610.000 3.486
3615.000 3.532
3620.000 3.558
3625.000 3.604
3630.000 3.666
3635.000 3.699
3640.000 3.772
3645.000 3.811
3650.000 3.908
3655.000 4.003
3660.000 4.060
3665.000 4.197
3670.000 4.267
3675.000 4.412
3680.000 4.601
3685.000 4.694
3690.000 4.909
3695.000 5.043
3700.000 5.313
3705.000 5.619
3710.000 5.813
3715.000 6.223
3720.000 6.446
3725.000 6.994
3730.000 7.655
3735.000 8.037
3740.000 8.954
3745.000 9.494
3750.000 10.767
3755.000 12.494
3760.000 13.501
3765.000 15.914
3770.000 17.168
3775.000 20.133
3780.000 22.055
3785.000 22.176
3790.000 20.149
3795.000 18.407
3800.000 15.066
3805.000 12.146
3810.000 11.043
3815.000 9.359
3820.000 8.575
3825.000 7.423
3830.000 6.558
3835.000 6.135
3840.000 5.485
3845.000 5.222
3850.000 4.719
3855.000 4.313
3860.000 4.136
3865.000 3.812
3870.000 3.669
3875.000 3.411
3880.000 3.189
3885.000 3.074
3890.000 2.899
3895.000 2.817
3900.000 2.655
3905.000 2.522
3910.000 2.463
3915.000 2.343
3920.000 2.283
3925.000 2.188
3930.000 2.090
3935.000 2.047
3940.000 1.978
3945.000 1.935
3950.000 1.857
3955.000 1.802
3960.000 1.774
3965.000 1.716
3970.000 1.696
3975.000 1.647
3980.000 1.590
3985.000 1.569
3990.000 1.527
3995.000 1.518
4000.000 1.473
4005.000 1.444
4010.000 1.429
4015.000 1.401
4020.000 1.384
4025.000 1.361
4030.000 1.344
4035.000 1.336
4040.000 1.314
4045.000 1.298
4050.000 1.285
4055.000 1.272
4060.000 1.253
4065.000 1.243
4070.000 1.239
4075.000 1.226
4080.000 1.220
4085.000 1.213
4090.000 1.203
4095.000 1.199
4100.000 1.195
4105.000 1.190
4110.000 1.191
4115.000 1.184
4120.000 1.186
4125.000 1.185
4130.000 1.183
4135.000 1.182
4140.000 1.186
4145.000 1.189
4150.000 1.194
4155.000 1.201
4160.000 1.202
4165.000 1.214
4170.000 1.216
4175.000 1.226
4180.000 1.234
4185.000 1.248
4190.000 1.262
4195.000 1.268
4200.000 1.282
4205.000 1.287
4210.000 1.303
4215.000 1.315
4220.000 1.325
4225.000 1.338
4230.000 1.348
4235.000 1.355
4240.000 1.378
4245.000 1.387
4250.000 1.413
4255.000 1.427
4260.000 1.463
4265.000 1.507
4270.000 1.532
4275.000 1.588
4280.000 1.623
4285.000 1.691
4290.000 1.777
4295.000 1.826
4300.000 1.923
4305.000 1.990
4310.000 2.126
4315.000 2.278
4320.000 2.370
4325.000 2.584
4330.000 2.704
4335.000 2.983
4340.000 3.330
4345.000 3.529
4350.000 4.003
4355.000 4.319
4360.000 5.036
4365.000 5.928
4370.000 6.565
4375.000 7.904
4380.000 8.564
4385.000 9.917
4390.000 10.281
4395.000 9.948
4400.000 8.401
4405.000 7.579
4410.000 6.263
4415.000 5.181
4420.000 4.783
4425.000 4.171
4430.000 3.893
4435.000 3.443
4440.000 3.120
4445.000 2.972
4450.000 2.710
4455.000 2.604
4460.000 2.426
4465.000 2.263
4470.000 2.192
4475.000 2.063
4480.000 2.014
4485.000 1.911
4490.000 1.875
4495.000 1.789
4500.000 1.719
4505.000 1.693
4510.000 1.631
4515.000 1.607
4520.000 1.560
4525.000 1.513
4530.000 1.495
4535.000 1.456
4540.000 1.442
4545.000 1.410
4550.000 1.383
4555.000 1.371
4560.000 1.345
4565.000 1.335
4570.000 1.317
4575.000 1.302
4580.000 1.296
4585.000 1.279
4590.000 1.270
4595.000 1.261
4600.000 1.246
4605.000 1.238
4610.000 1.226
4615.000 1.225
4620.000 1.207
4625.000 1.200
4630.000 1.196
4635.000 1.187
4640.000 1.175
4645.000 1.156
4650.000 1.142
4655.000 1.138
4660.000 1.128
4665.000 1.120
4670.000 1.108
4675.000 1.095
4680.000 1.087
4685.000 1.073
4690.000 1.063
4695.000 1.050
4700.000 1.036
4705.000 1.028
4710.000 1.015
4715.000 1.005
4720.000 1.000
4725.000 0.987
4730.000 0.986
4735.000 0.982
4740.000 0.981
4745.000 0.984
4750.000 0.988
4755.000 0.991
4760.000 0.998
4765.000 1.004
4770.000 1.015
4775.000 1.036
4780.000 1.040
4785.000 1.064
4790.000 1.073
4795.000 1.102
4800.000 1.132
4805.000 1.144
4810.000 1.190
4815.000 1.211
4820.000 1.253
4825.000 1.314
4830.000 1.342
4835.000 1.408
4840.000 1.446
4845.000 1.529
4850.000 1.616
4855.000 1.670
4860.000 1.786
4865.000 1.839
4870.000 1.988
4875.000 2.154
4880.000 2.240
4885.000 2.465
4890.000 2.596
4895.000 2.868
4900.000 3.255
4905.000 3.476
4910.000 3.977
4915.000 4.296
4920.000 5.105
4925.000 6.025
4930.000 6.492
4935.000 7.417
4940.000 7.644
4945.000 7.398
4950.000 6.218
4955.000 5.592
4960.000 4.577
4965.000 4.069
4970.000 3.382
4975.000 2.900
4980.000 2.661
4985.000 2.330
4990.000 2.189
4995.000 1.926
5000.000 1.739
5005.000 1.666
5010.000 1.493
5015.000 1.419
5020.000 1.312
5025.000 1.194
5030.000 1.161
5035.000 1.079
5040.000 1.040
5045.000 0.966
5050.000 0.913
5055.000 0.877
5060.000 0.822
5065.000 0.804
5070.000 0.760
5075.000 0.738
5080.000 0.707
5085.000 0.676
5090.000 0.659
5095.000 0.632
5100.000 0.619
5105.000 0.596
5110.000 0.579
5115.000 0.571
5120.000 0.554
5125.000 0.548
5130.000 0.534
5135.000 0.524
5140.000 0.517
5145.000 0.510
5150.000 0.509
5155.000 0.506
5160.000 0.499
5165.000 0.493
5170.000 0.491
5175.000 0.488
5180.000 0.486
5185.000 0.483
5190.000 0.483
5195.000 0.488
5200.000 0.483
5205.000 0.480
5210.000 0.482
5215.000 0.484
5220.000 0.488
5225.000 0.486
5230.000 0.484
5235.000 0.487
5240.000 0.487
5245.000 0.482
5250.000 0.482
5255.000 0.484
5260.000 0.484
5265.000 0.480
5270.000 0.484
5275.000 0.485
5280.000 0.489
5285.000 0.486
5290.000 0.485
5295.000 0.486
5300.000 0.490
5305.000 0.492
5310.000 0.489
5315.000 0.493
5320.000 0.490
5325.000 0.491
5330.000 0.491
5335.000 0.494
5340.000 0.490
5345.000 0.491
5350.000 0.493
5355.000 0.492
5360.000 0.494
5365.000 0.493
5370.000 0.498
5375.000 0.497
5380.000 0.498
5385.000 0.503
5390.000 0.500
5395.000 0.501
5400.000 0.501
5405.000 0.501
5410.000 0.503
5415.000 0.497
5420.000 0.501
5425.000 0.499
5430.000 0.496
5435.000 0.497
5440.000 0.498
5445.000 0.497
5450.000 0.498
5455.000 0.497
5460.000 0.503
5465.000 0.503
5470.000 0.501
5475.000 0.506
5480.000 0.506
5485.000 0.504
5490.000 0.505
5495.000 0.504
5500.000 0.504
5505.000 0.505
5510.000 0.499
5515.000 0.500
5520.000 0.501
5525.000 0.501
5530.000 0.499
5535.000 0.499
5540.000 0.501
5545.000 0.503
5550.000 0.504
5555.000 0.506
5560.000 0.510
5565.000 0.506
5570.000 0.509
5575.000 0.506
5580.000 0.510
5585.000 0.507
5590.000 0.506
5595.000 0.504
5600.000 0.500
5605.000 0.504
5610.000 0.502
5615.000 0.503
5620.000 0.501
5625.000 0.504
5630.000 0.506
5635.000 0.507
5640.000 0.503
5645.000 0.511
5650.000 0.510
5655.000 0.510
5660.000 0.512
5665.000 0.510
5670.000 0.509
5675.000 0.509
5680.000 0.507
5685.000 0.506
5690.000 0.508
5695.000 0.506
5700.000 0.506
5705.000 0.503
5710.000 0.504
5715.000 0.506
5720.000 0.509
5725.000 0.508
5730.000 0.511
5735.000 0.509
5740.000 0.512
5745.000 0.513
5750.000 0.514
5755.000 0.513
5760.000 0.511
5765.000 0.512
5770.000 0.508
5775.000 0.508
5780.000 0.504
5785.000 0.508
5790.000 0.502
5795.000 0.507
5800.000 0.507
5805.000 0.508
5810.000 0.510
5815.000 0.508
5820.000 0.513
5825.000 0.511
5830.000 0.513
5835.000 0.510
5840.000 0.513
5845.000 0.516
5850.000 0.513
5855.000 0.509
5860.000 0.509
5865.000 0.507
5870.000 0.508
5875.000 0.506
5880.000 0.506
5885.000 0.505
5890.000 0.509
5895.000 0.509
5900.000 0.511
5905.000 0.511
5910.000 0.511
5915.000 0.512
5920.000 0.515
5925.000 0.514
5930.000 0.512
5935.000 0.511
5940.000 0.517
5945.000 0.510
5950.000 0.507
5955.000 0.515
5960.000 0.508
5965.000 0.511
5970.000 0.506
5975.000 0.505
5980.000 0.518
5985.000 0.519
5990.000 0.525
5995.000 0.518
6000.000 0.525
6005.000 0.530
6010.000 0.528
6015.000 0.515
6020.000 0.518
6025.000 0.525
6030.000 0.519
6035.000 0.520
6040.000 0.521
6045.000 0.514
6050.000 0.524
6055.000 0.522
6060.000 0.512
6065.000 0.521
6070.000 0.526
6075.000 0.523
6080.000 0.525
6085.000 0.529
6090.000 0.529
6095.000 0.531
6100.000 0.531
6105.000 0.532
6110.000 0.530
6115.000 0.532
6120.000 0.530
6125.000 0.528
6130.000 0.529
6135.000 0.527
6140.000 0.529
6145.000 0.527
6150.000 0.529
6155.000 0.529
6160.000 0.529
6165.000 0.533
6170.000 0.536
6175.000 0.537
6180.000 0.536
6185.000 0.538
6190.000 0.537
6195.000 0.534
6200.000 0.535
6205.000 0.538
6210.000 0.533
6215.000 0.531
6220.000 0.532
6225.000 0.532
6230.000 0.530
6235.000 0.533
6240.000 0.536
6245.000 0.538
6250.000 0.538
6255.000 0.540
6260.000 0.545
6265.000 0.547
6270.000 0.548
6275.000 0.552
6280.000 0.556
6285.000 0.557
6290.000 0.557
6295.000 0.556
6300.000 0.555
6305.000 0.556
6310.000 0.553
6315.000 0.555
6320.000 0.562
6325.000 0.564
6330.000 0.568
6335.000 0.572
6340.000 0.580
6345.000 0.581
6350.000 0.589
6355.000 0.595
6360.000 0.599
6365.000 0.602
6370.000 0.605
6375.000 0.612
6380.000 0.616
6385.000 0.616
6390.000 0.620
6395.000 0.626
6400.000 0.627
6405.000 0.635
6410.000 0.641
6415.000 0.652
6420.000 0.655
6425.000 0.663
6430.000 0.676
6435.000 0.679
6440.000 0.692
6445.000 0.695
6450.000 0.707
6455.000 0.722
6460.000 0.724
6465.000 0.735
6470.000 0.746
6475.000 0.758
6480.000 0.769
6485.000 0.777
6490.000 0.792
6495.000 0.801
6500.000 0.823
6505.000 0.843
6510.000 0.857
6515.000 0.882
6520.000 0.890
6525.000 0.921
6530.000 0.957
6535.000 0.972
6540.000 1.010
6545.000 1.028
6550.000 1.069
6555.000 1.116
6560.000 1.141
6565.000 1.193
6570.000 1.216
6575.000 1.284
6580.000 1.349
6585.000 1.385
6590.000 1.479
6595.000 1.524
6600.000 1.619
6605.000 1.752
6610.000 1.818
6615.000 1.960
6620.000 2.060
6625.000 2.252
6630.000 2.466
6635.000 2.622
6640.000 2.929
6645.000 3.114
6650.000 3.539
6655.000 4.092
6660.000 4.415
6665.000 5.253
6670.000 5.748
6675.000 7.002
6680.000 8.516
6685.000 9.500
6690.000 11.158
6695.000 11.638
6700.000 11.481
6705.000 9.832
6710.000 9.057
6715.000 7.353
6720.000 6.745
6725.000 5.848
6730.000 5.065
6735.000 4.779
6740.000 4.341
6745.000 4.103
6750.000 3.779
6755.000 3.539
6760.000 3.405
6765.000 3.217
6770.000 3.135
6775.000 2.991
6780.000 2.872
6785.000 2.829
6790.000 2.716
6795.000 2.684
6800.000 2.625
6805.000 2.568
6810.000 2.545
6815.000 2.509
6820.000 2.496
6825.000 2.475
6830.000 2.463
6835.000 2.462
6840.000 2.467
6845.000 2.469
6850.000 2.482
6855.000 2.497
6860.000 2.527
6865.000 2.566
6870.000 2.588
6875.000 2.642
6880.000 2.670
6885.000 2.737
6890.000 2.825
6895.000 2.870
6900.000 2.979
6905.000 3.038
6910.000 3.159
6915.000 3.333
6920.000 3.421
6925.000 3.619
6930.000 3.723
6935.000 4.000
6940.000 4.287
6945.000 4.464
6950.000 4.911
6955.000 5.158
6960.000 5.669
6965.000 6.425
6970.000 6.849
6975.000 7.759
6980.000 8.433
6985.000 9.868
6990.000 11.390
6995.000 12.391
7000.000 13.953
7005.000 14.384
7010.000 14.193
7015.000 12.565
7020.000 11.619
7025.000 9.682
7030.000 8.886
7035.000 7.611
7040.000 6.550
7045.000 6.144
7050.000 5.458
7055.000 5.202
7060.000 4.654
7065.000 4.289
7070.000 4.110
7075.000 3.769
7080.000 3.635
7085.000 3.415
7090.000 3.189
7095.000 3.099
7100.000 2.947
7105.000 2.857
7110.000 2.725
7115.000 2.606
7120.000 2.542
7125.000 2.446
7130.000 2.406
7135.000 2.320
7140.000 2.249
7145.000 2.219
7150.000 2.147
7155.000 2.121
7160.000 2.074
7165.000 2.023
7170.000 1.998
7175.000 1.960
7180.000 1.941
7185.000 1.904
7190.000 1.875
7195.000 1.859
7200.000 1.830
7205.000 1.822
7210.000 1.801
7215.000 1.780
7220.000 1.770
7225.000 1.760
7230.000 1.756
7235.000 1.744
7240.000 1.737
7245.000 1.738
7250.000 1.730
7255.000 1.727
7260.000 1.724
7265.000 1.727
7270.000 1.728
7275.000 1.728
7280.000 1.731
7285.000 1.736
7290.000 1.746
7295.000 1.753
7300.000 1.763
7305.000 1.769
7310.000 1.792
7315.000 1.809
7320.000 1.821
7325.000 1.852
7330.000 1.865
7335.000 1.894
7340.000 1.932
7345.000 1.953
7350.000 1.985
7355.000 2.012
7360.000 2.059
7365.000 2.104
7370.000 2.139
7375.000 2.206
7380.000 2.235
7385.000 2.324
7390.000 2.412
7395.000 2.450
7400.000 2.577
7405.000 2.640
7410.000 2.761
7415.000 2.934
7420.000 3.026
7425.000 3.207
7430.000 3.320
7435.000 3.602
7440.000 3.882
7445.000 4.058
7450.000 4.552
7455.000 4.804
7460.000 5.351
7465.000 5.760
7470.000 6.593
7475.000 7.491
7480.000 8.126
7485.000 9.147
7490.000 9.483
7495.000 9.719
7500.000 8.966
7505.000 8.442
7510.000 6.984
7515.000 6.374
7520.000 5.425
7525.000 4.528
7530.000 4.197
7535.000 3.692
7540.000 3.444
7545.000 3.023
7550.000 2.732
7555.000 2.592
7560.000 2.327
7565.000 2.219
7570.000 2.037
7575.000 1.879
7580.000 1.806
7585.000 1.683
7590.000 1.618
7595.000 1.515
7600.000 1.418
7605.000 1.376
7610.000 1.305
7615.000 1.272
7620.000 1.200
7625.000 1.143
7630.000 1.122
7635.000 1.069
7640.000 1.047
7645.000 1.010
7650.000 0.971
7655.000 0.954
7660.000 0.923
7665.000 0.907
7670.000 0.876
7675.000 0.853
7680.000 0.834
7685.000 0.816
7690.000 0.801
7695.000 0.782
7700.000 0.758
7705.000 0.752
7710.000 0.735
7715.000 0.730
7720.000 0.715
7725.000 0.711
7730.000 0.702
7735.000 0.695
7740.000 0.690
7745.000 0.680
7750.000 0.681
7755.000 0.677
7760.000 0.670
7765.000 0.664
7770.000 0.661
7775.000 0.659
7780.000 0.655
7785.000 0.650
7790.000 0.652
7795.000 0.654
7800.000 0.656
7805.000 0.662
7810.000 0.668
7815.000 0.671
7820.000 0.684
7825.000 0.689
7830.000 0.700
7835.000 0.719
7840.000 0.725
7845.000 0.747
7850.000 0.759
7855.000 0.784
7860.000 0.812
7865.000 0.832
7870.000 0.881
7875.000 0.904
7880.000 0.966
7885.000 1.049
7890.000 1.092
7895.000 1.197
7900.000 1.272
7905.000 1.432
7910.000 1.612
7915.000 1.746
7920.000 2.031
7925.000 2.191
7930.000 2.508
7935.000 2.813
7940.000 2.888
7945.000 2.846
7950.000 2.719
7955.000 2.372
7960.000 2.034
7965.000 1.884
7970.000 1.630
7975.000 1.541
7980.000 1.350
7985.000 1.209
7990.000 1.158
7995.000 1.042
8000.000 0.993
8005.000 0.910
8010.000 0.848
8015.000 0.836
8020.000 0.822
8025.000 0.862
8030.000 0.860
8035.000 0.844
8040.000 0.826
8045.000 0.800
8050.000 0.787
8055.000 0.763
8060.000 0.738
8065.000 0.731
8070.000 0.709
8075.000 0.700
8080.000 0.679
8085.000 0.664
8090.000 0.656
8095.000 0.647
8100.000 0.641
8105.000 0.635
8110.000 0.637
8115.000 0.640
8120.000 0.644
8125.000 0.643
8130.000 0.636
8135.000 0.627
8140.000 0.628
8145.000 0.614
8150.000 0.608
8155.000 0.602
8160.000 0.592
8165.000 0.590
8170.000 0.587
8175.000 0.581
8180.000 0.580
8185.000 0.578
8190.000 0.573
8195.000 0.575
8200.000 0.571
8205.000 0.571
8210.000 0.570
8215.000 0.571
8220.000 0.565
8225.000 0.565
8230.000 0.557
8235.000 0.554
8240.000 0.549
8245.000 0.547
8250.000 0.546
8255.000 0.544
8260.000 0.543
8265.000 0.540
8270.000 0.539
8275.000 0.540
8280.000 0.537
8285.000 0.542
8290.000 0.545
8295.000 0.543
8300.000 0.540
8305.000 0.541
8310.000 0.539
8315.000 0.535
8320.000 0.527
8325.000 0.531
8330.000 0.529
8335.000 0.522
8340.000 0.523
8345.000 0.523
8350.000 0.520
8355.000 0.519
8360.000 0.521
8365.000 0.526
8370.000 0.524
8375.000 0.522
8380.000 0.528
8385.000 0.530
8390.000 0.524
8395.000 0.523
8400.000 0.524
8405.000 0.525
8410.000 0.518
8415.000 0.513
8420.000 0.514
8425.000 0.511
8430.000 0.512
8435.000 0.511
8440.000 0.508
8445.000 0.511
8450.000 0.512
8455.000 0.512
8460.000 0.518
8465.000 0.517
8470.000 0.518
8475.000 0.516
8480.000 0.518
8485.000 0.514
8490.000 0.514
8495.000 0.510
8500.000 0.514
8505.000 0.505
8510.000 0.503
8515.000 0.504
8520.000 0.504
8525.000 0.504
8530.000 0.503
8535.000 0.502
8540.000 0.507
8545.000 0.508
8550.000 0.512
8555.000 0.512
8560.000 0.514
8565.000 0.513
8570.000 0.511
8575.000 0.512
8580.000 0.505
8585.000 0.507
8590.000 0.500
8595.000 0.500
8600.000 0.499
8605.000 0.499
8610.000 0.498
8615.000 0.501
8620.000 0.500
8625.000 0.501
8630.000 0.505
8635.000 0.507
8640.000 0.507
8645.000 0.509
8650.000 0.505
8655.000 0.510
8660.000 0.511
8665.000 0.501
8670.000 0.506
8675.000 0.499
8680.000 0.497
8685.000 0.499
8690.000 0.495
8695.000 0.493
8700.000 0.493
8705.000 0.498
8710.000 0.495
8715.000 0.497
8720.000 0.500
8725.000 0.504
8730.000 0.504
8735.000 0.506
8740.000 0.500
8745.000 0.504
8750.000 0.505
8755.000 0.499
8760.000 0.503
8765.000 0.498
8770.000 0.494
8775.000 0.489
8780.000 0.489
8785.000 0.490
8790.000 0.489
8795.000 0.490
8800.000 0.495
8805.000 0.497
8810.000 0.494
8815.000 0.492
8820.000 0.498
8825.000 0.534
8830.000 0.508
8835.000 0.512
8840.000 0.506
8845.000 0.509
8850.000 0.501
8855.000 0.497
8860.000 0.494
8865.000 0.490
8870.000 0.489
8875.000 0.488
8880.000 0.487
8885.000 0.489
8890.000 0.491
8895.000 0.495
8900.000 0.500
8905.000 0.499
8910.000 0.501
8915.000 0.499
8920.000 0.504
8925.000 0.500
8930.000 0.496
8935.000 0.499
8940.000 0.490
8945.000 0.489
8950.000 0.491
8955.000 0.489
8960.000 0.485
8965.000 0.481
8970.000 0.487
8975.000 0.488
8980.000 0.490
8985.000 0.497
8990.000 0.501
8995.000 0.496
9000.000 0.506
9005.000 0.501
9010.000 0.503
9015.000 0.497
9020.000 0.492
9025.000 0.492
9030.000 0.490
9035.000 0.488
9040.000 0.489
9045.000 0.490
9050.000 0.486
9055.000 0.489
9060.000 0.487
9065.000 0.497
9070.000 0.494
9075.000 0.495
9080.000 0.501
9085.000 0.501
9090.000 0.502
9095.000 0.505
9100.000 0.500
9105.000 0.500
9110.000 0.499
9115.000 0.493
9120.000 0.492
9125.000 0.493
9130.000 0.490
9135.000 0.491
9140.000 0.489
9145.000 0.493
9150.000 0.495
9155.000 0.499
9160.000 0.500
9165.000 0.503
9170.000 0.504
9175.000 0.507
9180.000 0.508
9185.000 0.511
9190.000 0.507
9195.000 0.506
9200.000 0.505
9205.000 0.492
9210.000 0.494
9215.000 0.493
9220.000 0.491
9225.000 0.491
9230.000 0.493
9235.000 0.490
9240.000 0.493
9245.000 0.496
9250.000 0.496
9255.000 0.501
9260.000 0.501
9265.000 0.507
9270.000 0.502
9275.000 0.505
9280.000 0.502
9285.000 0.499
9290.000 0.500
9295.000 0.502
9300.000 0.494
9305.000 0.493
9310.000 0.493
9315.000 0.494
9320.000 0.496
9325.000 0.496
9330.000 0.505
9335.000 0.501
9340.000 0.500
9345.000 0.503
9350.000 0.504
9355.000 0.507
9360.000 0.507
9365.000 0.505
9370.000 0.506
9375.000 0.504
9380.000 0.501
9385.000 0.498
9390.000 0.496
9395.000 0.499
9400.000 0.499
9405.000 0.497
9410.000 0.499
9415.000 0.500
9420.000 0.503
9425.000 0.512
9430.000 0.507
9435.000 0.509
9440.000 0.510
9445.000 0.514
9450.000 0.515
9455.000 0.511
9460.000 0.511
9465.000 0.512
9470.000 0.506
9475.000 0.506
9480.000 0.505
9485.000 0.506
9490.000 0.505
9495.000 0.506
9500.000 0.508
9505.000 0.511
9510.000 0.516
9515.000 0.518
9520.000 0.519
9525.000 0.521
9530.000 0.522
9535.000 0.524
9540.000 0.521
9545.000 0.523
9550.000 0.519
9555.000 0.521
9560.000 0.519
9565.000 0.514
9570.000 0.518
9575.000 0.517
9580.000 0.517
9585.000 0.517
9590.000 0.523
9595.000 0.526
9600.000 0.530
9605.000 0.531
9610.000 0.537
9615.000 0.539
9620.000 0.541
9625.000 0.538
9630.000 0.539
9635.000 0.541
9640.000 0.538
9645.000 0.536
9650.000 0.541
9655.000 0.540
9660.000 0.539
9665.000 0.540
9670.000 0.545
9675.000 0.546
9680.000 0.547
9685.000 0.552
9690.000 0.561
9695.000 0.563
9700.000 0.565
9705.000 0.570
9710.000 0.576
9715.000 0.577
9720.000 0.576
9725.000 0.576
9730.000 0.578
9735.000 0.579
9740.000 0.584
9745.000 0.587
9750.000 0.588
9755.000 0.590
9760.000 0.595
9765.000 0.604
9770.000 0.608
9775.000 0.612
9780.000 0.619
9785.000 0.634
9790.000 0.643
9795.000 0.641
9800.000 0.652
9805.000 0.661
9810.000 0.669
9815.000 0.672
9820.000 0.679
9825.000 0.686
9830.000 0.691
9835.000 0.705
9840.000 0.719
9845.000 0.726
9850.000 0.749
9855.000 0.753
9860.000 0.784
9865.000 0.805
9870.000 0.817
9875.000 0.853
9880.000 0.864
9885.000 0.897
9890.000 0.930
9895.000 0.957
9900.000 0.998
9905.000 1.015
9910.000 1.080
9915.000 1.146
9920.000 1.170
9925.000 1.271
9930.000 1.322
9935.000 1.430
9940.000 1.597
9945.000 1.685
9950.000 1.865
9955.000 2.001
9960.000 2.318
9965.000 2.609
9970.000 2.814
9975.000 3.157
9980.000 3.248
9985.000 3.222
9990.000 2.846
9995.000 2.613
10000.000 2.174
10005.000 1.961
10010.000 1.640
10015.000 1.395
10020.000 1.290
10025.000 1.129
10030.000 1.066
10035.000 0.939
10040.000 0.846
10045.000 0.810
10050.000 0.734
10055.000 0.700
10060.000 0.654
10065.000 0.606
10070.000 0.589
10075.000 0.587
10080.000 0.572
10085.000 0.558
10090.000 0.553
10095.000 0.543
10100.000 0.541
10105.000 0.538
10110.000 0.534
10115.000 0.535
10120.000 0.539
10125.000 0.541
10130.000 0.547
10135.000 0.562
10140.000 0.563
10145.000 0.590
10150.000 0.609
10155.000 0.621
10160.000 0.664
10165.000 0.677
10170.000 0.721
10175.000 0.777
10180.000 0.810
10185.000 0.860
10190.000 0.901
10195.000 0.984
10200.000 1.061
10205.000 1.127
10210.000 1.243
10215.000 1.292
10220.000 1.460
10225.000 1.651
10230.000 1.733
10235.000 2.016
10240.000 2.158
10245.000 2.452
10250.000 2.922
10255.000 3.153
10260.000 3.610
10265.000 3.839
10270.000 4.339
10275.000 4.561
10280.000 4.572
10285.000 4.348
10290.000 4.166
10295.000 3.806
10300.000 3.356
10305.000 3.179
10310.000 2.910
10315.000 2.735
10320.000 2.504
10325.000 2.336
10330.000 2.232
10335.000 2.081
10340.000 2.035
10345.000 1.902
10350.000 1.804
10355.000 1.769
10360.000 1.677
10365.000 1.643
10370.000 1.589
10375.000 1.524
10380.000 1.500
10385.000 1.463
10390.000 1.442
10395.000 1.399
10400.000 1.371
10405.000 1.355
10410.000 1.325
10415.000 1.312
10420.000 1.289
10425.000 1.265
10430.000 1.255
10435.000 1.233
10440.000 1.225
10445.000 1.211
10450.000 1.201
10455.000 1.194
10460.000 1.184
10465.000 1.183
10470.000 1.181
10475.000 1.177
10480.000 1.181
10485.000 1.183
10490.000 1.185
10495.000 1.187
10500.000 1.186
10505.000 1.189
10510.000 1.195
10515.000 1.197
10520.000 1.200
10525.000 1.205
10530.000 1.208
10535.000 1.213
10540.000 1.222
10545.000 1.235
10550.000 1.246
10555.000 1.255
10560.000 1.276
10565.000 1.291
10570.000 1.308
10575.000 1.339
10580.000 1.350
10585.000 1.383
10590.000 1.393
10595.000 1.433
10600.000 1.473
10605.000 1.484
10610.000 1.536
10615.000 1.566
10620.000 1.618
10625.000 1.699
10630.000 1.739
10635.000 1.817
10640.000 1.883
10645.000 1.995
10650.000 2.102
10655.000 2.183
10660.000 2.307
10665.000 2.370
10670.000 2.476
10675.000 2.620
10680.000 2.696
10685.000 2.833
10690.000 2.910
10695.000 2.986
10700.000 2.930
10705.000 2.828
10710.000 2.550
10715.000 2.413
10720.000 1.987
10725.000 1.826
10730.000 1.567
10735.000 1.292
10740.000 1.188
10745.000 1.024
10750.000 0.923
10755.000 0.796
10760.000 0.692
10765.000 0.628
10770.000 0.544
10775.000 0.514
10780.000 0.441
10785.000 0.378
10790.000 0.362
10795.000 0.312
10800.000 0.291
10805.000 0.256
10810.000 0.222
10815.000 0.203
10820.000 0.176
10825.000 0.162
10830.000 0.136
10835.000 0.112
10840.000 0.095
10845.000 0.070
10850.000 0.057
10855.000 0.035
10860.000 0.026
10865.000 0.027
10870.000 0.025
10875.000 0.029
10880.000 0.034
10885.000 0.038
10890.000 0.041
10895.000 0.046
10900.000 0.045
10905.000 0.055
10910.000 0.054
10915.000 0.057
10920.000 0.064
10925.000 0.063
10930.000 0.063
10935.000 0.068
10940.000 0.068
10945.000 0.069
10950.000 0.067
10955.000 0.064
10960.000 0.061
10965.000 0.057
10970.000 0.054
10975.000 0.056
10980.000 0.054
10985.000 0.058
10990.000 0.062
10995.000 0.074
11000.000 0.076
11005.000 0.095
11010.000 0.113
11015.000 0.128
11020.000 0.161
11025.000 0.172
11030.000 0.227
11035.000 0.249
11040.000 0.296
11045.000 0.385
11050.000 0.430
11055.000 0.519
11060.000 0.589
11065.000 0.731
11070.000 0.867
11075.000 0.954
11080.000 1.127
11085.000 1.182
11090.000 1.241
11095.000 1.222
11100.000 1.191
11105.000 1.128
11110.000 1.078
11115.000 0.999
11120.000 0.939
11125.000 0.906
11130.000 0.854
11135.000 0.831
11140.000 0.781
11145.000 0.747
11150.000 0.735
11155.000 0.704
11160.000 0.694
11165.000 0.674
11170.000 0.652
11175.000 0.647
11180.000 0.632
11185.000 0.628
11190.000 0.615
11195.000 0.607
11200.000 0.600
11205.000 0.587
11210.000 0.587
11215.000 0.573
11220.000 0.564
11225.000 0.561
11230.000 0.549
11235.000 0.547
11240.000 0.544
11245.000 0.535
11250.000 0.531
11255.000 0.526
11260.000 0.528
11265.000 0.528
11270.000 0.522
11275.000 0.527
11280.000 0.521
11285.000 0.517
11290.000 0.516
11295.000 0.514
11300.000 0.512
11305.000 0.506
11310.000 0.504
11315.000 0.503
11320.000 0.499
11325.000 0.494
11330.000 0.489
11335.000 0.489
11340.000 0.488
11345.000 0.487
11350.000 0.487
11355.000 0.488
11360.000 0.491
11365.000 0.489
11370.000 0.485
11375.000 0.487
11380.000 0.489
11385.000 0.484
11390.000 0.483
11395.000 0.484
11400.000 0.478
11405.000 0.475
11410.000 0.476
11415.000 0.472
11420.000 0.470
11425.000 0.470
11430.000 0.471
11435.000 0.471
11440.000 0.471
11445.000 0.475
11450.000 0.473
11455.000 0.474
11460.000 0.472
11465.000 0.473
11470.000 0.471
11475.000 0.473
11480.000 0.470
11485.000 0.469
11490.000 0.467
11495.000 0.466
11500.000 0.463
11505.000 0.461
11510.000 0.460
11515.000 0.462
11520.000 0.458
11525.000 0.459
11530.000 0.463
11535.000 0.463
11540.000 0.467
11545.000 0.464
11550.000 0.465
11555.000 0.465
11560.000 0.465
11565.000 0.463
11570.000 0.460
11575.000 0.455
11580.000 0.458
11585.000 0.459
11590.000 0.452
11595.000 0.455
11600.000 0.454
11605.000 0.456
11610.000 0.454
11615.000 0.453
11620.000 0.455
11625.000 0.461
11630.000 0.458
11635.000 0.460
11640.000 0.459
11645.000 0.456
11650.000 0.456
11655.000 0.457
11660.000 0.453
11665.000 0.452
11670.000 0.451
11675.000 0.451
11680.000 0.452
11685.000 0.449
11690.000 0.450
11695.000 0.452
11700.000 0.452
11705.000 0.450
11710.000 0.453
11715.000 0.453
11720.000 0.457
11725.000 0.453
11730.000 0.453
11735.000 0.459
11740.000 0.455
11745.000 0.450
11750.000 0.452
11755.000 0.448
11760.000 0.448
11765.000 0.449
11770.000 0.452
11775.000 0.446
11780.000 0.445
11785.000 0.447
11790.000 0.449
11795.000 0.448
11800.000 0.449
11805.000 0.450
11810.000 0.455
11815.000 0.451
11820.000 0.455
11825.000 0.448
11830.000 0.450
11835.000 0.449
11840.000 0.446
11845.000 0.450
11850.000 0.443
11855.000 0.444
11860.000 0.446
11865.000 0.442
11870.000 0.445
11875.000 0.443
11880.000 0.448
11885.000 0.447
11890.000 0.448
11895.000 0.450
11900.000 0.450
11905.000 0.449
11910.000 0.446
11915.000 0.446
11920.000 0.447
11925.000 0.443
11930.000 0.444
11935.000 0.442
11940.000 0.443
11945.000 0.442
11950.000 0.438
11955.000 0.439
11960.000 0.444
11965.000 0.440
11970.000 0.441
11975.000 0.446
11980.000 0.445
11985.000 0.445
11990.000 0.442
11995.000 0.443
12000.000 0.448
