105.000 14.314
110.000 16.290
115.000 17.088
120.000 17.414
125.000 18.105
130.000 18.602
135.000 18.884
140.000 19.053
145.000 19.292
150.000 19.449
155.000 19.676
160.000 19.990
165.000 20.060
170.000 20.266
175.000 20.364
180.000 20.498
185.000 20.587
190.000 20.699
195.000 20.800
200.000 20.998
205.000 21.157
210.000 21.250
215.000 21.385
220.000 21.556
225.000 21.726
230.000 21.997
235.000 22.154
240.000 22.302
245.000 22.503
250.000 22.797
255.000 23.020
260.000 23.151
265.000 23.549
270.000 23.742
275.000 24.120
280.000 24.474
285.000 24.660
290.000 25.123
295.000 25.383
300.000 25.980
305.000 26.541
310.000 26.862
315.000 27.518
320.000 28.245
325.000 28.641
330.000 29.476
335.000 29.902
340.000 30.835
345.000 31.313
350.000 32.361
355.000 33.590
360.000 34.194
365.000 35.515
370.000 36.846
375.000 37.681
380.000 39.317
385.000 40.154
390.000 41.944
395.000 42.901
400.000 44.828
405.000 46.704
410.000 47.669
415.000 49.471
420.000 50.928
425.000 51.555
430.000 52.410
435.000 52.599
440.000 52.486
445.000 51.650
450.000 51.013
455.000 49.109
460.000 48.008
465.000 45.493
470.000 44.107
475.000 41.274
480.000 38.418
485.000 37.039
490.000 34.389
495.000 33.129
500.000 30.685
505.000 28.509
510.000 27.468
515.000 25.531
520.000 23.819
525.000 22.980
530.000 21.473
535.000 20.790
540.000 19.485
545.000 18.308
550.000 17.750
555.000 16.705
560.000 16.248
565.000 15.291
570.000 14.841
575.000 13.978
580.000 13.644
585.000 12.969
590.000 12.309
595.000 11.724
600.000 11.439
605.000 10.877
610.000 10.611
615.000 10.111
620.000 9.888
625.000 9.478
630.000 9.277
635.000 8.855
640.000 8.493
645.000 8.176
650.000 7.943
655.000 7.634
660.000 7.490
665.000 7.215
670.000 7.056
675.000 6.775
680.000 6.690
685.000 6.410
690.000 6.170
695.000 5.962
700.000 5.883
705.000 5.687
710.000 5.584
715.000 5.378
720.000 5.290
725.000 5.110
730.000 4.946
735.000 4.856
740.000 4.690
745.000 4.530
750.000 4.451
755.000 4.305
760.000 4.233
765.000 4.095
770.000 4.035
775.000 3.911
780.000 3.858
785.000 3.752
790.000 3.670
795.000 3.600
800.000 3.558
805.000 3.512
810.000 3.425
815.000 3.310
820.000 3.210
825.000 3.158
830.000 3.060
835.000 3.016
840.000 2.931
845.000 2.881
850.000 2.803
855.000 2.757
860.000 2.675
865.000 2.603
870.000 2.566
875.000 2.490
880.000 2.427
885.000 2.397
890.000 2.336
895.000 2.307
900.000 2.249
905.000 2.220
910.000 2.165
915.000 2.118
920.000 2.085
925.000 2.044
930.000 1.992
935.000 1.974
940.000 1.934
945.000 1.912
950.000 1.872
955.000 1.843
960.000 1.818
965.000 1.790
970.000 1.775
975.000 1.747
980.000 1.722
985.000 1.699
990.000 1.672
995.000 1.680
1000.000 1.650
1005.000 1.628
1010.000 1.618
1015.000 1.617
1020.000 1.610
1025.000 1.597
1030.000 1.606
1035.000 1.607
1040.000 1.605
1045.000 1.603
1050.000 1.610
1055.000 1.607
1060.000 1.615
1065.000 1.632
1070.000 1.636
1075.000 1.647
1080.000 1.679
1085.000 1.692
1090.000 1.715
1095.000 1.731
1100.000 1.765
1105.000 1.775
1110.000 1.810
1115.000 1.862
1120.000 1.883
1125.000 1.928
1130.000 1.977
1135.000 2.006
1140.000 2.058
1145.000 2.084
1150.000 2.154
1155.000 2.227
1160.000 2.262
1165.000 2.338
1170.000 2.373
1175.000 2.456
1180.000 2.500
1185.000 2.589
1190.000 2.644
1195.000 2.741
1200.000 2.845
1205.000 2.903
1210.000 3.026
1215.000 3.080
1220.000 3.211
1225.000 3.355
1230.000 3.423
1235.000 3.575
1240.000 3.654
1245.000 3.825
1250.000 4.013
1255.000 4.100
1260.000 4.312
1265.000 4.417
1270.000 4.651
1275.000 4.900
1280.000 5.025
1285.000 5.310
1290.000 5.459
1295.000 5.765
1300.000 6.130
1305.000 6.509
1310.000 6.712
1315.000 7.166
1320.000 7.406
1325.000 7.923
1330.000 8.218
1335.000 8.849
1340.000 9.192
1345.000 9.945
1350.000 10.822
1355.000 11.310
1360.000 12.395
1365.000 13.672
1370.000 14.383
1375.000 16.013
1380.000 18.007
1385.000 19.158
1390.000 21.763
1395.000 23.369
1400.000 27.006
1405.000 29.049
1410.000 33.968
1415.000 36.636
1420.000 42.029
1425.000 46.450
1430.000 47.829
1435.000 46.993
1440.000 42.843
1445.000 40.149
1450.000 34.864
1455.000 32.190
1460.000 27.999
1465.000 26.246
1470.000 23.306
1475.000 21.998
1480.000 19.823
1485.000 18.057
1490.000 16.521
1495.000 15.864
1500.000 14.718
1505.000 14.184
1510.000 13.251
1515.000 12.443
1520.000 12.045
1525.000 11.697
1530.000 11.045
1535.000 10.434
1540.000 9.903
1545.000 9.624
1550.000 9.150
1555.000 8.930
1560.000 8.493
1565.000 8.083
1570.000 7.892
1575.000 7.500
1580.000 7.340
1585.000 6.975
1590.000 6.812
1595.000 6.478
1600.000 6.145
1605.000 5.999
1610.000 5.702
1615.000 5.560
1620.000 5.307
1625.000 5.096
1630.000 5.007
1635.000 4.881
1640.000 4.838
1645.000 4.818
1650.000 4.889
1655.000 4.959
1660.000 5.125
1665.000 5.231
1670.000 5.444
1675.000 5.662
1680.000 5.772
1685.000 5.976
1690.000 6.056
1695.000 6.213
1700.000 6.341
1705.000 6.389
1710.000 6.475
1715.000 6.535
1720.000 6.555
1725.000 6.590
1730.000 6.591
1735.000 6.595
1740.000 6.600
1745.000 6.593
1750.000 6.578
1755.000 6.575
1760.000 6.549
1765.000 6.534
1770.000 6.519
1775.000 6.492
1780.000 6.479
1785.000 6.455
1790.000 6.437
1795.000 6.407
1800.000 6.398
1805.000 6.369
1810.000 6.337
1815.000 6.325
1820.000 6.303
1825.000 6.285
1830.000 6.259
1835.000 6.241
1840.000 6.217
1845.000 6.205
1850.000 6.194
1855.000 6.176
1860.000 6.153
1865.000 6.145
1870.000 6.126
1875.000 6.117
1880.000 6.096
1885.000 6.079
1890.000 6.069
1895.000 6.053
1900.000 6.036
1905.000 6.030
1910.000 6.011
1915.000 6.000
1920.000 5.984
1925.000 5.975
1930.000 5.950
1935.000 5.929
1940.000 5.920
1945.000 5.900
1950.000 5.880
1955.000 5.861
1960.000 5.836
1965.000 5.816
1970.000 5.789
1975.000 5.777
1980.000 5.754
1985.000 5.736
1990.000 5.715
1995.000 5.703
2000.000 5.680
2005.000 5.656
2010.000 5.630
2015.000 5.615
2020.000 5.571
2025.000 5.585
2030.000 5.537
2035.000 5.513
2040.000 5.502
2045.000 5.455
2050.000 5.440
2055.000 5.386
2060.000 5.345
2065.000 5.328
2070.000 5.283
2075.000 5.236
2080.000 5.211
2085.000 5.167
2090.000 5.146
2095.000 5.096
2100.000 5.042
2105.000 5.019
2110.000 4.966
2115.000 4.942
2120.000 4.884
2125.000 4.833
2130.000 4.805
2135.000 4.749
2140.000 4.723
2145.000 4.670
2150.000 4.609
2155.000 4.584
2160.000 4.554
2165.000 4.501
2170.000 4.442
2175.000 4.414
2180.000 4.363
2185.000 4.333
2190.000 4.277
2195.000 4.224
2200.000 4.166
2205.000 4.146
2210.000 4.091
2215.000 4.064
2220.000 4.007
2225.000 3.953
2230.000 3.928
2235.000 3.875
2240.000 3.849
2245.000 3.790
2250.000 3.740
2255.000 3.715
2260.000 3.685
2265.000 3.634
2270.000 3.581
2275.000 3.534
2280.000 3.513
2285.000 3.467
2290.000 3.441
2295.000 3.397
2300.000 3.371
2305.000 3.332
2310.000 3.303
2315.000 3.262
2320.000 3.224
2325.000 3.186
2330.000 3.162
2335.000 3.145
2340.000 3.102
2345.000 3.061
2350.000 3.041
2355.000 3.005
2360.000 2.987
2365.000 2.952
2370.000 2.915
2375.000 2.895
2380.000 2.860
2385.000 2.830
2390.000 2.815
2395.000 2.782
2400.000 2.766
2405.000 2.734
2410.000 2.719
2415.000 2.693
2420.000 2.658
2425.000 2.642
2430.000 2.617
2435.000 2.587
2440.000 2.574
2445.000 2.547
2450.000 2.532
2455.000 2.508
2460.000 2.479
2465.000 2.471
2470.000 2.443
2475.000 2.433
2480.000 2.411
2485.000 2.386
2490.000 2.379
2495.000 2.356
2500.000 2.348
2505.000 2.328
2510.000 2.309
2515.000 2.302
2520.000 2.283
2525.000 2.272
2530.000 2.255
2535.000 2.247
2540.000 2.235
2545.000 2.217
2550.000 2.211
2555.000 2.196
2560.000 2.183
2565.000 2.172
2570.000 2.160
2575.000 2.153
2580.000 2.138
2585.000 2.125
2590.000 2.121
2595.000 2.104
2600.000 2.098
2605.000 2.085
2610.000 2.076
2615.000 2.073
2620.000 2.058
2625.000 2.056
2630.000 2.047
2635.000 2.042
2640.000 2.036
2645.000 2.023
2650.000 2.018
2655.000 2.010
2660.000 1.998
2665.000 1.994
2670.000 1.995
2675.000 1.986
2680.000 1.981
2685.000 1.971
2690.000 1.967
2695.000 1.968
2700.000 1.968
2705.000 1.964
2710.000 1.957
2715.000 1.955
2720.000 1.953
2725.000 1.949
2730.000 1.948
2735.000 1.946
2740.000 1.947
2745.000 1.941
2750.000 1.945
2755.000 1.945
2760.000 1.941
2765.000 1.943
2770.000 1.947
2775.000 1.940
2780.000 1.944
2785.000 1.943
2790.000 1.945
2795.000 1.944
2800.000 1.945
2805.000 1.947
2810.000 1.952
2815.000 1.950
2820.000 1.958
2825.000 1.957
2830.000 1.960
2835.000 1.962
2840.000 1.967
2845.000 1.970
2850.000 1.977
2855.000 1.977
2860.000 1.986
2865.000 1.988
2870.000 1.992
2875.000 1.995
2880.000 2.004
2885.000 2.010
2890.000 2.016
2895.000 2.021
2900.000 2.023
2905.000 2.033
2910.000 2.038
2915.000 2.048
2920.000 2.056
2925.000 2.064
2930.000 2.079
2935.000 2.086
2940.000 2.098
2945.000 2.103
2950.000 2.114
2955.000 2.127
2960.000 2.141
2965.000 2.153
2970.000 2.163
2975.000 2.180
2980.000 2.195
2985.000 2.193
2990.000 2.214
2995.000 2.241
3000.000 2.237
3005.000 2.267
3010.000 2.277
3015.000 2.312
3020.000 2.317
3025.000 2.336
3030.000 2.360
3035.000 2.374
3040.000 2.400
3045.000 2.439
3050.000 2.443
3055.000 2.473
3060.000 2.493
3065.000 2.520
3070.000 2.553
3075.000 2.571
3080.000 2.613
3085.000 2.627
3090.000 2.668
3095.000 2.708
3100.000 2.728
3105.000 2.772
3110.000 2.794
3115.000 2.845
3120.000 2.868
3125.000 2.916
3130.000 2.971
3135.000 3.003
3140.000 3.054
3145.000 3.088
3150.000 3.152
3155.000 3.214
3160.000 3.253
3165.000 3.324
3170.000 3.362
3175.000 3.441
3180.000 3.526
3185.000 3.567
3190.000 3.665
3195.000 3.712
3200.000 3.809
3205.000 3.919
3210.000 3.976
3215.000 4.097
3220.000 4.159
3225.000 4.295
3230.000 4.433
3235.000 4.507
3240.000 4.684
3245.000 4.849
3250.000 4.941
3255.000 5.146
3260.000 5.250
3265.000 5.467
3270.000 5.601
3275.000 5.858
3280.000 5.984
3285.000 6.292
3290.000 6.626
3295.000 6.984
3300.000 7.203
3305.000 7.642
3310.000 7.867
3315.000 8.427
3320.000 9.037
3325.000 9.347
3330.000 9.710
3335.000 10.568
3340.000 11.489
3345.000 12.696
3350.000 13.360
3355.000 14.824
3360.000 15.709
3365.000 17.884
3370.000 20.440
3375.000 21.875
3380.000 25.547
3385.000 27.546
3390.000 31.586
3395.000 33.743
3400.000 36.586
3405.000 36.961
3410.000 35.148
3415.000 30.843
3420.000 28.522
3425.000 24.216
3430.000 20.722
3435.000 19.277
3440.000 16.833
3445.000 14.902
3450.000 14.134
3455.000 13.404
3460.000 12.066
3465.000 11.023
3470.000 10.108
3475.000 9.711
3480.000 9.343
3485.000 8.715
3490.000 8.120
3495.000 7.861
3500.000 7.409
3505.000 6.975
3510.000 6.788
3515.000 6.449
3520.000 6.121
3525.000 5.974
3530.000 5.716
3535.000 5.564
3540.000 5.329
3545.000 5.231
3550.000 5.011
3555.000 4.824
3560.000 4.733
3565.000 4.564
3570.000 4.486
3575.000 4.335
3580.000 4.194
3585.000 4.130
3590.000 4.003
3595.000 3.953
3600.000 3.832
3605.000 3.728
3610.000 3.679
3615.000 3.575
3620.000 3.532
3625.000 3.447
3630.000 3.401
3635.000 3.321
3640.000 3.247
3645.000 3.203
3650.000 3.135
3655.000 3.069
3660.000 3.035
3665.000 2.972
3670.000 2.942
3675.000 2.885
3680.000 2.832
3685.000 2.807
3690.000 2.753
3695.000 2.735
3700.000 2.685
3705.000 2.664
3710.000 2.619
3715.000 2.576
3720.000 2.556
3725.000 2.515
3730.000 2.477
3735.000 2.462
3740.000 2.426
3745.000 2.405
3750.000 2.377
3755.000 2.338
3760.000 2.324
3765.000 2.303
3770.000 2.286
3775.000 2.259
3780.000 2.247
3785.000 2.219
3790.000 2.194
3795.000 2.186
3800.000 2.161
3805.000 2.140
3810.000 2.131
3815.000 2.109
3820.000 2.100
3825.000 2.077
3830.000 2.060
3835.000 2.048
3840.000 2.032
3845.000 2.023
3850.000 2.008
3855.000 1.993
3860.000 1.988
3865.000 1.984
3870.000 1.969
3875.000 1.955
3880.000 1.941
3885.000 1.936
3890.000 1.926
3895.000 1.920
3900.000 1.907
3905.000 1.898
3910.000 1.894
3915.000 1.883
3920.000 1.877
3925.000 1.872
3930.000 1.865
3935.000 1.861
3940.000 1.851
3945.000 1.849
3950.000 1.851
3955.000 1.844
3960.000 1.838
3965.000 1.844
3970.000 1.829
3975.000 1.823
3980.000 1.833
3985.000 1.830
3990.000 1.818
3995.000 1.826
4000.000 1.819
4005.000 1.826
4010.000 1.814
4015.000 1.811
4020.000 1.820
4025.000 1.819
4030.000 1.828
4035.000 1.826
4040.000 1.833
4045.000 1.838
4050.000 1.837
4055.000 1.844
4060.000 1.843
4065.000 1.853
4070.000 1.855
4075.000 1.859
4080.000 1.866
4085.000 1.866
4090.000 1.877
4095.000 1.878
4100.000 1.892
4105.000 1.897
4110.000 1.907
4115.000 1.914
4120.000 1.925
4125.000 1.938
4130.000 1.950
4135.000 1.963
4140.000 1.978
4145.000 1.988
4150.000 2.005
4155.000 2.015
4160.000 2.030
4165.000 2.052
4170.000 2.066
4175.000 2.083
4180.000 2.096
4185.000 2.118
4190.000 2.128
4195.000 2.152
4200.000 2.173
4205.000 2.185
4210.000 2.205
4215.000 2.225
4220.000 2.236
4225.000 2.250
4230.000 2.262
4235.000 2.284
4240.000 2.305
4245.000 2.324
4250.000 2.357
4255.000 2.377
4260.000 2.435
4265.000 2.457
4270.000 2.516
4275.000 2.596
4280.000 2.635
4285.000 2.715
4290.000 2.819
4295.000 2.870
4300.000 2.980
4305.000 3.043
4310.000 3.174
4315.000 3.236
4320.000 3.397
4325.000 3.568
4330.000 3.654
4335.000 3.874
4340.000 4.116
4345.000 4.234
4350.000 4.544
4355.000 4.714
4360.000 5.070
4365.000 5.559
4370.000 5.822
4375.000 6.412
4380.000 6.750
4385.000 7.631
4390.000 8.619
4395.000 9.218
4400.000 10.705
4405.000 11.495
4410.000 13.026
4415.000 13.823
4420.000 14.696
4425.000 14.295
4430.000 13.418
4435.000 11.439
4440.000 9.665
4445.000 8.756
4450.000 7.417
4455.000 6.915
4460.000 5.939
4465.000 5.553
4470.000 4.922
4475.000 4.632
4480.000 4.120
4485.000 3.740
4490.000 3.380
4495.000 3.229
4500.000 2.982
4505.000 2.861
4510.000 2.633
4515.000 2.455
4520.000 2.374
4525.000 2.210
4530.000 2.139
4535.000 2.018
4540.000 1.953
4545.000 1.845
4550.000 1.800
4555.000 1.697
4560.000 1.616
4565.000 1.585
4570.000 1.501
4575.000 1.468
4580.000 1.406
4585.000 1.347
4590.000 1.317
4595.000 1.268
4600.000 1.222
4605.000 1.196
4610.000 1.162
4615.000 1.119
4620.000 1.103
4625.000 1.062
4630.000 1.038
4635.000 0.996
4640.000 0.968
4645.000 0.942
4650.000 0.929
4655.000 0.896
4660.000 0.862
4665.000 0.844
4670.000 0.809
4675.000 0.777
4680.000 0.760
4685.000 0.727
4690.000 0.711
4695.000 0.674
4700.000 0.640
4705.000 0.620
4710.000 0.588
4715.000 0.551
4720.000 0.536
4725.000 0.496
4730.000 0.477
4735.000 0.445
4740.000 0.432
4745.000 0.391
4750.000 0.365
4755.000 0.350
4760.000 0.332
4765.000 0.303
4770.000 0.279
4775.000 0.258
4780.000 0.243
4785.000 0.222
4790.000 0.211
4795.000 0.194
4800.000 0.189
4805.000 0.172
4810.000 0.165
4815.000 0.161
4820.000 0.151
4825.000 0.149
4830.000 0.148
4835.000 0.148
4840.000 0.153
4845.000 0.159
4850.000 0.160
4855.000 0.172
4860.000 0.180
4865.000 0.189
4870.000 0.207
4875.000 0.212
4880.000 0.229
4885.000 0.248
4890.000 0.255
4895.000 0.273
4900.000 0.280
4905.000 0.301
4910.000 0.316
4915.000 0.323
4920.000 0.340
4925.000 0.351
4930.000 0.362
4935.000 0.381
4940.000 0.385
4945.000 0.407
4950.000 0.418
4955.000 0.428
4960.000 0.450
4965.000 0.452
4970.000 0.477
4975.000 0.490
4980.000 0.501
4985.000 0.520
4990.000 0.519
4995.000 0.531
5000.000 0.542
5005.000 0.565
5010.000 0.567
5015.000 0.567
5020.000 0.585
5025.000 0.601
5030.000 0.609
5035.000 0.617
5040.000 0.631
5045.000 0.635
5050.000 0.643
5055.000 0.659
5060.000 0.671
5065.000 0.681
5070.000 0.699
5075.000 0.709
5080.000 0.716
5085.000 0.722
5090.000 0.739
5095.000 0.748
5100.000 0.758
5105.000 0.774
5110.000 0.785
5115.000 0.792
5120.000 0.806
5125.000 0.814
5130.000 0.824
5135.000 0.837
5140.000 0.843
5145.000 0.851
5150.000 0.861
5155.000 0.864
5160.000 0.870
5165.000 0.878
5170.000 0.881
5175.000 0.881
5180.000 0.881
5185.000 0.884
5190.000 0.890
5195.000 0.891
5200.000 0.891
5205.000 0.891
5210.000 0.892
5215.000 0.894
5220.000 0.900
5225.000 0.899
5230.000 0.900
5235.000 0.898
5240.000 0.899
5245.000 0.900
5250.000 0.898
5255.000 0.896
5260.000 0.894
5265.000 0.894
5270.000 0.891
5275.000 0.891
5280.000 0.884
5285.000 0.886
5290.000 0.886
5295.000 0.883
5300.000 0.882
5305.000 0.878
5310.000 0.877
5315.000 0.875
5320.000 0.876
5325.000 0.872
5330.000 0.867
5335.000 0.863
5340.000 0.861
5345.000 0.858
5350.000 0.856
5355.000 0.847
5360.000 0.850
5365.000 0.845
5370.000 0.840
5375.000 0.843
5380.000 0.839
5385.000 0.837
5390.000 0.836
5395.000 0.831
5400.000 0.831
5405.000 0.828
5410.000 0.828
5415.000 0.820
5420.000 0.819
5425.000 0.819
5430.000 0.815
5435.000 0.810
5440.000 0.813
5445.000 0.810
5450.000 0.802
5455.000 0.804
5460.000 0.802
5465.000 0.801
5470.000 0.801
5475.000 0.795
5480.000 0.800
5485.000 0.798
5490.000 0.794
5495.000 0.790
5500.000 0.789
5505.000 0.784
5510.000 0.786
5515.000 0.783
5520.000 0.783
5525.000 0.779
5530.000 0.779
5535.000 0.776
5540.000 0.775
5545.000 0.773
5550.000 0.772
5555.000 0.771
5560.000 0.772
5565.000 0.767
5570.000 0.772
5575.000 0.765
5580.000 0.766
5585.000 0.769
5590.000 0.766
5595.000 0.763
5600.000 0.758
5605.000 0.759
5610.000 0.762
5615.000 0.757
5620.000 0.756
5625.000 0.752
5630.000 0.751
5635.000 0.756
5640.000 0.755
5645.000 0.754
5650.000 0.755
5655.000 0.756
5660.000 0.755
5665.000 0.753
5670.000 0.755
5675.000 0.752
5680.000 0.749
5685.000 0.745
5690.000 0.749
5695.000 0.746
5700.000 0.745
5705.000 0.746
5710.000 0.747
5715.000 0.747
5720.000 0.750
5725.000 0.749
5730.000 0.750
5735.000 0.749
5740.000 0.752
5745.000 0.754
5750.000 0.751
5755.000 0.754
5760.000 0.752
5765.000 0.751
5770.000 0.753
5775.000 0.751
5780.000 0.750
5785.000 0.749
5790.000 0.749
5795.000 0.749
5800.000 0.751
5805.000 0.753
5810.000 0.752
5815.000 0.753
5820.000 0.754
5825.000 0.754
5830.000 0.758
5835.000 0.756
5840.000 0.760
5845.000 0.761
5850.000 0.758
5855.000 0.761
5860.000 0.760
5865.000 0.760
5870.000 0.755
5875.000 0.762
5880.000 0.756
5885.000 0.756
5890.000 0.758
5895.000 0.765
5900.000 0.765
5905.000 0.773
5910.000 0.769
5915.000 0.772
5920.000 0.773
5925.000 0.778
5930.000 0.778
5935.000 0.780
5940.000 0.783
5945.000 0.777
5950.000 0.782
5955.000 0.778
5960.000 0.776
5965.000 0.781
5970.000 0.777
5975.000 0.780
5980.000 0.791
5985.000 0.789
5990.000 0.800
5995.000 0.792
6000.000 0.802
6005.000 0.808
6010.000 0.806
6015.000 0.798
6020.000 0.800
6025.000 0.812
6030.000 0.807
6035.000 0.804
6040.000 0.806
6045.000 0.806
6050.000 0.816
6055.000 0.807
6060.000 0.814
6065.000 0.816
6070.000 0.817
6075.000 0.827
6080.000 0.825
6085.000 0.831
6090.000 0.836
6095.000 0.844
6100.000 0.845
6105.000 0.847
6110.000 0.846
6115.000 0.852
6120.000 0.853
6125.000 0.854
6130.000 0.859
6135.000 0.862
6140.000 0.862
6145.000 0.870
6150.000 0.874
6155.000 0.873
6160.000 0.879
6165.000 0.886
6170.000 0.894
6175.000 0.900
6180.000 0.904
6185.000 0.907
6190.000 0.913
6195.000 0.922
6200.000 0.925
6205.000 0.932
6210.000 0.929
6215.000 0.941
6220.000 0.945
6225.000 0.947
6230.000 0.954
6235.000 0.958
6240.000 0.964
6245.000 0.968
6250.000 0.977
6255.000 0.984
6260.000 0.988
6265.000 1.000
6270.000 1.003
6275.000 1.010
6280.000 1.016
6285.000 1.019
6290.000 1.026
6295.000 1.033
6300.000 1.031
6305.000 1.045
6310.000 1.045
6315.000 1.058
6320.000 1.059
6325.000 1.067
6330.000 1.074
6335.000 1.083
6340.000 1.093
6345.000 1.101
6350.000 1.111
6355.000 1.127
6360.000 1.131
6365.000 1.146
6370.000 1.152
6375.000 1.164
6380.000 1.175
6385.000 1.184
6390.000 1.199
6395.000 1.204
6400.000 1.218
6405.000 1.235
6410.000 1.241
6415.000 1.260
6420.000 1.273
6425.000 1.287
6430.000 1.312
6435.000 1.323
6440.000 1.338
6445.000 1.356
6450.000 1.380
6455.000 1.405
6460.000 1.415
6465.000 1.443
6470.000 1.456
6475.000 1.479
6480.000 1.510
6485.000 1.526
6490.000 1.558
6495.000 1.568
6500.000 1.601
6505.000 1.619
6510.000 1.662
6515.000 1.707
6520.000 1.718
6525.000 1.768
6530.000 1.790
6535.000 1.834
6540.000 1.888
6545.000 1.915
6550.000 1.964
6555.000 2.027
6560.000 2.057
6565.000 2.112
6570.000 2.153
6575.000 2.221
6580.000 2.291
6585.000 2.337
6590.000 2.378
6595.000 2.462
6600.000 2.567
6605.000 2.616
6610.000 2.722
6615.000 2.846
6620.000 2.911
6625.000 3.045
6630.000 3.103
6635.000 3.272
6640.000 3.447
6645.000 3.520
6650.000 3.740
6655.000 3.968
6660.000 4.067
6665.000 4.221
6670.000 4.513
6675.000 4.818
6680.000 5.035
6685.000 5.454
6690.000 5.686
6695.000 6.236
6700.000 6.869
6705.000 7.579
6710.000 8.116
6715.000 9.171
6720.000 9.789
6725.000 11.268
6730.000 13.161
6735.000 14.255
6740.000 16.555
6745.000 18.003
6750.000 20.267
6755.000 21.192
6760.000 20.850
6765.000 19.977
6770.000 17.566
6775.000 14.610
6780.000 12.379
6785.000 11.611
6790.000 10.697
6795.000 9.287
6800.000 8.300
6805.000 7.708
6810.000 6.956
6815.000 6.380
6820.000 6.048
6825.000 5.575
6830.000 5.399
6835.000 4.982
6840.000 4.817
6845.000 4.526
6850.000 4.249
6855.000 4.126
6860.000 3.908
6865.000 3.826
6870.000 3.618
6875.000 3.466
6880.000 3.389
6885.000 3.230
6890.000 3.104
6895.000 3.044
6900.000 2.919
6905.000 2.865
6910.000 2.777
6915.000 2.677
6920.000 2.632
6925.000 2.560
6930.000 2.518
6935.000 2.445
6940.000 2.387
6945.000 2.351
6950.000 2.285
6955.000 2.266
6960.000 2.209
6965.000 2.154
6970.000 2.137
6975.000 2.085
6980.000 2.059
6985.000 2.028
6990.000 2.001
6995.000 1.953
7000.000 1.934
7005.000 1.922
7010.000 1.884
7015.000 1.846
7020.000 1.845
7025.000 1.809
7030.000 1.797
7035.000 1.773
7040.000 1.754
7045.000 1.739
7050.000 1.710
7055.000 1.708
7060.000 1.686
7065.000 1.670
7070.000 1.657
7075.000 1.641
7080.000 1.633
7085.000 1.614
7090.000 1.609
7095.000 1.596
7100.000 1.581
7105.000 1.579
7110.000 1.570
7115.000 1.566
7120.000 1.560
7125.000 1.552
7130.000 1.545
7135.000 1.539
7140.000 1.534
7145.000 1.529
7150.000 1.525
7155.000 1.525
7160.000 1.517
7165.000 1.512
7170.000 1.513
7175.000 1.510
7180.000 1.511
7185.000 1.509
7190.000 1.510
7195.000 1.514
7200.000 1.519
7205.000 1.522
7210.000 1.523
7215.000 1.527
7220.000 1.530
7225.000 1.535
7230.000 1.538
7235.000 1.543
7240.000 1.547
7245.000 1.551
7250.000 1.561
7255.000 1.565
7260.000 1.579
7265.000 1.583
7270.000 1.597
7275.000 1.613
7280.000 1.621
7285.000 1.637
7290.000 1.649
7295.000 1.668
7300.000 1.689
7305.000 1.700
7310.000 1.721
7315.000 1.733
7320.000 1.758
7325.000 1.787
7330.000 1.798
7335.000 1.832
7340.000 1.845
7345.000 1.876
7350.000 1.899
7355.000 1.939
7360.000 1.978
7365.000 2.032
7370.000 2.057
7375.000 2.109
7380.000 2.138
7385.000 2.204
7390.000 2.233
7395.000 2.301
7400.000 2.382
7405.000 2.420
7410.000 2.504
7415.000 2.551
7420.000 2.651
7425.000 2.695
7430.000 2.821
7435.000 2.953
7440.000 3.013
7445.000 3.184
7450.000 3.354
7455.000 3.438
7460.000 3.669
7465.000 3.787
7470.000 4.026
7475.000 4.351
7480.000 4.519
7485.000 4.866
7490.000 5.112
7495.000 5.621
7500.000 5.905
7505.000 6.507
7510.000 7.364
7515.000 7.829
7520.000 8.852
7525.000 9.511
7530.000 10.850
7535.000 12.126
7540.000 12.841
7545.000 13.609
7550.000 13.666
7555.000 12.962
7560.000 11.566
7565.000 10.934
7570.000 9.305
7575.000 8.071
7580.000 7.623
7585.000 6.612
7590.000 6.227
7595.000 5.621
7600.000 5.021
7605.000 4.782
7610.000 4.406
7615.000 4.189
7620.000 3.859
7625.000 3.603
7630.000 3.452
7635.000 3.227
7640.000 3.126
7645.000 2.938
7650.000 2.771
7655.000 2.705
7660.000 2.559
7665.000 2.495
7670.000 2.378
7675.000 2.338
7680.000 2.224
7685.000 2.133
7690.000 2.101
7695.000 2.007
7700.000 1.938
7705.000 1.900
7710.000 1.827
7715.000 1.800
7720.000 1.745
7725.000 1.682
7730.000 1.656
7735.000 1.609
7740.000 1.586
7745.000 1.544
7750.000 1.508
7755.000 1.487
7760.000 1.449
7765.000 1.435
7770.000 1.400
7775.000 1.366
7780.000 1.356
7785.000 1.321
7790.000 1.314
7795.000 1.283
7800.000 1.252
7805.000 1.242
7810.000 1.217
7815.000 1.206
7820.000 1.182
7825.000 1.161
7830.000 1.153
7835.000 1.136
7840.000 1.124
7845.000 1.116
7850.000 1.106
7855.000 1.087
7860.000 1.077
7865.000 1.069
7870.000 1.051
7875.000 1.043
7880.000 1.028
7885.000 1.021
7890.000 1.009
7895.000 0.995
7900.000 0.978
7905.000 0.973
7910.000 0.964
7915.000 0.954
7920.000 0.947
7925.000 0.942
7930.000 0.934
7935.000 0.925
7940.000 0.925
7945.000 0.921
7950.000 0.906
7955.000 0.900
7960.000 0.894
7965.000 0.887
7970.000 0.867
7975.000 0.861
7980.000 0.853
7985.000 0.854
7990.000 0.840
7995.000 0.837
8000.000 0.829
8005.000 0.834
8010.000 0.856
8015.000 0.857
8020.000 0.861
8025.000 0.855
8030.000 0.853
8035.000 0.845
8040.000 0.840
8045.000 0.841
8050.000 0.832
8055.000 0.830
8060.000 0.821
8065.000 0.816
8070.000 0.796
8075.000 0.785
8080.000 0.778
8085.000 0.770
8090.000 0.768
8095.000 0.765
8100.000 0.768
8105.000 0.762
8110.000 0.763
8115.000 0.764
8120.000 0.762
8125.000 0.763
8130.000 0.755
8135.000 0.755
8140.000 0.752
8145.000 0.743
8150.000 0.741
8155.000 0.735
8160.000 0.733
8165.000 0.730
8170.000 0.727
8175.000 0.730
8180.000 0.728
8185.000 0.724
8190.000 0.729
8195.000 0.725
8200.000 0.724
8205.000 0.727
8210.000 0.723
8215.000 0.720
8220.000 0.717
8225.000 0.716
8230.000 0.714
8235.000 0.712
8240.000 0.707
8245.000 0.704
8250.000 0.703
8255.000 0.697
8260.000 0.695
8265.000 0.692
8270.000 0.697
8275.000 0.696
8280.000 0.694
8285.000 0.697
8290.000 0.696
8295.000 0.698
8300.000 0.697
8305.000 0.693
8310.000 0.694
8315.000 0.690
8320.000 0.685
8325.000 0.686
8330.000 0.677
8335.000 0.677
8340.000 0.676
8345.000 0.676
8350.000 0.674
8355.000 0.671
8360.000 0.674
8365.000 0.677
8370.000 0.674
8375.000 0.676
8380.000 0.674
8385.000 0.677
8390.000 0.677
8395.000 0.674
8400.000 0.671
8405.000 0.670
8410.000 0.665
8415.000 0.662
8420.000 0.661
8425.000 0.658
8430.000 0.658
8435.000 0.657
8440.000 0.660
8445.000 0.658
8450.000 0.657
8455.000 0.659
8460.000 0.661
8465.000 0.660
8470.000 0.664
8475.000 0.664
8480.000 0.661
8485.000 0.656
8490.000 0.657
8495.000 0.657
8500.000 0.654
8505.000 0.650
8510.000 0.647
8515.000 0.643
8520.000 0.645
8525.000 0.643
8530.000 0.647
8535.000 0.646
8540.000 0.647
8545.000 0.653
8550.000 0.654
8555.000 0.649
8560.000 0.651
8565.000 0.651
8570.000 0.650
8575.000 0.651
8580.000 0.645
8585.000 0.642
8590.000 0.641
8595.000 0.636
8600.000 0.636
8605.000 0.637
8610.000 0.636
8615.000 0.636
8620.000 0.637
8625.000 0.639
8630.000 0.640
8635.000 0.637
8640.000 0.643
8645.000 0.643
8650.000 0.646
8655.000 0.641
8660.000 0.641
8665.000 0.640
8670.000 0.635
8675.000 0.633
8680.000 0.633
8685.000 0.629
8690.000 0.628
8695.000 0.626
8700.000 0.628
8705.000 0.629
8710.000 0.629
8715.000 0.628
8720.000 0.632
8725.000 0.632
8730.000 0.635
8735.000 0.634
8740.000 0.636
8745.000 0.632
8750.000 0.626
8755.000 0.627
8760.000 0.627
8765.000 0.622
8770.000 0.622
8775.000 0.623
8780.000 0.624
8785.000 0.623
8790.000 0.627
8795.000 0.627
8800.000 0.631
8805.000 0.631
8810.000 0.632
8815.000 0.633
8820.000 0.657
8825.000 0.662
8830.000 0.639
8835.000 0.648
8840.000 0.635
8845.000 0.631
8850.000 0.631
8855.000 0.631
8860.000 0.621
8865.000 0.624
8870.000 0.623
8875.000 0.624
8880.000 0.623
8885.000 0.626
8890.000 0.632
8895.000 0.630
8900.000 0.631
8905.000 0.634
8910.000 0.637
8915.000 0.635
8920.000 0.634
8925.000 0.631
8930.000 0.636
8935.000 0.629
8940.000 0.625
8945.000 0.622
8950.000 0.624
8955.000 0.621
8960.000 0.626
8965.000 0.623
8970.000 0.623
8975.000 0.631
8980.000 0.629
8985.000 0.639
8990.000 0.639
8995.000 0.633
9000.000 0.643
9005.000 0.641
9010.000 0.644
9015.000 0.633
9020.000 0.635
9025.000 0.633
9030.000 0.627
9035.000 0.630
9040.000 0.630
9045.000 0.626
9050.000 0.633
9055.000 0.630
9060.000 0.628
9065.000 0.631
9070.000 0.638
9075.000 0.639
9080.000 0.639
9085.000 0.640
9090.000 0.644
9095.000 0.640
9100.000 0.643
9105.000 0.640
9110.000 0.633
9115.000 0.636
9120.000 0.636
9125.000 0.633
9130.000 0.630
9135.000 0.629
9140.000 0.635
9145.000 0.635
9150.000 0.637
9155.000 0.643
9160.000 0.643
9165.000 0.644
9170.000 0.648
9175.000 0.646
9180.000 0.649
9185.000 0.646
9190.000 0.645
9195.000 0.646
9200.000 0.646
9205.000 0.643
9210.000 0.644
9215.000 0.644
9220.000 0.638
9225.000 0.641
9230.000 0.645
9235.000 0.645
9240.000 0.647
9245.000 0.652
9250.000 0.655
9255.000 0.654
9260.000 0.657
9265.000 0.660
9270.000 0.656
9275.000 0.661
9280.000 0.656
9285.000 0.659
9290.000 0.654
9295.000 0.651
9300.000 0.651
9305.000 0.652
9310.000 0.652
9315.000 0.653
9320.000 0.653
9325.000 0.666
9330.000 0.666
9335.000 0.661
9340.000 0.669
9345.000 0.670
9350.000 0.672
9355.000 0.672
9360.000 0.671
9365.000 0.677
9370.000 0.673
9375.000 0.667
9380.000 0.672
9385.000 0.671
9390.000 0.669
9395.000 0.669
9400.000 0.671
9405.000 0.671
9410.000 0.674
9415.000 0.682
9420.000 0.682
9425.000 0.686
9430.000 0.686
9435.000 0.692
9440.000 0.694
9445.000 0.693
9450.000 0.691
9455.000 0.697
9460.000 0.692
9465.000 0.691
9470.000 0.690
9475.000 0.694
9480.000 0.692
9485.000 0.693
9490.000 0.697
9495.000 0.699
9500.000 0.706
9505.000 0.703
9510.000 0.711
9515.000 0.716
9520.000 0.716
9525.000 0.721
9530.000 0.721
9535.000 0.727
9540.000 0.727
9545.000 0.723
9550.000 0.728
9555.000 0.726
9560.000 0.724
9565.000 0.727
9570.000 0.727
9575.000 0.727
9580.000 0.732
9585.000 0.737
9590.000 0.744
9595.000 0.746
9600.000 0.748
9605.000 0.754
9610.000 0.757
9615.000 0.762
9620.000 0.765
9625.000 0.770
9630.000 0.769
9635.000 0.769
9640.000 0.769
9645.000 0.777
9650.000 0.774
9655.000 0.779
9660.000 0.781
9665.000 0.785
9670.000 0.791
9675.000 0.794
9680.000 0.795
9685.000 0.810
9690.000 0.812
9695.000 0.818
9700.000 0.826
9705.000 0.829
9710.000 0.833
9715.000 0.836
9720.000 0.840
9725.000 0.846
9730.000 0.843
9735.000 0.848
9740.000 0.852
9745.000 0.859
9750.000 0.867
9755.000 0.870
9760.000 0.883
9765.000 0.890
9770.000 0.896
9775.000 0.910
9780.000 0.919
9785.000 0.924
9790.000 0.934
9795.000 0.940
9800.000 0.945
9805.000 0.958
9810.000 0.965
9815.000 0.970
9820.000 0.976
9825.000 0.991
9830.000 0.995
9835.000 1.007
9840.000 1.018
9845.000 1.033
9850.000 1.046
9855.000 1.060
9860.000 1.080
9865.000 1.089
9870.000 1.112
9875.000 1.132
9880.000 1.143
9885.000 1.161
9890.000 1.188
9895.000 1.201
9900.000 1.206
9905.000 1.232
9910.000 1.261
9915.000 1.270
9920.000 1.303
9925.000 1.336
9930.000 1.352
9935.000 1.399
9940.000 1.417
9945.000 1.464
9950.000 1.488
9955.000 1.544
9960.000 1.597
9965.000 1.625
9970.000 1.696
9975.000 1.727
9980.000 1.796
9985.000 1.883
9990.000 1.961
9995.000 2.011
10000.000 2.067
10005.000 2.197
10010.000 2.335
10015.000 2.403
10020.000 2.578
10025.000 2.648
10030.000 2.898
10035.000 3.145
10040.000 3.260
10045.000 3.643
10050.000 4.043
10055.000 4.211
10060.000 4.775
10065.000 5.057
10070.000 5.553
10075.000 6.146
10080.000 6.312
10085.000 6.536
10090.000 6.453
10095.000 5.962
10100.000 5.352
10105.000 4.895
10110.000 4.222
10115.000 3.957
10120.000 3.407
10125.000 3.193
10130.000 2.857
10135.000 2.493
10140.000 2.356
10145.000 2.150
10150.000 1.919
10155.000 1.834
10160.000 1.694
10165.000 1.626
10170.000 1.482
10175.000 1.426
10180.000 1.341
10185.000 1.235
10190.000 1.197
10195.000 1.122
10200.000 1.079
10205.000 1.017
10210.000 0.958
10215.000 0.922
10220.000 0.867
10225.000 0.854
10230.000 0.800
10235.000 0.756
10240.000 0.746
10245.000 0.707
10250.000 0.671
10255.000 0.661
10260.000 0.631
10265.000 0.618
10270.000 0.599
10275.000 0.572
10280.000 0.559
10285.000 0.542
10290.000 0.528
10295.000 0.509
10300.000 0.487
10305.000 0.475
10310.000 0.455
10315.000 0.451
10320.000 0.435
10325.000 0.428
10330.000 0.413
10335.000 0.407
10340.000 0.403
10345.000 0.390
10350.000 0.385
10355.000 0.379
10360.000 0.371
10365.000 0.366
10370.000 0.357
10375.000 0.354
10380.000 0.348
10385.000 0.339
10390.000 0.332
10395.000 0.323
10400.000 0.319
10405.000 0.314
10410.000 0.305
10415.000 0.308
10420.000 0.304
10425.000 0.309
10430.000 0.306
10435.000 0.306
10440.000 0.309
10445.000 0.307
10450.000 0.309
10455.000 0.312
10460.000 0.311
10465.000 0.312
10470.000 0.315
10475.000 0.314
10480.000 0.318
10485.000 0.319
10490.000 0.322
10495.000 0.326
10500.000 0.330
10505.000 0.336
10510.000 0.348
10515.000 0.352
10520.000 0.361
10525.000 0.370
10530.000 0.378
10535.000 0.385
10540.000 0.393
10545.000 0.399
10550.000 0.405
10555.000 0.415
10560.000 0.422
10565.000 0.432
10570.000 0.437
10575.000 0.444
10580.000 0.449
10585.000 0.454
10590.000 0.466
10595.000 0.473
10600.000 0.485
10605.000 0.502
10610.000 0.523
10615.000 0.535
10620.000 0.562
10625.000 0.576
10630.000 0.596
10635.000 0.616
10640.000 0.646
10645.000 0.671
10650.000 0.711
10655.000 0.733
10660.000 0.770
10665.000 0.801
10670.000 0.853
10675.000 0.874
10680.000 0.949
10685.000 0.985
10690.000 1.050
10695.000 1.144
10700.000 1.189
10705.000 1.283
10710.000 1.334
10715.000 1.475
10720.000 1.594
10725.000 1.669
10730.000 1.872
10735.000 1.975
10740.000 2.164
10745.000 2.449
10750.000 2.588
10755.000 2.847
10760.000 3.040
10765.000 3.326
10770.000 3.537
10775.000 3.623
10780.000 3.649
10785.000 3.545
10790.000 3.406
10795.000 3.142
10800.000 3.037
10805.000 2.739
10810.000 2.520
10815.000 2.460
10820.000 2.311
10825.000 2.268
10830.000 2.220
10835.000 2.175
10840.000 2.149
10845.000 2.096
10850.000 2.045
10855.000 1.942
10860.000 1.849
10865.000 1.784
10870.000 1.684
10875.000 1.641
10880.000 1.554
10885.000 1.480
10890.000 1.446
10895.000 1.383
10900.000 1.350
10905.000 1.302
10910.000 1.285
10915.000 1.234
10920.000 1.193
10925.000 1.184
10930.000 1.143
10935.000 1.126
10940.000 1.095
10945.000 1.062
10950.000 1.051
10955.000 1.021
10960.000 1.005
10965.000 0.977
10970.000 0.972
10975.000 0.948
10980.000 0.929
10985.000 0.917
10990.000 0.899
10995.000 0.899
11000.000 0.879
11005.000 0.871
11010.000 0.860
11015.000 0.852
11020.000 0.845
11025.000 0.836
11030.000 0.816
11035.000 0.810
11040.000 0.801
11045.000 0.788
11050.000 0.782
11055.000 0.773
11060.000 0.761
11065.000 0.755
11070.000 0.752
11075.000 0.739
11080.000 0.739
11085.000 0.738
11090.000 0.729
11095.000 0.728
11100.000 0.721
11105.000 0.715
11110.000 0.710
11115.000 0.705
11120.000 0.699
11125.000 0.698
11130.000 0.682
11135.000 0.682
11140.000 0.677
11145.000 0.672
11150.000 0.668
11155.000 0.660
11160.000 0.656
11165.000 0.657
11170.000 0.653
11175.000 0.655
11180.000 0.650
11185.000 0.648
11190.000 0.650
11195.000 0.641
11200.000 0.641
11205.000 0.636
11210.000 0.632
11215.000 0.632
11220.000 0.627
11225.000 0.620
11230.000 0.614
11235.000 0.618
11240.000 0.609
11245.000 0.607
11250.000 0.607
11255.000 0.608
11260.000 0.607
11265.000 0.605
11270.000 0.607
11275.000 0.604
11280.000 0.603
11285.000 0.598
11290.000 0.600
11295.000 0.595
11300.000 0.588
11305.000 0.586
11310.000 0.587
11315.000 0.581
11320.000 0.581
11325.000 0.579
11330.000 0.578
11335.000 0.573
11340.000 0.573
11345.000 0.576
11350.000 0.575
11355.000 0.570
11360.000 0.575
11365.000 0.575
11370.000 0.571
11375.000 0.570
11380.000 0.565
11385.000 0.567
11390.000 0.563
11395.000 0.560
11400.000 0.560
11405.000 0.558
11410.000 0.557
11415.000 0.554
11420.000 0.551
11425.000 0.553
11430.000 0.549
11435.000 0.551
11440.000 0.552
11445.000 0.550
11450.000 0.553
11455.000 0.552
11460.000 0.550
11465.000 0.550
11470.000 0.550
11475.000 0.547
11480.000 0.542
11485.000 0.541
11490.000 0.539
11495.000 0.541
11500.000 0.538
11505.000 0.538
11510.000 0.536
11515.000 0.535
11520.000 0.535
11525.000 0.534
11530.000 0.537
11535.000 0.536
11540.000 0.535
11545.000 0.538
11550.000 0.532
11555.000 0.536
11560.000 0.531
11565.000 0.526
11570.000 0.527
11575.000 0.527
11580.000 0.522
11585.000 0.527
11590.000 0.524
11595.000 0.523
11600.000 0.522
11605.000 0.522
11610.000 0.524
11615.000 0.526
11620.000 0.523
11625.000 0.525
11630.000 0.525
11635.000 0.525
11640.000 0.521
11645.000 0.522
11650.000 0.518
11655.000 0.516
11660.000 0.515
11665.000 0.513
11670.000 0.517
11675.000 0.513
11680.000 0.512
11685.000 0.513
11690.000 0.510
11695.000 0.512
11700.000 0.516
11705.000 0.517
11710.000 0.512
11715.000 0.516
11720.000 0.517
11725.000 0.518
11730.000 0.514
11735.000 0.511
11740.000 0.511
11745.000 0.511
11750.000 0.504
11755.000 0.505
11760.000 0.507
11765.000 0.508
11770.000 0.503
11775.000 0.506
11780.000 0.505
11785.000 0.506
11790.000 0.506
11795.000 0.510
11800.000 0.507
11805.000 0.506
11810.000 0.510
11815.000 0.508
11820.000 0.508
11825.000 0.506
11830.000 0.503
11835.000 0.503
11840.000 0.502
11845.000 0.499
11850.000 0.498
11855.000 0.497
11860.000 0.500
11865.000 0.501
11870.000 0.503
11875.000 0.502
11880.000 0.503
11885.000 0.505
11890.000 0.503
11895.000 0.500
11900.000 0.503
11905.000 0.499
11910.000 0.499
11915.000 0.498
11920.000 0.497
11925.000 0.495
11930.000 0.493
11935.000 0.496
11940.000 0.494
11945.000 0.491
11950.000 0.496
11955.000 0.499
11960.000 0.497
11965.000 0.495
11970.000 0.501
11975.000 0.501
11980.000 0.501
11985.000 0.497
11990.000 0.496
11995.000 0.498
12000.000 0.494
