105.000 1.327
110.000 4.456
115.000 4.656
120.000 4.792
125.000 4.916
130.000 5.034
135.000 5.197
140.000 5.284
145.000 5.439
150.000 5.738
155.000 5.773
160.000 6.000
165.000 6.125
170.000 6.274
175.000 6.581
180.000 6.732
185.000 7.013
190.000 7.191
195.000 7.487
200.000 7.809
205.000 8.061
210.000 8.428
215.000 8.642
220.000 9.128
225.000 9.714
230.000 9.990
235.000 10.597
240.000 10.977
245.000 11.712
250.000 12.187
255.000 13.129
260.000 14.173
265.000 14.782
270.000 16.109
275.000 16.965
280.000 18.387
285.000 20.416
290.000 21.653
295.000 24.194
300.000 25.684
305.000 29.136
310.000 33.450
315.000 36.013
320.000 42.229
325.000 45.963
330.000 55.422
335.000 68.223
340.000 76.398
345.000 97.864
350.000 111.914
355.000 135.507
360.000 144.494
365.000 146.661
370.000 147.701
375.000 146.619
380.000 141.066
385.000 132.486
390.000 127.116
395.000 112.632
400.000 106.656
405.000 97.163
410.000 90.122
415.000 87.223
420.000 82.151
425.000 79.782
430.000 75.314
435.000 70.911
440.000 68.668
445.000 64.002
450.000 61.595
455.000 56.659
460.000 51.671
465.000 49.210
470.000 44.527
475.000 42.274
480.000 38.167
485.000 34.480
490.000 32.768
495.000 29.759
500.000 28.390
505.000 25.916
510.000 23.775
515.000 22.851
520.000 21.070
525.000 20.280
530.000 18.901
535.000 17.690
540.000 17.150
545.000 16.113
550.000 15.679
555.000 14.884
560.000 14.230
565.000 13.929
570.000 13.378
575.000 13.129
580.000 12.711
585.000 12.359
590.000 12.191
595.000 11.935
600.000 11.824
605.000 11.652
610.000 11.544
615.000 11.513
620.000 11.491
625.000 11.513
630.000 11.607
635.000 11.778
640.000 11.920
645.000 12.231
650.000 12.407
655.000 12.887
660.000 13.540
665.000 13.918
670.000 14.880
675.000 15.419
680.000 16.921
685.000 18.990
690.000 20.191
695.000 23.561
700.000 25.759
705.000 31.859
710.000 41.341
715.000 47.725
720.000 61.804
725.000 66.188
730.000 56.042
735.000 33.022
740.000 27.566
745.000 20.113
750.000 17.657
755.000 14.094
760.000 11.606
765.000 10.655
770.000 9.132
775.000 8.493
780.000 7.455
785.000 6.671
790.000 6.325
795.000 5.733
800.000 5.471
805.000 5.010
810.000 4.582
815.000 4.399
820.000 4.058
825.000 3.894
830.000 3.641
835.000 3.402
840.000 3.292
845.000 3.093
850.000 3.004
855.000 2.847
860.000 2.774
865.000 2.625
870.000 2.539
875.000 2.482
880.000 2.377
885.000 2.324
890.000 2.251
895.000 2.174
900.000 2.152
905.000 2.088
910.000 2.062
915.000 2.016
920.000 1.965
925.000 1.962
930.000 1.926
935.000 1.910
940.000 1.896
945.000 1.873
950.000 1.875
955.000 1.862
960.000 1.868
965.000 1.867
970.000 1.894
975.000 1.902
980.000 1.936
985.000 1.944
990.000 1.983
995.000 2.034
1000.000 2.066
1005.000 2.150
1010.000 2.205
1015.000 2.329
1020.000 2.490
1025.000 2.575
1030.000 2.817
1035.000 2.956
1040.000 3.306
1045.000 3.820
1050.000 4.145
1055.000 5.040
1060.000 5.639
1065.000 7.304
1070.000 9.500
1075.000 10.479
1080.000 10.477
1085.000 8.944
1090.000 5.744
1095.000 4.185
1100.000 3.668
1105.000 2.986
1110.000 2.708
1115.000 2.226
1120.000 2.049
1125.000 1.916
1130.000 1.737
1135.000 1.655
1140.000 1.519
1145.000 1.424
1150.000 1.386
1155.000 1.319
1160.000 1.291
1165.000 1.242
1170.000 1.208
1175.000 1.192
1180.000 1.165
1185.000 1.164
1190.000 1.151
1195.000 1.133
1200.000 1.133
1205.000 1.138
1210.000 1.127
1215.000 1.140
1220.000 1.146
1225.000 1.146
1230.000 1.157
1235.000 1.165
1240.000 1.185
1245.000 1.208
1250.000 1.226
1255.000 1.257
1260.000 1.276
1265.000 1.318
1270.000 1.362
1275.000 1.382
1280.000 1.440
1285.000 1.470
1290.000 1.527
1295.000 1.602
1300.000 1.646
1305.000 1.740
1310.000 1.785
1315.000 1.885
1320.000 2.014
1325.000 2.081
1330.000 2.231
1335.000 2.314
1340.000 2.508
1345.000 2.726
1350.000 2.851
1355.000 3.138
1360.000 3.301
1365.000 3.694
1370.000 4.157
1375.000 4.433
1380.000 5.118
1385.000 5.541
1390.000 6.568
1395.000 8.037
1400.000 8.982
1405.000 11.419
1410.000 13.092
1415.000 17.437
1420.000 22.202
1425.000 23.710
1430.000 21.645
1435.000 18.459
1440.000 13.249
1445.000 11.615
1450.000 9.405
1455.000 7.941
1460.000 7.392
1465.000 6.511
1470.000 6.173
1475.000 5.579
1480.000 5.118
1485.000 4.933
1490.000 4.588
1495.000 4.448
1500.000 4.202
1505.000 3.989
1510.000 3.896
1515.000 3.737
1520.000 3.672
1525.000 3.535
1530.000 3.428
1535.000 3.380
1540.000 3.283
1545.000 3.248
1550.000 3.176
1555.000 3.106
1560.000 3.078
1565.000 3.025
1570.000 3.000
1575.000 2.947
1580.000 2.900
1585.000 2.877
1590.000 2.840
1595.000 2.821
1600.000 2.782
1605.000 2.744
1610.000 2.725
1615.000 2.704
1620.000 2.687
1625.000 2.680
1630.000 2.695
1635.000 2.711
1640.000 2.766
1645.000 2.804
1650.000 2.980
1655.000 3.197
1660.000 3.333
1665.000 3.671
1670.000 3.859
1675.000 4.275
1680.000 4.779
1685.000 5.054
1690.000 5.648
1695.000 5.987
1700.000 6.753
1705.000 7.606
1710.000 8.111
1715.000 9.293
1720.000 9.965
1725.000 11.536
1730.000 13.660
1735.000 15.095
1740.000 18.276
1745.000 20.394
1750.000 25.511
1755.000 31.648
1760.000 34.852
1765.000 38.462
1770.000 37.708
1775.000 31.471
1780.000 24.553
1785.000 21.957
1790.000 18.005
1795.000 16.514
1800.000 14.182
1805.000 12.434
1810.000 11.738
1815.000 10.565
1820.000 10.094
1825.000 9.236
1830.000 8.555
1835.000 8.271
1840.000 7.746
1845.000 7.522
1850.000 7.134
1855.000 6.793
1860.000 6.647
1865.000 6.399
1870.000 6.288
1875.000 6.085
1880.000 5.916
1885.000 5.838
1890.000 5.711
1895.000 5.661
1900.000 5.574
1905.000 5.504
1910.000 5.471
1915.000 5.436
1920.000 5.425
1925.000 5.415
1930.000 5.417
1935.000 5.439
1940.000 5.463
1945.000 5.491
1950.000 5.557
1955.000 5.640
1960.000 5.682
1965.000 5.805
1970.000 5.866
1975.000 6.006
1980.000 6.201
1985.000 6.288
1990.000 6.517
1995.000 6.647
2000.000 6.930
2005.000 7.268
2010.000 7.443
2015.000 7.896
2020.000 8.129
2025.000 8.654
2030.000 9.328
2035.000 9.743
2040.000 10.573
2045.000 11.097
2050.000 12.241
2055.000 12.901
2060.000 14.427
2065.000 16.416
2070.000 17.540
2075.000 20.049
2080.000 21.561
2085.000 24.576
2090.000 27.116
2095.000 27.934
2100.000 27.766
2105.000 26.815
2110.000 23.591
2115.000 20.124
2120.000 18.637
2125.000 15.866
2130.000 14.741
2135.000 12.910
2140.000 11.367
2145.000 10.732
2150.000 9.686
2155.000 9.216
2160.000 8.393
2165.000 7.740
2170.000 7.442
2175.000 6.910
2180.000 6.685
2185.000 6.286
2190.000 5.924
2195.000 5.768
2200.000 5.492
2205.000 5.358
2210.000 5.132
2215.000 4.938
2220.000 4.842
2225.000 4.684
2230.000 4.619
2235.000 4.490
2240.000 4.382
2245.000 4.334
2250.000 4.257
2255.000 4.221
2260.000 4.172
2265.000 4.136
2270.000 4.125
2275.000 4.117
2280.000 4.117
2285.000 4.139
2290.000 4.188
2295.000 4.213
2300.000 4.297
2305.000 4.347
2310.000 4.478
2315.000 4.654
2320.000 4.763
2325.000 5.024
2330.000 5.210
2335.000 5.620
2340.000 5.873
2345.000 6.489
2350.000 7.373
2355.000 7.928
2360.000 9.283
2365.000 10.191
2370.000 12.069
2375.000 13.305
2380.000 13.139
2385.000 10.695
2390.000 9.112
2395.000 6.489
2400.000 4.878
2405.000 4.331
2410.000 3.405
2415.000 3.057
2420.000 2.531
2425.000 2.100
2430.000 1.928
2435.000 1.655
2440.000 1.529
2445.000 1.320
2450.000 1.157
2455.000 1.085
2460.000 0.956
2465.000 0.901
2470.000 0.811
2475.000 0.726
2480.000 0.695
2485.000 0.632
2490.000 0.608
2495.000 0.560
2500.000 0.527
2505.000 0.506
2510.000 0.477
2515.000 0.468
2520.000 0.444
2525.000 0.430
2530.000 0.421
2535.000 0.413
2540.000 0.399
2545.000 0.397
2550.000 0.388
2555.000 0.394
2560.000 0.390
2565.000 0.384
2570.000 0.381
2575.000 0.380
2580.000 0.380
2585.000 0.380
2590.000 0.381
2595.000 0.383
2600.000 0.380
2605.000 0.385
2610.000 0.385
2615.000 0.386
2620.000 0.387
2625.000 0.387
2630.000 0.390
2635.000 0.397
2640.000 0.393
2645.000 0.398
2650.000 0.399
2655.000 0.398
2660.000 0.402
2665.000 0.399
2670.000 0.399
2675.000 0.402
2680.000 0.403
2685.000 0.405
2690.000 0.402
2695.000 0.409
2700.000 0.407
2705.000 0.408
2710.000 0.413
2715.000 0.411
2720.000 0.415
2725.000 0.413
2730.000 0.418
2735.000 0.416
2740.000 0.420
2745.000 0.418
2750.000 0.424
2755.000 0.421
2760.000 0.420
2765.000 0.423
2770.000 0.422
2775.000 0.427
2780.000 0.421
2785.000 0.425
2790.000 0.426
2795.000 0.424
2800.000 0.429
2805.000 0.428
2810.000 0.431
2815.000 0.425
2820.000 0.430
2825.000 0.431
2830.000 0.431
2835.000 0.433
2840.000 0.428
2845.000 0.435
2850.000 0.430
2855.000 0.429
2860.000 0.434
2865.000 0.434
2870.000 0.434
2875.000 0.434
2880.000 0.432
2885.000 0.435
2890.000 0.435
2895.000 0.437
2900.000 0.437
2905.000 0.439
2910.000 0.437
2915.000 0.441
2920.000 0.443
2925.000 0.445
2930.000 0.440
2935.000 0.437
2940.000 0.440
2945.000 0.438
2950.000 0.443
2955.000 0.437
2960.000 0.439
2965.000 0.434
2970.000 0.449
2975.000 0.449
2980.000 0.441
2985.000 0.446
2990.000 0.440
2995.000 0.442
3000.000 0.441
3005.000 0.454
3010.000 0.445
3015.000 0.442
3020.000 0.445
3025.000 0.456
3030.000 0.448
3035.000 0.455
3040.000 0.457
3045.000 0.446
3050.000 0.445
3055.000 0.446
3060.000 0.456
3065.000 0.453
3070.000 0.452
3075.000 0.454
3080.000 0.453
3085.000 0.459
3090.000 0.457
3095.000 0.462
3100.000 0.467
3105.000 0.464
3110.000 0.469
3115.000 0.469
3120.000 0.470
3125.000 0.470
3130.000 0.473
3135.000 0.476
3140.000 0.480
3145.000 0.488
3150.000 0.489
3155.000 0.496
3160.000 0.506
3165.000 0.508
3170.000 0.519
3175.000 0.527
3180.000 0.537
3185.000 0.556
3190.000 0.564
3195.000 0.582
3200.000 0.588
3205.000 0.613
3210.000 0.640
3215.000 0.653
3220.000 0.689
3225.000 0.710
3230.000 0.751
3235.000 0.807
3240.000 0.832
3245.000 0.896
3250.000 0.931
3255.000 1.019
3260.000 1.119
3265.000 1.179
3270.000 1.311
3275.000 1.386
3280.000 1.573
3285.000 1.796
3290.000 1.918
3295.000 2.249
3300.000 2.444
3305.000 2.897
3310.000 3.573
3315.000 3.974
3320.000 5.027
3325.000 5.676
3330.000 7.610
3335.000 10.204
3340.000 11.687
3345.000 14.545
3350.000 15.007
3355.000 13.188
3360.000 10.227
3365.000 9.240
3370.000 7.886
3375.000 7.335
3380.000 6.610
3385.000 6.137
3390.000 5.938
3395.000 5.687
3400.000 5.602
3405.000 5.500
3410.000 5.489
3415.000 5.506
3420.000 5.613
3425.000 5.698
3430.000 5.931
3435.000 6.263
3440.000 6.473
3445.000 7.011
3450.000 7.315
3455.000 8.198
3460.000 9.348
3465.000 9.998
3470.000 11.932
3475.000 13.066
3480.000 15.631
3485.000 18.290
3490.000 18.993
3495.000 18.041
3500.000 16.433
3505.000 12.615
3510.000 10.023
3515.000 8.996
3520.000 7.316
3525.000 6.737
3530.000 5.845
3535.000 5.447
3540.000 4.842
3545.000 4.389
3550.000 4.173
3555.000 3.839
3560.000 3.709
3565.000 3.455
3570.000 3.255
3575.000 3.180
3580.000 3.021
3585.000 2.959
3590.000 2.859
3595.000 2.768
3600.000 2.733
3605.000 2.673
3610.000 2.647
3615.000 2.614
3620.000 2.596
3625.000 2.588
3630.000 2.588
3635.000 2.594
3640.000 2.617
3645.000 2.659
3650.000 2.680
3655.000 2.741
3660.000 2.781
3665.000 2.873
3670.000 2.983
3675.000 3.056
3680.000 3.210
3685.000 3.296
3690.000 3.514
3695.000 3.783
3700.000 3.937
3705.000 4.317
3710.000 4.534
3715.000 5.057
3720.000 5.783
3725.000 6.213
3730.000 7.304
3735.000 7.923
3740.000 9.713
3745.000 11.868
3750.000 12.914
3755.000 14.634
3760.000 14.694
3765.000 12.914
3770.000 10.013
3775.000 8.876
3780.000 7.229
3785.000 6.512
3790.000 5.497
3795.000 4.785
3800.000 4.462
3805.000 3.971
3810.000 3.768
3815.000 3.404
3820.000 3.127
3825.000 3.013
3830.000 2.808
3835.000 2.712
3840.000 2.563
3845.000 2.429
3850.000 2.369
3855.000 2.268
3860.000 2.220
3865.000 2.138
3870.000 2.073
3875.000 2.046
3880.000 1.992
3885.000 1.966
3890.000 1.931
3895.000 1.896
3900.000 1.882
3905.000 1.862
3910.000 1.854
3915.000 1.842
3920.000 1.838
3925.000 1.834
3930.000 1.841
3935.000 1.844
3940.000 1.863
3945.000 1.887
3950.000 1.897
3955.000 1.938
3960.000 1.961
3965.000 2.018
3970.000 2.076
3975.000 2.117
3980.000 2.208
3985.000 2.246
3990.000 2.371
3995.000 2.507
4000.000 2.585
4005.000 2.802
4010.000 2.916
4015.000 3.179
4020.000 3.560
4025.000 3.797
4030.000 4.332
4035.000 4.653
4040.000 5.576
4045.000 6.730
4050.000 7.339
4055.000 8.665
4060.000 9.044
4065.000 8.756
4070.000 7.021
4075.000 6.145
4080.000 4.855
4085.000 4.302
4090.000 3.535
4095.000 3.011
4100.000 2.767
4105.000 2.425
4110.000 2.278
4115.000 2.028
4120.000 1.932
4125.000 1.766
4130.000 1.626
4135.000 1.565
4140.000 1.467
4145.000 1.423
4150.000 1.341
4155.000 1.275
4160.000 1.248
4165.000 1.198
4170.000 1.175
4175.000 1.140
4180.000 1.108
4185.000 1.096
4190.000 1.072
4195.000 1.059
4200.000 1.048
4205.000 1.029
4210.000 1.018
4215.000 1.008
4220.000 1.001
4225.000 0.991
4230.000 0.982
4235.000 0.979
4240.000 0.984
4245.000 0.983
4250.000 0.988
4255.000 0.998
4260.000 1.009
4265.000 1.028
4270.000 1.042
4275.000 1.078
4280.000 1.118
4285.000 1.140
4290.000 1.204
4295.000 1.238
4300.000 1.317
4305.000 1.419
4310.000 1.485
4315.000 1.614
4320.000 1.707
4325.000 1.922
4330.000 2.176
4335.000 2.346
4340.000 2.783
4345.000 3.044
4350.000 3.677
4355.000 4.589
4360.000 5.079
4365.000 5.928
4370.000 6.171
4375.000 5.809
4380.000 4.786
4385.000 4.212
4390.000 3.423
4395.000 3.153
4400.000 2.668
4405.000 2.332
4410.000 2.206
4415.000 1.977
4420.000 1.887
4425.000 1.750
4430.000 1.619
4435.000 1.569
4440.000 1.488
4445.000 1.448
4450.000 1.378
4455.000 1.326
4460.000 1.300
4465.000 1.257
4470.000 1.239
4475.000 1.204
4480.000 1.183
4485.000 1.171
4490.000 1.153
4495.000 1.144
4500.000 1.134
4505.000 1.126
4510.000 1.123
4515.000 1.116
4520.000 1.114
4525.000 1.117
4530.000 1.120
4535.000 1.124
4540.000 1.128
4545.000 1.133
4550.000 1.147
4555.000 1.166
4560.000 1.177
4565.000 1.199
4570.000 1.215
4575.000 1.249
4580.000 1.290
4585.000 1.312
4590.000 1.367
4595.000 1.395
4600.000 1.465
4605.000 1.556
4610.000 1.605
4615.000 1.712
4620.000 1.793
4625.000 1.955
4630.000 2.154
4635.000 2.296
4640.000 2.622
4645.000 2.815
4650.000 3.194
4655.000 3.731
4660.000 3.950
4665.000 4.094
4670.000 3.914
4675.000 3.144
4680.000 2.351
4685.000 2.013
4690.000 1.544
4695.000 1.384
4700.000 1.086
4705.000 0.884
4710.000 0.802
4715.000 0.664
4720.000 0.607
4725.000 0.528
4730.000 0.489
4735.000 0.422
4740.000 0.370
4745.000 0.348
4750.000 0.311
4755.000 0.292
4760.000 0.265
4765.000 0.240
4770.000 0.228
4775.000 0.211
4780.000 0.202
4785.000 0.187
4790.000 0.175
4795.000 0.170
4800.000 0.159
4805.000 0.154
4810.000 0.149
4815.000 0.146
4820.000 0.149
4825.000 0.157
4830.000 0.163
4835.000 0.181
4840.000 0.210
4845.000 0.227
4850.000 0.272
4855.000 0.295
4860.000 0.358
4865.000 0.433
4870.000 0.475
4875.000 0.587
4880.000 0.653
4885.000 0.799
4890.000 1.001
4895.000 1.124
4900.000 1.409
4905.000 1.618
4910.000 2.087
4915.000 2.673
4920.000 3.089
4925.000 3.876
4930.000 4.184
4935.000 4.434
4940.000 4.017
4945.000 3.721
4950.000 3.159
4955.000 2.946
4960.000 2.598
4965.000 2.331
4970.000 2.237
4975.000 2.072
4980.000 1.998
4985.000 1.860
4990.000 1.767
4995.000 1.731
5000.000 1.650
5005.000 1.613
5010.000 1.569
5015.000 1.525
5020.000 1.509
5025.000 1.487
5030.000 1.463
5035.000 1.460
5040.000 1.448
5045.000 1.442
5050.000 1.452
5055.000 1.448
5060.000 1.470
5065.000 1.486
5070.000 1.499
5075.000 1.546
5080.000 1.569
5085.000 1.628
5090.000 1.716
5095.000 1.767
5100.000 1.887
5105.000 1.956
5110.000 2.144
5115.000 2.355
5120.000 2.438
5125.000 2.551
5130.000 2.504
5135.000 2.157
5140.000 1.519
5145.000 1.248
5150.000 0.863
5155.000 0.691
5160.000 0.472
5165.000 0.341
5170.000 0.293
5175.000 0.239
5180.000 0.232
5185.000 0.234
5190.000 0.253
5195.000 0.260
5200.000 0.286
5205.000 0.298
5210.000 0.318
5215.000 0.343
5220.000 0.351
5225.000 0.365
5230.000 0.376
5235.000 0.388
5240.000 0.400
5245.000 0.401
5250.000 0.410
5255.000 0.414
5260.000 0.422
5265.000 0.425
5270.000 0.431
5275.000 0.435
5280.000 0.439
5285.000 0.441
5290.000 0.444
5295.000 0.453
5300.000 0.450
5305.000 0.456
5310.000 0.463
5315.000 0.465
5320.000 0.463
5325.000 0.468
5330.000 0.468
5335.000 0.469
5340.000 0.471
5345.000 0.470
5350.000 0.472
5355.000 0.468
5360.000 0.471
5365.000 0.472
5370.000 0.469
5375.000 0.472
5380.000 0.472
5385.000 0.475
5390.000 0.479
5395.000 0.481
5400.000 0.477
5405.000 0.481
5410.000 0.481
5415.000 0.482
5420.000 0.480
5425.000 0.481
5430.000 0.483
5435.000 0.475
5440.000 0.475
5445.000 0.477
5450.000 0.477
5455.000 0.476
5460.000 0.476
5465.000 0.478
5470.000 0.482
5475.000 0.479
5480.000 0.481
5485.000 0.482
5490.000 0.480
5495.000 0.482
5500.000 0.485
5505.000 0.485
5510.000 0.484
5515.000 0.481
5520.000 0.485
5525.000 0.480
5530.000 0.478
5535.000 0.478
5540.000 0.481
5545.000 0.478
5550.000 0.481
5555.000 0.481
5560.000 0.486
5565.000 0.485
5570.000 0.486
5575.000 0.491
5580.000 0.489
5585.000 0.489
5590.000 0.490
5595.000 0.489
5600.000 0.485
5605.000 0.490
5610.000 0.481
5615.000 0.484
5620.000 0.484
5625.000 0.480
5630.000 0.479
5635.000 0.483
5640.000 0.484
5645.000 0.482
5650.000 0.481
5655.000 0.485
5660.000 0.485
5665.000 0.489
5670.000 0.490
5675.000 0.491
5680.000 0.487
5685.000 0.490
5690.000 0.487
5695.000 0.488
5700.000 0.485
5705.000 0.481
5710.000 0.481
5715.000 0.481
5720.000 0.483
5725.000 0.483
5730.000 0.480
5735.000 0.481
5740.000 0.482
5745.000 0.486
5750.000 0.486
5755.000 0.490
5760.000 0.489
5765.000 0.491
5770.000 0.492
5775.000 0.489
5780.000 0.488
5785.000 0.484
5790.000 0.486
5795.000 0.484
5800.000 0.480
5805.000 0.480
5810.000 0.483
5815.000 0.484
5820.000 0.481
5825.000 0.486
5830.000 0.486
5835.000 0.484
5840.000 0.491
5845.000 0.490
5850.000 0.493
5855.000 0.491
5860.000 0.488
5865.000 0.487
5870.000 0.487
5875.000 0.480
5880.000 0.487
5885.000 0.486
5890.000 0.483
5895.000 0.481
5900.000 0.483
5905.000 0.484
5910.000 0.484
5915.000 0.488
5920.000 0.485
5925.000 0.487
5930.000 0.488
5935.000 0.485
5940.000 0.489
5945.000 0.490
5950.000 0.488
5955.000 0.486
5960.000 0.484
5965.000 0.493
5970.000 0.481
5975.000 0.485
5980.000 0.490
5985.000 0.477
5990.000 0.483
5995.000 0.480
6000.000 0.491
6005.000 0.493
6010.000 0.493
6015.000 0.482
6020.000 0.495
6025.000 0.485
6030.000 0.492
6035.000 0.489
6040.000 0.495
6045.000 0.487
6050.000 0.481
6055.000 0.484
6060.000 0.483
6065.000 0.477
6070.000 0.479
6075.000 0.479
6080.000 0.482
6085.000 0.480
6090.000 0.477
6095.000 0.483
6100.000 0.488
6105.000 0.488
6110.000 0.489
6115.000 0.486
6120.000 0.488
6125.000 0.487
6130.000 0.484
6135.000 0.486
6140.000 0.486
6145.000 0.483
6150.000 0.481
6155.000 0.479
6160.000 0.479
6165.000 0.475
6170.000 0.476
6175.000 0.480
6180.000 0.479
6185.000 0.480
6190.000 0.483
6195.000 0.486
6200.000 0.486
6205.000 0.490
6210.000 0.486
6215.000 0.487
6220.000 0.489
6225.000 0.486
6230.000 0.487
6235.000 0.484
6240.000 0.484
6245.000 0.484
6250.000 0.485
6255.000 0.480
6260.000 0.483
6265.000 0.484
6270.000 0.492
6275.000 0.487
6280.000 0.492
6285.000 0.492
6290.000 0.494
6295.000 0.499
6300.000 0.502
6305.000 0.501
6310.000 0.492
6315.000 0.497
6320.000 0.492
6325.000 0.494
6330.000 0.490
6335.000 0.491
6340.000 0.492
6345.000 0.491
6350.000 0.490
6355.000 0.491
6360.000 0.492
6365.000 0.495
6370.000 0.493
6375.000 0.497
6380.000 0.499
6385.000 0.502
6390.000 0.499
6395.000 0.500
6400.000 0.497
6405.000 0.498
6410.000 0.498
6415.000 0.498
6420.000 0.502
6425.000 0.496
6430.000 0.501
6435.000 0.500
6440.000 0.501
6445.000 0.499
6450.000 0.505
6455.000 0.509
6460.000 0.513
6465.000 0.514
6470.000 0.517
6475.000 0.518
6480.000 0.523
6485.000 0.520
6490.000 0.519
6495.000 0.526
6500.000 0.526
6505.000 0.527
6510.000 0.524
6515.000 0.533
6520.000 0.538
6525.000 0.544
6530.000 0.547
6535.000 0.555
6540.000 0.566
6545.000 0.575
6550.000 0.585
6555.000 0.602
6560.000 0.607
6565.000 0.627
6570.000 0.654
6575.000 0.667
6580.000 0.694
6585.000 0.715
6590.000 0.757
6595.000 0.807
6600.000 0.843
6605.000 0.927
6610.000 0.970
6615.000 1.102
6620.000 1.267
6625.000 1.347
6630.000 1.643
6635.000 1.812
6640.000 2.236
6645.000 2.889
6650.000 3.294
6655.000 4.193
6660.000 4.630
6665.000 5.292
6670.000 5.001
6675.000 4.694
6680.000 3.967
6685.000 3.723
6690.000 3.399
6695.000 3.182
6700.000 3.126
6705.000 3.091
6710.000 3.108
6715.000 3.194
6720.000 3.353
6725.000 3.502
6730.000 3.841
6735.000 4.059
6740.000 4.651
6745.000 5.452
6750.000 5.910
6755.000 7.113
6760.000 7.747
6765.000 8.708
6770.000 8.699
6775.000 8.185
6780.000 6.810
6785.000 6.275
6790.000 5.110
6795.000 4.724
6800.000 4.163
6805.000 3.689
6810.000 3.517
6815.000 3.262
6820.000 3.133
6825.000 2.957
6830.000 2.836
6835.000 2.778
6840.000 2.700
6845.000 2.671
6850.000 2.633
6855.000 2.615
6860.000 2.615
6865.000 2.635
6870.000 2.654
6875.000 2.703
6880.000 2.785
6885.000 2.835
6890.000 2.958
6895.000 3.021
6900.000 3.220
6905.000 3.433
6910.000 3.570
6915.000 3.934
6920.000 4.138
6925.000 4.596
6930.000 5.299
6935.000 5.703
6940.000 6.576
6945.000 7.180
6950.000 8.418
6955.000 9.287
6960.000 9.454
6965.000 8.806
6970.000 8.105
6975.000 6.643
6980.000 5.399
6985.000 4.920
6990.000 4.167
6995.000 3.842
7000.000 3.377
7005.000 2.984
7010.000 2.829
7015.000 2.557
7020.000 2.473
7025.000 2.267
7030.000 2.105
7035.000 2.055
7040.000 1.933
7045.000 1.880
7050.000 1.814
7055.000 1.746
7060.000 1.709
7065.000 1.671
7070.000 1.652
7075.000 1.620
7080.000 1.609
7085.000 1.594
7090.000 1.598
7095.000 1.600
7100.000 1.613
7105.000 1.635
7110.000 1.654
7115.000 1.700
7120.000 1.727
7125.000 1.800
7130.000 1.891
7135.000 1.944
7140.000 2.071
7145.000 2.140
7150.000 2.337
7155.000 2.575
7160.000 2.692
7165.000 3.064
7170.000 3.274
7175.000 3.732
7180.000 4.452
7185.000 4.846
7190.000 5.642
7195.000 6.116
7200.000 6.766
7205.000 6.712
7210.000 6.392
7215.000 5.391
7220.000 4.927
7225.000 4.190
7230.000 3.561
7235.000 3.331
7240.000 2.941
7245.000 2.792
7250.000 2.538
7255.000 2.335
7260.000 2.255
7265.000 2.110
7270.000 2.062
7275.000 1.949
7280.000 1.865
7285.000 1.835
7290.000 1.766
7295.000 1.744
7300.000 1.698
7305.000 1.657
7310.000 1.645
7315.000 1.622
7320.000 1.614
7325.000 1.603
7330.000 1.600
7335.000 1.601
7340.000 1.611
7345.000 1.617
7350.000 1.641
7355.000 1.664
7360.000 1.680
7365.000 1.720
7370.000 1.748
7375.000 1.799
7380.000 1.866
7385.000 1.912
7390.000 2.006
7395.000 2.049
7400.000 2.188
7405.000 2.262
7410.000 2.424
7415.000 2.668
7420.000 2.805
7425.000 3.093
7430.000 3.317
7435.000 3.783
7440.000 4.298
7445.000 4.642
7450.000 5.325
7455.000 5.588
7460.000 5.780
7465.000 5.339
7470.000 4.940
7475.000 4.108
7480.000 3.679
7485.000 3.045
7490.000 2.586
7495.000 2.378
7500.000 2.060
7505.000 1.962
7510.000 1.720
7515.000 1.550
7520.000 1.492
7525.000 1.351
7530.000 1.299
7535.000 1.213
7540.000 1.125
7545.000 1.090
7550.000 1.037
7555.000 1.007
7560.000 0.958
7565.000 0.925
7570.000 0.907
7575.000 0.880
7580.000 0.868
7585.000 0.853
7590.000 0.843
7595.000 0.833
7600.000 0.828
7605.000 0.830
7610.000 0.828
7615.000 0.831
7620.000 0.838
7625.000 0.854
7630.000 0.860
7635.000 0.885
7640.000 0.925
7645.000 0.945
7650.000 1.003
7655.000 1.042
7660.000 1.124
7665.000 1.246
7670.000 1.318
7675.000 1.463
7680.000 1.588
7685.000 1.871
7690.000 2.165
7695.000 2.365
7700.000 2.777
7705.000 2.953
7710.000 3.136
7715.000 3.015
7720.000 2.856
7725.000 2.524
7730.000 2.318
7735.000 2.021
7740.000 1.801
7745.000 1.702
7750.000 1.550
7755.000 1.498
7760.000 1.381
7765.000 1.304
7770.000 1.271
7775.000 1.210
7780.000 1.186
7785.000 1.150
7790.000 1.118
7795.000 1.105
7800.000 1.085
7805.000 1.078
7810.000 1.066
7815.000 1.052
7820.000 1.048
7825.000 1.047
7830.000 1.050
7835.000 1.048
7840.000 1.058
7845.000 1.068
7850.000 1.085
7855.000 1.093
7860.000 1.123
7865.000 1.160
7870.000 1.192
7875.000 1.244
7880.000 1.272
7885.000 1.364
7890.000 1.464
7895.000 1.509
7900.000 1.666
7905.000 1.751
7910.000 1.920
7915.000 2.126
7920.000 2.211
7925.000 2.268
7930.000 2.226
7935.000 1.962
7940.000 1.644
7945.000 1.474
7950.000 1.178
7955.000 1.064
7960.000 0.905
7965.000 0.769
7970.000 0.713
7975.000 0.626
7980.000 0.593
7985.000 0.549
7990.000 0.524
7995.000 0.491
8000.000 0.465
8005.000 0.457
8010.000 0.443
8015.000 0.444
8020.000 0.446
8025.000 0.435
8030.000 0.404
8035.000 0.381
8040.000 0.363
8045.000 0.297
8050.000 0.221
8055.000 0.168
8060.000 0.100
8065.000 0.116
8070.000 0.155
8075.000 0.147
8080.000 0.133
8085.000 0.150
8090.000 0.190
8095.000 0.265
8100.000 0.334
8105.000 0.378
8110.000 0.440
8115.000 0.450
8120.000 0.471
8125.000 0.488
8130.000 0.492
8135.000 0.511
8140.000 0.511
8145.000 0.513
8150.000 0.516
8155.000 0.514
8160.000 0.510
8165.000 0.508
8170.000 0.502
8175.000 0.497
8180.000 0.493
8185.000 0.493
8190.000 0.488
8195.000 0.483
8200.000 0.488
8205.000 0.489
8210.000 0.493
8215.000 0.491
8220.000 0.490
8225.000 0.496
8230.000 0.494
8235.000 0.493
8240.000 0.493
8245.000 0.497
8250.000 0.494
8255.000 0.496
8260.000 0.489
8265.000 0.490
8270.000 0.488
8275.000 0.485
8280.000 0.485
8285.000 0.480
8290.000 0.482
8295.000 0.483
8300.000 0.481
8305.000 0.487
8310.000 0.487
8315.000 0.488
8320.000 0.493
8325.000 0.492
8330.000 0.494
8335.000 0.489
8340.000 0.494
8345.000 0.491
8350.000 0.486
8355.000 0.487
8360.000 0.485
8365.000 0.481
8370.000 0.477
8375.000 0.480
8380.000 0.476
8385.000 0.480
8390.000 0.481
8395.000 0.482
8400.000 0.488
8405.000 0.484
8410.000 0.485
8415.000 0.488
8420.000 0.491
8425.000 0.490
8430.000 0.489
8435.000 0.485
8440.000 0.486
8445.000 0.480
8450.000 0.482
8455.000 0.481
8460.000 0.477
8465.000 0.476
8470.000 0.478
8475.000 0.482
8480.000 0.482
8485.000 0.478
8490.000 0.484
8495.000 0.483
8500.000 0.486
8505.000 0.485
8510.000 0.489
8515.000 0.490
8520.000 0.485
8525.000 0.484
8530.000 0.485
8535.000 0.479
8540.000 0.476
8545.000 0.477
8550.000 0.474
8555.000 0.474
8560.000 0.474
8565.000 0.475
8570.000 0.481
8575.000 0.480
8580.000 0.479
8585.000 0.485
8590.000 0.489
8595.000 0.489
8600.000 0.484
8605.000 0.487
8610.000 0.486
8615.000 0.481
8620.000 0.478
8625.000 0.480
8630.000 0.478
8635.000 0.473
8640.000 0.474
8645.000 0.474
8650.000 0.477
8655.000 0.472
8660.000 0.479
8665.000 0.484
8670.000 0.482
8675.000 0.483
8680.000 0.486
8685.000 0.488
8690.000 0.486
8695.000 0.485
8700.000 0.483
8705.000 0.483
8710.000 0.478
8715.000 0.477
8720.000 0.476
8725.000 0.474
8730.000 0.473
8735.000 0.474
8740.000 0.472
8745.000 0.482
8750.000 0.478
8755.000 0.480
8760.000 0.486
8765.000 0.485
8770.000 0.485
8775.000 0.486
8780.000 0.484
8785.000 0.482
8790.000 0.482
8795.000 0.481
8800.000 0.481
8805.000 0.474
8810.000 0.473
8815.000 0.463
8820.000 0.482
8825.000 0.462
8830.000 0.490
8835.000 0.477
8840.000 0.480
8845.000 0.477
8850.000 0.478
8855.000 0.485
8860.000 0.483
8865.000 0.483
8870.000 0.482
8875.000 0.481
8880.000 0.475
8885.000 0.474
8890.000 0.474
8895.000 0.475
8900.000 0.471
8905.000 0.472
8910.000 0.471
8915.000 0.473
8920.000 0.475
8925.000 0.476
8930.000 0.482
8935.000 0.482
8940.000 0.486
8945.000 0.489
8950.000 0.487
8955.000 0.489
8960.000 0.486
8965.000 0.487
8970.000 0.478
8975.000 0.478
8980.000 0.478
8985.000 0.467
8990.000 0.476
8995.000 0.472
9000.000 0.474
9005.000 0.475
9010.000 0.480
9015.000 0.472
9020.000 0.483
9025.000 0.476
9030.000 0.480
9035.000 0.481
9040.000 0.480
9045.000 0.482
9050.000 0.478
9055.000 0.472
9060.000 0.478
9065.000 0.478
9070.000 0.470
9075.000 0.468
9080.000 0.473
9085.000 0.470
9090.000 0.471
9095.000 0.474
9100.000 0.478
9105.000 0.480
9110.000 0.480
9115.000 0.486
9120.000 0.485
9125.000 0.486
9130.000 0.484
9135.000 0.483
9140.000 0.483
9145.000 0.479
9150.000 0.473
9155.000 0.475
9160.000 0.471
9165.000 0.469
9170.000 0.471
9175.000 0.464
9180.000 0.469
9185.000 0.470
9190.000 0.469
9195.000 0.474
9200.000 0.477
9205.000 0.479
9210.000 0.482
9215.000 0.482
9220.000 0.484
9225.000 0.482
9230.000 0.479
9235.000 0.480
9240.000 0.475
9245.000 0.473
9250.000 0.473
9255.000 0.472
9260.000 0.470
9265.000 0.469
9270.000 0.473
9275.000 0.475
9280.000 0.473
9285.000 0.475
9290.000 0.479
9295.000 0.475
9300.000 0.481
9305.000 0.482
9310.000 0.481
9315.000 0.482
9320.000 0.476
9325.000 0.476
9330.000 0.477
9335.000 0.469
9340.000 0.470
9345.000 0.467
9350.000 0.467
9355.000 0.469
9360.000 0.468
9365.000 0.473
9370.000 0.475
9375.000 0.477
9380.000 0.482
9385.000 0.478
9390.000 0.480
9395.000 0.481
9400.000 0.479
9405.000 0.479
9410.000 0.478
9415.000 0.472
9420.000 0.471
9425.000 0.471
9430.000 0.465
9435.000 0.466
9440.000 0.468
9445.000 0.470
9450.000 0.466
9455.000 0.472
9460.000 0.476
9465.000 0.474
9470.000 0.478
9475.000 0.480
9480.000 0.480
9485.000 0.480
9490.000 0.479
9495.000 0.474
9500.000 0.477
9505.000 0.471
9510.000 0.469
9515.000 0.468
9520.000 0.469
9525.000 0.466
9530.000 0.469
9535.000 0.471
9540.000 0.472
9545.000 0.472
9550.000 0.476
9555.000 0.477
9560.000 0.475
9565.000 0.481
9570.000 0.482
9575.000 0.479
9580.000 0.479
9585.000 0.475
9590.000 0.470
9595.000 0.473
9600.000 0.467
9605.000 0.469
9610.000 0.467
9615.000 0.467
9620.000 0.470
9625.000 0.470
9630.000 0.472
9635.000 0.475
9640.000 0.474
9645.000 0.476
9650.000 0.482
9655.000 0.481
9660.000 0.482
9665.000 0.478
9670.000 0.479
9675.000 0.480
9680.000 0.474
9685.000 0.472
9690.000 0.473
9695.000 0.469
9700.000 0.468
9705.000 0.470
9710.000 0.472
9715.000 0.474
9720.000 0.473
9725.000 0.481
9730.000 0.484
9735.000 0.485
9740.000 0.489
9745.000 0.489
9750.000 0.487
9755.000 0.485
9760.000 0.485
9765.000 0.486
9770.000 0.489
9775.000 0.481
9780.000 0.482
9785.000 0.484
9790.000 0.482
9795.000 0.486
9800.000 0.491
9805.000 0.504
9810.000 0.495
9815.000 0.505
9820.000 0.510
9825.000 0.514
9830.000 0.520
9835.000 0.523
9840.000 0.527
9845.000 0.532
9850.000 0.535
9855.000 0.546
9860.000 0.553
9865.000 0.561
9870.000 0.572
9875.000 0.589
9880.000 0.612
9885.000 0.631
9890.000 0.670
9895.000 0.683
9900.000 0.747
9905.000 0.820
9910.000 0.857
9915.000 0.956
9920.000 1.011
9925.000 1.101
9930.000 1.106
9935.000 1.063
9940.000 0.903
9945.000 0.816
9950.000 0.629
9955.000 0.519
9960.000 0.498
9965.000 0.445
9970.000 0.441
9975.000 0.442
9980.000 0.473
9985.000 0.502
9990.000 0.561
9995.000 0.635
10000.000 0.767
10005.000 0.928
10010.000 1.080
10015.000 1.381
10020.000 1.517
10025.000 1.943
10030.000 2.314
10035.000 2.418
10040.000 2.485
10045.000 2.412
10050.000 2.212
10055.000 1.980
10060.000 1.882
10065.000 1.750
10070.000 1.691
10075.000 1.578
10080.000 1.538
10085.000 1.489
10090.000 1.437
10095.000 1.432
10100.000 1.414
10105.000 1.404
10110.000 1.401
10115.000 1.398
10120.000 1.403
10125.000 1.429
10130.000 1.436
10135.000 1.479
10140.000 1.530
10145.000 1.556
10150.000 1.643
10155.000 1.690
10160.000 1.787
10165.000 1.953
10170.000 2.035
10175.000 2.204
10180.000 2.320
10185.000 2.595
10190.000 2.816
10195.000 2.896
10200.000 2.966
10205.000 2.892
10210.000 2.616
10215.000 2.126
10220.000 1.915
10225.000 1.597
10230.000 1.409
10235.000 1.164
10240.000 0.998
10245.000 0.901
10250.000 0.774
10255.000 0.729
10260.000 0.628
10265.000 0.556
10270.000 0.531
10275.000 0.472
10280.000 0.452
10285.000 0.420
10290.000 0.395
10295.000 0.385
10300.000 0.371
10305.000 0.370
10310.000 0.366
10315.000 0.367
10320.000 0.373
10325.000 0.388
10330.000 0.400
10335.000 0.416
10340.000 0.457
10345.000 0.478
10350.000 0.517
10355.000 0.563
10360.000 0.639
10365.000 0.729
10370.000 0.801
10375.000 0.942
10380.000 1.008
10385.000 1.236
10390.000 1.494
10395.000 1.603
10400.000 1.966
10405.000 2.127
10410.000 2.377
10415.000 2.535
10420.000 2.526
10425.000 2.404
10430.000 2.311
10435.000 2.071
10440.000 1.905
10445.000 1.826
10450.000 1.663
10455.000 1.603
10460.000 1.508
10465.000 1.423
10470.000 1.391
10475.000 1.329
10480.000 1.299
10485.000 1.256
10490.000 1.221
10495.000 1.208
10500.000 1.183
10505.000 1.178
10510.000 1.162
10515.000 1.152
10520.000 1.152
10525.000 1.148
10530.000 1.148
10535.000 1.151
10540.000 1.158
10545.000 1.163
10550.000 1.170
10555.000 1.179
10560.000 1.197
10565.000 1.217
10570.000 1.239
10575.000 1.273
10580.000 1.296
10585.000 1.344
10590.000 1.412
10595.000 1.451
10600.000 1.531
10605.000 1.588
10610.000 1.688
10615.000 1.785
10620.000 1.846
10625.000 1.938
10630.000 1.969
10635.000 2.014
10640.000 1.970
10645.000 1.916
10650.000 1.651
10655.000 1.513
10660.000 1.270
10665.000 1.115
10670.000 0.885
10675.000 0.735
10680.000 0.645
10685.000 0.524
10690.000 0.478
10695.000 0.382
10700.000 0.316
10705.000 0.287
10710.000 0.227
10715.000 0.206
10720.000 0.167
10725.000 0.134
10730.000 0.124
10735.000 0.097
10740.000 0.090
10745.000 0.076
10750.000 0.061
10755.000 0.058
10760.000 0.053
10765.000 0.055
10770.000 0.058
10775.000 0.064
10780.000 0.069
10785.000 0.081
10790.000 0.097
10795.000 0.119
10800.000 0.150
10805.000 0.175
10810.000 0.222
10815.000 0.248
10820.000 0.323
10825.000 0.405
10830.000 0.455
10835.000 0.567
10840.000 0.633
10845.000 0.775
10850.000 0.931
10855.000 1.007
10860.000 1.132
10865.000 1.171
10870.000 1.265
10875.000 1.302
10880.000 1.316
10885.000 1.277
10890.000 1.249
10895.000 1.193
10900.000 1.107
10905.000 1.079
10910.000 1.028
10915.000 0.994
10920.000 0.953
10925.000 0.921
10930.000 0.900
10935.000 0.873
10940.000 0.864
10945.000 0.842
10950.000 0.822
10955.000 0.816
10960.000 0.801
10965.000 0.795
10970.000 0.786
10975.000 0.781
10980.000 0.783
10985.000 0.786
10990.000 0.781
10995.000 0.791
11000.000 0.793
11005.000 0.797
11010.000 0.816
11015.000 0.823
11020.000 0.835
11025.000 0.861
11030.000 0.873
11035.000 0.896
11040.000 0.906
11045.000 0.913
11050.000 0.903
11055.000 0.875
11060.000 0.788
11065.000 0.734
11070.000 0.595
11075.000 0.476
11080.000 0.438
11085.000 0.345
11090.000 0.315
11095.000 0.270
11100.000 0.237
11105.000 0.232
11110.000 0.224
11115.000 0.228
11120.000 0.232
11125.000 0.237
11130.000 0.246
11135.000 0.252
11140.000 0.258
11145.000 0.264
11150.000 0.269
11155.000 0.272
11160.000 0.270
11165.000 0.274
11170.000 0.280
11175.000 0.290
11180.000 0.301
11185.000 0.337
11190.000 0.348
11195.000 0.403
11200.000 0.461
11205.000 0.472
11210.000 0.505
11215.000 0.508
11220.000 0.508
11225.000 0.508
11230.000 0.507
11235.000 0.501
11240.000 0.500
11245.000 0.495
11250.000 0.491
11255.000 0.484
11260.000 0.477
11265.000 0.478
11270.000 0.472
11275.000 0.469
11280.000 0.467
11285.000 0.464
11290.000 0.460
11295.000 0.459
11300.000 0.460
11305.000 0.464
11310.000 0.459
11315.000 0.460
11320.000 0.461
11325.000 0.461
11330.000 0.460
11335.000 0.462
11340.000 0.460
11345.000 0.456
11350.000 0.453
11355.000 0.456
11360.000 0.452
11365.000 0.451
11370.000 0.450
11375.000 0.450
11380.000 0.450
11385.000 0.449
11390.000 0.450
11395.000 0.453
11400.000 0.451
11405.000 0.453
11410.000 0.456
11415.000 0.453
11420.000 0.457
11425.000 0.457
11430.000 0.456
11435.000 0.453
11440.000 0.452
11445.000 0.445
11450.000 0.449
11455.000 0.445
11460.000 0.445
11465.000 0.447
11470.000 0.445
11475.000 0.446
11480.000 0.446
11485.000 0.449
11490.000 0.448
11495.000 0.451
11500.000 0.450
11505.000 0.451
11510.000 0.450
11515.000 0.453
11520.000 0.448
11525.000 0.451
11530.000 0.446
11535.000 0.447
11540.000 0.445
11545.000 0.445
11550.000 0.443
11555.000 0.444
11560.000 0.445
11565.000 0.444
11570.000 0.447
11575.000 0.447
11580.000 0.450
11585.000 0.450
11590.000 0.449
11595.000 0.447
11600.000 0.448
11605.000 0.451
11610.000 0.443
11615.000 0.446
11620.000 0.445
11625.000 0.443
11630.000 0.441
11635.000 0.442
11640.000 0.443
11645.000 0.441
11650.000 0.439
11655.000 0.444
11660.000 0.447
11665.000 0.444
11670.000 0.447
11675.000 0.446
11680.000 0.447
11685.000 0.450
11690.000 0.447
11695.000 0.446
11700.000 0.446
11705.000 0.443
11710.000 0.443
11715.000 0.442
11720.000 0.440
11725.000 0.440
11730.000 0.439
11735.000 0.439
11740.000 0.440
11745.000 0.440
11750.000 0.441
11755.000 0.444
11760.000 0.445
11765.000 0.445
11770.000 0.449
11775.000 0.445
11780.000 0.448
11785.000 0.442
11790.000 0.441
11795.000 0.441
11800.000 0.441
11805.000 0.443
11810.000 0.441
11815.000 0.440
11820.000 0.438
11825.000 0.439
11830.000 0.440
11835.000 0.438
11840.000 0.443
11845.000 0.444
11850.000 0.445
11855.000 0.444
11860.000 0.445
11865.000 0.443
11870.000 0.444
11875.000 0.443
11880.000 0.440
11885.000 0.443
11890.000 0.439
11895.000 0.439
11900.000 0.439
11905.000 0.439
11910.000 0.437
11915.000 0.439
11920.000 0.440
11925.000 0.441
11930.000 0.441
11935.000 0.440
11940.000 0.444
11945.000 0.442
11950.000 0.442
11955.000 0.444
11960.000 0.442
11965.000 0.438
11970.000 0.437
11975.000 0.435
11980.000 0.434
11985.000 0.439
11990.000 0.437
11995.000 0.439
12000.000 0.435
