105.000 0.916
110.000 5.677
115.000 5.797
120.000 6.035
125.000 6.160
130.000 6.231
135.000 6.321
140.000 6.484
145.000 6.646
150.000 6.775
155.000 6.919
160.000 6.929
165.000 7.090
170.000 7.248
175.000 7.358
180.000 7.485
185.000 7.598
190.000 7.791
195.000 8.029
200.000 8.196
205.000 8.386
210.000 8.473
215.000 8.722
220.000 9.029
225.000 9.164
230.000 9.528
235.000 9.691
240.000 10.033
245.000 10.377
250.000 10.722
255.000 10.904
260.000 11.336
265.000 11.752
270.000 12.312
275.000 12.589
280.000 13.219
285.000 13.517
290.000 14.225
295.000 15.002
300.000 15.380
305.000 16.313
310.000 16.823
315.000 17.897
320.000 19.139
325.000 19.929
330.000 21.184
335.000 21.926
340.000 23.671
345.000 25.597
350.000 26.686
355.000 29.197
360.000 30.501
365.000 33.462
370.000 35.083
375.000 38.656
380.000 42.769
385.000 45.051
390.000 50.126
395.000 52.935
400.000 59.070
405.000 66.063
410.000 69.579
415.000 77.852
420.000 82.190
425.000 91.024
430.000 100.388
435.000 105.189
440.000 114.937
445.000 119.902
450.000 128.107
455.000 133.576
460.000 135.849
465.000 139.988
470.000 141.917
475.000 145.360
480.000 148.321
485.000 149.530
490.000 151.279
495.000 151.770
500.000 151.676
505.000 148.795
510.000 145.457
515.000 133.344
520.000 121.847
525.000 93.570
530.000 73.875
535.000 66.563
540.000 54.983
545.000 50.139
550.000 42.463
555.000 36.430
560.000 33.774
565.000 29.597
570.000 27.761
575.000 24.555
580.000 21.900
585.000 20.725
590.000 18.676
595.000 17.747
600.000 16.140
605.000 14.698
610.000 14.067
615.000 12.942
620.000 12.418
625.000 11.491
630.000 10.648
635.000 10.255
640.000 9.560
645.000 9.182
650.000 8.598
655.000 8.077
660.000 7.842
665.000 7.427
670.000 7.184
675.000 6.799
680.000 6.453
685.000 6.300
690.000 5.999
695.000 5.878
700.000 5.623
705.000 5.354
710.000 5.250
715.000 5.038
720.000 4.927
725.000 4.743
730.000 4.578
735.000 4.484
740.000 4.344
745.000 4.265
750.000 4.157
755.000 4.007
760.000 3.962
765.000 3.843
770.000 3.823
775.000 3.726
780.000 3.663
785.000 3.636
790.000 3.601
795.000 3.589
800.000 3.571
805.000 3.545
810.000 3.527
815.000 3.507
820.000 3.485
825.000 3.470
830.000 3.461
835.000 3.459
840.000 3.456
845.000 3.472
850.000 3.491
855.000 3.538
860.000 3.559
865.000 3.623
870.000 3.663
875.000 3.760
880.000 3.879
885.000 3.959
890.000 4.133
895.000 4.223
900.000 4.468
905.000 4.774
910.000 4.966
915.000 5.418
920.000 5.690
925.000 6.381
930.000 7.339
935.000 7.935
940.000 9.590
945.000 10.684
950.000 13.709
955.000 15.517
960.000 18.944
965.000 18.749
970.000 16.400
975.000 11.020
980.000 9.353
985.000 7.139
990.000 5.711
995.000 5.190
1000.000 4.391
1005.000 4.062
1010.000 3.557
1015.000 3.186
1020.000 3.002
1025.000 2.727
1030.000 2.618
1035.000 2.410
1040.000 2.249
1045.000 2.176
1050.000 2.044
1055.000 1.993
1060.000 1.892
1065.000 1.805
1070.000 1.770
1075.000 1.704
1080.000 1.681
1085.000 1.629
1090.000 1.582
1095.000 1.564
1100.000 1.539
1105.000 1.526
1110.000 1.505
1115.000 1.494
1120.000 1.479
1125.000 1.470
1130.000 1.463
1135.000 1.459
1140.000 1.465
1145.000 1.463
1150.000 1.467
1155.000 1.463
1160.000 1.476
1165.000 1.482
1170.000 1.495
1175.000 1.505
1180.000 1.510
1185.000 1.522
1190.000 1.546
1195.000 1.558
1200.000 1.576
1205.000 1.597
1210.000 1.623
1215.000 1.658
1220.000 1.671
1225.000 1.708
1230.000 1.729
1235.000 1.768
1240.000 1.819
1245.000 1.843
1250.000 1.895
1255.000 1.927
1260.000 1.985
1265.000 2.059
1270.000 2.093
1275.000 2.168
1280.000 2.212
1285.000 2.296
1290.000 2.395
1295.000 2.452
1300.000 2.564
1305.000 2.630
1310.000 2.771
1315.000 2.923
1320.000 3.007
1325.000 3.197
1330.000 3.294
1335.000 3.528
1340.000 3.793
1345.000 3.933
1350.000 4.259
1355.000 4.448
1360.000 4.875
1365.000 5.395
1370.000 5.689
1375.000 6.399
1380.000 6.806
1385.000 7.838
1390.000 9.171
1395.000 9.970
1400.000 12.117
1405.000 13.477
1410.000 16.948
1415.000 21.863
1420.000 24.610
1425.000 28.980
1430.000 29.340
1435.000 24.508
1440.000 18.203
1445.000 15.963
1450.000 12.684
1455.000 11.511
1460.000 9.749
1465.000 8.418
1470.000 7.894
1475.000 7.049
1480.000 6.681
1485.000 6.064
1490.000 5.568
1495.000 5.345
1500.000 4.966
1505.000 4.805
1510.000 4.496
1515.000 4.238
1520.000 4.125
1525.000 3.908
1530.000 3.812
1535.000 3.634
1540.000 3.471
1545.000 3.388
1550.000 3.250
1555.000 3.186
1560.000 3.060
1565.000 3.003
1570.000 2.894
1575.000 2.785
1580.000 2.736
1585.000 2.638
1590.000 2.591
1595.000 2.502
1600.000 2.413
1605.000 2.366
1610.000 2.291
1615.000 2.260
1620.000 2.191
1625.000 2.154
1630.000 2.137
1635.000 2.144
1640.000 2.154
1645.000 2.206
1650.000 2.303
1655.000 2.363
1660.000 2.520
1665.000 2.610
1670.000 2.804
1675.000 3.011
1680.000 3.111
1685.000 3.329
1690.000 3.438
1695.000 3.640
1700.000 3.856
1705.000 3.959
1710.000 4.166
1715.000 4.272
1720.000 4.487
1725.000 4.703
1730.000 4.816
1735.000 5.061
1740.000 5.185
1745.000 5.444
1750.000 5.727
1755.000 5.887
1760.000 6.203
1765.000 6.390
1770.000 6.766
1775.000 7.186
1780.000 7.426
1785.000 7.935
1790.000 8.217
1795.000 8.844
1800.000 9.569
1805.000 9.977
1810.000 10.902
1815.000 11.420
1820.000 12.606
1825.000 14.076
1830.000 14.910
1835.000 16.871
1840.000 17.976
1845.000 20.936
1850.000 24.380
1855.000 26.286
1860.000 30.888
1865.000 33.281
1870.000 37.604
1875.000 40.058
1880.000 39.947
1885.000 37.154
1890.000 34.897
1895.000 29.959
1900.000 25.839
1905.000 24.032
1910.000 20.958
1915.000 18.646
1920.000 17.632
1925.000 15.917
1930.000 15.196
1935.000 13.965
1940.000 12.901
1945.000 12.447
1950.000 11.661
1955.000 11.288
1960.000 10.642
1965.000 10.092
1970.000 9.831
1975.000 9.374
1980.000 9.175
1985.000 8.805
1990.000 8.467
1995.000 8.307
2000.000 8.034
2005.000 7.899
2010.000 7.664
2015.000 7.433
2020.000 7.343
2025.000 7.164
2030.000 7.065
2035.000 6.907
2040.000 6.765
2045.000 6.688
2050.000 6.578
2055.000 6.513
2060.000 6.406
2065.000 6.304
2070.000 6.263
2075.000 6.182
2080.000 6.145
2085.000 6.070
2090.000 6.011
2095.000 5.984
2100.000 5.939
2105.000 5.914
2110.000 5.880
2115.000 5.851
2120.000 5.846
2125.000 5.825
2130.000 5.825
2135.000 5.820
2140.000 5.829
2145.000 5.838
2150.000 5.863
2155.000 5.874
2160.000 5.915
2165.000 5.971
2170.000 6.002
2175.000 6.075
2180.000 6.117
2185.000 6.221
2190.000 6.347
2195.000 6.415
2200.000 6.571
2205.000 6.663
2210.000 6.879
2215.000 7.123
2220.000 7.268
2225.000 7.606
2230.000 7.793
2235.000 8.220
2240.000 8.772
2245.000 9.085
2250.000 9.801
2255.000 10.262
2260.000 11.317
2265.000 12.627
2270.000 13.503
2275.000 15.483
2280.000 16.660
2285.000 19.308
2290.000 21.955
2295.000 22.832
2300.000 22.612
2305.000 21.276
2310.000 17.328
2315.000 13.593
2320.000 12.078
2325.000 9.728
2330.000 8.847
2335.000 7.313
2340.000 6.189
2345.000 5.749
2350.000 4.947
2355.000 4.617
2360.000 4.066
2365.000 3.584
2370.000 3.381
2375.000 3.036
2380.000 2.876
2385.000 2.592
2390.000 2.361
2395.000 2.251
2400.000 2.050
2405.000 1.964
2410.000 1.801
2415.000 1.664
2420.000 1.601
2425.000 1.485
2430.000 1.430
2435.000 1.324
2440.000 1.281
2445.000 1.198
2450.000 1.119
2455.000 1.092
2460.000 1.026
2465.000 0.993
2470.000 0.940
2475.000 0.887
2480.000 0.861
2485.000 0.826
2490.000 0.803
2495.000 0.766
2500.000 0.731
2505.000 0.715
2510.000 0.686
2515.000 0.674
2520.000 0.650
2525.000 0.623
2530.000 0.613
2535.000 0.597
2540.000 0.586
2545.000 0.570
2550.000 0.558
2555.000 0.548
2560.000 0.538
2565.000 0.534
2570.000 0.520
2575.000 0.509
2580.000 0.509
2585.000 0.500
2590.000 0.495
2595.000 0.488
2600.000 0.482
2605.000 0.478
2610.000 0.474
2615.000 0.467
2620.000 0.463
2625.000 0.463
2630.000 0.462
2635.000 0.455
2640.000 0.458
2645.000 0.453
2650.000 0.449
2655.000 0.448
2660.000 0.447
2665.000 0.444
2670.000 0.447
2675.000 0.444
2680.000 0.444
2685.000 0.441
2690.000 0.443
2695.000 0.445
2700.000 0.442
2705.000 0.441
2710.000 0.439
2715.000 0.438
2720.000 0.440
2725.000 0.436
2730.000 0.435
2735.000 0.438
2740.000 0.436
2745.000 0.436
2750.000 0.438
2755.000 0.437
2760.000 0.434
2765.000 0.440
2770.000 0.439
2775.000 0.443
2780.000 0.443
2785.000 0.444
2790.000 0.443
2795.000 0.442
2800.000 0.441
2805.000 0.445
2810.000 0.441
2815.000 0.442
2820.000 0.443
2825.000 0.446
2830.000 0.444
2835.000 0.445
2840.000 0.448
2845.000 0.448
2850.000 0.448
2855.000 0.453
2860.000 0.449
2865.000 0.452
2870.000 0.450
2875.000 0.453
2880.000 0.458
2885.000 0.457
2890.000 0.455
2895.000 0.459
2900.000 0.457
2905.000 0.459
2910.000 0.461
2915.000 0.460
2920.000 0.461
2925.000 0.463
2930.000 0.462
2935.000 0.464
2940.000 0.470
2945.000 0.469
2950.000 0.465
2955.000 0.474
2960.000 0.478
2965.000 0.473
2970.000 0.472
2975.000 0.474
2980.000 0.472
2985.000 0.488
2990.000 0.472
2995.000 0.479
3000.000 0.484
3005.000 0.487
3010.000 0.483
3015.000 0.485
3020.000 0.491
3025.000 0.492
3030.000 0.498
3035.000 0.510
3040.000 0.512
3045.000 0.508
3050.000 0.511
3055.000 0.511
3060.000 0.524
3065.000 0.522
3070.000 0.526
3075.000 0.531
3080.000 0.542
3085.000 0.547
3090.000 0.546
3095.000 0.559
3100.000 0.564
3105.000 0.573
3110.000 0.584
3115.000 0.593
3120.000 0.607
3125.000 0.615
3130.000 0.629
3135.000 0.644
3140.000 0.654
3145.000 0.675
3150.000 0.687
3155.000 0.707
3160.000 0.734
3165.000 0.747
3170.000 0.774
3175.000 0.787
3180.000 0.818
3185.000 0.857
3190.000 0.874
3195.000 0.914
3200.000 0.932
3205.000 0.980
3210.000 1.036
3215.000 1.059
3220.000 1.128
3225.000 1.160
3230.000 1.229
3235.000 1.313
3240.000 1.361
3245.000 1.458
3250.000 1.511
3255.000 1.638
3260.000 1.777
3265.000 1.860
3270.000 2.040
3275.000 2.134
3280.000 2.358
3285.000 2.633
3290.000 2.797
3295.000 3.149
3300.000 3.377
3305.000 3.893
3310.000 4.520
3315.000 4.949
3320.000 5.961
3325.000 6.526
3330.000 8.340
3335.000 10.683
3340.000 12.049
3345.000 15.618
3350.000 17.335
3355.000 19.051
3360.000 16.802
3365.000 14.825
3370.000 11.776
3375.000 10.674
3380.000 8.922
3385.000 7.814
3390.000 7.368
3395.000 6.625
3400.000 6.339
3405.000 5.892
3410.000 5.516
3415.000 5.371
3420.000 5.134
3425.000 5.022
3430.000 4.857
3435.000 4.737
3440.000 4.685
3445.000 4.615
3450.000 4.593
3455.000 4.567
3460.000 4.570
3465.000 4.581
3470.000 4.621
3475.000 4.655
3480.000 4.734
3485.000 4.853
3490.000 4.923
3495.000 5.092
3500.000 5.182
3505.000 5.431
3510.000 5.721
3515.000 5.882
3520.000 6.302
3525.000 6.538
3530.000 7.073
3535.000 7.822
3540.000 8.253
3545.000 9.247
3550.000 9.900
3555.000 11.548
3560.000 13.556
3565.000 14.873
3570.000 17.879
3575.000 19.341
3580.000 21.279
3585.000 20.350
3590.000 18.695
3595.000 14.984
3600.000 13.155
3605.000 10.596
3610.000 8.841
3615.000 8.061
3620.000 6.911
3625.000 6.448
3630.000 5.640
3635.000 5.325
3640.000 4.809
3645.000 4.349
3650.000 4.162
3655.000 3.843
3660.000 3.695
3665.000 3.434
3670.000 3.224
3675.000 3.126
3680.000 2.943
3685.000 2.867
3690.000 2.736
3695.000 2.604
3700.000 2.553
3705.000 2.457
3710.000 2.409
3715.000 2.330
3720.000 2.261
3725.000 2.225
3730.000 2.168
3735.000 2.147
3740.000 2.097
3745.000 2.061
3750.000 2.046
3755.000 2.014
3760.000 2.002
3765.000 1.983
3770.000 1.968
3775.000 1.959
3780.000 1.954
3785.000 1.954
3790.000 1.955
3795.000 1.960
3800.000 1.964
3805.000 1.981
3810.000 1.986
3815.000 2.009
3820.000 2.038
3825.000 2.052
3830.000 2.094
3835.000 2.115
3840.000 2.162
3845.000 2.223
3850.000 2.264
3855.000 2.337
3860.000 2.376
3865.000 2.476
3870.000 2.588
3875.000 2.649
3880.000 2.794
3885.000 2.872
3890.000 3.055
3895.000 3.271
3900.000 3.394
3905.000 3.684
3910.000 3.840
3915.000 4.250
3920.000 4.747
3925.000 5.053
3930.000 5.825
3935.000 6.274
3940.000 7.331
3945.000 8.052
3950.000 9.816
3955.000 11.794
3960.000 12.832
3965.000 14.217
3970.000 14.120
3975.000 12.344
3980.000 9.675
3985.000 8.616
3990.000 7.074
3995.000 5.863
4000.000 5.413
4005.000 4.721
4010.000 4.401
4015.000 3.913
4020.000 3.537
4025.000 3.366
4030.000 3.069
4035.000 2.958
4040.000 2.731
4045.000 2.557
4050.000 2.485
4055.000 2.330
4060.000 2.262
4065.000 2.152
4070.000 2.043
4075.000 2.002
4080.000 1.924
4085.000 1.885
4090.000 1.812
4095.000 1.756
4100.000 1.728
4105.000 1.676
4110.000 1.653
4115.000 1.613
4120.000 1.571
4125.000 1.556
4130.000 1.522
4135.000 1.508
4140.000 1.482
4145.000 1.460
4150.000 1.451
4155.000 1.431
4160.000 1.422
4165.000 1.414
4170.000 1.393
4175.000 1.390
4180.000 1.384
4185.000 1.379
4190.000 1.372
4195.000 1.368
4200.000 1.367
4205.000 1.363
4210.000 1.360
4215.000 1.353
4220.000 1.353
4225.000 1.351
4230.000 1.352
4235.000 1.353
4240.000 1.364
4245.000 1.370
4250.000 1.390
4255.000 1.413
4260.000 1.428
4265.000 1.468
4270.000 1.484
4275.000 1.538
4280.000 1.588
4285.000 1.621
4290.000 1.691
4295.000 1.731
4300.000 1.816
4305.000 1.918
4310.000 1.984
4315.000 2.123
4320.000 2.197
4325.000 2.392
4330.000 2.634
4335.000 2.759
4340.000 3.123
4345.000 3.338
4350.000 3.823
4355.000 4.555
4360.000 4.964
4365.000 5.858
4370.000 6.292
4375.000 6.862
4380.000 6.411
4385.000 5.858
4390.000 4.513
4395.000 3.987
4400.000 3.216
4405.000 2.608
4410.000 2.383
4415.000 2.043
4420.000 1.882
4425.000 1.642
4430.000 1.458
4435.000 1.367
4440.000 1.233
4445.000 1.181
4450.000 1.072
4455.000 0.983
4460.000 0.951
4465.000 0.878
4470.000 0.848
4475.000 0.799
4480.000 0.751
4485.000 0.736
4490.000 0.696
4495.000 0.683
4500.000 0.656
4505.000 0.626
4510.000 0.620
4515.000 0.596
4520.000 0.588
4525.000 0.572
4530.000 0.562
4535.000 0.555
4540.000 0.544
4545.000 0.542
4550.000 0.533
4555.000 0.529
4560.000 0.532
4565.000 0.525
4570.000 0.524
4575.000 0.532
4580.000 0.530
4585.000 0.538
4590.000 0.543
4595.000 0.547
4600.000 0.555
4605.000 0.563
4610.000 0.575
4615.000 0.586
4620.000 0.599
4625.000 0.615
4630.000 0.629
4635.000 0.648
4640.000 0.676
4645.000 0.693
4650.000 0.714
4655.000 0.727
4660.000 0.755
4665.000 0.796
4670.000 0.814
4675.000 0.858
4680.000 0.881
4685.000 0.929
4690.000 0.986
4695.000 1.017
4700.000 1.086
4705.000 1.130
4710.000 1.227
4715.000 1.341
4720.000 1.418
4725.000 1.600
4730.000 1.700
4735.000 1.999
4740.000 2.385
4745.000 2.597
4750.000 3.207
4755.000 3.517
4760.000 4.032
4765.000 4.096
4770.000 3.888
4775.000 3.286
4780.000 3.003
4785.000 2.512
4790.000 2.211
4795.000 2.077
4800.000 1.872
4805.000 1.791
4810.000 1.676
4815.000 1.568
4820.000 1.528
4825.000 1.465
4830.000 1.439
4835.000 1.390
4840.000 1.356
4845.000 1.337
4850.000 1.307
4855.000 1.295
4860.000 1.277
4865.000 1.264
4870.000 1.257
4875.000 1.249
4880.000 1.242
4885.000 1.239
4890.000 1.239
4895.000 1.238
4900.000 1.245
4905.000 1.246
4910.000 1.253
4915.000 1.260
4920.000 1.267
4925.000 1.280
4930.000 1.288
4935.000 1.298
4940.000 1.318
4945.000 1.331
4950.000 1.346
4955.000 1.365
4960.000 1.391
4965.000 1.429
4970.000 1.449
4975.000 1.490
4980.000 1.514
4985.000 1.549
4990.000 1.604
4995.000 1.647
5000.000 1.712
5005.000 1.750
5010.000 1.840
5015.000 1.953
5020.000 2.000
5025.000 2.143
5030.000 2.214
5035.000 2.426
5040.000 2.656
5045.000 2.789
5050.000 3.163
5055.000 3.369
5060.000 3.827
5065.000 4.440
5070.000 4.699
5075.000 4.966
5080.000 4.878
5085.000 4.158
5090.000 3.244
5095.000 2.775
5100.000 2.114
5105.000 1.864
5110.000 1.447
5115.000 1.299
5120.000 1.058
5125.000 0.871
5130.000 0.798
5135.000 0.674
5140.000 0.628
5145.000 0.534
5150.000 0.471
5155.000 0.444
5160.000 0.401
5165.000 0.385
5170.000 0.364
5175.000 0.347
5180.000 0.346
5185.000 0.343
5190.000 0.343
5195.000 0.350
5200.000 0.348
5205.000 0.352
5210.000 0.358
5215.000 0.363
5220.000 0.364
5225.000 0.374
5230.000 0.377
5235.000 0.380
5240.000 0.387
5245.000 0.392
5250.000 0.403
5255.000 0.406
5260.000 0.411
5265.000 0.416
5270.000 0.425
5275.000 0.430
5280.000 0.430
5285.000 0.434
5290.000 0.438
5295.000 0.436
5300.000 0.441
5305.000 0.441
5310.000 0.445
5315.000 0.444
5320.000 0.448
5325.000 0.451
5330.000 0.454
5335.000 0.457
5340.000 0.458
5345.000 0.463
5350.000 0.466
5355.000 0.466
5360.000 0.469
5365.000 0.469
5370.000 0.466
5375.000 0.472
5380.000 0.470
5385.000 0.470
5390.000 0.476
5395.000 0.472
5400.000 0.472
5405.000 0.472
5410.000 0.475
5415.000 0.475
5420.000 0.476
5425.000 0.478
5430.000 0.477
5435.000 0.478
5440.000 0.480
5445.000 0.480
5450.000 0.488
5455.000 0.485
5460.000 0.484
5465.000 0.484
5470.000 0.479
5475.000 0.482
5480.000 0.481
5485.000 0.480
5490.000 0.478
5495.000 0.479
5500.000 0.481
5505.000 0.482
5510.000 0.476
5515.000 0.483
5520.000 0.484
5525.000 0.485
5530.000 0.485
5535.000 0.484
5540.000 0.486
5545.000 0.487
5550.000 0.485
5555.000 0.484
5560.000 0.486
5565.000 0.480
5570.000 0.478
5575.000 0.481
5580.000 0.481
5585.000 0.478
5590.000 0.477
5595.000 0.478
5600.000 0.485
5605.000 0.482
5610.000 0.484
5615.000 0.481
5620.000 0.480
5625.000 0.486
5630.000 0.484
5635.000 0.484
5640.000 0.483
5645.000 0.484
5650.000 0.482
5655.000 0.478
5660.000 0.479
5665.000 0.479
5670.000 0.478
5675.000 0.479
5680.000 0.477
5685.000 0.480
5690.000 0.481
5695.000 0.483
5700.000 0.485
5705.000 0.487
5710.000 0.489
5715.000 0.484
5720.000 0.486
5725.000 0.486
5730.000 0.485
5735.000 0.480
5740.000 0.478
5745.000 0.477
5750.000 0.480
5755.000 0.477
5760.000 0.475
5765.000 0.483
5770.000 0.482
5775.000 0.481
5780.000 0.483
5785.000 0.486
5790.000 0.485
5795.000 0.489
5800.000 0.491
5805.000 0.490
5810.000 0.491
5815.000 0.491
5820.000 0.487
5825.000 0.488
5830.000 0.489
5835.000 0.485
5840.000 0.488
5845.000 0.486
5850.000 0.487
5855.000 0.487
5860.000 0.490
5865.000 0.489
5870.000 0.491
5875.000 0.489
5880.000 0.493
5885.000 0.497
5890.000 0.494
5895.000 0.495
5900.000 0.495
5905.000 0.494
5910.000 0.489
5915.000 0.490
5920.000 0.493
5925.000 0.489
5930.000 0.488
5935.000 0.488
5940.000 0.488
5945.000 0.486
5950.000 0.491
5955.000 0.487
5960.000 0.486
5965.000 0.483
5970.000 0.497
5975.000 0.500
5980.000 0.497
5985.000 0.497
5990.000 0.495
5995.000 0.485
6000.000 0.495
6005.000 0.494
6010.000 0.491
6015.000 0.482
6020.000 0.491
6025.000 0.480
6030.000 0.487
6035.000 0.490
6040.000 0.489
6045.000 0.486
6050.000 0.486
6055.000 0.487
6060.000 0.490
6065.000 0.490
6070.000 0.491
6075.000 0.492
6080.000 0.494
6085.000 0.492
6090.000 0.488
6095.000 0.492
6100.000 0.486
6105.000 0.487
6110.000 0.485
6115.000 0.483
6120.000 0.489
6125.000 0.485
6130.000 0.489
6135.000 0.487
6140.000 0.490
6145.000 0.494
6150.000 0.494
6155.000 0.495
6160.000 0.490
6165.000 0.496
6170.000 0.497
6175.000 0.496
6180.000 0.490
6185.000 0.492
6190.000 0.493
6195.000 0.486
6200.000 0.486
6205.000 0.488
6210.000 0.491
6215.000 0.491
6220.000 0.487
6225.000 0.495
6230.000 0.498
6235.000 0.496
6240.000 0.500
6245.000 0.502
6250.000 0.501
6255.000 0.504
6260.000 0.502
6265.000 0.507
6270.000 0.498
6275.000 0.500
6280.000 0.504
6285.000 0.501
6290.000 0.503
6295.000 0.499
6300.000 0.499
6305.000 0.505
6310.000 0.501
6315.000 0.503
6320.000 0.509
6325.000 0.512
6330.000 0.513
6335.000 0.515
6340.000 0.514
6345.000 0.516
6350.000 0.515
6355.000 0.511
6360.000 0.513
6365.000 0.509
6370.000 0.510
6375.000 0.512
6380.000 0.510
6385.000 0.514
6390.000 0.510
6395.000 0.515
6400.000 0.517
6405.000 0.520
6410.000 0.520
6415.000 0.529
6420.000 0.530
6425.000 0.533
6430.000 0.533
6435.000 0.534
6440.000 0.535
6445.000 0.535
6450.000 0.539
6455.000 0.541
6460.000 0.540
6465.000 0.543
6470.000 0.548
6475.000 0.551
6480.000 0.559
6485.000 0.562
6490.000 0.573
6495.000 0.586
6500.000 0.588
6505.000 0.596
6510.000 0.607
6515.000 0.617
6520.000 0.630
6525.000 0.638
6530.000 0.652
6535.000 0.659
6540.000 0.675
6545.000 0.697
6550.000 0.709
6555.000 0.732
6560.000 0.748
6565.000 0.782
6570.000 0.819
6575.000 0.839
6580.000 0.893
6585.000 0.917
6590.000 0.988
6595.000 1.067
6600.000 1.107
6605.000 1.219
6610.000 1.283
6615.000 1.413
6620.000 1.604
6625.000 1.710
6630.000 1.947
6635.000 2.107
6640.000 2.521
6645.000 3.000
6650.000 3.370
6655.000 4.256
6660.000 4.788
6665.000 5.941
6670.000 7.220
6675.000 7.553
6680.000 7.331
6685.000 6.736
6690.000 5.576
6695.000 4.758
6700.000 4.397
6705.000 3.904
6710.000 3.748
6715.000 3.427
6720.000 3.226
6725.000 3.162
6730.000 3.042
6735.000 3.005
6740.000 2.963
6745.000 2.956
6750.000 2.968
6755.000 3.009
6760.000 3.043
6765.000 3.150
6770.000 3.279
6775.000 3.362
6780.000 3.598
6785.000 3.724
6790.000 4.013
6795.000 4.472
6800.000 4.729
6805.000 5.306
6810.000 5.745
6815.000 6.701
6820.000 7.811
6825.000 8.642
6830.000 10.147
6835.000 10.770
6840.000 11.443
6845.000 10.672
6850.000 9.966
6855.000 8.155
6860.000 7.417
6865.000 6.313
6870.000 5.346
6875.000 4.998
6880.000 4.475
6885.000 4.230
6890.000 3.798
6895.000 3.621
6900.000 3.369
6905.000 3.121
6910.000 3.028
6915.000 2.870
6920.000 2.787
6925.000 2.665
6930.000 2.572
6935.000 2.516
6940.000 2.443
6945.000 2.412
6950.000 2.354
6955.000 2.308
6960.000 2.305
6965.000 2.270
6970.000 2.257
6975.000 2.248
6980.000 2.233
6985.000 2.226
6990.000 2.231
6995.000 2.246
7000.000 2.252
7005.000 2.277
7010.000 2.293
7015.000 2.348
7020.000 2.371
7025.000 2.422
7030.000 2.496
7035.000 2.534
7040.000 2.621
7045.000 2.687
7050.000 2.805
7055.000 2.938
7060.000 3.045
7065.000 3.225
7070.000 3.311
7075.000 3.585
7080.000 3.901
7085.000 4.054
7090.000 4.515
7095.000 4.770
7100.000 5.377
7105.000 6.184
7110.000 6.662
7115.000 7.729
7120.000 8.284
7125.000 9.624
7130.000 10.398
7135.000 10.430
7140.000 9.504
7145.000 8.746
7150.000 7.333
7155.000 5.937
7160.000 5.426
7165.000 4.665
7170.000 4.262
7175.000 3.715
7180.000 3.324
7185.000 3.112
7190.000 2.787
7195.000 2.674
7200.000 2.434
7205.000 2.247
7210.000 2.178
7215.000 2.015
7220.000 1.946
7225.000 1.845
7230.000 1.732
7235.000 1.689
7240.000 1.614
7245.000 1.580
7250.000 1.510
7255.000 1.459
7260.000 1.433
7265.000 1.388
7270.000 1.369
7275.000 1.335
7280.000 1.305
7285.000 1.290
7290.000 1.274
7295.000 1.259
7300.000 1.248
7305.000 1.231
7310.000 1.226
7315.000 1.220
7320.000 1.218
7325.000 1.217
7330.000 1.225
7335.000 1.226
7340.000 1.241
7345.000 1.247
7350.000 1.268
7355.000 1.297
7360.000 1.311
7365.000 1.345
7370.000 1.367
7375.000 1.418
7380.000 1.479
7385.000 1.502
7390.000 1.582
7395.000 1.628
7400.000 1.716
7405.000 1.846
7410.000 1.916
7415.000 2.069
7420.000 2.189
7425.000 2.417
7430.000 2.683
7435.000 2.881
7440.000 3.309
7445.000 3.564
7450.000 4.118
7455.000 4.901
7460.000 5.303
7465.000 6.008
7470.000 6.313
7475.000 6.395
7480.000 5.882
7485.000 5.402
7490.000 4.525
7495.000 4.238
7500.000 3.584
7505.000 3.342
7510.000 2.979
7515.000 2.638
7520.000 2.513
7525.000 2.308
7530.000 2.194
7535.000 2.042
7540.000 1.920
7545.000 1.853
7550.000 1.755
7555.000 1.710
7560.000 1.634
7565.000 1.569
7570.000 1.541
7575.000 1.494
7580.000 1.471
7585.000 1.430
7590.000 1.397
7595.000 1.384
7600.000 1.354
7605.000 1.343
7610.000 1.318
7615.000 1.300
7620.000 1.294
7625.000 1.281
7630.000 1.279
7635.000 1.269
7640.000 1.270
7645.000 1.269
7650.000 1.274
7655.000 1.280
7660.000 1.286
7665.000 1.296
7670.000 1.306
7675.000 1.319
7680.000 1.330
7685.000 1.348
7690.000 1.376
7695.000 1.395
7700.000 1.421
7705.000 1.447
7710.000 1.495
7715.000 1.550
7720.000 1.584
7725.000 1.661
7730.000 1.698
7735.000 1.810
7740.000 1.933
7745.000 1.993
7750.000 2.184
7755.000 2.288
7760.000 2.497
7765.000 2.827
7770.000 3.001
7775.000 3.361
7780.000 3.567
7785.000 4.020
7790.000 4.151
7795.000 4.158
7800.000 3.746
7805.000 3.448
7810.000 2.882
7815.000 2.571
7820.000 2.123
7825.000 1.805
7830.000 1.646
7835.000 1.415
7840.000 1.339
7845.000 1.162
7850.000 1.032
7855.000 0.988
7860.000 0.883
7865.000 0.847
7870.000 0.779
7875.000 0.718
7880.000 0.693
7885.000 0.654
7890.000 0.635
7895.000 0.596
7900.000 0.572
7905.000 0.560
7910.000 0.537
7915.000 0.527
7920.000 0.511
7925.000 0.493
7930.000 0.487
7935.000 0.473
7940.000 0.461
7945.000 0.448
7950.000 0.437
7955.000 0.429
7960.000 0.416
7965.000 0.422
7970.000 0.407
7975.000 0.397
7980.000 0.398
7985.000 0.396
7990.000 0.392
7995.000 0.391
8000.000 0.387
8005.000 0.390
8010.000 0.388
8015.000 0.390
8020.000 0.428
8025.000 0.461
8030.000 0.489
8035.000 0.567
8040.000 0.616
8045.000 0.702
8050.000 0.739
8055.000 0.716
8060.000 0.663
8065.000 0.615
8070.000 0.549
8075.000 0.501
8080.000 0.483
8085.000 0.504
8090.000 0.530
8095.000 0.588
8100.000 0.597
8105.000 0.596
8110.000 0.585
8115.000 0.579
8120.000 0.571
8125.000 0.564
8130.000 0.563
8135.000 0.557
8140.000 0.550
8145.000 0.541
8150.000 0.536
8155.000 0.531
8160.000 0.527
8165.000 0.525
8170.000 0.527
8175.000 0.525
8180.000 0.526
8185.000 0.527
8190.000 0.530
8195.000 0.523
8200.000 0.521
8205.000 0.523
8210.000 0.519
8215.000 0.517
8220.000 0.511
8225.000 0.506
8230.000 0.503
8235.000 0.500
8240.000 0.501
8245.000 0.500
8250.000 0.496
8255.000 0.499
8260.000 0.497
8265.000 0.501
8270.000 0.499
8275.000 0.503
8280.000 0.505
8285.000 0.501
8290.000 0.502
8295.000 0.500
8300.000 0.497
8305.000 0.498
8310.000 0.492
8315.000 0.489
8320.000 0.488
8325.000 0.487
8330.000 0.482
8335.000 0.483
8340.000 0.485
8345.000 0.491
8350.000 0.489
8355.000 0.492
8360.000 0.496
8365.000 0.497
8370.000 0.496
8375.000 0.496
8380.000 0.496
8385.000 0.493
8390.000 0.491
8395.000 0.490
8400.000 0.488
8405.000 0.485
8410.000 0.481
8415.000 0.487
8420.000 0.482
8425.000 0.480
8430.000 0.480
8435.000 0.488
8440.000 0.490
8445.000 0.482
8450.000 0.489
8455.000 0.491
8460.000 0.494
8465.000 0.493
8470.000 0.490
8475.000 0.488
8480.000 0.487
8485.000 0.483
8490.000 0.481
8495.000 0.480
8500.000 0.480
8505.000 0.478
8510.000 0.477
8515.000 0.478
8520.000 0.479
8525.000 0.482
8530.000 0.485
8535.000 0.486
8540.000 0.483
8545.000 0.490
8550.000 0.490
8555.000 0.485
8560.000 0.485
8565.000 0.487
8570.000 0.485
8575.000 0.485
8580.000 0.479
8585.000 0.477
8590.000 0.477
8595.000 0.474
8600.000 0.474
8605.000 0.475
8610.000 0.480
8615.000 0.476
8620.000 0.482
8625.000 0.484
8630.000 0.488
8635.000 0.487
8640.000 0.488
8645.000 0.488
8650.000 0.487
8655.000 0.483
8660.000 0.481
8665.000 0.481
8670.000 0.477
8675.000 0.475
8680.000 0.472
8685.000 0.475
8690.000 0.476
8695.000 0.474
8700.000 0.479
8705.000 0.481
8710.000 0.481
8715.000 0.481
8720.000 0.486
8725.000 0.487
8730.000 0.489
8735.000 0.484
8740.000 0.485
8745.000 0.483
8750.000 0.481
8755.000 0.477
8760.000 0.474
8765.000 0.472
8770.000 0.473
8775.000 0.473
8780.000 0.477
8785.000 0.476
8790.000 0.474
8795.000 0.483
8800.000 0.485
8805.000 0.483
8810.000 0.489
8815.000 0.492
8820.000 0.468
8825.000 0.501
8830.000 0.472
8835.000 0.483
8840.000 0.479
8845.000 0.476
8850.000 0.474
8855.000 0.477
8860.000 0.472
8865.000 0.473
8870.000 0.477
8875.000 0.477
8880.000 0.479
8885.000 0.477
8890.000 0.486
8895.000 0.483
8900.000 0.486
8905.000 0.488
8910.000 0.487
8915.000 0.491
8920.000 0.481
8925.000 0.481
8930.000 0.484
8935.000 0.473
8940.000 0.471
8945.000 0.467
8950.000 0.471
8955.000 0.469
8960.000 0.468
8965.000 0.474
8970.000 0.478
8975.000 0.473
8980.000 0.480
8985.000 0.487
8990.000 0.486
8995.000 0.483
9000.000 0.487
9005.000 0.481
9010.000 0.481
9015.000 0.475
9020.000 0.478
9025.000 0.467
9030.000 0.474
9035.000 0.466
9040.000 0.467
9045.000 0.474
9050.000 0.471
9055.000 0.475
9060.000 0.478
9065.000 0.480
9070.000 0.479
9075.000 0.481
9080.000 0.487
9085.000 0.481
9090.000 0.483
9095.000 0.481
9100.000 0.480
9105.000 0.482
9110.000 0.478
9115.000 0.473
9120.000 0.476
9125.000 0.473
9130.000 0.471
9135.000 0.473
9140.000 0.475
9145.000 0.477
9150.000 0.476
9155.000 0.481
9160.000 0.480
9165.000 0.478
9170.000 0.484
9175.000 0.478
9180.000 0.480
9185.000 0.482
9190.000 0.473
9195.000 0.474
9200.000 0.475
9205.000 0.469
9210.000 0.468
9215.000 0.469
9220.000 0.470
9225.000 0.470
9230.000 0.472
9235.000 0.479
9240.000 0.477
9245.000 0.481
9250.000 0.483
9255.000 0.483
9260.000 0.482
9265.000 0.483
9270.000 0.482
9275.000 0.480
9280.000 0.475
9285.000 0.473
9290.000 0.473
9295.000 0.471
9300.000 0.469
9305.000 0.465
9310.000 0.471
9315.000 0.472
9320.000 0.475
9325.000 0.475
9330.000 0.480
9335.000 0.481
9340.000 0.481
9345.000 0.484
9350.000 0.482
9355.000 0.485
9360.000 0.484
9365.000 0.480
9370.000 0.480
9375.000 0.473
9380.000 0.471
9385.000 0.470
9390.000 0.473
9395.000 0.469
9400.000 0.471
9405.000 0.474
9410.000 0.478
9415.000 0.479
9420.000 0.479
9425.000 0.484
9430.000 0.484
9435.000 0.481
9440.000 0.484
9445.000 0.483
9450.000 0.482
9455.000 0.475
9460.000 0.478
9465.000 0.476
9470.000 0.470
9475.000 0.472
9480.000 0.472
9485.000 0.475
9490.000 0.473
9495.000 0.474
9500.000 0.479
9505.000 0.481
9510.000 0.480
9515.000 0.484
9520.000 0.484
9525.000 0.486
9530.000 0.484
9535.000 0.482
9540.000 0.483
9545.000 0.476
9550.000 0.479
9555.000 0.475
9560.000 0.476
9565.000 0.476
9570.000 0.474
9575.000 0.475
9580.000 0.476
9585.000 0.480
9590.000 0.477
9595.000 0.485
9600.000 0.485
9605.000 0.487
9610.000 0.490
9615.000 0.488
9620.000 0.488
9625.000 0.489
9630.000 0.484
9635.000 0.484
9640.000 0.482
9645.000 0.482
9650.000 0.480
9655.000 0.484
9660.000 0.480
9665.000 0.486
9670.000 0.487
9675.000 0.492
9680.000 0.488
9685.000 0.491
9690.000 0.499
9695.000 0.502
9700.000 0.499
9705.000 0.502
9710.000 0.500
9715.000 0.501
9720.000 0.499
9725.000 0.497
9730.000 0.504
9735.000 0.499
9740.000 0.500
9745.000 0.499
9750.000 0.499
9755.000 0.506
9760.000 0.506
9765.000 0.512
9770.000 0.515
9775.000 0.520
9780.000 0.528
9785.000 0.531
9790.000 0.537
9795.000 0.539
9800.000 0.543
9805.000 0.547
9810.000 0.540
9815.000 0.550
9820.000 0.552
9825.000 0.559
9830.000 0.564
9835.000 0.568
9840.000 0.579
9845.000 0.588
9850.000 0.605
9855.000 0.618
9860.000 0.634
9865.000 0.653
9870.000 0.668
9875.000 0.691
9880.000 0.721
9885.000 0.740
9890.000 0.772
9895.000 0.796
9900.000 0.852
9905.000 0.907
9910.000 0.956
9915.000 1.059
9920.000 1.113
9925.000 1.264
9930.000 1.448
9935.000 1.541
9940.000 1.738
9945.000 1.816
9950.000 1.833
9955.000 1.632
9960.000 1.475
9965.000 1.186
9970.000 1.096
9975.000 0.883
9980.000 0.756
9985.000 0.717
9990.000 0.630
9995.000 0.602
10000.000 0.572
10005.000 0.542
10010.000 0.539
10015.000 0.538
10020.000 0.535
10025.000 0.554
10030.000 0.583
10035.000 0.605
10040.000 0.655
10045.000 0.686
10050.000 0.762
10055.000 0.864
10060.000 0.912
10065.000 1.085
10070.000 1.173
10075.000 1.381
10080.000 1.679
10085.000 1.847
10090.000 2.228
10095.000 2.428
10100.000 2.948
10105.000 3.297
10110.000 3.388
10115.000 3.345
10120.000 3.220
10125.000 2.942
10130.000 2.584
10135.000 2.448
10140.000 2.246
10145.000 2.123
10150.000 1.959
10155.000 1.843
10160.000 1.772
10165.000 1.674
10170.000 1.641
10175.000 1.560
10180.000 1.534
10185.000 1.482
10190.000 1.442
10195.000 1.422
10200.000 1.399
10205.000 1.390
10210.000 1.371
10215.000 1.358
10220.000 1.360
10225.000 1.350
10230.000 1.348
10235.000 1.352
10240.000 1.355
10245.000 1.359
10250.000 1.366
10255.000 1.376
10260.000 1.392
10265.000 1.413
10270.000 1.431
10275.000 1.469
10280.000 1.480
10285.000 1.540
10290.000 1.595
10295.000 1.621
10300.000 1.707
10305.000 1.753
10310.000 1.849
10315.000 1.980
10320.000 2.048
10325.000 2.195
10330.000 2.280
10335.000 2.523
10340.000 2.774
10345.000 2.874
10350.000 3.187
10355.000 3.308
10360.000 3.455
10365.000 3.383
10370.000 3.244
10375.000 2.892
10380.000 2.598
10385.000 2.145
10390.000 1.813
10395.000 1.605
10400.000 1.348
10405.000 1.239
10410.000 1.049
10415.000 0.905
10420.000 0.854
10425.000 0.738
10430.000 0.691
10435.000 0.616
10440.000 0.550
10445.000 0.522
10450.000 0.476
10455.000 0.457
10460.000 0.411
10465.000 0.381
10470.000 0.365
10475.000 0.336
10480.000 0.323
10485.000 0.301
10490.000 0.282
10495.000 0.274
10500.000 0.264
10505.000 0.260
10510.000 0.252
10515.000 0.252
10520.000 0.256
10525.000 0.251
10530.000 0.255
10535.000 0.262
10540.000 0.268
10545.000 0.273
10550.000 0.288
10555.000 0.299
10560.000 0.312
10565.000 0.335
10570.000 0.349
10575.000 0.382
10580.000 0.395
10585.000 0.447
10590.000 0.498
10595.000 0.534
10600.000 0.617
10605.000 0.661
10610.000 0.750
10615.000 0.880
10620.000 0.948
10625.000 1.075
10630.000 1.188
10635.000 1.392
10640.000 1.596
10645.000 1.759
10650.000 2.032
10655.000 2.157
10660.000 2.375
10665.000 2.473
10670.000 2.457
10675.000 2.339
10680.000 2.237
10685.000 2.043
10690.000 1.852
10695.000 1.769
10700.000 1.630
10705.000 1.580
10710.000 1.455
10715.000 1.381
10720.000 1.338
10725.000 1.263
10730.000 1.232
10735.000 1.187
10740.000 1.138
10745.000 1.115
10750.000 1.086
10755.000 1.065
10760.000 1.038
10765.000 1.029
10770.000 1.003
10775.000 0.985
10780.000 0.979
10785.000 0.958
10790.000 0.954
10795.000 0.946
10800.000 0.936
10805.000 0.932
10810.000 0.927
10815.000 0.927
10820.000 0.929
10825.000 0.930
10830.000 0.934
10835.000 0.942
10840.000 0.941
10845.000 0.951
10850.000 0.959
10855.000 0.967
10860.000 0.972
10865.000 0.976
10870.000 0.989
10875.000 1.007
10880.000 1.018
10885.000 1.049
10890.000 1.064
10895.000 1.111
10900.000 1.160
10905.000 1.183
10910.000 1.257
10915.000 1.289
10920.000 1.353
10925.000 1.432
10930.000 1.464
10935.000 1.496
10940.000 1.486
10945.000 1.391
10950.000 1.224
10955.000 1.138
10960.000 0.888
10965.000 0.784
10970.000 0.639
10975.000 0.478
10980.000 0.421
10985.000 0.343
10990.000 0.289
10995.000 0.224
11000.000 0.190
11005.000 0.176
11010.000 0.153
11015.000 0.146
11020.000 0.144
11025.000 0.152
11030.000 0.156
11035.000 0.162
11040.000 0.171
11045.000 0.173
11050.000 0.175
11055.000 0.179
11060.000 0.184
11065.000 0.180
11070.000 0.183
11075.000 0.180
11080.000 0.183
11085.000 0.180
11090.000 0.178
11095.000 0.180
11100.000 0.182
11105.000 0.181
11110.000 0.181
11115.000 0.180
11120.000 0.181
11125.000 0.187
11130.000 0.195
11135.000 0.223
11140.000 0.233
11145.000 0.295
11150.000 0.334
11155.000 0.411
11160.000 0.508
11165.000 0.549
11170.000 0.606
11175.000 0.629
11180.000 0.645
11185.000 0.636
11190.000 0.630
11195.000 0.611
11200.000 0.603
11205.000 0.586
11210.000 0.565
11215.000 0.558
11220.000 0.546
11225.000 0.537
11230.000 0.528
11235.000 0.516
11240.000 0.516
11245.000 0.505
11250.000 0.502
11255.000 0.495
11260.000 0.489
11265.000 0.490
11270.000 0.491
11275.000 0.490
11280.000 0.486
11285.000 0.487
11290.000 0.486
11295.000 0.486
11300.000 0.475
11305.000 0.476
11310.000 0.472
11315.000 0.469
11320.000 0.467
11325.000 0.467
11330.000 0.462
11335.000 0.462
11340.000 0.461
11345.000 0.462
11350.000 0.460
11355.000 0.459
11360.000 0.465
11365.000 0.467
11370.000 0.463
11375.000 0.467
11380.000 0.464
11385.000 0.466
11390.000 0.463
11395.000 0.456
11400.000 0.456
11405.000 0.455
11410.000 0.452
11415.000 0.453
11420.000 0.452
11425.000 0.452
11430.000 0.448
11435.000 0.451
11440.000 0.451
11445.000 0.453
11450.000 0.450
11455.000 0.457
11460.000 0.457
11465.000 0.458
11470.000 0.453
11475.000 0.456
11480.000 0.454
11485.000 0.450
11490.000 0.451
11495.000 0.453
11500.000 0.450
11505.000 0.444
11510.000 0.448
11515.000 0.449
11520.000 0.447
11525.000 0.445
11530.000 0.445
11535.000 0.448
11540.000 0.449
11545.000 0.447
11550.000 0.451
11555.000 0.451
11560.000 0.449
11565.000 0.449
11570.000 0.450
11575.000 0.450
11580.000 0.444
11585.000 0.442
11590.000 0.442
11595.000 0.442
11600.000 0.445
11605.000 0.443
11610.000 0.445
11615.000 0.448
11620.000 0.450
11625.000 0.444
11630.000 0.449
11635.000 0.447
11640.000 0.448
11645.000 0.450
11650.000 0.452
11655.000 0.448
11660.000 0.444
11665.000 0.447
11670.000 0.443
11675.000 0.441
11680.000 0.440
11685.000 0.439
11690.000 0.442
11695.000 0.442
11700.000 0.443
11705.000 0.445
11710.000 0.444
11715.000 0.444
11720.000 0.448
11725.000 0.444
11730.000 0.447
11735.000 0.448
11740.000 0.447
11745.000 0.448
11750.000 0.445
11755.000 0.439
11760.000 0.442
11765.000 0.439
11770.000 0.436
11775.000 0.441
11780.000 0.438
11785.000 0.439
11790.000 0.440
11795.000 0.443
11800.000 0.443
11805.000 0.439
11810.000 0.443
11815.000 0.443
11820.000 0.444
11825.000 0.446
11830.000 0.445
11835.000 0.445
11840.000 0.441
11845.000 0.439
11850.000 0.439
11855.000 0.439
11860.000 0.440
11865.000 0.435
11870.000 0.433
11875.000 0.438
11880.000 0.439
11885.000 0.440
11890.000 0.442
11895.000 0.444
11900.000 0.443
11905.000 0.442
11910.000 0.445
11915.000 0.440
11920.000 0.438
11925.000 0.439
11930.000 0.437
11935.000 0.436
11940.000 0.436
11945.000 0.438
11950.000 0.437
11955.000 0.437
11960.000 0.434
11965.000 0.433
11970.000 0.439
11975.000 0.434
11980.000 0.439
11985.000 0.443
11990.000 0.441
11995.000 0.443
12000.000 0.438
