105.000 0.413
110.000 3.932
115.000 4.109
120.000 4.116
125.000 4.326
130.000 4.564
135.000 4.631
140.000 5.013
145.000 4.959
150.000 5.401
155.000 5.337
160.000 5.764
165.000 6.114
170.000 6.240
175.000 6.648
180.000 6.921
185.000 7.335
190.000 7.853
195.000 8.353
200.000 8.846
205.000 9.616
210.000 10.051
215.000 10.973
220.000 11.610
225.000 12.800
230.000 14.366
235.000 15.360
240.000 17.528
245.000 18.731
250.000 21.964
255.000 25.645
260.000 28.210
265.000 34.619
270.000 38.814
275.000 50.064
280.000 66.644
285.000 77.976
290.000 105.861
295.000 119.608
300.000 127.116
305.000 99.382
310.000 82.709
315.000 64.596
320.000 58.782
325.000 50.306
330.000 47.210
335.000 42.555
340.000 39.318
345.000 37.988
350.000 36.113
355.000 35.447
360.000 34.397
365.000 33.718
370.000 33.577
375.000 33.498
380.000 33.544
385.000 33.937
390.000 34.489
395.000 34.809
400.000 35.636
405.000 36.113
410.000 37.086
415.000 38.086
420.000 38.564
425.000 39.380
430.000 39.707
435.000 40.163
440.000 40.250
445.000 40.159
450.000 39.649
455.000 39.270
460.000 38.275
465.000 37.105
470.000 36.500
475.000 35.297
480.000 34.734
485.000 33.712
490.000 32.853
495.000 32.518
500.000 32.011
505.000 31.888
510.000 31.833
515.000 32.086
520.000 32.346
525.000 33.298
530.000 33.993
535.000 35.808
540.000 38.487
545.000 40.248
550.000 44.944
555.000 48.224
560.000 57.087
565.000 70.975
570.000 80.977
575.000 108.725
580.000 124.627
585.000 134.297
590.000 100.899
595.000 71.508
600.000 48.173
605.000 40.228
610.000 30.821
615.000 27.526
620.000 22.405
625.000 18.786
630.000 17.398
635.000 15.027
640.000 14.034
645.000 12.417
650.000 11.077
655.000 10.506
660.000 9.540
665.000 9.114
670.000 8.375
675.000 7.767
680.000 7.469
685.000 6.989
690.000 6.770
695.000 6.397
700.000 6.069
705.000 5.920
710.000 5.640
715.000 5.517
720.000 5.292
725.000 5.124
730.000 5.037
735.000 4.907
740.000 4.842
745.000 4.755
750.000 4.680
755.000 4.659
760.000 4.628
765.000 4.625
770.000 4.634
775.000 4.679
780.000 4.724
785.000 4.834
790.000 4.908
795.000 5.099
800.000 5.331
805.000 5.473
810.000 5.786
815.000 5.985
820.000 6.461
825.000 7.120
830.000 7.537
835.000 8.624
840.000 9.349
845.000 11.362
850.000 14.501
855.000 16.601
860.000 21.857
865.000 24.077
870.000 22.713
875.000 13.306
880.000 10.661
885.000 7.602
890.000 6.561
895.000 5.099
900.000 4.073
905.000 3.690
910.000 3.101
915.000 2.858
920.000 2.460
925.000 2.146
930.000 2.007
935.000 1.775
940.000 1.675
945.000 1.496
950.000 1.355
955.000 1.296
960.000 1.179
965.000 1.126
970.000 1.035
975.000 0.957
980.000 0.914
985.000 0.843
990.000 0.806
995.000 0.742
1000.000 0.701
1005.000 0.682
1010.000 0.645
1015.000 0.622
1020.000 0.607
1025.000 0.583
1030.000 0.573
1035.000 0.564
1040.000 0.568
1045.000 0.582
1050.000 0.599
1055.000 0.621
1060.000 0.656
1065.000 0.679
1070.000 0.742
1075.000 0.822
1080.000 0.878
1085.000 0.998
1090.000 1.066
1095.000 1.242
1100.000 1.466
1105.000 1.601
1110.000 1.956
1115.000 2.180
1120.000 2.780
1125.000 3.675
1130.000 4.300
1135.000 6.050
1140.000 7.195
1145.000 9.765
1150.000 10.262
1155.000 8.871
1160.000 5.910
1165.000 5.164
1170.000 4.163
1175.000 3.519
1180.000 3.284
1185.000 2.933
1190.000 2.787
1195.000 2.561
1200.000 2.461
1205.000 2.320
1210.000 2.196
1215.000 2.148
1220.000 2.069
1225.000 2.035
1230.000 1.981
1235.000 1.938
1240.000 1.922
1245.000 1.893
1250.000 1.885
1255.000 1.870
1260.000 1.867
1265.000 1.868
1270.000 1.876
1275.000 1.884
1280.000 1.904
1285.000 1.928
1290.000 1.949
1295.000 1.988
1300.000 2.010
1305.000 2.065
1310.000 2.136
1315.000 2.172
1320.000 2.253
1325.000 2.294
1330.000 2.407
1335.000 2.537
1340.000 2.614
1345.000 2.772
1350.000 2.869
1355.000 3.089
1360.000 3.348
1365.000 3.504
1370.000 3.874
1375.000 4.091
1380.000 4.612
1385.000 5.316
1390.000 5.743
1395.000 6.829
1400.000 7.577
1405.000 9.498
1410.000 12.303
1415.000 14.232
1420.000 18.640
1425.000 20.479
1430.000 20.136
1435.000 14.093
1440.000 11.804
1445.000 8.913
1450.000 7.960
1455.000 6.561
1460.000 5.585
1465.000 5.216
1470.000 4.613
1475.000 4.376
1480.000 3.963
1485.000 3.645
1490.000 3.510
1495.000 3.266
1500.000 3.165
1505.000 3.000
1510.000 2.856
1515.000 2.800
1520.000 2.696
1525.000 2.650
1530.000 2.574
1535.000 2.507
1540.000 2.480
1545.000 2.436
1550.000 2.418
1555.000 2.391
1560.000 2.371
1565.000 2.366
1570.000 2.363
1575.000 2.360
1580.000 2.362
1585.000 2.378
1590.000 2.387
1595.000 2.417
1600.000 2.433
1605.000 2.480
1610.000 2.541
1615.000 2.585
1620.000 2.682
1625.000 2.742
1630.000 2.912
1635.000 3.162
1640.000 3.323
1645.000 3.736
1650.000 4.004
1655.000 4.715
1660.000 5.686
1665.000 6.338
1670.000 8.013
1675.000 9.079
1680.000 11.850
1685.000 16.054
1690.000 18.684
1695.000 24.534
1700.000 27.028
1705.000 27.529
1710.000 21.652
1715.000 18.873
1720.000 14.908
1725.000 13.549
1730.000 11.544
1735.000 10.100
1740.000 9.546
1745.000 8.654
1750.000 8.274
1755.000 7.663
1760.000 7.188
1765.000 6.980
1770.000 6.637
1775.000 6.492
1780.000 6.247
1785.000 6.054
1790.000 5.974
1795.000 5.833
1800.000 5.781
1805.000 5.704
1810.000 5.671
1815.000 5.640
1820.000 5.630
1825.000 5.635
1830.000 5.666
1835.000 5.694
1840.000 5.766
1845.000 5.868
1850.000 5.930
1855.000 6.070
1860.000 6.160
1865.000 6.359
1870.000 6.594
1875.000 6.734
1880.000 7.055
1885.000 7.230
1890.000 7.655
1895.000 8.156
1900.000 8.444
1905.000 9.124
1910.000 9.512
1915.000 10.428
1920.000 11.560
1925.000 12.251
1930.000 13.890
1935.000 14.822
1940.000 17.263
1945.000 20.293
1950.000 21.970
1955.000 25.760
1960.000 27.471
1965.000 29.429
1970.000 28.016
1975.000 26.134
1980.000 21.843
1985.000 19.834
1990.000 16.422
1995.000 14.005
2000.000 12.979
2005.000 11.298
2010.000 10.629
2015.000 9.538
2020.000 8.608
2025.000 8.251
2030.000 7.599
2035.000 7.309
2040.000 6.829
2045.000 6.426
2050.000 6.248
2055.000 5.937
2060.000 5.814
2065.000 5.586
2070.000 5.394
2075.000 5.320
2080.000 5.191
2085.000 5.134
2090.000 5.049
2095.000 4.988
2100.000 4.972
2105.000 4.971
2110.000 4.972
2115.000 5.008
2120.000 5.076
2125.000 5.120
2130.000 5.242
2135.000 5.321
2140.000 5.504
2145.000 5.748
2150.000 5.891
2155.000 6.225
2160.000 6.435
2165.000 6.927
2170.000 7.527
2175.000 7.896
2180.000 8.821
2185.000 9.378
2190.000 10.707
2195.000 12.569
2200.000 13.684
2205.000 16.262
2210.000 17.799
2215.000 20.425
2220.000 21.140
2225.000 20.259
2230.000 16.813
2235.000 15.046
2240.000 11.981
2245.000 9.854
2250.000 9.070
2255.000 7.716
2260.000 7.189
2265.000 6.355
2270.000 5.664
2275.000 5.392
2280.000 4.923
2285.000 4.726
2290.000 4.370
2295.000 4.095
2300.000 3.979
2305.000 3.766
2310.000 3.675
2315.000 3.525
2320.000 3.399
2325.000 3.350
2330.000 3.275
2335.000 3.241
2340.000 3.195
2345.000 3.181
2350.000 3.182
2355.000 3.210
2360.000 3.234
2365.000 3.316
2370.000 3.443
2375.000 3.525
2380.000 3.742
2385.000 3.889
2390.000 4.297
2395.000 4.533
2400.000 5.220
2405.000 6.149
2410.000 6.677
2415.000 7.726
2420.000 7.938
2425.000 6.989
2430.000 4.709
2435.000 3.844
2440.000 2.734
2445.000 2.325
2450.000 1.732
2455.000 1.359
2460.000 1.203
2465.000 0.959
2470.000 0.864
2475.000 0.716
2480.000 0.605
2485.000 0.561
2490.000 0.490
2495.000 0.458
2500.000 0.415
2505.000 0.385
2510.000 0.375
2515.000 0.359
2520.000 0.353
2525.000 0.347
2530.000 0.343
2535.000 0.345
2540.000 0.346
2545.000 0.352
2550.000 0.351
2555.000 0.356
2560.000 0.361
2565.000 0.363
2570.000 0.366
2575.000 0.372
2580.000 0.375
2585.000 0.376
2590.000 0.381
2595.000 0.383
2600.000 0.383
2605.000 0.389
2610.000 0.393
2615.000 0.394
2620.000 0.399
2625.000 0.401
2630.000 0.407
2635.000 0.406
2640.000 0.413
2645.000 0.412
2650.000 0.413
2655.000 0.418
2660.000 0.420
2665.000 0.418
2670.000 0.418
2675.000 0.422
2680.000 0.423
2685.000 0.426
2690.000 0.420
2695.000 0.423
2700.000 0.429
2705.000 0.428
2710.000 0.432
2715.000 0.430
2720.000 0.433
2725.000 0.430
2730.000 0.433
2735.000 0.437
2740.000 0.435
2745.000 0.436
2750.000 0.438
2755.000 0.435
2760.000 0.437
2765.000 0.436
2770.000 0.440
2775.000 0.438
2780.000 0.442
2785.000 0.443
2790.000 0.442
2795.000 0.446
2800.000 0.444
2805.000 0.446
2810.000 0.448
2815.000 0.450
2820.000 0.448
2825.000 0.450
2830.000 0.450
2835.000 0.448
2840.000 0.453
2845.000 0.449
2850.000 0.452
2855.000 0.449
2860.000 0.447
2865.000 0.448
2870.000 0.445
2875.000 0.451
2880.000 0.446
2885.000 0.450
2890.000 0.450
2895.000 0.451
2900.000 0.452
2905.000 0.449
2910.000 0.449
2915.000 0.449
2920.000 0.451
2925.000 0.450
2930.000 0.450
2935.000 0.445
2940.000 0.452
2945.000 0.452
2950.000 0.445
2955.000 0.447
2960.000 0.448
2965.000 0.453
2970.000 0.456
2975.000 0.451
2980.000 0.455
2985.000 0.450
2990.000 0.452
2995.000 0.449
3000.000 0.455
3005.000 0.457
3010.000 0.452
3015.000 0.446
3020.000 0.459
3025.000 0.455
3030.000 0.448
3035.000 0.446
3040.000 0.445
3045.000 0.440
3050.000 0.453
3055.000 0.441
3060.000 0.449
3065.000 0.453
3070.000 0.448
3075.000 0.446
3080.000 0.448
3085.000 0.446
3090.000 0.448
3095.000 0.447
3100.000 0.448
3105.000 0.449
3110.000 0.449
3115.000 0.449
3120.000 0.450
3125.000 0.447
3130.000 0.448
3135.000 0.447
3140.000 0.451
3145.000 0.448
3150.000 0.450
3155.000 0.450
3160.000 0.456
3165.000 0.453
3170.000 0.458
3175.000 0.465
3180.000 0.463
3185.000 0.464
3190.000 0.475
3195.000 0.475
3200.000 0.481
3205.000 0.484
3210.000 0.497
3215.000 0.502
3220.000 0.511
3225.000 0.528
3230.000 0.540
3235.000 0.563
3240.000 0.595
3245.000 0.608
3250.000 0.655
3255.000 0.674
3260.000 0.737
3265.000 0.809
3270.000 0.852
3275.000 0.963
3280.000 1.031
3285.000 1.197
3290.000 1.290
3295.000 1.517
3300.000 1.850
3305.000 2.050
3310.000 2.537
3315.000 2.875
3320.000 3.817
3325.000 5.120
3330.000 6.027
3335.000 8.541
3340.000 9.950
3345.000 12.099
3350.000 11.402
3355.000 10.148
3360.000 8.305
3365.000 7.627
3370.000 6.831
3375.000 6.401
3380.000 6.268
3385.000 6.170
3390.000 6.183
3395.000 6.355
3400.000 6.716
3405.000 6.959
3410.000 7.697
3415.000 8.736
3420.000 9.414
3425.000 11.184
3430.000 12.329
3435.000 14.831
3440.000 16.744
3445.000 16.850
3450.000 14.508
3455.000 12.820
3460.000 9.674
3465.000 7.724
3470.000 7.062
3475.000 5.922
3480.000 5.505
3485.000 4.875
3490.000 4.367
3495.000 4.173
3500.000 3.872
3505.000 3.727
3510.000 3.519
3515.000 3.370
3520.000 3.302
3525.000 3.212
3530.000 3.183
3535.000 3.146
3540.000 3.138
3545.000 3.144
3550.000 3.186
3555.000 3.214
3560.000 3.307
3565.000 3.432
3570.000 3.519
3575.000 3.738
3580.000 3.848
3585.000 4.168
3590.000 4.356
3595.000 4.798
3600.000 5.445
3605.000 5.833
3610.000 6.761
3615.000 7.394
3620.000 9.058
3625.000 11.107
3630.000 12.277
3635.000 14.404
3640.000 14.737
3645.000 13.258
3650.000 10.109
3655.000 8.878
3660.000 7.139
3665.000 6.397
3670.000 5.393
3675.000 4.689
3680.000 4.377
3685.000 3.904
3690.000 3.734
3695.000 3.389
3700.000 3.139
3705.000 3.042
3710.000 2.845
3715.000 2.771
3720.000 2.642
3725.000 2.530
3730.000 2.483
3735.000 2.418
3740.000 2.379
3745.000 2.330
3750.000 2.297
3755.000 2.286
3760.000 2.271
3765.000 2.271
3770.000 2.281
3775.000 2.299
3780.000 2.323
3785.000 2.365
3790.000 2.400
3795.000 2.479
3800.000 2.573
3805.000 2.645
3810.000 2.786
3815.000 2.873
3820.000 3.090
3825.000 3.371
3830.000 3.544
3835.000 3.968
3840.000 4.227
3845.000 4.899
3850.000 5.787
3855.000 6.404
3860.000 7.804
3865.000 8.519
3870.000 9.784
3875.000 9.895
3880.000 8.633
3885.000 6.495
3890.000 5.692
3895.000 4.559
3900.000 4.082
3905.000 3.405
3910.000 2.943
3915.000 2.741
3920.000 2.429
3925.000 2.298
3930.000 2.096
3935.000 1.927
3940.000 1.856
3945.000 1.737
3950.000 1.689
3955.000 1.604
3960.000 1.529
3965.000 1.500
3970.000 1.461
3975.000 1.442
3980.000 1.412
3985.000 1.377
3990.000 1.386
3995.000 1.375
4000.000 1.378
4005.000 1.369
4010.000 1.387
4015.000 1.409
4020.000 1.421
4025.000 1.449
4030.000 1.478
4035.000 1.546
4040.000 1.579
4045.000 1.655
4050.000 1.705
4055.000 1.808
4060.000 1.963
4065.000 2.042
4070.000 2.242
4075.000 2.375
4080.000 2.686
4085.000 3.066
4090.000 3.345
4095.000 3.989
4100.000 4.370
4105.000 5.428
4110.000 6.674
4115.000 7.260
4120.000 7.847
4125.000 7.594
4130.000 6.230
4135.000 4.821
4140.000 4.309
4145.000 3.568
4150.000 3.284
4155.000 2.803
4160.000 2.483
4165.000 2.348
4170.000 2.103
4175.000 2.006
4180.000 1.860
4185.000 1.726
4190.000 1.672
4195.000 1.581
4200.000 1.539
4205.000 1.466
4210.000 1.404
4215.000 1.378
4220.000 1.327
4225.000 1.309
4230.000 1.270
4235.000 1.241
4240.000 1.232
4245.000 1.215
4250.000 1.209
4255.000 1.204
4260.000 1.207
4265.000 1.209
4270.000 1.221
4275.000 1.229
4280.000 1.254
4285.000 1.287
4290.000 1.304
4295.000 1.355
4300.000 1.385
4305.000 1.447
4310.000 1.541
4315.000 1.588
4320.000 1.712
4325.000 1.788
4330.000 1.983
4335.000 2.218
4340.000 2.379
4345.000 2.780
4350.000 3.023
4355.000 3.554
4360.000 4.127
4365.000 4.277
4370.000 4.082
4375.000 3.676
4380.000 2.791
4385.000 2.163
4390.000 1.910
4395.000 1.554
4400.000 1.430
4405.000 1.204
4410.000 1.049
4415.000 0.990
4420.000 0.883
4425.000 0.842
4430.000 0.777
4435.000 0.716
4440.000 0.700
4445.000 0.663
4450.000 0.646
4455.000 0.621
4460.000 0.602
4465.000 0.594
4470.000 0.583
4475.000 0.576
4480.000 0.577
4485.000 0.572
4490.000 0.573
4495.000 0.573
4500.000 0.582
4505.000 0.594
4510.000 0.598
4515.000 0.622
4520.000 0.646
4525.000 0.660
4530.000 0.704
4535.000 0.727
4540.000 0.781
4545.000 0.856
4550.000 0.899
4555.000 0.992
4560.000 1.059
4565.000 1.226
4570.000 1.421
4575.000 1.548
4580.000 1.903
4585.000 2.124
4590.000 2.628
4595.000 3.367
4600.000 3.740
4605.000 4.309
4610.000 4.397
4615.000 3.955
4620.000 3.263
4625.000 2.919
4630.000 2.449
4635.000 2.288
4640.000 1.986
4645.000 1.776
4650.000 1.699
4655.000 1.523
4660.000 1.464
4665.000 1.365
4670.000 1.281
4675.000 1.245
4680.000 1.192
4685.000 1.162
4690.000 1.110
4695.000 1.071
4700.000 1.052
4705.000 1.017
4710.000 1.003
4715.000 0.980
4720.000 0.961
4725.000 0.954
4730.000 0.948
4735.000 0.943
4740.000 0.943
4745.000 0.947
4750.000 0.955
4755.000 0.971
4760.000 0.984
4765.000 1.020
4770.000 1.058
4775.000 1.086
4780.000 1.152
4785.000 1.189
4790.000 1.285
4795.000 1.407
4800.000 1.489
4805.000 1.688
4810.000 1.789
4815.000 2.077
4820.000 2.350
4825.000 2.423
4830.000 2.330
4835.000 2.138
4840.000 1.656
4845.000 1.223
4850.000 1.066
4855.000 0.842
4860.000 0.741
4865.000 0.609
4870.000 0.507
4875.000 0.466
4880.000 0.406
4885.000 0.380
4890.000 0.340
4895.000 0.315
4900.000 0.305
4905.000 0.293
4910.000 0.285
4915.000 0.284
4920.000 0.293
4925.000 0.300
4930.000 0.313
4935.000 0.327
4940.000 0.356
4945.000 0.394
4950.000 0.418
4955.000 0.475
4960.000 0.516
4965.000 0.584
4970.000 0.715
4975.000 0.784
4980.000 0.930
4985.000 1.020
4990.000 1.277
4995.000 1.572
5000.000 1.787
5005.000 2.327
5010.000 2.629
5015.000 3.222
5020.000 3.715
5025.000 3.731
5030.000 3.425
5035.000 3.112
5040.000 2.625
5045.000 2.301
5050.000 2.142
5055.000 1.921
5060.000 1.842
5065.000 1.677
5070.000 1.623
5075.000 1.537
5080.000 1.457
5085.000 1.432
5090.000 1.388
5095.000 1.370
5100.000 1.345
5105.000 1.332
5110.000 1.332
5115.000 1.337
5120.000 1.346
5125.000 1.374
5130.000 1.412
5135.000 1.437
5140.000 1.482
5145.000 1.503
5150.000 1.496
5155.000 1.356
5160.000 1.189
5165.000 0.776
5170.000 0.593
5175.000 0.281
5180.000 0.120
5185.000 0.098
5190.000 0.155
5195.000 0.185
5200.000 0.244
5205.000 0.297
5210.000 0.314
5215.000 0.341
5220.000 0.355
5225.000 0.375
5230.000 0.394
5235.000 0.404
5240.000 0.416
5245.000 0.417
5250.000 0.428
5255.000 0.430
5260.000 0.437
5265.000 0.441
5270.000 0.440
5275.000 0.447
5280.000 0.451
5285.000 0.449
5290.000 0.456
5295.000 0.456
5300.000 0.460
5305.000 0.465
5310.000 0.467
5315.000 0.470
5320.000 0.469
5325.000 0.470
5330.000 0.468
5335.000 0.471
5340.000 0.475
5345.000 0.468
5350.000 0.467
5355.000 0.469
5360.000 0.470
5365.000 0.471
5370.000 0.472
5375.000 0.474
5380.000 0.473
5385.000 0.472
5390.000 0.478
5395.000 0.476
5400.000 0.478
5405.000 0.480
5410.000 0.477
5415.000 0.478
5420.000 0.480
5425.000 0.475
5430.000 0.477
5435.000 0.478
5440.000 0.475
5445.000 0.474
5450.000 0.473
5455.000 0.474
5460.000 0.471
5465.000 0.475
5470.000 0.479
5475.000 0.480
5480.000 0.480
5485.000 0.479
5490.000 0.481
5495.000 0.480
5500.000 0.479
5505.000 0.481
5510.000 0.482
5515.000 0.478
5520.000 0.479
5525.000 0.479
5530.000 0.475
5535.000 0.474
5540.000 0.477
5545.000 0.476
5550.000 0.474
5555.000 0.473
5560.000 0.476
5565.000 0.480
5570.000 0.479
5575.000 0.481
5580.000 0.482
5585.000 0.483
5590.000 0.485
5595.000 0.479
5600.000 0.478
5605.000 0.480
5610.000 0.478
5615.000 0.476
5620.000 0.476
5625.000 0.476
5630.000 0.473
5635.000 0.475
5640.000 0.478
5645.000 0.478
5650.000 0.479
5655.000 0.480
5660.000 0.483
5665.000 0.481
5670.000 0.483
5675.000 0.483
5680.000 0.485
5685.000 0.480
5690.000 0.479
5695.000 0.482
5700.000 0.478
5705.000 0.476
5710.000 0.477
5715.000 0.476
5720.000 0.474
5725.000 0.476
5730.000 0.476
5735.000 0.481
5740.000 0.480
5745.000 0.481
5750.000 0.482
5755.000 0.486
5760.000 0.485
5765.000 0.479
5770.000 0.483
5775.000 0.483
5780.000 0.479
5785.000 0.479
5790.000 0.478
5795.000 0.475
5800.000 0.475
5805.000 0.477
5810.000 0.475
5815.000 0.477
5820.000 0.477
5825.000 0.475
5830.000 0.482
5835.000 0.481
5840.000 0.480
5845.000 0.486
5850.000 0.486
5855.000 0.484
5860.000 0.484
5865.000 0.480
5870.000 0.481
5875.000 0.480
5880.000 0.475
5885.000 0.476
5890.000 0.473
5895.000 0.473
5900.000 0.475
5905.000 0.478
5910.000 0.478
5915.000 0.476
5920.000 0.478
5925.000 0.481
5930.000 0.478
5935.000 0.482
5940.000 0.483
5945.000 0.480
5950.000 0.479
5955.000 0.476
5960.000 0.472
5965.000 0.473
5970.000 0.467
5975.000 0.466
5980.000 0.475
5985.000 0.479
5990.000 0.482
5995.000 0.467
6000.000 0.484
6005.000 0.484
6010.000 0.483
6015.000 0.475
6020.000 0.482
6025.000 0.485
6030.000 0.479
6035.000 0.481
6040.000 0.479
6045.000 0.478
6050.000 0.482
6055.000 0.482
6060.000 0.476
6065.000 0.476
6070.000 0.478
6075.000 0.478
6080.000 0.481
6085.000 0.479
6090.000 0.477
6095.000 0.485
6100.000 0.487
6105.000 0.483
6110.000 0.487
6115.000 0.487
6120.000 0.487
6125.000 0.486
6130.000 0.485
6135.000 0.483
6140.000 0.484
6145.000 0.480
6150.000 0.479
6155.000 0.479
6160.000 0.480
6165.000 0.479
6170.000 0.480
6175.000 0.483
6180.000 0.483
6185.000 0.482
6190.000 0.484
6195.000 0.491
6200.000 0.487
6205.000 0.490
6210.000 0.487
6215.000 0.490
6220.000 0.487
6225.000 0.482
6230.000 0.480
6235.000 0.481
6240.000 0.477
6245.000 0.481
6250.000 0.475
6255.000 0.477
6260.000 0.476
6265.000 0.481
6270.000 0.482
6275.000 0.482
6280.000 0.484
6285.000 0.483
6290.000 0.486
6295.000 0.485
6300.000 0.475
6305.000 0.490
6310.000 0.474
6315.000 0.480
6320.000 0.478
6325.000 0.480
6330.000 0.478
6335.000 0.476
6340.000 0.480
6345.000 0.478
6350.000 0.480
6355.000 0.479
6360.000 0.482
6365.000 0.485
6370.000 0.485
6375.000 0.487
6380.000 0.489
6385.000 0.487
6390.000 0.488
6395.000 0.488
6400.000 0.484
6405.000 0.485
6410.000 0.479
6415.000 0.480
6420.000 0.483
6425.000 0.480
6430.000 0.481
6435.000 0.483
6440.000 0.486
6445.000 0.489
6450.000 0.487
6455.000 0.494
6460.000 0.494
6465.000 0.490
6470.000 0.492
6475.000 0.493
6480.000 0.493
6485.000 0.493
6490.000 0.493
6495.000 0.493
6500.000 0.496
6505.000 0.495
6510.000 0.494
6515.000 0.498
6520.000 0.498
6525.000 0.501
6530.000 0.504
6535.000 0.510
6540.000 0.519
6545.000 0.520
6550.000 0.529
6555.000 0.537
6560.000 0.543
6565.000 0.550
6570.000 0.558
6575.000 0.576
6580.000 0.583
6585.000 0.601
6590.000 0.632
6595.000 0.651
6600.000 0.699
6605.000 0.729
6610.000 0.794
6615.000 0.912
6620.000 0.976
6625.000 1.151
6630.000 1.255
6635.000 1.597
6640.000 2.065
6645.000 2.310
6650.000 3.086
6655.000 3.443
6660.000 3.866
6665.000 3.681
6670.000 3.463
6675.000 3.147
6680.000 3.041
6685.000 2.951
6690.000 3.014
6695.000 3.107
6700.000 3.415
6705.000 3.633
6710.000 4.209
6715.000 5.063
6720.000 5.551
6725.000 6.427
6730.000 6.764
6735.000 6.612
6740.000 5.724
6745.000 5.124
6750.000 4.321
6755.000 4.071
6760.000 3.568
6765.000 3.269
6770.000 3.171
6775.000 2.998
6780.000 2.944
6785.000 2.880
6790.000 2.871
6795.000 2.872
6800.000 2.926
6805.000 2.984
6810.000 3.117
6815.000 3.298
6820.000 3.442
6825.000 3.766
6830.000 3.969
6835.000 4.441
6840.000 5.166
6845.000 5.639
6850.000 6.614
6855.000 7.206
6860.000 8.142
6865.000 8.305
6870.000 7.912
6875.000 6.596
6880.000 6.015
6885.000 4.787
6890.000 3.996
6895.000 3.730
6900.000 3.198
6905.000 3.003
6910.000 2.716
6915.000 2.456
6920.000 2.362
6925.000 2.213
6930.000 2.143
6935.000 2.045
6940.000 1.980
6945.000 1.949
6950.000 1.910
6955.000 1.903
6960.000 1.906
6965.000 1.922
6970.000 1.944
6975.000 2.007
6980.000 2.039
6985.000 2.145
6990.000 2.285
6995.000 2.363
7000.000 2.594
7005.000 2.711
7010.000 3.082
7015.000 3.538
7020.000 3.785
7025.000 4.554
7030.000 4.964
7035.000 5.787
7040.000 6.518
7045.000 6.602
7050.000 6.170
7055.000 5.711
7060.000 4.661
7065.000 3.969
7070.000 3.623
7075.000 3.144
7080.000 2.962
7085.000 2.677
7090.000 2.449
7095.000 2.358
7100.000 2.219
7105.000 2.149
7110.000 2.055
7115.000 1.971
7120.000 1.946
7125.000 1.897
7130.000 1.883
7135.000 1.859
7140.000 1.850
7145.000 1.848
7150.000 1.866
7155.000 1.880
7160.000 1.913
7165.000 1.943
7170.000 2.002
7175.000 2.073
7180.000 2.133
7185.000 2.250
7190.000 2.321
7195.000 2.481
7200.000 2.708
7205.000 2.838
7210.000 3.153
7215.000 3.348
7220.000 3.823
7225.000 4.388
7230.000 4.775
7235.000 5.497
7240.000 5.776
7245.000 6.115
7250.000 5.702
7255.000 5.348
7260.000 4.318
7265.000 3.901
7270.000 3.277
7275.000 2.716
7280.000 2.515
7285.000 2.218
7290.000 2.055
7295.000 1.841
7300.000 1.689
7305.000 1.603
7310.000 1.484
7315.000 1.437
7320.000 1.353
7325.000 1.286
7330.000 1.258
7335.000 1.211
7340.000 1.188
7345.000 1.160
7350.000 1.139
7355.000 1.131
7360.000 1.129
7365.000 1.126
7370.000 1.137
7375.000 1.153
7380.000 1.167
7385.000 1.215
7390.000 1.243
7395.000 1.306
7400.000 1.407
7405.000 1.462
7410.000 1.591
7415.000 1.672
7420.000 1.908
7425.000 2.162
7430.000 2.346
7435.000 2.788
7440.000 3.068
7445.000 3.548
7450.000 3.809
7455.000 4.038
7460.000 3.856
7465.000 3.585
7470.000 3.066
7475.000 2.879
7480.000 2.454
7485.000 2.169
7490.000 2.075
7495.000 1.866
7500.000 1.793
7505.000 1.679
7510.000 1.577
7515.000 1.538
7520.000 1.481
7525.000 1.449
7530.000 1.410
7535.000 1.379
7540.000 1.367
7545.000 1.351
7550.000 1.345
7555.000 1.339
7560.000 1.346
7565.000 1.351
7570.000 1.366
7575.000 1.377
7580.000 1.409
7585.000 1.449
7590.000 1.478
7595.000 1.543
7600.000 1.579
7605.000 1.685
7610.000 1.801
7615.000 1.860
7620.000 2.054
7625.000 2.161
7630.000 2.383
7635.000 2.727
7640.000 2.903
7645.000 3.245
7650.000 3.422
7655.000 3.640
7660.000 3.505
7665.000 3.299
7670.000 2.722
7675.000 2.456
7680.000 2.058
7685.000 1.694
7690.000 1.560
7695.000 1.345
7700.000 1.260
7705.000 1.115
7710.000 0.999
7715.000 0.953
7720.000 0.875
7725.000 0.849
7730.000 0.783
7735.000 0.735
7740.000 0.721
7745.000 0.684
7750.000 0.671
7755.000 0.657
7760.000 0.642
7765.000 0.636
7770.000 0.632
7775.000 0.629
7780.000 0.633
7785.000 0.641
7790.000 0.645
7795.000 0.680
7800.000 0.701
7805.000 0.749
7810.000 0.844
7815.000 0.898
7820.000 1.043
7825.000 1.143
7830.000 1.360
7835.000 1.574
7840.000 1.680
7845.000 1.760
7850.000 1.735
7855.000 1.585
7860.000 1.416
7865.000 1.357
7870.000 1.224
7875.000 1.176
7880.000 1.106
7885.000 1.041
7890.000 1.015
7895.000 0.980
7900.000 0.967
7905.000 0.939
7910.000 0.919
7915.000 0.911
7920.000 0.909
7925.000 0.904
7930.000 0.903
7935.000 0.923
7940.000 0.931
7945.000 0.956
7950.000 0.966
7955.000 1.008
7960.000 1.066
7965.000 1.096
7970.000 1.165
7975.000 1.199
7980.000 1.304
7985.000 1.395
7990.000 1.410
7995.000 1.389
8000.000 1.321
8005.000 1.144
8010.000 0.913
8015.000 0.837
8020.000 0.741
8025.000 0.684
8030.000 0.623
8035.000 0.593
8040.000 0.540
8045.000 0.481
8050.000 0.454
8055.000 0.406
8060.000 0.391
8065.000 0.383
8070.000 0.374
8075.000 0.364
8080.000 0.343
8085.000 0.325
8090.000 0.276
8095.000 0.244
8100.000 0.234
8105.000 0.230
8110.000 0.245
8115.000 0.296
8120.000 0.373
8125.000 0.392
8130.000 0.429
8135.000 0.447
8140.000 0.467
8145.000 0.479
8150.000 0.480
8155.000 0.476
8160.000 0.477
8165.000 0.476
8170.000 0.479
8175.000 0.481
8180.000 0.470
8185.000 0.471
8190.000 0.473
8195.000 0.475
8200.000 0.475
8205.000 0.472
8210.000 0.476
8215.000 0.483
8220.000 0.482
8225.000 0.486
8230.000 0.485
8235.000 0.485
8240.000 0.483
8245.000 0.484
8250.000 0.485
8255.000 0.483
8260.000 0.477
8265.000 0.474
8270.000 0.472
8275.000 0.474
8280.000 0.470
8285.000 0.471
8290.000 0.473
8295.000 0.474
8300.000 0.472
8305.000 0.480
8310.000 0.480
8315.000 0.482
8320.000 0.485
8325.000 0.482
8330.000 0.488
8335.000 0.479
8340.000 0.478
8345.000 0.479
8350.000 0.475
8355.000 0.471
8360.000 0.474
8365.000 0.471
8370.000 0.470
8375.000 0.472
8380.000 0.473
8385.000 0.474
8390.000 0.473
8395.000 0.482
8400.000 0.480
8405.000 0.481
8410.000 0.481
8415.000 0.484
8420.000 0.483
8425.000 0.481
8430.000 0.477
8435.000 0.476
8440.000 0.473
8445.000 0.470
8450.000 0.470
8455.000 0.474
8460.000 0.471
8465.000 0.469
8470.000 0.470
8475.000 0.476
8480.000 0.478
8485.000 0.475
8490.000 0.479
8495.000 0.480
8500.000 0.480
8505.000 0.483
8510.000 0.480
8515.000 0.481
8520.000 0.477
8525.000 0.470
8530.000 0.472
8535.000 0.472
8540.000 0.468
8545.000 0.471
8550.000 0.468
8555.000 0.473
8560.000 0.472
8565.000 0.472
8570.000 0.477
8575.000 0.477
8580.000 0.481
8585.000 0.481
8590.000 0.483
8595.000 0.481
8600.000 0.477
8605.000 0.474
8610.000 0.473
8615.000 0.471
8620.000 0.469
8625.000 0.470
8630.000 0.468
8635.000 0.470
8640.000 0.468
8645.000 0.467
8650.000 0.474
8655.000 0.473
8660.000 0.473
8665.000 0.478
8670.000 0.480
8675.000 0.482
8680.000 0.478
8685.000 0.480
8690.000 0.482
8695.000 0.479
8700.000 0.474
8705.000 0.475
8710.000 0.469
8715.000 0.468
8720.000 0.468
8725.000 0.468
8730.000 0.469
8735.000 0.467
8740.000 0.477
8745.000 0.476
8750.000 0.471
8755.000 0.481
8760.000 0.482
8765.000 0.478
8770.000 0.480
8775.000 0.477
8780.000 0.477
8785.000 0.478
8790.000 0.471
8795.000 0.475
8800.000 0.470
8805.000 0.468
8810.000 0.468
8815.000 0.469
8820.000 0.463
8825.000 0.478
8830.000 0.488
8835.000 0.480
8840.000 0.479
8845.000 0.476
8850.000 0.482
8855.000 0.475
8860.000 0.475
8865.000 0.476
8870.000 0.469
8875.000 0.474
8880.000 0.472
8885.000 0.464
8890.000 0.465
8895.000 0.467
8900.000 0.465
8905.000 0.465
8910.000 0.467
8915.000 0.473
8920.000 0.474
8925.000 0.472
8930.000 0.476
8935.000 0.476
8940.000 0.478
8945.000 0.478
8950.000 0.480
8955.000 0.477
8960.000 0.475
8965.000 0.471
8970.000 0.471
8975.000 0.469
8980.000 0.462
8985.000 0.469
8990.000 0.469
8995.000 0.465
9000.000 0.470
9005.000 0.475
9010.000 0.474
9015.000 0.470
9020.000 0.474
9025.000 0.478
9030.000 0.475
9035.000 0.479
9040.000 0.475
9045.000 0.472
9050.000 0.478
9055.000 0.472
9060.000 0.467
9065.000 0.469
9070.000 0.465
9075.000 0.461
9080.000 0.467
9085.000 0.469
9090.000 0.472
9095.000 0.471
9100.000 0.477
9105.000 0.475
9110.000 0.475
9115.000 0.481
9120.000 0.477
9125.000 0.477
9130.000 0.475
9135.000 0.469
9140.000 0.469
9145.000 0.472
9150.000 0.465
9155.000 0.464
9160.000 0.464
9165.000 0.465
9170.000 0.465
9175.000 0.463
9180.000 0.472
9185.000 0.471
9190.000 0.474
9195.000 0.477
9200.000 0.476
9205.000 0.478
9210.000 0.478
9215.000 0.475
9220.000 0.477
9225.000 0.470
9230.000 0.472
9235.000 0.469
9240.000 0.466
9245.000 0.464
9250.000 0.463
9255.000 0.462
9260.000 0.465
9265.000 0.466
9270.000 0.468
9275.000 0.473
9280.000 0.471
9285.000 0.474
9290.000 0.475
9295.000 0.475
9300.000 0.476
9305.000 0.475
9310.000 0.470
9315.000 0.472
9320.000 0.465
9325.000 0.467
9330.000 0.466
9335.000 0.463
9340.000 0.464
9345.000 0.461
9350.000 0.469
9355.000 0.467
9360.000 0.466
9365.000 0.473
9370.000 0.477
9375.000 0.474
9380.000 0.476
9385.000 0.473
9390.000 0.477
9395.000 0.474
9400.000 0.470
9405.000 0.469
9410.000 0.468
9415.000 0.463
9420.000 0.464
9425.000 0.460
9430.000 0.464
9435.000 0.461
9440.000 0.464
9445.000 0.467
9450.000 0.471
9455.000 0.468
9460.000 0.476
9465.000 0.476
9470.000 0.474
9475.000 0.472
9480.000 0.475
9485.000 0.471
9490.000 0.466
9495.000 0.468
9500.000 0.469
9505.000 0.466
9510.000 0.463
9515.000 0.463
9520.000 0.465
9525.000 0.467
9530.000 0.465
9535.000 0.463
9540.000 0.469
9545.000 0.470
9550.000 0.474
9555.000 0.475
9560.000 0.477
9565.000 0.475
9570.000 0.472
9575.000 0.471
9580.000 0.471
9585.000 0.464
9590.000 0.464
9595.000 0.464
9600.000 0.462
9605.000 0.462
9610.000 0.464
9615.000 0.466
9620.000 0.465
9625.000 0.464
9630.000 0.471
9635.000 0.472
9640.000 0.474
9645.000 0.474
9650.000 0.474
9655.000 0.474
9660.000 0.472
9665.000 0.469
9670.000 0.468
9675.000 0.466
9680.000 0.461
9685.000 0.464
9690.000 0.460
9695.000 0.461
9700.000 0.460
9705.000 0.463
9710.000 0.471
9715.000 0.469
9720.000 0.468
9725.000 0.475
9730.000 0.473
9735.000 0.474
9740.000 0.472
9745.000 0.476
9750.000 0.474
9755.000 0.474
9760.000 0.471
9765.000 0.467
9770.000 0.468
9775.000 0.463
9780.000 0.469
9785.000 0.467
9790.000 0.468
9795.000 0.470
9800.000 0.470
9805.000 0.480
9810.000 0.485
9815.000 0.488
9820.000 0.483
9825.000 0.489
9830.000 0.491
9835.000 0.489
9840.000 0.492
9845.000 0.494
9850.000 0.496
9855.000 0.498
9860.000 0.506
9865.000 0.506
9870.000 0.521
9875.000 0.533
9880.000 0.544
9885.000 0.569
9890.000 0.582
9895.000 0.612
9900.000 0.661
9905.000 0.686
9910.000 0.724
9915.000 0.738
9920.000 0.738
9925.000 0.658
9930.000 0.575
9935.000 0.420
9940.000 0.365
9945.000 0.305
9950.000 0.303
9955.000 0.325
9960.000 0.402
9965.000 0.462
9970.000 0.607
9975.000 0.837
9980.000 0.981
9985.000 1.312
9990.000 1.448
9995.000 1.796
10000.000 1.903
10005.000 1.891
10010.000 1.761
10015.000 1.688
10020.000 1.590
10025.000 1.486
10030.000 1.460
10035.000 1.411
10040.000 1.393
10045.000 1.386
10050.000 1.386
10055.000 1.399
10060.000 1.433
10065.000 1.456
10070.000 1.534
10075.000 1.622
10080.000 1.673
10085.000 1.806
10090.000 1.900
10095.000 2.078
10100.000 2.247
10105.000 2.329
10110.000 2.367
10115.000 2.358
10120.000 2.049
10125.000 1.695
10130.000 1.534
10135.000 1.191
10140.000 1.075
10145.000 0.898
10150.000 0.739
10155.000 0.680
10160.000 0.598
10165.000 0.552
10170.000 0.494
10175.000 0.456
10180.000 0.435
10185.000 0.421
10190.000 0.419
10195.000 0.426
10200.000 0.443
10205.000 0.453
10210.000 0.508
10215.000 0.534
10220.000 0.600
10225.000 0.704
10230.000 0.766
10235.000 0.911
10240.000 0.983
10245.000 1.239
10250.000 1.503
10255.000 1.650
10260.000 2.040
10265.000 2.194
10270.000 2.374
10275.000 2.357
10280.000 2.275
10285.000 2.095
10290.000 1.961
10295.000 1.778
10300.000 1.647
10305.000 1.570
10310.000 1.474
10315.000 1.437
10320.000 1.369
10325.000 1.320
10330.000 1.307
10335.000 1.273
10340.000 1.258
10345.000 1.244
10350.000 1.235
10355.000 1.237
10360.000 1.236
10365.000 1.235
10370.000 1.248
10375.000 1.261
10380.000 1.277
10385.000 1.314
10390.000 1.339
10395.000 1.384
10400.000 1.468
10405.000 1.510
10410.000 1.607
10415.000 1.682
10420.000 1.822
10425.000 1.888
10430.000 2.054
10435.000 2.172
10440.000 2.192
10445.000 2.112
10450.000 2.009
10455.000 1.744
10460.000 1.389
10465.000 1.243
10470.000 1.031
10475.000 0.921
10480.000 0.735
10485.000 0.626
10490.000 0.574
10495.000 0.477
10500.000 0.439
10505.000 0.381
10510.000 0.326
10515.000 0.305
10520.000 0.265
10525.000 0.248
10530.000 0.227
10535.000 0.216
10540.000 0.208
10545.000 0.209
10550.000 0.214
10555.000 0.235
10560.000 0.258
10565.000 0.268
10570.000 0.315
10575.000 0.342
10580.000 0.394
10585.000 0.483
10590.000 0.528
10595.000 0.633
10600.000 0.701
10605.000 0.873
10610.000 1.020
10615.000 1.105
10620.000 1.264
10625.000 1.325
10630.000 1.436
10635.000 1.549
10640.000 1.588
10645.000 1.591
10650.000 1.556
10655.000 1.464
10660.000 1.376
10665.000 1.318
10670.000 1.235
10675.000 1.209
10680.000 1.151
10685.000 1.102
10690.000 1.090
10695.000 1.051
10700.000 1.044
10705.000 1.028
10710.000 1.009
10715.000 0.999
10720.000 0.990
10725.000 0.982
10730.000 0.986
10735.000 0.991
10740.000 0.996
10745.000 1.004
10750.000 1.013
10755.000 1.037
10760.000 1.049
10765.000 1.086
10770.000 1.127
10775.000 1.153
10780.000 1.198
10785.000 1.214
10790.000 1.258
10795.000 1.289
10800.000 1.296
10805.000 1.304
10810.000 1.288
10815.000 1.210
10820.000 1.025
10825.000 0.921
10830.000 0.747
10835.000 0.639
10840.000 0.479
10845.000 0.377
10850.000 0.318
10855.000 0.239
10860.000 0.209
10865.000 0.157
10870.000 0.122
10875.000 0.108
10880.000 0.082
10885.000 0.074
10890.000 0.068
10895.000 0.057
10900.000 0.059
10905.000 0.059
10910.000 0.060
10915.000 0.068
10920.000 0.079
10925.000 0.088
10930.000 0.121
10935.000 0.137
10940.000 0.172
10945.000 0.234
10950.000 0.270
10955.000 0.346
10960.000 0.475
10965.000 0.541
10970.000 0.665
10975.000 0.756
10980.000 0.871
10985.000 0.928
10990.000 0.932
10995.000 0.916
11000.000 0.889
11005.000 0.842
11010.000 0.823
11015.000 0.798
11020.000 0.761
11025.000 0.753
11030.000 0.729
11035.000 0.727
11040.000 0.711
11045.000 0.707
11050.000 0.709
11055.000 0.710
11060.000 0.710
11065.000 0.706
11070.000 0.709
11075.000 0.711
11080.000 0.714
11085.000 0.719
11090.000 0.724
11095.000 0.727
11100.000 0.730
11105.000 0.728
11110.000 0.724
11115.000 0.692
11120.000 0.627
11125.000 0.595
11130.000 0.483
11135.000 0.435
11140.000 0.364
11145.000 0.315
11150.000 0.304
11155.000 0.299
11160.000 0.293
11165.000 0.294
11170.000 0.299
11175.000 0.303
11180.000 0.308
11185.000 0.312
11190.000 0.317
11195.000 0.328
11200.000 0.335
11205.000 0.357
11210.000 0.375
11215.000 0.411
11220.000 0.439
11225.000 0.454
11230.000 0.471
11235.000 0.471
11240.000 0.472
11245.000 0.471
11250.000 0.467
11255.000 0.463
11260.000 0.461
11265.000 0.458
11270.000 0.454
11275.000 0.453
11280.000 0.450
11285.000 0.452
11290.000 0.450
11295.000 0.449
11300.000 0.454
11305.000 0.450
11310.000 0.452
11315.000 0.452
11320.000 0.453
11325.000 0.456
11330.000 0.455
11335.000 0.451
11340.000 0.451
11345.000 0.446
11350.000 0.447
11355.000 0.442
11360.000 0.446
11365.000 0.443
11370.000 0.442
11375.000 0.445
11380.000 0.447
11385.000 0.446
11390.000 0.445
11395.000 0.450
11400.000 0.449
11405.000 0.448
11410.000 0.447
11415.000 0.452
11420.000 0.448
11425.000 0.447
11430.000 0.446
11435.000 0.446
11440.000 0.439
11445.000 0.439
11450.000 0.438
11455.000 0.439
11460.000 0.439
11465.000 0.440
11470.000 0.442
11475.000 0.445
11480.000 0.445
11485.000 0.447
11490.000 0.446
11495.000 0.448
11500.000 0.447
11505.000 0.447
11510.000 0.445
11515.000 0.444
11520.000 0.442
11525.000 0.445
11530.000 0.440
11535.000 0.440
11540.000 0.440
11545.000 0.441
11550.000 0.441
11555.000 0.441
11560.000 0.440
11565.000 0.442
11570.000 0.446
11575.000 0.446
11580.000 0.447
11585.000 0.447
11590.000 0.446
11595.000 0.445
11600.000 0.445
11605.000 0.443
11610.000 0.438
11615.000 0.444
11620.000 0.442
11625.000 0.438
11630.000 0.437
11635.000 0.437
11640.000 0.439
11645.000 0.441
11650.000 0.439
11655.000 0.442
11660.000 0.444
11665.000 0.443
11670.000 0.445
11675.000 0.444
11680.000 0.443
11685.000 0.444
11690.000 0.442
11695.000 0.440
11700.000 0.441
11705.000 0.439
11710.000 0.437
11715.000 0.436
11720.000 0.435
11725.000 0.437
11730.000 0.436
11735.000 0.433
11740.000 0.437
11745.000 0.441
11750.000 0.445
11755.000 0.441
11760.000 0.443
11765.000 0.443
11770.000 0.441
11775.000 0.440
11780.000 0.439
11785.000 0.439
11790.000 0.438
11795.000 0.437
11800.000 0.437
11805.000 0.435
11810.000 0.435
11815.000 0.434
11820.000 0.437
11825.000 0.436
11830.000 0.439
11835.000 0.440
11840.000 0.439
11845.000 0.440
11850.000 0.443
11855.000 0.440
11860.000 0.439
11865.000 0.439
11870.000 0.438
11875.000 0.439
11880.000 0.437
11885.000 0.434
11890.000 0.434
11895.000 0.432
11900.000 0.432
11905.000 0.436
11910.000 0.435
11915.000 0.436
11920.000 0.438
11925.000 0.441
11930.000 0.437
11935.000 0.438
11940.000 0.439
11945.000 0.436
11950.000 0.438
11955.000 0.435
11960.000 0.435
11965.000 0.436
11970.000 0.435
11975.000 0.435
11980.000 0.436
11985.000 0.432
11990.000 0.432
11995.000 0.434
12000.000 0.434
