105.000 0.649
110.000 4.034
115.000 4.266
120.000 4.529
125.000 4.573
130.000 4.676
135.000 4.749
140.000 4.957
145.000 5.111
150.000 5.285
155.000 5.786
160.000 5.638
165.000 5.995
170.000 6.043
175.000 7.157
180.000 6.752
185.000 7.089
190.000 7.230
195.000 7.690
200.000 8.022
205.000 8.368
210.000 8.774
215.000 9.569
220.000 10.060
225.000 10.497
230.000 10.804
235.000 12.166
240.000 12.901
245.000 13.891
250.000 15.686
255.000 16.224
260.000 18.575
265.000 19.917
270.000 22.046
275.000 24.318
280.000 27.904
285.000 30.297
290.000 35.764
295.000 43.968
300.000 49.077
305.000 62.487
310.000 71.327
315.000 95.429
320.000 126.856
325.000 135.024
330.000 140.539
335.000 139.169
340.000 123.246
345.000 98.210
350.000 89.784
355.000 73.966
360.000 69.415
365.000 62.401
370.000 57.545
375.000 55.834
380.000 53.072
385.000 51.853
390.000 50.201
395.000 49.216
400.000 48.845
405.000 48.694
410.000 48.453
415.000 47.897
420.000 47.582
425.000 47.443
430.000 46.867
435.000 46.421
440.000 45.292
445.000 43.762
450.000 42.859
455.000 40.760
460.000 39.629
465.000 37.259
470.000 34.856
475.000 33.680
480.000 31.410
485.000 30.365
490.000 28.397
495.000 26.636
500.000 25.827
505.000 24.386
510.000 23.762
515.000 22.627
520.000 21.598
525.000 21.229
530.000 20.508
535.000 20.261
540.000 19.741
545.000 19.440
550.000 19.302
555.000 19.155
560.000 19.196
565.000 19.299
570.000 19.584
575.000 19.821
580.000 20.364
585.000 20.789
590.000 21.874
595.000 23.287
600.000 24.170
605.000 26.527
610.000 28.024
615.000 31.927
620.000 37.764
625.000 41.783
630.000 53.021
635.000 61.137
640.000 82.229
645.000 100.794
650.000 98.871
655.000 61.587
660.000 46.661
665.000 32.669
670.000 24.855
675.000 21.999
680.000 17.881
685.000 16.044
690.000 13.644
695.000 12.638
700.000 10.989
705.000 9.705
710.000 9.132
715.000 8.173
720.000 7.752
725.000 7.040
730.000 6.438
735.000 6.164
740.000 5.710
745.000 5.498
750.000 5.126
755.000 4.802
760.000 4.654
765.000 4.407
770.000 4.284
775.000 4.075
780.000 3.913
785.000 3.834
790.000 3.714
795.000 3.658
800.000 3.555
805.000 3.461
810.000 3.405
815.000 3.318
820.000 3.275
825.000 3.207
830.000 3.148
835.000 3.121
840.000 3.088
845.000 3.073
850.000 3.061
855.000 3.057
860.000 3.065
865.000 3.090
870.000 3.107
875.000 3.151
880.000 3.219
885.000 3.268
890.000 3.377
895.000 3.439
900.000 3.600
905.000 3.824
910.000 3.947
915.000 4.268
920.000 4.481
925.000 4.992
930.000 5.591
935.000 6.199
940.000 7.572
945.000 8.474
950.000 10.894
955.000 13.896
960.000 14.851
965.000 12.883
970.000 10.003
975.000 6.220
980.000 4.391
985.000 3.851
990.000 2.957
995.000 2.647
1000.000 2.162
1005.000 1.809
1010.000 1.666
1015.000 1.415
1020.000 1.282
1025.000 1.148
1030.000 1.008
1035.000 0.942
1040.000 0.841
1045.000 0.793
1050.000 0.723
1055.000 0.652
1060.000 0.616
1065.000 0.581
1070.000 0.564
1075.000 0.538
1080.000 0.518
1085.000 0.515
1090.000 0.505
1095.000 0.509
1100.000 0.518
1105.000 0.527
1110.000 0.538
1115.000 0.557
1120.000 0.570
1125.000 0.601
1130.000 0.640
1135.000 0.665
1140.000 0.694
1145.000 0.720
1150.000 0.768
1155.000 0.828
1160.000 0.865
1165.000 0.935
1170.000 0.978
1175.000 1.065
1180.000 1.162
1185.000 1.220
1190.000 1.347
1195.000 1.419
1200.000 1.580
1205.000 1.776
1210.000 1.891
1215.000 2.153
1220.000 2.308
1225.000 2.690
1230.000 3.172
1235.000 3.487
1240.000 4.292
1245.000 4.797
1250.000 6.160
1255.000 8.297
1260.000 9.727
1265.000 13.277
1270.000 15.103
1275.000 16.188
1280.000 14.148
1285.000 9.644
1290.000 7.370
1295.000 6.619
1300.000 5.537
1305.000 5.138
1310.000 4.513
1315.000 4.066
1320.000 3.880
1325.000 3.580
1330.000 3.461
1335.000 3.250
1340.000 3.082
1345.000 3.014
1350.000 2.887
1355.000 2.833
1360.000 2.746
1365.000 2.678
1370.000 2.649
1375.000 2.598
1380.000 2.576
1385.000 2.546
1390.000 2.528
1395.000 2.521
1400.000 2.514
1405.000 2.512
1410.000 2.527
1415.000 2.532
1420.000 2.543
1425.000 2.572
1430.000 2.586
1435.000 2.632
1440.000 2.679
1445.000 2.711
1450.000 2.783
1455.000 2.818
1460.000 2.905
1465.000 3.007
1470.000 3.060
1475.000 3.184
1480.000 3.255
1485.000 3.414
1490.000 3.599
1495.000 3.701
1500.000 3.930
1505.000 4.061
1510.000 4.370
1515.000 4.737
1520.000 4.943
1525.000 5.448
1530.000 5.744
1535.000 6.434
1540.000 7.363
1545.000 7.931
1550.000 9.315
1555.000 10.219
1560.000 12.558
1565.000 15.631
1570.000 17.401
1575.000 20.786
1580.000 21.301
1585.000 18.727
1590.000 16.120
1595.000 11.870
1600.000 9.217
1605.000 8.192
1610.000 6.712
1615.000 6.162
1620.000 5.229
1625.000 4.578
1630.000 4.326
1635.000 3.912
1640.000 3.763
1645.000 3.553
1650.000 3.441
1655.000 3.411
1660.000 3.407
1665.000 3.419
1670.000 3.481
1675.000 3.554
1680.000 3.591
1685.000 3.663
1690.000 3.704
1695.000 3.776
1700.000 3.849
1705.000 3.915
1710.000 3.951
1715.000 3.983
1720.000 4.056
1725.000 4.135
1730.000 4.174
1735.000 4.271
1740.000 4.321
1745.000 4.433
1750.000 4.572
1755.000 4.647
1760.000 4.801
1765.000 4.896
1770.000 5.099
1775.000 5.329
1780.000 5.468
1785.000 5.772
1790.000 5.933
1795.000 6.319
1800.000 6.776
1805.000 7.015
1810.000 7.625
1815.000 7.977
1820.000 8.736
1825.000 9.753
1830.000 10.326
1835.000 11.697
1840.000 12.508
1845.000 14.609
1850.000 17.288
1855.000 18.845
1860.000 22.875
1865.000 25.171
1870.000 29.733
1875.000 32.950
1880.000 32.877
1885.000 29.600
1890.000 27.006
1895.000 22.166
1900.000 18.617
1905.000 17.134
1910.000 14.841
1915.000 13.900
1920.000 12.405
1925.000 11.219
1930.000 10.312
1935.000 9.893
1940.000 9.352
1945.000 8.997
1950.000 8.433
1955.000 8.000
1960.000 7.808
1965.000 7.481
1970.000 7.339
1975.000 7.090
1980.000 6.986
1985.000 6.806
1990.000 6.647
1995.000 6.575
2000.000 6.474
2005.000 6.391
2010.000 6.360
2015.000 6.332
2020.000 6.288
2025.000 6.273
2030.000 6.271
2035.000 6.289
2040.000 6.325
2045.000 6.348
2050.000 6.438
2055.000 6.479
2060.000 6.593
2065.000 6.665
2070.000 6.833
2075.000 7.029
2080.000 7.157
2085.000 7.425
2090.000 7.581
2095.000 7.944
2100.000 8.388
2105.000 8.638
2110.000 9.235
2115.000 9.582
2120.000 10.392
2125.000 11.419
2130.000 12.053
2135.000 13.530
2140.000 14.357
2145.000 16.530
2150.000 19.122
2155.000 20.470
2160.000 23.134
2165.000 24.011
2170.000 23.829
2175.000 22.657
2180.000 18.916
2185.000 15.390
2190.000 13.901
2195.000 11.418
2200.000 10.451
2205.000 8.929
2210.000 7.705
2215.000 7.211
2220.000 6.399
2225.000 6.029
2230.000 5.434
2235.000 4.956
2240.000 4.733
2245.000 4.360
2250.000 4.214
2255.000 3.919
2260.000 3.684
2265.000 3.590
2270.000 3.407
2275.000 3.327
2280.000 3.198
2285.000 3.086
2290.000 3.042
2295.000 2.969
2300.000 2.944
2305.000 2.901
2310.000 2.888
2315.000 2.885
2320.000 2.906
2325.000 2.920
2330.000 2.979
2335.000 3.073
2340.000 3.130
2345.000 3.279
2350.000 3.385
2355.000 3.625
2360.000 3.943
2365.000 4.154
2370.000 4.692
2375.000 5.032
2380.000 5.890
2385.000 7.166
2390.000 7.945
2395.000 9.635
2400.000 10.424
2405.000 10.638
2410.000 8.512
2415.000 7.126
2420.000 5.237
2425.000 4.631
2430.000 3.646
2435.000 3.002
2440.000 2.769
2445.000 2.355
2450.000 2.194
2455.000 1.935
2460.000 1.712
2465.000 1.624
2470.000 1.467
2475.000 1.404
2480.000 1.289
2485.000 1.196
2490.000 1.152
2495.000 1.076
2500.000 1.044
2505.000 0.988
2510.000 0.934
2515.000 0.912
2520.000 0.875
2525.000 0.851
2530.000 0.822
2535.000 0.790
2540.000 0.778
2545.000 0.751
2550.000 0.742
2555.000 0.718
2560.000 0.696
2565.000 0.692
2570.000 0.671
2575.000 0.665
2580.000 0.651
2585.000 0.638
2590.000 0.634
2595.000 0.623
2600.000 0.619
2605.000 0.605
2610.000 0.599
2615.000 0.595
2620.000 0.591
2625.000 0.586
2630.000 0.578
2635.000 0.573
2640.000 0.573
2645.000 0.565
2650.000 0.563
2655.000 0.559
2660.000 0.554
2665.000 0.554
2670.000 0.550
2675.000 0.546
2680.000 0.544
2685.000 0.541
2690.000 0.541
2695.000 0.538
2700.000 0.537
2705.000 0.531
2710.000 0.532
2715.000 0.530
2720.000 0.527
2725.000 0.528
2730.000 0.524
2735.000 0.521
2740.000 0.523
2745.000 0.517
2750.000 0.518
2755.000 0.515
2760.000 0.513
2765.000 0.513
2770.000 0.508
2775.000 0.511
2780.000 0.510
2785.000 0.512
2790.000 0.509
2795.000 0.509
2800.000 0.510
2805.000 0.507
2810.000 0.502
2815.000 0.506
2820.000 0.506
2825.000 0.504
2830.000 0.500
2835.000 0.500
2840.000 0.498
2845.000 0.500
2850.000 0.497
2855.000 0.503
2860.000 0.499
2865.000 0.498
2870.000 0.498
2875.000 0.504
2880.000 0.498
2885.000 0.498
2890.000 0.496
2895.000 0.498
2900.000 0.498
2905.000 0.500
2910.000 0.500
2915.000 0.496
2920.000 0.498
2925.000 0.496
2930.000 0.494
2935.000 0.494
2940.000 0.500
2945.000 0.499
2950.000 0.497
2955.000 0.505
2960.000 0.497
2965.000 0.495
2970.000 0.504
2975.000 0.508
2980.000 0.498
2985.000 0.497
2990.000 0.500
2995.000 0.493
3000.000 0.502
3005.000 0.514
3010.000 0.511
3015.000 0.494
3020.000 0.509
3025.000 0.504
3030.000 0.516
3035.000 0.507
3040.000 0.504
3045.000 0.513
3050.000 0.506
3055.000 0.516
3060.000 0.517
3065.000 0.513
3070.000 0.512
3075.000 0.515
3080.000 0.522
3085.000 0.520
3090.000 0.522
3095.000 0.525
3100.000 0.522
3105.000 0.529
3110.000 0.529
3115.000 0.531
3120.000 0.534
3125.000 0.540
3130.000 0.542
3135.000 0.541
3140.000 0.550
3145.000 0.553
3150.000 0.558
3155.000 0.561
3160.000 0.565
3165.000 0.573
3170.000 0.579
3175.000 0.584
3180.000 0.591
3185.000 0.599
3190.000 0.605
3195.000 0.621
3200.000 0.622
3205.000 0.639
3210.000 0.650
3215.000 0.669
3220.000 0.695
3225.000 0.708
3230.000 0.735
3235.000 0.751
3240.000 0.790
3245.000 0.835
3250.000 0.863
3255.000 0.919
3260.000 0.958
3265.000 1.030
3270.000 1.134
3275.000 1.193
3280.000 1.324
3285.000 1.412
3290.000 1.610
3295.000 1.856
3300.000 2.022
3305.000 2.420
3310.000 2.661
3315.000 3.318
3320.000 4.244
3325.000 4.865
3330.000 6.500
3335.000 7.657
3340.000 10.268
3345.000 12.284
3350.000 12.358
3355.000 10.285
3360.000 9.089
3365.000 7.500
3370.000 6.997
3375.000 6.330
3380.000 5.881
3385.000 5.749
3390.000 5.605
3395.000 5.576
3400.000 5.628
3405.000 5.790
3410.000 5.929
3415.000 6.300
3420.000 6.546
3425.000 7.161
3430.000 8.089
3435.000 8.666
3440.000 10.080
3445.000 11.108
3450.000 13.480
3455.000 16.203
3460.000 17.610
3465.000 18.760
3470.000 18.093
3475.000 14.608
3480.000 11.306
3485.000 10.177
3490.000 8.246
3495.000 6.981
3500.000 6.542
3505.000 5.707
3510.000 5.388
3515.000 4.891
3520.000 4.467
3525.000 4.297
3530.000 4.025
3535.000 3.904
3540.000 3.687
3545.000 3.604
3550.000 3.470
3555.000 3.351
3560.000 3.301
3565.000 3.241
3570.000 3.209
3575.000 3.168
3580.000 3.158
3585.000 3.160
3590.000 3.176
3595.000 3.192
3600.000 3.245
3605.000 3.319
3610.000 3.415
3615.000 3.493
3620.000 3.564
3625.000 3.744
3630.000 3.969
3635.000 4.110
3640.000 4.449
3645.000 4.630
3650.000 5.152
3655.000 5.863
3660.000 6.242
3665.000 7.348
3670.000 8.023
3675.000 9.611
3680.000 11.747
3685.000 12.748
3690.000 13.833
3695.000 12.492
3700.000 11.086
3705.000 8.592
3710.000 7.547
3715.000 6.036
3720.000 5.486
3725.000 4.651
3730.000 4.009
3735.000 3.757
3740.000 3.359
3745.000 3.170
3750.000 2.884
3755.000 2.661
3760.000 2.555
3765.000 2.388
3770.000 2.259
3775.000 2.193
3780.000 2.092
3785.000 2.051
3790.000 1.975
3795.000 1.947
3800.000 1.894
3805.000 1.853
3810.000 1.836
3815.000 1.817
3820.000 1.807
3825.000 1.797
3830.000 1.799
3835.000 1.802
3840.000 1.816
3845.000 1.832
3850.000 1.863
3855.000 1.912
3860.000 1.936
3865.000 1.999
3870.000 2.041
3875.000 2.133
3880.000 2.244
3885.000 2.315
3890.000 2.477
3895.000 2.558
3900.000 2.785
3905.000 3.062
3910.000 3.229
3915.000 3.643
3920.000 3.889
3925.000 4.512
3930.000 5.341
3935.000 5.909
3940.000 7.237
3945.000 7.964
3950.000 9.674
3955.000 10.324
3960.000 10.215
3965.000 8.308
3970.000 7.309
3975.000 5.831
3980.000 5.207
3985.000 4.307
3990.000 3.715
3995.000 3.461
4000.000 3.045
4005.000 2.888
4010.000 2.618
4015.000 2.402
4020.000 2.317
4025.000 2.161
4030.000 2.087
4035.000 1.963
4040.000 1.867
4045.000 1.822
4050.000 1.754
4055.000 1.722
4060.000 1.658
4065.000 1.617
4070.000 1.602
4075.000 1.559
4080.000 1.543
4085.000 1.523
4090.000 1.500
4095.000 1.498
4100.000 1.492
4105.000 1.486
4110.000 1.489
4115.000 1.492
4120.000 1.498
4125.000 1.520
4130.000 1.530
4135.000 1.558
4140.000 1.600
4145.000 1.618
4150.000 1.666
4155.000 1.701
4160.000 1.774
4165.000 1.855
4170.000 1.916
4175.000 2.040
4180.000 2.107
4185.000 2.298
4190.000 2.529
4195.000 2.664
4200.000 3.028
4205.000 3.239
4210.000 3.776
4215.000 4.462
4220.000 4.876
4225.000 5.640
4230.000 5.869
4235.000 5.679
4240.000 4.607
4245.000 4.074
4250.000 3.054
4255.000 2.719
4260.000 2.242
4265.000 1.864
4270.000 1.726
4275.000 1.519
4280.000 1.411
4285.000 1.267
4290.000 1.156
4295.000 1.101
4300.000 1.019
4305.000 0.982
4310.000 0.922
4315.000 0.876
4320.000 0.852
4325.000 0.822
4330.000 0.804
4335.000 0.781
4340.000 0.761
4345.000 0.750
4350.000 0.735
4355.000 0.730
4360.000 0.720
4365.000 0.716
4370.000 0.718
4375.000 0.715
4380.000 0.717
4385.000 0.726
4390.000 0.738
4395.000 0.742
4400.000 0.760
4405.000 0.769
4410.000 0.796
4415.000 0.826
4420.000 0.848
4425.000 0.896
4430.000 0.922
4435.000 0.983
4440.000 1.064
4445.000 1.114
4450.000 1.225
4455.000 1.299
4460.000 1.468
4465.000 1.677
4470.000 1.832
4475.000 2.188
4480.000 2.381
4485.000 2.974
4490.000 3.695
4495.000 4.069
4500.000 4.723
4505.000 4.852
4510.000 4.492
4515.000 3.671
4520.000 3.317
4525.000 2.784
4530.000 2.572
4535.000 2.218
4540.000 1.994
4545.000 1.898
4550.000 1.720
4555.000 1.656
4560.000 1.556
4565.000 1.506
4570.000 1.427
4575.000 1.373
4580.000 1.343
4585.000 1.296
4590.000 1.281
4595.000 1.243
4600.000 1.218
4605.000 1.206
4610.000 1.183
4615.000 1.176
4620.000 1.163
4625.000 1.150
4630.000 1.144
4635.000 1.142
4640.000 1.140
4645.000 1.138
4650.000 1.136
4655.000 1.146
4660.000 1.132
4665.000 1.132
4670.000 1.146
4675.000 1.153
4680.000 1.163
4685.000 1.179
4690.000 1.189
4695.000 1.217
4700.000 1.253
4705.000 1.276
4710.000 1.336
4715.000 1.365
4720.000 1.451
4725.000 1.566
4730.000 1.639
4735.000 1.810
4740.000 1.922
4745.000 2.153
4750.000 2.335
4755.000 2.372
4760.000 2.184
4765.000 1.983
4770.000 1.448
4775.000 1.053
4780.000 0.922
4785.000 0.681
4790.000 0.597
4795.000 0.476
4800.000 0.376
4805.000 0.337
4810.000 0.282
4815.000 0.257
4820.000 0.215
4825.000 0.183
4830.000 0.173
4835.000 0.156
4840.000 0.150
4845.000 0.141
4850.000 0.139
4855.000 0.137
4860.000 0.141
4865.000 0.148
4870.000 0.161
4875.000 0.168
4880.000 0.193
4885.000 0.216
4890.000 0.231
4895.000 0.271
4900.000 0.290
4905.000 0.336
4910.000 0.401
4915.000 0.430
4920.000 0.500
4925.000 0.545
4930.000 0.666
4935.000 0.788
4940.000 0.871
4945.000 1.084
4950.000 1.208
4955.000 1.505
4960.000 1.947
4965.000 2.205
4970.000 2.788
4975.000 3.189
4980.000 3.863
4985.000 4.171
4990.000 4.094
4995.000 3.586
5000.000 3.326
5005.000 2.831
5010.000 2.485
5015.000 2.359
5020.000 2.120
5025.000 2.043
5030.000 1.890
5035.000 1.777
5040.000 1.730
5045.000 1.643
5050.000 1.604
5055.000 1.545
5060.000 1.510
5065.000 1.486
5070.000 1.462
5075.000 1.453
5080.000 1.440
5085.000 1.440
5090.000 1.442
5095.000 1.461
5100.000 1.473
5105.000 1.502
5110.000 1.551
5115.000 1.585
5120.000 1.661
5125.000 1.705
5130.000 1.787
5135.000 1.869
5140.000 1.884
5145.000 1.755
5150.000 1.604
5155.000 1.172
5160.000 0.745
5165.000 0.575
5170.000 0.344
5175.000 0.276
5180.000 0.191
5185.000 0.186
5190.000 0.203
5195.000 0.244
5200.000 0.263
5205.000 0.298
5210.000 0.330
5215.000 0.338
5220.000 0.358
5225.000 0.369
5230.000 0.383
5235.000 0.396
5240.000 0.402
5245.000 0.412
5250.000 0.416
5255.000 0.424
5260.000 0.430
5265.000 0.437
5270.000 0.438
5275.000 0.443
5280.000 0.448
5285.000 0.454
5290.000 0.458
5295.000 0.457
5300.000 0.465
5305.000 0.465
5310.000 0.467
5315.000 0.467
5320.000 0.465
5325.000 0.470
5330.000 0.471
5335.000 0.467
5340.000 0.468
5345.000 0.468
5350.000 0.470
5355.000 0.472
5360.000 0.473
5365.000 0.475
5370.000 0.475
5375.000 0.479
5380.000 0.481
5385.000 0.479
5390.000 0.480
5395.000 0.479
5400.000 0.480
5405.000 0.479
5410.000 0.477
5415.000 0.475
5420.000 0.473
5425.000 0.474
5430.000 0.474
5435.000 0.475
5440.000 0.475
5445.000 0.479
5450.000 0.477
5455.000 0.477
5460.000 0.479
5465.000 0.482
5470.000 0.481
5475.000 0.484
5480.000 0.482
5485.000 0.481
5490.000 0.481
5495.000 0.481
5500.000 0.484
5505.000 0.478
5510.000 0.477
5515.000 0.476
5520.000 0.476
5525.000 0.475
5530.000 0.476
5535.000 0.479
5540.000 0.480
5545.000 0.482
5550.000 0.483
5555.000 0.483
5560.000 0.483
5565.000 0.487
5570.000 0.485
5575.000 0.488
5580.000 0.484
5585.000 0.485
5590.000 0.479
5595.000 0.478
5600.000 0.480
5605.000 0.479
5610.000 0.477
5615.000 0.478
5620.000 0.481
5625.000 0.481
5630.000 0.479
5635.000 0.482
5640.000 0.483
5645.000 0.485
5650.000 0.488
5655.000 0.485
5660.000 0.486
5665.000 0.489
5670.000 0.487
5675.000 0.481
5680.000 0.483
5685.000 0.481
5690.000 0.482
5695.000 0.481
5700.000 0.478
5705.000 0.479
5710.000 0.479
5715.000 0.479
5720.000 0.480
5725.000 0.486
5730.000 0.483
5735.000 0.486
5740.000 0.486
5745.000 0.486
5750.000 0.487
5755.000 0.486
5760.000 0.485
5765.000 0.483
5770.000 0.479
5775.000 0.481
5780.000 0.483
5785.000 0.477
5790.000 0.477
5795.000 0.478
5800.000 0.479
5805.000 0.482
5810.000 0.482
5815.000 0.483
5820.000 0.487
5825.000 0.486
5830.000 0.486
5835.000 0.484
5840.000 0.484
5845.000 0.485
5850.000 0.483
5855.000 0.484
5860.000 0.482
5865.000 0.481
5870.000 0.481
5875.000 0.481
5880.000 0.482
5885.000 0.478
5890.000 0.482
5895.000 0.485
5900.000 0.484
5905.000 0.483
5910.000 0.486
5915.000 0.489
5920.000 0.489
5925.000 0.488
5930.000 0.483
5935.000 0.488
5940.000 0.487
5945.000 0.483
5950.000 0.484
5955.000 0.480
5960.000 0.484
5965.000 0.480
5970.000 0.487
5975.000 0.488
5980.000 0.485
5985.000 0.479
5990.000 0.485
5995.000 0.480
6000.000 0.491
6005.000 0.494
6010.000 0.496
6015.000 0.484
6020.000 0.490
6025.000 0.478
6030.000 0.491
6035.000 0.489
6040.000 0.482
6045.000 0.486
6050.000 0.477
6055.000 0.478
6060.000 0.485
6065.000 0.479
6070.000 0.478
6075.000 0.481
6080.000 0.486
6085.000 0.481
6090.000 0.486
6095.000 0.487
6100.000 0.486
6105.000 0.487
6110.000 0.484
6115.000 0.484
6120.000 0.479
6125.000 0.482
6130.000 0.478
6135.000 0.476
6140.000 0.476
6145.000 0.478
6150.000 0.477
6155.000 0.480
6160.000 0.478
6165.000 0.482
6170.000 0.482
6175.000 0.482
6180.000 0.484
6185.000 0.490
6190.000 0.486
6195.000 0.485
6200.000 0.485
6205.000 0.483
6210.000 0.483
6215.000 0.480
6220.000 0.478
6225.000 0.472
6230.000 0.480
6235.000 0.476
6240.000 0.475
6245.000 0.479
6250.000 0.480
6255.000 0.482
6260.000 0.482
6265.000 0.487
6270.000 0.484
6275.000 0.485
6280.000 0.485
6285.000 0.488
6290.000 0.486
6295.000 0.483
6300.000 0.488
6305.000 0.473
6310.000 0.490
6315.000 0.479
6320.000 0.481
6325.000 0.482
6330.000 0.485
6335.000 0.481
6340.000 0.487
6345.000 0.491
6350.000 0.489
6355.000 0.498
6360.000 0.495
6365.000 0.497
6370.000 0.497
6375.000 0.502
6380.000 0.498
6385.000 0.496
6390.000 0.498
6395.000 0.498
6400.000 0.496
6405.000 0.496
6410.000 0.496
6415.000 0.499
6420.000 0.497
6425.000 0.501
6430.000 0.505
6435.000 0.505
6440.000 0.501
6445.000 0.500
6450.000 0.504
6455.000 0.504
6460.000 0.501
6465.000 0.503
6470.000 0.502
6475.000 0.501
6480.000 0.499
6485.000 0.501
6490.000 0.503
6495.000 0.501
6500.000 0.503
6505.000 0.509
6510.000 0.513
6515.000 0.517
6520.000 0.519
6525.000 0.520
6530.000 0.534
6535.000 0.534
6540.000 0.541
6545.000 0.544
6550.000 0.553
6555.000 0.562
6560.000 0.566
6565.000 0.582
6570.000 0.586
6575.000 0.605
6580.000 0.628
6585.000 0.641
6590.000 0.679
6595.000 0.698
6600.000 0.753
6605.000 0.822
6610.000 0.870
6615.000 0.975
6620.000 1.036
6625.000 1.228
6630.000 1.357
6635.000 1.637
6640.000 2.109
6645.000 2.402
6650.000 3.063
6655.000 3.503
6660.000 4.295
6665.000 4.470
6670.000 4.288
6675.000 3.707
6680.000 3.488
6685.000 3.208
6690.000 3.064
6695.000 3.043
6700.000 3.087
6705.000 3.154
6710.000 3.376
6715.000 3.738
6720.000 3.984
6725.000 4.636
6730.000 4.974
6735.000 6.069
6740.000 7.148
6745.000 7.528
6750.000 7.685
6755.000 7.303
6760.000 6.200
6765.000 5.061
6770.000 4.662
6775.000 4.088
6780.000 3.818
6785.000 3.446
6790.000 3.208
6795.000 3.096
6800.000 2.941
6805.000 2.887
6810.000 2.817
6815.000 2.774
6820.000 2.767
6825.000 2.782
6830.000 2.800
6835.000 2.864
6840.000 2.960
6845.000 3.032
6850.000 3.203
6855.000 3.288
6860.000 3.564
6865.000 3.909
6870.000 4.086
6875.000 4.653
6880.000 4.981
6885.000 5.701
6890.000 6.810
6895.000 7.375
6900.000 8.395
6905.000 8.742
6910.000 8.691
6915.000 7.602
6920.000 6.867
6925.000 5.406
6930.000 4.902
6935.000 4.149
6940.000 3.537
6945.000 3.303
6950.000 2.959
6955.000 2.774
6960.000 2.519
6965.000 2.343
6970.000 2.242
6975.000 2.099
6980.000 2.055
6985.000 1.952
6990.000 1.883
6995.000 1.843
7000.000 1.805
7005.000 1.788
7010.000 1.768
7015.000 1.747
7020.000 1.758
7025.000 1.777
7030.000 1.782
7035.000 1.839
7040.000 1.898
7045.000 1.933
7050.000 2.045
7055.000 2.103
7060.000 2.233
7065.000 2.456
7070.000 2.581
7075.000 2.843
7080.000 3.051
7085.000 3.515
7090.000 4.057
7095.000 4.484
7100.000 5.327
7105.000 5.748
7110.000 6.556
7115.000 6.768
7120.000 6.570
7125.000 5.632
7130.000 5.128
7135.000 4.335
7140.000 3.639
7145.000 3.395
7150.000 3.027
7155.000 2.864
7160.000 2.578
7165.000 2.388
7170.000 2.301
7175.000 2.151
7180.000 2.092
7185.000 2.000
7190.000 1.910
7195.000 1.879
7200.000 1.827
7205.000 1.801
7210.000 1.767
7215.000 1.748
7220.000 1.737
7225.000 1.733
7230.000 1.732
7235.000 1.745
7240.000 1.754
7245.000 1.776
7250.000 1.821
7255.000 1.868
7260.000 1.894
7265.000 1.971
7270.000 2.012
7275.000 2.102
7280.000 2.152
7285.000 2.306
7290.000 2.388
7295.000 2.567
7300.000 2.837
7305.000 2.990
7310.000 3.322
7315.000 3.582
7320.000 4.114
7325.000 4.705
7330.000 5.115
7335.000 5.760
7340.000 5.957
7345.000 5.895
7350.000 5.172
7355.000 4.731
7360.000 3.843
7365.000 3.477
7370.000 2.949
7375.000 2.475
7380.000 2.300
7385.000 2.044
7390.000 1.926
7395.000 1.708
7400.000 1.566
7405.000 1.502
7410.000 1.380
7415.000 1.329
7420.000 1.252
7425.000 1.177
7430.000 1.146
7435.000 1.099
7440.000 1.072
7445.000 1.037
7450.000 1.009
7455.000 0.995
7460.000 0.981
7465.000 0.976
7470.000 0.972
7475.000 0.973
7480.000 0.981
7485.000 0.993
7490.000 1.005
7495.000 1.030
7500.000 1.070
7505.000 1.089
7510.000 1.141
7515.000 1.177
7520.000 1.279
7525.000 1.389
7530.000 1.458
7535.000 1.658
7540.000 1.772
7545.000 2.023
7550.000 2.417
7555.000 2.635
7560.000 3.068
7565.000 3.347
7570.000 3.705
7575.000 3.710
7580.000 3.552
7585.000 3.077
7590.000 2.848
7595.000 2.454
7600.000 2.147
7605.000 2.045
7610.000 1.835
7615.000 1.755
7620.000 1.627
7625.000 1.518
7630.000 1.477
7635.000 1.407
7640.000 1.375
7645.000 1.320
7650.000 1.288
7655.000 1.269
7660.000 1.237
7665.000 1.232
7670.000 1.222
7675.000 1.216
7680.000 1.214
7685.000 1.221
7690.000 1.224
7695.000 1.236
7700.000 1.256
7705.000 1.270
7710.000 1.302
7715.000 1.318
7720.000 1.366
7725.000 1.427
7730.000 1.461
7735.000 1.547
7740.000 1.600
7745.000 1.718
7750.000 1.889
7755.000 1.985
7760.000 2.215
7765.000 2.329
7770.000 2.659
7775.000 2.954
7780.000 3.050
7785.000 3.096
7790.000 2.987
7795.000 2.619
7800.000 2.097
7805.000 1.887
7810.000 1.576
7815.000 1.413
7820.000 1.183
7825.000 1.102
7830.000 0.959
7835.000 0.852
7840.000 0.819
7845.000 0.733
7850.000 0.704
7855.000 0.658
7860.000 0.609
7865.000 0.593
7870.000 0.560
7875.000 0.544
7880.000 0.515
7885.000 0.495
7890.000 0.485
7895.000 0.467
7900.000 0.461
7905.000 0.448
7910.000 0.440
7915.000 0.436
7920.000 0.439
7925.000 0.443
7930.000 0.449
7935.000 0.463
7940.000 0.481
7945.000 0.534
7950.000 0.571
7955.000 0.672
7960.000 0.821
7965.000 0.887
7970.000 1.016
7975.000 1.041
7980.000 1.022
7985.000 0.958
7990.000 0.928
7995.000 0.866
8000.000 0.843
8005.000 0.785
8010.000 0.759
8015.000 0.750
8020.000 0.716
8025.000 0.726
8030.000 0.710
8035.000 0.732
8040.000 0.742
8045.000 0.751
8050.000 0.756
8055.000 0.758
8060.000 0.746
8065.000 0.732
8070.000 0.726
8075.000 0.729
8080.000 0.742
8085.000 0.761
8090.000 0.768
8095.000 0.764
8100.000 0.759
8105.000 0.721
8110.000 0.680
8115.000 0.658
8120.000 0.610
8125.000 0.592
8130.000 0.541
8135.000 0.532
8140.000 0.521
8145.000 0.508
8150.000 0.498
8155.000 0.482
8160.000 0.476
8165.000 0.471
8170.000 0.467
8175.000 0.463
8180.000 0.465
8185.000 0.468
8190.000 0.466
8195.000 0.470
8200.000 0.467
8205.000 0.476
8210.000 0.476
8215.000 0.476
8220.000 0.478
8225.000 0.482
8230.000 0.480
8235.000 0.483
8240.000 0.476
8245.000 0.478
8250.000 0.476
8255.000 0.473
8260.000 0.472
8265.000 0.471
8270.000 0.468
8275.000 0.472
8280.000 0.471
8285.000 0.474
8290.000 0.475
8295.000 0.478
8300.000 0.481
8305.000 0.479
8310.000 0.481
8315.000 0.484
8320.000 0.481
8325.000 0.479
8330.000 0.477
8335.000 0.476
8340.000 0.478
8345.000 0.472
8350.000 0.471
8355.000 0.473
8360.000 0.474
8365.000 0.473
8370.000 0.472
8375.000 0.475
8380.000 0.476
8385.000 0.478
8390.000 0.479
8395.000 0.483
8400.000 0.483
8405.000 0.484
8410.000 0.482
8415.000 0.481
8420.000 0.479
8425.000 0.475
8430.000 0.478
8435.000 0.476
8440.000 0.470
8445.000 0.471
8450.000 0.475
8455.000 0.477
8460.000 0.474
8465.000 0.476
8470.000 0.478
8475.000 0.479
8480.000 0.479
8485.000 0.484
8490.000 0.483
8495.000 0.484
8500.000 0.483
8505.000 0.481
8510.000 0.481
8515.000 0.476
8520.000 0.472
8525.000 0.473
8530.000 0.470
8535.000 0.469
8540.000 0.471
8545.000 0.473
8550.000 0.477
8555.000 0.476
8560.000 0.478
8565.000 0.478
8570.000 0.480
8575.000 0.482
8580.000 0.483
8585.000 0.481
8590.000 0.484
8595.000 0.477
8600.000 0.476
8605.000 0.472
8610.000 0.468
8615.000 0.471
8620.000 0.469
8625.000 0.473
8630.000 0.472
8635.000 0.472
8640.000 0.472
8645.000 0.475
8650.000 0.477
8655.000 0.483
8660.000 0.484
8665.000 0.484
8670.000 0.483
8675.000 0.480
8680.000 0.479
8685.000 0.479
8690.000 0.473
8695.000 0.472
8700.000 0.469
8705.000 0.470
8710.000 0.467
8715.000 0.471
8720.000 0.475
8725.000 0.471
8730.000 0.472
8735.000 0.478
8740.000 0.480
8745.000 0.481
8750.000 0.484
8755.000 0.482
8760.000 0.484
8765.000 0.481
8770.000 0.479
8775.000 0.480
8780.000 0.473
8785.000 0.470
8790.000 0.472
8795.000 0.470
8800.000 0.471
8805.000 0.468
8810.000 0.476
8815.000 0.482
8820.000 0.462
8825.000 0.476
8830.000 0.461
8835.000 0.488
8840.000 0.488
8845.000 0.480
8850.000 0.480
8855.000 0.478
8860.000 0.476
8865.000 0.475
8870.000 0.477
8875.000 0.472
8880.000 0.468
8885.000 0.474
8890.000 0.469
8895.000 0.475
8900.000 0.471
8905.000 0.473
8910.000 0.476
8915.000 0.472
8920.000 0.479
8925.000 0.481
8930.000 0.483
8935.000 0.476
8940.000 0.473
8945.000 0.474
8950.000 0.478
8955.000 0.469
8960.000 0.468
8965.000 0.473
8970.000 0.468
8975.000 0.468
8980.000 0.472
8985.000 0.469
8990.000 0.466
8995.000 0.475
9000.000 0.481
9005.000 0.480
9010.000 0.483
9015.000 0.485
9020.000 0.484
9025.000 0.484
9030.000 0.482
9035.000 0.471
9040.000 0.475
9045.000 0.477
9050.000 0.468
9055.000 0.467
9060.000 0.471
9065.000 0.465
9070.000 0.466
9075.000 0.466
9080.000 0.471
9085.000 0.473
9090.000 0.472
9095.000 0.480
9100.000 0.481
9105.000 0.478
9110.000 0.482
9115.000 0.480
9120.000 0.479
9125.000 0.478
9130.000 0.472
9135.000 0.473
9140.000 0.473
9145.000 0.468
9150.000 0.468
9155.000 0.468
9160.000 0.472
9165.000 0.467
9170.000 0.472
9175.000 0.475
9180.000 0.476
9185.000 0.475
9190.000 0.481
9195.000 0.478
9200.000 0.479
9205.000 0.474
9210.000 0.477
9215.000 0.476
9220.000 0.470
9225.000 0.468
9230.000 0.470
9235.000 0.467
9240.000 0.467
9245.000 0.467
9250.000 0.470
9255.000 0.467
9260.000 0.469
9265.000 0.473
9270.000 0.476
9275.000 0.478
9280.000 0.480
9285.000 0.477
9290.000 0.475
9295.000 0.475
9300.000 0.471
9305.000 0.472
9310.000 0.470
9315.000 0.469
9320.000 0.466
9325.000 0.468
9330.000 0.468
9335.000 0.465
9340.000 0.467
9345.000 0.470
9350.000 0.472
9355.000 0.469
9360.000 0.476
9365.000 0.480
9370.000 0.477
9375.000 0.475
9380.000 0.477
9385.000 0.477
9390.000 0.474
9395.000 0.467
9400.000 0.470
9405.000 0.464
9410.000 0.464
9415.000 0.463
9420.000 0.464
9425.000 0.466
9430.000 0.466
9435.000 0.466
9440.000 0.473
9445.000 0.474
9450.000 0.471
9455.000 0.477
9460.000 0.476
9465.000 0.476
9470.000 0.475
9475.000 0.474
9480.000 0.473
9485.000 0.469
9490.000 0.466
9495.000 0.467
9500.000 0.462
9505.000 0.463
9510.000 0.465
9515.000 0.466
9520.000 0.468
9525.000 0.468
9530.000 0.469
9535.000 0.472
9540.000 0.476
9545.000 0.473
9550.000 0.475
9555.000 0.478
9560.000 0.476
9565.000 0.469
9570.000 0.470
9575.000 0.469
9580.000 0.461
9585.000 0.461
9590.000 0.465
9595.000 0.463
9600.000 0.464
9605.000 0.460
9610.000 0.466
9615.000 0.469
9620.000 0.470
9625.000 0.471
9630.000 0.474
9635.000 0.473
9640.000 0.475
9645.000 0.472
9650.000 0.472
9655.000 0.469
9660.000 0.465
9665.000 0.467
9670.000 0.466
9675.000 0.459
9680.000 0.457
9685.000 0.461
9690.000 0.460
9695.000 0.463
9700.000 0.463
9705.000 0.467
9710.000 0.469
9715.000 0.467
9720.000 0.472
9725.000 0.471
9730.000 0.469
9735.000 0.466
9740.000 0.467
9745.000 0.464
9750.000 0.461
9755.000 0.460
9760.000 0.458
9765.000 0.454
9770.000 0.452
9775.000 0.452
9780.000 0.451
9785.000 0.454
9790.000 0.449
9795.000 0.451
9800.000 0.459
9805.000 0.456
9810.000 0.447
9815.000 0.453
9820.000 0.451
9825.000 0.448
9830.000 0.436
9835.000 0.433
9840.000 0.431
9845.000 0.425
9850.000 0.416
9855.000 0.407
9860.000 0.403
9865.000 0.391
9870.000 0.383
9875.000 0.373
9880.000 0.357
9885.000 0.345
9890.000 0.333
9895.000 0.321
9900.000 0.319
9905.000 0.354
9910.000 0.416
9915.000 0.589
9920.000 0.708
9925.000 0.983
9930.000 1.214
9935.000 1.260
9940.000 1.297
9945.000 1.285
9950.000 1.270
9955.000 1.284
9960.000 1.289
9965.000 1.328
9970.000 1.348
9975.000 1.425
9980.000 1.534
9985.000 1.588
9990.000 1.763
9995.000 1.845
10000.000 2.010
10005.000 2.162
10010.000 2.173
10015.000 2.045
10020.000 1.869
10025.000 1.500
10030.000 1.227
10035.000 1.065
10040.000 0.873
10045.000 0.795
10050.000 0.667
10055.000 0.586
10060.000 0.564
10065.000 0.508
10070.000 0.488
10075.000 0.475
10080.000 0.466
10085.000 0.479
10090.000 0.499
10095.000 0.520
10100.000 0.601
10105.000 0.685
10110.000 0.738
10115.000 0.899
10120.000 0.982
10125.000 1.161
10130.000 1.468
10135.000 1.632
10140.000 1.944
10145.000 2.168
10150.000 2.483
10155.000 2.585
10160.000 2.552
10165.000 2.347
10170.000 2.232
10175.000 2.023
10180.000 1.835
10185.000 1.772
10190.000 1.633
10195.000 1.581
10200.000 1.505
10205.000 1.470
10210.000 1.405
10215.000 1.369
10220.000 1.358
10225.000 1.331
10230.000 1.324
10235.000 1.321
10240.000 1.319
10245.000 1.323
10250.000 1.335
10255.000 1.350
10260.000 1.373
10265.000 1.401
10270.000 1.429
10275.000 1.484
10280.000 1.507
10285.000 1.592
10290.000 1.696
10295.000 1.753
10300.000 1.899
10305.000 1.978
10310.000 2.154
10315.000 2.372
10320.000 2.469
10325.000 2.603
10330.000 2.608
10335.000 2.457
10340.000 2.156
10345.000 1.971
10350.000 1.548
10355.000 1.387
10360.000 1.150
10365.000 0.919
10370.000 0.838
10375.000 0.717
10380.000 0.643
10385.000 0.549
10390.000 0.487
10395.000 0.450
10400.000 0.393
10405.000 0.378
10410.000 0.332
10415.000 0.302
10420.000 0.293
10425.000 0.272
10430.000 0.264
10435.000 0.256
10440.000 0.259
10445.000 0.264
10450.000 0.275
10455.000 0.289
10460.000 0.320
10465.000 0.352
10470.000 0.378
10475.000 0.445
10480.000 0.475
10485.000 0.542
10490.000 0.671
10495.000 0.735
10500.000 0.867
10505.000 0.980
10510.000 1.205
10515.000 1.435
10520.000 1.619
10525.000 1.900
10530.000 2.006
10535.000 2.151
10540.000 2.108
10545.000 2.052
10550.000 1.867
10555.000 1.780
10560.000 1.644
10565.000 1.492
10570.000 1.438
10575.000 1.360
10580.000 1.319
10585.000 1.243
10590.000 1.199
10595.000 1.178
10600.000 1.134
10605.000 1.118
10610.000 1.098
10615.000 1.077
10620.000 1.066
10625.000 1.056
10630.000 1.050
10635.000 1.048
10640.000 1.040
10645.000 1.044
10650.000 1.051
10655.000 1.051
10660.000 1.068
10665.000 1.088
10670.000 1.096
10675.000 1.128
10680.000 1.144
10685.000 1.181
10690.000 1.239
10695.000 1.273
10700.000 1.327
10705.000 1.419
10710.000 1.464
10715.000 1.547
10720.000 1.592
10725.000 1.682
10730.000 1.705
10735.000 1.678
10740.000 1.514
10745.000 1.396
10750.000 1.178
10755.000 1.016
10760.000 0.794
10765.000 0.632
10770.000 0.538
10775.000 0.418
10780.000 0.378
10785.000 0.281
10790.000 0.245
10795.000 0.193
10800.000 0.139
10805.000 0.121
10810.000 0.087
10815.000 0.072
10820.000 0.044
10825.000 0.033
10830.000 0.023
10835.000 0.012
10840.000 0.009
10845.000 0.023
10850.000 0.034
10855.000 0.042
10860.000 0.066
10865.000 0.079
10870.000 0.111
10875.000 0.151
10880.000 0.175
10885.000 0.228
10890.000 0.253
10895.000 0.342
10900.000 0.426
10905.000 0.457
10910.000 0.574
10915.000 0.635
10920.000 0.754
10925.000 0.913
10930.000 0.980
10935.000 1.063
10940.000 1.092
10945.000 1.084
10950.000 1.047
10955.000 1.022
10960.000 0.959
10965.000 0.938
10970.000 0.892
10975.000 0.850
10980.000 0.835
10985.000 0.803
10990.000 0.790
10995.000 0.777
11000.000 0.748
11005.000 0.743
11010.000 0.733
11015.000 0.733
11020.000 0.732
11025.000 0.730
11030.000 0.733
11035.000 0.739
11040.000 0.747
11045.000 0.750
11050.000 0.767
11055.000 0.775
11060.000 0.780
11065.000 0.788
11070.000 0.798
11075.000 0.797
11080.000 0.791
11085.000 0.767
11090.000 0.750
11095.000 0.685
11100.000 0.592
11105.000 0.539
11110.000 0.440
11115.000 0.394
11120.000 0.320
11125.000 0.285
11130.000 0.275
11135.000 0.270
11140.000 0.268
11145.000 0.272
11150.000 0.278
11155.000 0.279
11160.000 0.281
11165.000 0.283
11170.000 0.286
11175.000 0.290
11180.000 0.295
11185.000 0.301
11190.000 0.312
11195.000 0.333
11200.000 0.366
11205.000 0.394
11210.000 0.438
11215.000 0.454
11220.000 0.482
11225.000 0.490
11230.000 0.489
11235.000 0.486
11240.000 0.483
11245.000 0.480
11250.000 0.475
11255.000 0.471
11260.000 0.466
11265.000 0.463
11270.000 0.460
11275.000 0.458
11280.000 0.457
11285.000 0.458
11290.000 0.454
11295.000 0.459
11300.000 0.458
11305.000 0.459
11310.000 0.459
11315.000 0.458
11320.000 0.457
11325.000 0.454
11330.000 0.453
11335.000 0.452
11340.000 0.448
11345.000 0.447
11350.000 0.448
11355.000 0.446
11360.000 0.448
11365.000 0.446
11370.000 0.449
11375.000 0.452
11380.000 0.446
11385.000 0.450
11390.000 0.454
11395.000 0.449
11400.000 0.452
11405.000 0.453
11410.000 0.453
11415.000 0.452
11420.000 0.446
11425.000 0.447
11430.000 0.444
11435.000 0.439
11440.000 0.443
11445.000 0.441
11450.000 0.443
11455.000 0.446
11460.000 0.441
11465.000 0.447
11470.000 0.449
11475.000 0.449
11480.000 0.448
11485.000 0.445
11490.000 0.447
11495.000 0.450
11500.000 0.445
11505.000 0.447
11510.000 0.446
11515.000 0.445
11520.000 0.445
11525.000 0.442
11530.000 0.438
11535.000 0.440
11540.000 0.439
11545.000 0.442
11550.000 0.442
11555.000 0.441
11560.000 0.447
11565.000 0.444
11570.000 0.448
11575.000 0.446
11580.000 0.447
11585.000 0.445
11590.000 0.445
11595.000 0.442
11600.000 0.442
11605.000 0.442
11610.000 0.443
11615.000 0.442
11620.000 0.438
11625.000 0.437
11630.000 0.439
11635.000 0.439
11640.000 0.444
11645.000 0.443
11650.000 0.445
11655.000 0.447
11660.000 0.445
11665.000 0.447
11670.000 0.446
11675.000 0.445
11680.000 0.443
11685.000 0.441
11690.000 0.443
11695.000 0.441
11700.000 0.437
11705.000 0.438
11710.000 0.438
11715.000 0.442
11720.000 0.436
11725.000 0.441
11730.000 0.444
11735.000 0.442
11740.000 0.445
11745.000 0.442
11750.000 0.446
11755.000 0.444
11760.000 0.444
11765.000 0.443
11770.000 0.442
11775.000 0.443
11780.000 0.438
11785.000 0.440
11790.000 0.440
11795.000 0.438
11800.000 0.438
11805.000 0.438
11810.000 0.437
11815.000 0.438
11820.000 0.439
11825.000 0.444
11830.000 0.442
11835.000 0.439
11840.000 0.443
11845.000 0.442
11850.000 0.442
11855.000 0.438
11860.000 0.436
11865.000 0.439
11870.000 0.438
11875.000 0.438
11880.000 0.439
11885.000 0.437
11890.000 0.433
11895.000 0.435
11900.000 0.439
11905.000 0.437
11910.000 0.436
11915.000 0.438
11920.000 0.441
11925.000 0.441
11930.000 0.440
11935.000 0.441
11940.000 0.442
11945.000 0.437
11950.000 0.435
11955.000 0.437
11960.000 0.435
11965.000 0.433
11970.000 0.434
11975.000 0.435
11980.000 0.434
11985.000 0.436
11990.000 0.437
11995.000 0.438
12000.000 0.438
