105.000 2.132
110.000 6.924
115.000 6.836
120.000 7.104
125.000 7.235
130.000 7.369
135.000 7.535
140.000 7.506
145.000 7.612
150.000 7.906
155.000 7.940
160.000 8.040
165.000 8.113
170.000 8.344
175.000 8.340
180.000 8.494
185.000 8.664
190.000 8.747
195.000 8.918
200.000 8.977
205.000 9.202
210.000 9.397
215.000 9.511
220.000 9.783
225.000 9.867
230.000 10.150
235.000 10.404
240.000 10.552
245.000 10.826
250.000 10.997
255.000 11.348
260.000 11.698
265.000 11.900
270.000 12.330
275.000 12.530
280.000 13.012
285.000 13.480
290.000 13.763
295.000 14.330
300.000 14.653
305.000 15.337
310.000 16.034
315.000 16.425
320.000 17.218
325.000 17.673
330.000 18.663
335.000 19.727
340.000 20.249
345.000 21.514
350.000 22.169
355.000 23.621
360.000 25.234
365.000 26.094
370.000 27.934
375.000 28.840
380.000 31.251
385.000 33.594
390.000 34.895
395.000 37.637
400.000 39.006
405.000 42.012
410.000 45.008
415.000 46.551
420.000 49.478
425.000 50.849
430.000 53.331
435.000 55.291
440.000 56.048
445.000 57.064
450.000 57.382
455.000 57.503
460.000 57.176
465.000 56.849
470.000 56.103
475.000 55.702
480.000 54.799
485.000 54.035
490.000 53.775
495.000 53.477
500.000 53.329
505.000 53.297
510.000 53.701
515.000 54.006
520.000 55.188
525.000 56.070
530.000 58.122
535.000 61.075
540.000 62.985
545.000 67.784
550.000 70.860
555.000 78.680
560.000 89.679
565.000 96.931
570.000 116.510
575.000 127.425
580.000 139.008
585.000 144.347
590.000 144.902
595.000 138.371
600.000 126.619
605.000 88.348
610.000 75.860
615.000 57.763
620.000 46.026
625.000 41.611
630.000 34.497
635.000 31.657
640.000 27.011
645.000 23.275
650.000 21.754
655.000 19.113
660.000 17.993
665.000 16.005
670.000 14.364
675.000 13.635
680.000 12.303
685.000 11.737
690.000 10.652
695.000 9.748
700.000 9.389
705.000 8.654
710.000 8.307
715.000 7.666
720.000 7.097
725.000 6.837
730.000 6.353
735.000 6.150
740.000 5.715
745.000 5.350
750.000 5.170
755.000 4.842
760.000 4.697
765.000 4.408
770.000 4.160
775.000 4.041
780.000 3.836
785.000 3.736
790.000 3.560
795.000 3.412
800.000 3.345
805.000 3.195
810.000 3.117
815.000 2.960
820.000 2.820
825.000 2.751
830.000 2.619
835.000 2.555
840.000 2.439
845.000 2.328
850.000 2.283
855.000 2.186
860.000 2.139
865.000 2.043
870.000 1.962
875.000 1.920
880.000 1.852
885.000 1.822
890.000 1.748
895.000 1.703
900.000 1.640
905.000 1.578
910.000 1.557
915.000 1.498
920.000 1.475
925.000 1.421
930.000 1.379
935.000 1.358
940.000 1.310
945.000 1.290
950.000 1.256
955.000 1.222
960.000 1.206
965.000 1.173
970.000 1.163
975.000 1.131
980.000 1.118
985.000 1.110
990.000 1.099
995.000 1.083
1000.000 1.084
1005.000 1.083
1010.000 1.087
1015.000 1.083
1020.000 1.099
1025.000 1.123
1030.000 1.151
1035.000 1.182
1040.000 1.220
1045.000 1.242
1050.000 1.310
1055.000 1.407
1060.000 1.453
1065.000 1.577
1070.000 1.646
1075.000 1.803
1080.000 2.019
1085.000 2.136
1090.000 2.429
1095.000 2.587
1100.000 2.975
1105.000 3.500
1110.000 3.809
1115.000 4.561
1120.000 5.037
1125.000 6.270
1130.000 7.547
1135.000 9.084
1140.000 11.881
1145.000 13.505
1150.000 16.047
1155.000 15.148
1160.000 13.291
1165.000 10.016
1170.000 8.859
1175.000 7.271
1180.000 6.215
1185.000 5.795
1190.000 5.122
1195.000 4.863
1200.000 4.444
1205.000 4.109
1210.000 3.967
1215.000 3.725
1220.000 3.623
1225.000 3.438
1230.000 3.280
1235.000 3.211
1240.000 3.096
1245.000 3.035
1250.000 2.939
1255.000 2.852
1260.000 2.816
1265.000 2.749
1270.000 2.714
1275.000 2.663
1280.000 2.616
1285.000 2.591
1290.000 2.552
1295.000 2.537
1300.000 2.505
1305.000 2.480
1310.000 2.468
1315.000 2.446
1320.000 2.440
1325.000 2.423
1330.000 2.418
1335.000 2.408
1340.000 2.400
1345.000 2.399
1350.000 2.399
1355.000 2.399
1360.000 2.402
1365.000 2.408
1370.000 2.408
1375.000 2.416
1380.000 2.430
1385.000 2.430
1390.000 2.447
1395.000 2.456
1400.000 2.473
1405.000 2.493
1410.000 2.502
1415.000 2.529
1420.000 2.537
1425.000 2.569
1430.000 2.593
1435.000 2.614
1440.000 2.648
1445.000 2.666
1450.000 2.702
1455.000 2.743
1460.000 2.765
1465.000 2.809
1470.000 2.833
1475.000 2.885
1480.000 2.933
1485.000 2.966
1490.000 3.026
1495.000 3.060
1500.000 3.123
1505.000 3.156
1510.000 3.227
1515.000 3.298
1520.000 3.346
1525.000 3.424
1530.000 3.468
1535.000 3.561
1540.000 3.662
1545.000 3.703
1550.000 3.810
1555.000 3.867
1560.000 3.976
1565.000 4.095
1570.000 4.158
1575.000 4.280
1580.000 4.349
1585.000 4.483
1590.000 4.622
1595.000 4.695
1600.000 4.862
1605.000 4.943
1610.000 5.119
1615.000 5.334
1620.000 5.455
1625.000 5.738
1630.000 5.917
1635.000 6.361
1640.000 6.951
1645.000 7.350
1650.000 8.356
1655.000 9.009
1660.000 10.697
1665.000 12.944
1670.000 14.323
1675.000 17.960
1680.000 20.215
1685.000 25.895
1690.000 33.025
1695.000 36.958
1700.000 43.028
1705.000 43.964
1710.000 40.118
1715.000 32.923
1720.000 29.880
1725.000 24.779
1730.000 22.833
1735.000 19.800
1740.000 17.413
1745.000 16.458
1750.000 14.879
1755.000 14.167
1760.000 12.999
1765.000 12.048
1770.000 11.611
1775.000 10.860
1780.000 10.526
1785.000 9.903
1790.000 9.389
1795.000 9.160
1800.000 8.747
1805.000 8.552
1810.000 8.203
1815.000 7.903
1820.000 7.756
1825.000 7.495
1830.000 7.381
1835.000 7.152
1840.000 6.956
1845.000 6.872
1850.000 6.696
1855.000 6.618
1860.000 6.472
1865.000 6.344
1870.000 6.282
1875.000 6.172
1880.000 6.121
1885.000 6.023
1890.000 5.938
1895.000 5.900
1900.000 5.830
1905.000 5.798
1910.000 5.739
1915.000 5.686
1920.000 5.665
1925.000 5.625
1930.000 5.605
1935.000 5.575
1940.000 5.547
1945.000 5.538
1950.000 5.525
1955.000 5.515
1960.000 5.512
1965.000 5.520
1970.000 5.517
1975.000 5.526
1980.000 5.542
1985.000 5.550
1990.000 5.579
1995.000 5.600
2000.000 5.624
2005.000 5.642
2010.000 5.680
2015.000 5.747
2020.000 5.758
2025.000 5.809
2030.000 5.858
2035.000 5.918
2040.000 6.005
2045.000 6.047
2050.000 6.122
2055.000 6.177
2060.000 6.274
2065.000 6.391
2070.000 6.449
2075.000 6.583
2080.000 6.658
2085.000 6.812
2090.000 6.901
2095.000 7.082
2100.000 7.279
2105.000 7.399
2110.000 7.633
2115.000 7.754
2120.000 8.051
2125.000 8.372
2130.000 8.534
2135.000 8.936
2140.000 9.143
2145.000 9.590
2150.000 10.153
2155.000 10.466
2160.000 11.129
2165.000 11.524
2170.000 12.443
2175.000 13.505
2180.000 14.107
2185.000 15.590
2190.000 16.425
2195.000 18.320
2200.000 20.742
2205.000 22.076
2210.000 24.898
2215.000 26.431
2220.000 28.963
2225.000 29.943
2230.000 29.528
2235.000 26.955
2240.000 25.152
2245.000 21.413
2250.000 18.047
2255.000 16.624
2260.000 14.244
2265.000 13.214
2270.000 11.513
2275.000 10.163
2280.000 9.557
2285.000 8.543
2290.000 8.126
2295.000 7.323
2300.000 6.669
2305.000 6.390
2310.000 5.852
2315.000 5.620
2320.000 5.206
2325.000 4.827
2330.000 4.656
2335.000 4.357
2340.000 4.213
2345.000 3.946
2350.000 3.719
2355.000 3.612
2360.000 3.406
2365.000 3.312
2370.000 3.144
2375.000 2.982
2380.000 2.902
2385.000 2.767
2390.000 2.701
2395.000 2.577
2400.000 2.475
2405.000 2.413
2410.000 2.316
2415.000 2.273
2420.000 2.181
2425.000 2.099
2430.000 2.062
2435.000 1.989
2440.000 1.953
2445.000 1.887
2450.000 1.825
2455.000 1.795
2460.000 1.743
2465.000 1.715
2470.000 1.661
2475.000 1.614
2480.000 1.592
2485.000 1.547
2490.000 1.528
2495.000 1.488
2500.000 1.452
2505.000 1.428
2510.000 1.395
2515.000 1.376
2520.000 1.344
2525.000 1.319
2530.000 1.304
2535.000 1.275
2540.000 1.264
2545.000 1.239
2550.000 1.216
2555.000 1.202
2560.000 1.180
2565.000 1.170
2570.000 1.148
2575.000 1.128
2580.000 1.118
2585.000 1.102
2590.000 1.095
2595.000 1.077
2600.000 1.057
2605.000 1.051
2610.000 1.036
2615.000 1.029
2620.000 1.017
2625.000 0.998
2630.000 0.995
2635.000 0.984
2640.000 0.976
2645.000 0.966
2650.000 0.956
2655.000 0.955
2660.000 0.943
2665.000 0.937
2670.000 0.926
2675.000 0.915
2680.000 0.913
2685.000 0.903
2690.000 0.902
2695.000 0.892
2700.000 0.892
2705.000 0.881
2710.000 0.876
2715.000 0.872
2720.000 0.867
2725.000 0.862
2730.000 0.859
2735.000 0.850
2740.000 0.849
2745.000 0.846
2750.000 0.843
2755.000 0.839
2760.000 0.832
2765.000 0.833
2770.000 0.824
2775.000 0.825
2780.000 0.820
2785.000 0.817
2790.000 0.813
2795.000 0.814
2800.000 0.808
2805.000 0.812
2810.000 0.807
2815.000 0.806
2820.000 0.803
2825.000 0.802
2830.000 0.800
2835.000 0.800
2840.000 0.800
2845.000 0.797
2850.000 0.799
2855.000 0.794
2860.000 0.796
2865.000 0.797
2870.000 0.794
2875.000 0.795
2880.000 0.793
2885.000 0.795
2890.000 0.795
2895.000 0.795
2900.000 0.793
2905.000 0.799
2910.000 0.799
2915.000 0.798
2920.000 0.805
2925.000 0.804
2930.000 0.803
2935.000 0.808
2940.000 0.805
2945.000 0.813
2950.000 0.813
2955.000 0.806
2960.000 0.812
2965.000 0.812
2970.000 0.825
2975.000 0.826
2980.000 0.831
2985.000 0.827
2990.000 0.837
2995.000 0.831
3000.000 0.848
3005.000 0.855
3010.000 0.858
3015.000 0.852
3020.000 0.866
3025.000 0.867
3030.000 0.878
3035.000 0.884
3040.000 0.886
3045.000 0.891
3050.000 0.892
3055.000 0.900
3060.000 0.916
3065.000 0.917
3070.000 0.931
3075.000 0.937
3080.000 0.952
3085.000 0.968
3090.000 0.973
3095.000 0.983
3100.000 0.993
3105.000 1.008
3110.000 1.025
3115.000 1.034
3120.000 1.051
3125.000 1.058
3130.000 1.083
3135.000 1.106
3140.000 1.118
3145.000 1.143
3150.000 1.156
3155.000 1.183
3160.000 1.218
3165.000 1.235
3170.000 1.267
3175.000 1.286
3180.000 1.329
3185.000 1.370
3190.000 1.389
3195.000 1.439
3200.000 1.467
3205.000 1.523
3210.000 1.586
3215.000 1.617
3220.000 1.689
3225.000 1.729
3230.000 1.816
3235.000 1.907
3240.000 1.957
3245.000 2.073
3250.000 2.135
3255.000 2.272
3260.000 2.426
3265.000 2.514
3270.000 2.709
3275.000 2.821
3280.000 3.057
3285.000 3.180
3290.000 3.509
3295.000 3.888
3300.000 4.087
3305.000 4.610
3310.000 4.907
3315.000 5.596
3320.000 6.555
3325.000 7.124
3330.000 8.475
3335.000 9.381
3340.000 11.746
3345.000 14.695
3350.000 16.369
3355.000 19.708
3360.000 20.544
3365.000 19.383
3370.000 15.452
3375.000 13.732
3380.000 11.226
3385.000 10.150
3390.000 8.666
3395.000 7.625
3400.000 7.154
3405.000 6.443
3410.000 6.178
3415.000 5.659
3420.000 5.271
3425.000 5.117
3430.000 4.815
3435.000 4.695
3440.000 4.484
3445.000 4.303
3450.000 4.228
3455.000 4.104
3460.000 4.049
3465.000 3.948
3470.000 3.878
3475.000 3.846
3480.000 3.793
3485.000 3.775
3490.000 3.744
3495.000 3.732
3500.000 3.733
3505.000 3.739
3510.000 3.744
3515.000 3.773
3520.000 3.813
3525.000 3.840
3530.000 3.903
3535.000 3.945
3540.000 4.035
3545.000 4.149
3550.000 4.212
3555.000 4.352
3560.000 4.432
3565.000 4.620
3570.000 4.853
3575.000 4.973
3580.000 5.257
3585.000 5.403
3590.000 5.787
3595.000 6.221
3600.000 6.454
3605.000 7.072
3610.000 7.424
3615.000 8.206
3620.000 9.292
3625.000 9.926
3630.000 11.376
3635.000 12.324
3640.000 14.688
3645.000 17.400
3650.000 18.910
3655.000 21.745
3660.000 22.458
3665.000 21.688
3670.000 18.205
3675.000 16.350
3680.000 13.345
3685.000 11.993
3690.000 10.030
3695.000 8.638
3700.000 8.003
3705.000 7.031
3710.000 6.669
3715.000 5.937
3720.000 5.380
3725.000 5.159
3730.000 4.718
3735.000 4.535
3740.000 4.219
3745.000 3.923
3750.000 3.799
3755.000 3.582
3760.000 3.480
3765.000 3.282
3770.000 3.131
3775.000 3.054
3780.000 2.913
3785.000 2.853
3790.000 2.745
3795.000 2.636
3800.000 2.591
3805.000 2.502
3810.000 2.462
3815.000 2.391
3820.000 2.323
3825.000 2.292
3830.000 2.234
3835.000 2.206
3840.000 2.154
3845.000 2.109
3850.000 2.091
3855.000 2.052
3860.000 2.030
3865.000 2.003
3870.000 1.982
3875.000 1.960
3880.000 1.939
3885.000 1.930
3890.000 1.910
3895.000 1.900
3900.000 1.889
3905.000 1.877
3910.000 1.874
3915.000 1.862
3920.000 1.861
3925.000 1.859
3930.000 1.855
3935.000 1.860
3940.000 1.868
3945.000 1.867
3950.000 1.869
3955.000 1.888
3960.000 1.892
3965.000 1.920
3970.000 1.926
3975.000 1.940
3980.000 1.976
3985.000 1.980
3990.000 2.020
3995.000 2.035
4000.000 2.073
4005.000 2.128
4010.000 2.143
4015.000 2.201
4020.000 2.244
4025.000 2.311
4030.000 2.380
4035.000 2.427
4040.000 2.523
4045.000 2.581
4050.000 2.718
4055.000 2.856
4060.000 2.949
4065.000 3.134
4070.000 3.235
4075.000 3.476
4080.000 3.788
4085.000 3.963
4090.000 4.352
4095.000 4.617
4100.000 5.214
4105.000 5.950
4110.000 6.448
4115.000 7.607
4120.000 8.227
4125.000 9.886
4130.000 11.427
4135.000 11.906
4140.000 11.693
4145.000 10.899
4150.000 8.841
4155.000 6.971
4160.000 6.273
4165.000 5.167
4170.000 4.721
4175.000 4.000
4180.000 3.722
4185.000 3.279
4190.000 2.891
4195.000 2.732
4200.000 2.473
4205.000 2.343
4210.000 2.126
4215.000 1.950
4220.000 1.859
4225.000 1.712
4230.000 1.650
4235.000 1.520
4240.000 1.411
4245.000 1.370
4250.000 1.273
4255.000 1.240
4260.000 1.174
4265.000 1.112
4270.000 1.085
4275.000 1.038
4280.000 1.015
4285.000 0.975
4290.000 0.943
4295.000 0.925
4300.000 0.892
4305.000 0.877
4310.000 0.853
4315.000 0.829
4320.000 0.818
4325.000 0.804
4330.000 0.792
4335.000 0.770
4340.000 0.759
4345.000 0.755
4350.000 0.741
4355.000 0.736
4360.000 0.726
4365.000 0.717
4370.000 0.711
4375.000 0.705
4380.000 0.701
4385.000 0.694
4390.000 0.692
4395.000 0.688
4400.000 0.684
4405.000 0.683
4410.000 0.678
4415.000 0.683
4420.000 0.680
4425.000 0.684
4430.000 0.686
4435.000 0.689
4440.000 0.694
4445.000 0.702
4450.000 0.710
4455.000 0.714
4460.000 0.728
4465.000 0.738
4470.000 0.749
4475.000 0.769
4480.000 0.778
4485.000 0.797
4490.000 0.826
4495.000 0.841
4500.000 0.874
4505.000 0.889
4510.000 0.935
4515.000 0.985
4520.000 1.013
4525.000 1.072
4530.000 1.108
4535.000 1.197
4540.000 1.294
4545.000 1.344
4550.000 1.478
4555.000 1.555
4560.000 1.713
4565.000 1.938
4570.000 2.064
4575.000 2.342
4580.000 2.524
4585.000 2.987
4590.000 3.533
4595.000 3.912
4600.000 4.821
4605.000 5.345
4610.000 6.437
4615.000 7.408
4620.000 7.568
4625.000 7.087
4630.000 6.466
4635.000 5.223
4640.000 4.363
4645.000 3.957
4650.000 3.393
4655.000 3.190
4660.000 2.780
4665.000 2.478
4670.000 2.368
4675.000 2.131
4680.000 2.040
4685.000 1.881
4690.000 1.731
4695.000 1.667
4700.000 1.562
4705.000 1.507
4710.000 1.412
4715.000 1.337
4720.000 1.299
4725.000 1.236
4730.000 1.208
4735.000 1.158
4740.000 1.118
4745.000 1.099
4750.000 1.070
4755.000 1.053
4760.000 1.035
4765.000 1.026
4770.000 1.014
4775.000 1.004
4780.000 0.998
4785.000 1.003
4790.000 0.997
4795.000 0.999
4800.000 0.999
4805.000 1.000
4810.000 1.006
4815.000 1.009
4820.000 1.017
4825.000 1.026
4830.000 1.033
4835.000 1.042
4840.000 1.055
4845.000 1.070
4850.000 1.088
4855.000 1.101
4860.000 1.120
4865.000 1.134
4870.000 1.162
4875.000 1.191
4880.000 1.204
4885.000 1.234
4890.000 1.252
4895.000 1.291
4900.000 1.329
4905.000 1.350
4910.000 1.402
4915.000 1.426
4920.000 1.487
4925.000 1.548
4930.000 1.579
4935.000 1.659
4940.000 1.699
4945.000 1.805
4950.000 1.906
4955.000 1.963
4960.000 2.109
4965.000 2.188
4970.000 2.363
4975.000 2.586
4980.000 2.716
4985.000 2.971
4990.000 3.173
4995.000 3.598
5000.000 4.073
5005.000 4.417
5010.000 5.173
5015.000 5.600
5020.000 6.367
5025.000 6.857
5030.000 6.790
5035.000 6.027
5040.000 5.361
5045.000 4.236
5050.000 3.365
5055.000 2.978
5060.000 2.446
5065.000 2.252
5070.000 1.883
5075.000 1.602
5080.000 1.505
5085.000 1.292
5090.000 1.213
5095.000 1.076
5100.000 0.944
5105.000 0.892
5110.000 0.801
5115.000 0.757
5120.000 0.688
5125.000 0.628
5130.000 0.598
5135.000 0.552
5140.000 0.534
5145.000 0.506
5150.000 0.473
5155.000 0.461
5160.000 0.451
5165.000 0.440
5170.000 0.428
5175.000 0.416
5180.000 0.414
5185.000 0.410
5190.000 0.402
5195.000 0.403
5200.000 0.403
5205.000 0.405
5210.000 0.404
5215.000 0.401
5220.000 0.405
5225.000 0.410
5230.000 0.409
5235.000 0.410
5240.000 0.415
5245.000 0.418
5250.000 0.417
5255.000 0.421
5260.000 0.423
5265.000 0.425
5270.000 0.424
5275.000 0.429
5280.000 0.429
5285.000 0.432
5290.000 0.432
5295.000 0.434
5300.000 0.437
5305.000 0.440
5310.000 0.442
5315.000 0.447
5320.000 0.451
5325.000 0.451
5330.000 0.453
5335.000 0.454
5340.000 0.457
5345.000 0.455
5350.000 0.457
5355.000 0.456
5360.000 0.456
5365.000 0.457
5370.000 0.462
5375.000 0.459
5380.000 0.462
5385.000 0.463
5390.000 0.464
5395.000 0.467
5400.000 0.467
5405.000 0.468
5410.000 0.474
5415.000 0.472
5420.000 0.474
5425.000 0.475
5430.000 0.474
5435.000 0.476
5440.000 0.477
5445.000 0.475
5450.000 0.474
5455.000 0.477
5460.000 0.475
5465.000 0.478
5470.000 0.476
5475.000 0.479
5480.000 0.480
5485.000 0.483
5490.000 0.482
5495.000 0.486
5500.000 0.485
5505.000 0.487
5510.000 0.489
5515.000 0.487
5520.000 0.487
5525.000 0.486
5530.000 0.488
5535.000 0.481
5540.000 0.484
5545.000 0.484
5550.000 0.482
5555.000 0.481
5560.000 0.485
5565.000 0.480
5570.000 0.487
5575.000 0.484
5580.000 0.485
5585.000 0.488
5590.000 0.489
5595.000 0.486
5600.000 0.489
5605.000 0.489
5610.000 0.488
5615.000 0.484
5620.000 0.488
5625.000 0.483
5630.000 0.487
5635.000 0.483
5640.000 0.485
5645.000 0.484
5650.000 0.486
5655.000 0.490
5660.000 0.489
5665.000 0.486
5670.000 0.492
5675.000 0.489
5680.000 0.490
5685.000 0.489
5690.000 0.491
5695.000 0.487
5700.000 0.490
5705.000 0.487
5710.000 0.483
5715.000 0.484
5720.000 0.487
5725.000 0.484
5730.000 0.485
5735.000 0.483
5740.000 0.485
5745.000 0.489
5750.000 0.486
5755.000 0.490
5760.000 0.491
5765.000 0.491
5770.000 0.489
5775.000 0.491
5780.000 0.490
5785.000 0.491
5790.000 0.490
5795.000 0.491
5800.000 0.494
5805.000 0.488
5810.000 0.491
5815.000 0.488
5820.000 0.487
5825.000 0.484
5830.000 0.488
5835.000 0.493
5840.000 0.491
5845.000 0.495
5850.000 0.496
5855.000 0.498
5860.000 0.502
5865.000 0.502
5870.000 0.498
5875.000 0.499
5880.000 0.497
5885.000 0.494
5890.000 0.495
5895.000 0.492
5900.000 0.491
5905.000 0.492
5910.000 0.490
5915.000 0.491
5920.000 0.488
5925.000 0.494
5930.000 0.496
5935.000 0.492
5940.000 0.493
5945.000 0.493
5950.000 0.490
5955.000 0.494
5960.000 0.494
5965.000 0.497
5970.000 0.492
5975.000 0.488
5980.000 0.494
5985.000 0.484
5990.000 0.490
5995.000 0.483
6000.000 0.492
6005.000 0.497
6010.000 0.498
6015.000 0.485
6020.000 0.495
6025.000 0.494
6030.000 0.499
6035.000 0.502
6040.000 0.500
6045.000 0.493
6050.000 0.498
6055.000 0.485
6060.000 0.491
6065.000 0.488
6070.000 0.488
6075.000 0.491
6080.000 0.489
6085.000 0.485
6090.000 0.490
6095.000 0.488
6100.000 0.494
6105.000 0.496
6110.000 0.493
6115.000 0.496
6120.000 0.500
6125.000 0.498
6130.000 0.499
6135.000 0.496
6140.000 0.499
6145.000 0.497
6150.000 0.492
6155.000 0.496
6160.000 0.493
6165.000 0.494
6170.000 0.493
6175.000 0.497
6180.000 0.494
6185.000 0.499
6190.000 0.500
6195.000 0.506
6200.000 0.501
6205.000 0.501
6210.000 0.505
6215.000 0.506
6220.000 0.510
6225.000 0.509
6230.000 0.506
6235.000 0.508
6240.000 0.507
6245.000 0.504
6250.000 0.504
6255.000 0.503
6260.000 0.503
6265.000 0.506
6270.000 0.509
6275.000 0.511
6280.000 0.514
6285.000 0.511
6290.000 0.517
6295.000 0.519
6300.000 0.523
6305.000 0.526
6310.000 0.518
6315.000 0.526
6320.000 0.523
6325.000 0.524
6330.000 0.524
6335.000 0.524
6340.000 0.524
6345.000 0.525
6350.000 0.529
6355.000 0.534
6360.000 0.536
6365.000 0.534
6370.000 0.543
6375.000 0.544
6380.000 0.548
6385.000 0.553
6390.000 0.553
6395.000 0.559
6400.000 0.558
6405.000 0.561
6410.000 0.561
6415.000 0.563
6420.000 0.564
6425.000 0.568
6430.000 0.572
6435.000 0.575
6440.000 0.578
6445.000 0.584
6450.000 0.593
6455.000 0.600
6460.000 0.602
6465.000 0.616
6470.000 0.624
6475.000 0.632
6480.000 0.644
6485.000 0.645
6490.000 0.655
6495.000 0.665
6500.000 0.672
6505.000 0.684
6510.000 0.691
6515.000 0.709
6520.000 0.726
6525.000 0.731
6530.000 0.757
6535.000 0.767
6540.000 0.795
6545.000 0.814
6550.000 0.841
6555.000 0.877
6560.000 0.898
6565.000 0.941
6570.000 0.963
6575.000 1.018
6580.000 1.078
6585.000 1.105
6590.000 1.182
6595.000 1.226
6600.000 1.315
6605.000 1.425
6610.000 1.493
6615.000 1.627
6620.000 1.713
6625.000 1.926
6630.000 2.155
6635.000 2.295
6640.000 2.676
6645.000 2.890
6650.000 3.366
6655.000 4.122
6660.000 4.558
6665.000 5.547
6670.000 6.294
6675.000 7.778
6680.000 8.947
6685.000 9.252
6690.000 8.645
6695.000 7.949
6700.000 6.613
6705.000 5.514
6710.000 5.108
6715.000 4.498
6720.000 4.232
6725.000 3.843
6730.000 3.530
6735.000 3.416
6740.000 3.218
6745.000 3.146
6750.000 3.002
6755.000 2.910
6760.000 2.871
6765.000 2.806
6770.000 2.787
6775.000 2.762
6780.000 2.756
6785.000 2.763
6790.000 2.774
6795.000 2.806
6800.000 2.858
6805.000 2.925
6810.000 2.975
6815.000 3.089
6820.000 3.146
6825.000 3.302
6830.000 3.483
6835.000 3.592
6840.000 3.868
6845.000 4.011
6850.000 4.368
6855.000 4.808
6860.000 5.084
6865.000 5.711
6870.000 6.037
6875.000 7.038
6880.000 8.226
6885.000 8.793
6890.000 10.499
6895.000 11.298
6900.000 12.506
6905.000 12.697
6910.000 12.199
6915.000 10.660
6920.000 9.664
6925.000 7.998
6930.000 6.872
6935.000 6.311
6940.000 5.483
6945.000 5.150
6950.000 4.616
6955.000 4.163
6960.000 3.982
6965.000 3.650
6970.000 3.525
6975.000 3.285
6980.000 3.076
6985.000 2.982
6990.000 2.822
6995.000 2.778
7000.000 2.632
7005.000 2.526
7010.000 2.490
7015.000 2.409
7020.000 2.361
7025.000 2.299
7030.000 2.238
7035.000 2.205
7040.000 2.159
7045.000 2.144
7050.000 2.096
7055.000 2.066
7060.000 2.056
7065.000 2.030
7070.000 2.022
7075.000 2.014
7080.000 1.997
7085.000 1.994
7090.000 1.995
7095.000 1.999
7100.000 1.999
7105.000 2.011
7110.000 2.017
7115.000 2.027
7120.000 2.037
7125.000 2.059
7130.000 2.083
7135.000 2.096
7140.000 2.136
7145.000 2.154
7150.000 2.196
7155.000 2.228
7160.000 2.286
7165.000 2.343
7170.000 2.395
7175.000 2.475
7180.000 2.526
7185.000 2.628
7190.000 2.753
7195.000 2.819
7200.000 2.979
7205.000 3.064
7210.000 3.266
7215.000 3.487
7220.000 3.630
7225.000 3.945
7230.000 4.091
7235.000 4.550
7240.000 5.083
7245.000 5.338
7250.000 6.143
7255.000 6.589
7260.000 7.502
7265.000 8.735
7270.000 9.273
7275.000 10.001
7280.000 10.094
7285.000 9.464
7290.000 8.232
7295.000 7.567
7300.000 6.197
7305.000 5.670
7310.000 4.877
7315.000 4.157
7320.000 3.882
7325.000 3.462
7330.000 3.232
7335.000 2.897
7340.000 2.651
7345.000 2.511
7350.000 2.301
7355.000 2.230
7360.000 2.043
7365.000 1.904
7370.000 1.852
7375.000 1.726
7380.000 1.673
7385.000 1.594
7395.000 1.483
7400.000 1.414
7405.000 1.356
7410.000 1.324
7415.000 1.275
7420.000 1.253
7425.000 1.207
7430.000 1.167
7435.000 1.153
7440.000 1.118
7445.000 1.102
7450.000 1.082
7455.000 1.055
7460.000 1.044
7465.000 1.031
7470.000 1.024
7475.000 1.002
7480.000 0.994
7485.000 0.994
7490.000 0.983
7495.000 0.980
7500.000 0.976
7505.000 0.968
7510.000 0.973
7515.000 0.966
7520.000 0.967
7525.000 0.972
7530.000 0.982
7535.000 0.982
7540.000 0.994
7545.000 1.003
7550.000 1.023
7555.000 1.043
7560.000 1.055
7565.000 1.086
7570.000 1.102
7575.000 1.139
7580.000 1.181
7585.000 1.207
7590.000 1.258
7595.000 1.287
7600.000 1.366
7605.000 1.445
7610.000 1.490
7615.000 1.616
7620.000 1.683
7625.000 1.826
7630.000 2.039
7635.000 2.154
7640.000 2.401
7645.000 2.598
7650.000 2.982
7655.000 3.418
7660.000 3.748
7665.000 4.366
7670.000 4.651
7675.000 5.151
7680.000 5.255
7685.000 5.112
7690.000 4.557
7695.000 4.207
7700.000 3.614
7705.000 3.351
7710.000 2.874
7715.000 2.572
7720.000 2.422
7725.000 2.162
7730.000 2.063
7735.000 1.904
7740.000 1.752
7745.000 1.692
7750.000 1.595
7755.000 1.545
7760.000 1.463
7765.000 1.405
7770.000 1.370
7775.000 1.317
7780.000 1.295
7785.000 1.248
7790.000 1.209
7795.000 1.192
7800.000 1.161
7805.000 1.143
7810.000 1.121
7815.000 1.092
7820.000 1.082
7825.000 1.065
7830.000 1.056
7835.000 1.041
7840.000 1.030
7845.000 1.029
7850.000 1.023
7855.000 1.019
7860.000 1.017
7865.000 1.015
7870.000 1.018
7875.000 1.015
7880.000 1.019
7885.000 1.018
7890.000 1.018
7895.000 1.022
7900.000 1.030
7905.000 1.033
7910.000 1.048
7915.000 1.065
7920.000 1.073
7925.000 1.096
7930.000 1.116
7935.000 1.141
7940.000 1.193
7945.000 1.217
7950.000 1.263
7955.000 1.298
7960.000 1.376
7965.000 1.470
7970.000 1.515
7975.000 1.658
7980.000 1.731
7985.000 1.867
7990.000 2.058
7995.000 2.138
8000.000 2.185
8005.000 2.136
8010.000 1.868
8015.000 1.576
8020.000 1.399
8025.000 1.237
8030.000 1.220
8035.000 1.124
8040.000 0.994
8045.000 0.927
8050.000 0.771
8055.000 0.719
8060.000 0.633
8065.000 0.570
8070.000 0.542
8075.000 0.517
8080.000 0.503
8085.000 0.495
8090.000 0.491
8095.000 0.497
8100.000 0.481
8105.000 0.469
8110.000 0.456
8115.000 0.447
8120.000 0.447
8125.000 0.442
8130.000 0.445
8135.000 0.446
8140.000 0.440
8145.000 0.444
8150.000 0.446
8155.000 0.441
8160.000 0.433
8165.000 0.424
8170.000 0.422
8175.000 0.426
8180.000 0.425
8185.000 0.424
8190.000 0.434
8195.000 0.431
8200.000 0.437
8205.000 0.440
8210.000 0.444
8215.000 0.444
8220.000 0.446
8225.000 0.451
8230.000 0.447
8235.000 0.447
8240.000 0.446
8245.000 0.443
8250.000 0.441
8255.000 0.441
8260.000 0.440
8265.000 0.442
8270.000 0.448
8275.000 0.447
8280.000 0.444
8285.000 0.456
8290.000 0.455
8295.000 0.453
8300.000 0.461
8305.000 0.461
8310.000 0.460
8315.000 0.461
8320.000 0.461
8325.000 0.458
8330.000 0.459
8335.000 0.453
8340.000 0.456
8345.000 0.452
8350.000 0.456
8355.000 0.452
8360.000 0.452
8365.000 0.454
8370.000 0.457
8375.000 0.460
8380.000 0.466
8385.000 0.466
8390.000 0.465
8395.000 0.468
8400.000 0.469
8405.000 0.469
8410.000 0.464
8415.000 0.462
8420.000 0.463
8425.000 0.459
8430.000 0.458
8435.000 0.461
8440.000 0.458
8445.000 0.458
8450.000 0.459
8455.000 0.461
8460.000 0.462
8465.000 0.465
8470.000 0.467
8475.000 0.469
8480.000 0.470
8485.000 0.469
8490.000 0.472
8495.000 0.472
8500.000 0.468
8505.000 0.464
8510.000 0.464
8515.000 0.462
8520.000 0.461
8525.000 0.459
8530.000 0.457
8535.000 0.462
8540.000 0.463
8545.000 0.465
8550.000 0.467
8555.000 0.464
8560.000 0.471
8565.000 0.470
8570.000 0.473
8575.000 0.472
8580.000 0.473
8585.000 0.472
8590.000 0.471
8595.000 0.467
8600.000 0.464
8605.000 0.464
8610.000 0.458
8615.000 0.463
8620.000 0.461
8625.000 0.462
8630.000 0.465
8635.000 0.466
8640.000 0.465
8645.000 0.471
8650.000 0.470
8655.000 0.472
8660.000 0.473
8665.000 0.474
8670.000 0.473
8675.000 0.468
8680.000 0.469
8685.000 0.470
8690.000 0.465
8695.000 0.461
8700.000 0.463
8705.000 0.460
8710.000 0.462
8715.000 0.460
8720.000 0.465
8725.000 0.467
8730.000 0.468
8735.000 0.470
8740.000 0.474
8745.000 0.473
8750.000 0.477
8755.000 0.473
8760.000 0.474
8765.000 0.473
8770.000 0.465
8775.000 0.469
8780.000 0.466
8785.000 0.462
8790.000 0.459
8795.000 0.458
8800.000 0.463
8805.000 0.466
8810.000 0.462
8815.000 0.462
8820.000 0.475
8825.000 0.484
8830.000 0.450
8835.000 0.478
8840.000 0.475
8845.000 0.476
8850.000 0.476
8855.000 0.471
8860.000 0.469
8865.000 0.464
8870.000 0.466
8875.000 0.460
8880.000 0.462
8885.000 0.461
8890.000 0.462
8895.000 0.463
8900.000 0.463
8905.000 0.464
8910.000 0.470
8915.000 0.468
8920.000 0.470
8925.000 0.473
8930.000 0.472
8935.000 0.474
8940.000 0.473
8945.000 0.472
8950.000 0.467
8955.000 0.467
8960.000 0.464
8965.000 0.460
8970.000 0.460
8975.000 0.461
8980.000 0.454
8985.000 0.470
8990.000 0.461
8995.000 0.467
9000.000 0.462
9005.000 0.472
9010.000 0.467
9015.000 0.472
9020.000 0.469
9025.000 0.479
9030.000 0.469
9035.000 0.468
9040.000 0.470
9045.000 0.465
9050.000 0.462
9055.000 0.458
9060.000 0.464
9065.000 0.459
9070.000 0.460
9075.000 0.461
9080.000 0.468
9085.000 0.471
9090.000 0.467
9095.000 0.475
9100.000 0.471
9105.000 0.475
9110.000 0.476
9115.000 0.469
9120.000 0.469
9125.000 0.469
9130.000 0.460
9135.000 0.461
9140.000 0.462
9145.000 0.458
9150.000 0.459
9155.000 0.458
9160.000 0.464
9165.000 0.465
9170.000 0.460
9175.000 0.467
9180.000 0.467
9185.000 0.468
9190.000 0.472
9195.000 0.467
9200.000 0.469
9205.000 0.464
9210.000 0.464
9215.000 0.461
9220.000 0.460
9225.000 0.458
9230.000 0.457
9235.000 0.458
9240.000 0.456
9245.000 0.458
9250.000 0.456
9255.000 0.465
9260.000 0.460
9265.000 0.464
9270.000 0.470
9275.000 0.469
9280.000 0.468
9285.000 0.469
9290.000 0.469
9295.000 0.469
9300.000 0.464
9305.000 0.463
9310.000 0.463
9315.000 0.457
9320.000 0.454
9325.000 0.457
9330.000 0.455
9335.000 0.454
9340.000 0.459
9345.000 0.460
9350.000 0.464
9355.000 0.465
9360.000 0.466
9365.000 0.466
9370.000 0.469
9375.000 0.466
9380.000 0.464
9385.000 0.462
9390.000 0.460
9395.000 0.453
9400.000 0.454
9405.000 0.455
9410.000 0.450
9415.000 0.454
9420.000 0.451
9425.000 0.453
9430.000 0.456
9435.000 0.455
9440.000 0.460
9445.000 0.457
9450.000 0.460
9455.000 0.462
9460.000 0.460
9465.000 0.462
9470.000 0.460
9475.000 0.456
9480.000 0.454
9485.000 0.456
9490.000 0.450
9495.000 0.449
9500.000 0.448
9505.000 0.448
9510.000 0.446
9515.000 0.447
9520.000 0.455
9525.000 0.453
9530.000 0.449
9535.000 0.456
9540.000 0.455
9545.000 0.456
9550.000 0.455
9555.000 0.448
9560.000 0.453
9565.000 0.449
9570.000 0.446
9575.000 0.444
9580.000 0.440
9585.000 0.435
9590.000 0.437
9595.000 0.439
9600.000 0.440
9605.000 0.436
9610.000 0.436
9615.000 0.442
9620.000 0.441
9625.000 0.441
9630.000 0.443
9635.000 0.444
9640.000 0.441
9645.000 0.438
9650.000 0.439
9655.000 0.437
9660.000 0.433
9665.000 0.425
9670.000 0.426
9675.000 0.422
9680.000 0.420
9685.000 0.420
9690.000 0.422
9695.000 0.421
9700.000 0.420
9705.000 0.422
9710.000 0.424
9715.000 0.420
9720.000 0.421
9725.000 0.416
9730.000 0.417
9735.000 0.411
9740.000 0.407
9745.000 0.401
9750.000 0.400
9755.000 0.389
9760.000 0.391
9765.000 0.384
9770.000 0.379
9775.000 0.374
9780.000 0.374
9785.000 0.371
9790.000 0.368
9795.000 0.366
9800.000 0.367
9805.000 0.359
9810.000 0.348
9815.000 0.347
9820.000 0.336
9825.000 0.328
9830.000 0.315
9835.000 0.308
9840.000 0.297
9845.000 0.288
9850.000 0.264
9855.000 0.251
9860.000 0.244
9865.000 0.221
9870.000 0.212
9875.000 0.188
9880.000 0.163
9885.000 0.150
9890.000 0.123
9895.000 0.110
9900.000 0.088
9905.000 0.102
9910.000 0.134
9915.000 0.217
9920.000 0.270
9925.000 0.383
9930.000 0.576
9935.000 0.678
9940.000 0.903
9945.000 1.291
9950.000 1.501
9955.000 1.894
9960.000 2.151
9965.000 2.474
9970.000 2.505
9975.000 2.452
9980.000 2.220
9985.000 2.111
9990.000 1.949
9995.000 1.808
10000.000 1.759
10005.000 1.669
10010.000 1.629
10015.000 1.563
10020.000 1.516
10025.000 1.501
10030.000 1.467
10035.000 1.465
10040.000 1.447
10045.000 1.437
10050.000 1.441
10055.000 1.451
10060.000 1.448
10065.000 1.471
10070.000 1.494
10075.000 1.519
10080.000 1.551
10085.000 1.578
10090.000 1.628
10095.000 1.657
10100.000 1.720
10105.000 1.802
10110.000 1.837
10115.000 1.952
10120.000 2.016
10125.000 2.157
10130.000 2.349
10135.000 2.449
10140.000 2.692
10145.000 2.801
10150.000 3.162
10155.000 3.517
10160.000 3.663
10165.000 4.018
10170.000 4.112
10175.000 4.100
10180.000 3.727
10185.000 3.462
10190.000 2.985
10195.000 2.688
10200.000 2.218
10205.000 1.913
10210.000 1.724
10215.000 1.480
10220.000 1.381
10225.000 1.202
10230.000 1.060
10235.000 1.014
10240.000 0.891
10245.000 0.843
10250.000 0.765
10255.000 0.688
10260.000 0.656
10265.000 0.603
10270.000 0.585
10275.000 0.540
10280.000 0.509
10285.000 0.494
10290.000 0.462
10295.000 0.450
10300.000 0.431
10305.000 0.411
10310.000 0.402
10315.000 0.391
10320.000 0.379
10325.000 0.371
10330.000 0.362
10335.000 0.357
10340.000 0.353
10345.000 0.356
10350.000 0.358
10355.000 0.364
10360.000 0.367
10365.000 0.382
10370.000 0.387
10375.000 0.403
10380.000 0.413
10385.000 0.437
10390.000 0.460
10395.000 0.471
10400.000 0.507
10405.000 0.524
10410.000 0.556
10415.000 0.614
10420.000 0.642
10425.000 0.693
10430.000 0.741
10435.000 0.827
10440.000 0.918
10445.000 0.997
10450.000 1.134
10455.000 1.197
10460.000 1.405
10465.000 1.634
10470.000 1.755
10475.000 2.074
10480.000 2.246
10485.000 2.623
10490.000 2.980
10495.000 3.164
10500.000 3.368
10505.000 3.393
10510.000 3.285
10515.000 3.034
10520.000 2.931
10525.000 2.608
10530.000 2.479
10535.000 2.280
10540.000 2.057
10545.000 1.975
10550.000 1.843
10555.000 1.762
10560.000 1.654
10565.000 1.571
10570.000 1.518
10575.000 1.449
10580.000 1.421
10585.000 1.358
10590.000 1.307
10595.000 1.291
10600.000 1.252
10605.000 1.234
10610.000 1.203
10615.000 1.177
10620.000 1.166
10625.000 1.151
10630.000 1.136
10635.000 1.115
10640.000 1.100
10645.000 1.091
10650.000 1.074
10655.000 1.071
10660.000 1.064
10665.000 1.051
10670.000 1.047
10675.000 1.046
10680.000 1.046
10685.000 1.043
10690.000 1.043
10695.000 1.043
10700.000 1.044
10705.000 1.048
10710.000 1.043
10715.000 1.052
10720.000 1.053
10725.000 1.058
10730.000 1.066
10735.000 1.077
10740.000 1.096
10745.000 1.099
10750.000 1.119
10755.000 1.134
10760.000 1.159
10765.000 1.188
10770.000 1.205
10775.000 1.237
10780.000 1.252
10785.000 1.281
10790.000 1.322
10795.000 1.348
10800.000 1.399
10805.000 1.443
10810.000 1.526
10815.000 1.617
10820.000 1.687
10825.000 1.808
10830.000 1.872
10835.000 1.979
10840.000 2.054
10845.000 2.057
10850.000 1.967
10855.000 1.875
10860.000 1.629
10865.000 1.342
10870.000 1.206
10875.000 0.995
10880.000 0.900
10885.000 0.702
10890.000 0.576
10895.000 0.520
10900.000 0.412
10905.000 0.370
10910.000 0.311
10915.000 0.246
10920.000 0.221
10925.000 0.189
10930.000 0.166
10935.000 0.143
10940.000 0.124
10945.000 0.113
10950.000 0.101
10955.000 0.099
10960.000 0.094
10965.000 0.097
10970.000 0.099
10975.000 0.103
10980.000 0.105
10985.000 0.108
10990.000 0.111
10995.000 0.112
11000.000 0.123
11005.000 0.121
11010.000 0.130
11015.000 0.133
11020.000 0.136
11025.000 0.138
11030.000 0.136
11035.000 0.143
11040.000 0.141
11045.000 0.135
11050.000 0.131
11055.000 0.128
11060.000 0.121
11065.000 0.119
11070.000 0.110
11075.000 0.121
11080.000 0.121
11085.000 0.133
11090.000 0.143
11095.000 0.169
11100.000 0.219
11105.000 0.247
11110.000 0.311
11115.000 0.349
11120.000 0.465
11125.000 0.567
11130.000 0.624
11135.000 0.743
11140.000 0.784
11145.000 0.817
11150.000 0.809
11155.000 0.799
11160.000 0.767
11165.000 0.739
11170.000 0.706
11175.000 0.677
11180.000 0.659
11185.000 0.634
11190.000 0.623
11195.000 0.606
11200.000 0.591
11205.000 0.584
11210.000 0.575
11215.000 0.569
11220.000 0.559
11225.000 0.550
11230.000 0.543
11235.000 0.536
11240.000 0.530
11245.000 0.522
11250.000 0.517
11255.000 0.513
11260.000 0.505
11265.000 0.503
11270.000 0.500
11275.000 0.494
11280.000 0.496
11285.000 0.493
11290.000 0.492
11295.000 0.489
11300.000 0.492
11305.000 0.492
11310.000 0.488
11315.000 0.485
11320.000 0.484
11325.000 0.481
11330.000 0.482
11335.000 0.474
11340.000 0.471
11345.000 0.471
11350.000 0.469
11355.000 0.464
11360.000 0.467
11365.000 0.466
11370.000 0.464
11375.000 0.463
11380.000 0.467
11385.000 0.469
11390.000 0.470
11395.000 0.469
11400.000 0.468
11405.000 0.466
11410.000 0.463
11415.000 0.462
11420.000 0.463
11425.000 0.457
11430.000 0.458
11435.000 0.459
11440.000 0.454
11445.000 0.455
11450.000 0.454
11455.000 0.454
11460.000 0.455
11465.000 0.456
11470.000 0.454
11475.000 0.458
11480.000 0.459
11485.000 0.459
11490.000 0.458
11495.000 0.460
11500.000 0.456
11505.000 0.453
11510.000 0.451
11515.000 0.451
11520.000 0.452
11525.000 0.450
11530.000 0.447
11535.000 0.447
11540.000 0.450
11545.000 0.448
11550.000 0.451
11555.000 0.453
11560.000 0.455
11565.000 0.453
11570.000 0.453
11575.000 0.455
11580.000 0.454
11585.000 0.450
11590.000 0.454
11595.000 0.449
11600.000 0.449
11605.000 0.448
11610.000 0.447
11615.000 0.445
11620.000 0.446
11625.000 0.444
11630.000 0.447
11635.000 0.446
11640.000 0.445
11645.000 0.450
11650.000 0.450
11655.000 0.446
11660.000 0.448
11665.000 0.452
11670.000 0.448
11675.000 0.446
11680.000 0.449
11685.000 0.448
11690.000 0.445
11695.000 0.443
11700.000 0.444
11705.000 0.445
11710.000 0.445
11715.000 0.444
11720.000 0.439
11725.000 0.442
11730.000 0.444
11735.000 0.446
11740.000 0.446
11745.000 0.448
11750.000 0.446
11755.000 0.447
11760.000 0.449
11765.000 0.449
11770.000 0.440
11775.000 0.443
11780.000 0.441
11785.000 0.438
11790.000 0.441
11795.000 0.440
11800.000 0.438
11805.000 0.441
11810.000 0.440
11815.000 0.441
11820.000 0.444
11825.000 0.442
11830.000 0.443
11835.000 0.444
11840.000 0.443
11845.000 0.443
11850.000 0.442
11855.000 0.442
11860.000 0.441
11865.000 0.440
11870.000 0.437
11875.000 0.436
11880.000 0.438
11885.000 0.440
11890.000 0.440
11895.000 0.438
11900.000 0.441
11905.000 0.440
11910.000 0.438
11915.000 0.445
11920.000 0.443
11925.000 0.440
11930.000 0.443
11935.000 0.443
11940.000 0.441
11945.000 0.442
11950.000 0.440
11955.000 0.439
11960.000 0.439
11965.000 0.440
11970.000 0.435
11975.000 0.433
11980.000 0.435
11985.000 0.435
11990.000 0.439
11995.000 0.441
12000.000 0.440
