105.000 8.566
110.000 11.256
115.000 11.575
120.000 12.003
125.000 11.869
130.000 12.560
135.000 12.350
140.000 12.556
145.000 12.565
150.000 12.804
155.000 12.900
160.000 13.064
165.000 13.217
170.000 13.305
175.000 13.495
180.000 13.522
185.000 13.604
190.000 13.746
195.000 13.817
200.000 13.972
205.000 14.233
210.000 14.276
215.000 14.409
220.000 14.487
225.000 14.681
230.000 14.937
235.000 15.038
240.000 15.277
245.000 15.384
250.000 15.632
255.000 15.907
260.000 16.040
265.000 16.365
270.000 16.510
275.000 16.900
280.000 17.236
285.000 17.504
290.000 17.844
295.000 18.052
300.000 18.603
305.000 19.107
310.000 19.325
315.000 19.913
320.000 20.239
325.000 20.912
330.000 21.624
335.000 22.020
340.000 22.840
345.000 23.275
350.000 24.234
355.000 25.252
360.000 25.830
365.000 26.989
370.000 27.605
375.000 28.957
380.000 30.387
385.000 31.132
390.000 32.718
395.000 33.592
400.000 35.310
405.000 37.029
410.000 37.853
415.000 39.448
420.000 40.182
425.000 41.382
430.000 42.199
435.000 42.420
440.000 42.503
445.000 42.304
450.000 41.517
455.000 40.152
460.000 39.367
465.000 37.480
470.000 36.514
475.000 34.352
480.000 32.232
485.000 31.186
490.000 29.141
495.000 28.168
500.000 26.368
505.000 24.680
510.000 23.896
515.000 22.450
520.000 21.739
525.000 20.476
530.000 19.314
535.000 18.766
540.000 17.761
545.000 17.298
550.000 16.409
555.000 15.599
560.000 15.242
565.000 14.546
570.000 14.201
575.000 13.574
580.000 13.005
585.000 12.741
590.000 12.242
595.000 12.019
600.000 11.555
605.000 11.140
610.000 10.947
615.000 10.552
620.000 10.390
625.000 10.055
630.000 9.751
635.000 9.600
640.000 9.323
645.000 9.174
650.000 8.934
655.000 8.705
660.000 8.583
665.000 8.363
670.000 8.263
675.000 8.077
680.000 7.896
685.000 7.804
690.000 7.653
695.000 7.556
700.000 7.420
705.000 7.344
710.000 7.216
715.000 7.081
720.000 7.032
725.000 6.922
730.000 6.876
735.000 6.793
740.000 6.679
745.000 6.645
750.000 6.566
755.000 6.531
760.000 6.468
765.000 6.428
770.000 6.393
775.000 6.349
780.000 6.320
785.000 6.338
790.000 6.364
795.000 6.378
800.000 6.432
805.000 6.451
810.000 6.471
815.000 6.469
820.000 6.468
825.000 6.489
830.000 6.501
835.000 6.537
840.000 6.602
845.000 6.624
850.000 6.720
855.000 6.747
860.000 6.869
865.000 7.006
870.000 7.085
875.000 7.263
880.000 7.365
885.000 7.608
890.000 7.899
895.000 8.058
900.000 8.444
905.000 8.656
910.000 9.182
915.000 9.841
920.000 10.122
925.000 11.103
930.000 11.681
935.000 13.044
940.000 14.807
945.000 15.918
950.000 18.595
955.000 20.164
960.000 23.337
965.000 25.425
970.000 25.278
975.000 21.858
980.000 19.242
985.000 14.629
990.000 11.342
995.000 10.033
1000.000 8.136
1005.000 7.437
1010.000 6.264
1015.000 5.361
1020.000 5.058
1025.000 4.392
1030.000 4.102
1035.000 3.572
1040.000 3.238
1045.000 3.066
1050.000 2.816
1055.000 2.692
1060.000 2.457
1065.000 2.242
1070.000 2.154
1075.000 2.021
1080.000 1.976
1085.000 1.862
1090.000 1.762
1095.000 1.737
1100.000 1.672
1105.000 1.637
1110.000 1.599
1115.000 1.557
1120.000 1.535
1125.000 1.502
1130.000 1.510
1135.000 1.485
1140.000 1.472
1145.000 1.470
1150.000 1.456
1155.000 1.456
1160.000 1.453
1165.000 1.453
1170.000 1.455
1175.000 1.459
1180.000 1.467
1185.000 1.467
1190.000 1.458
1195.000 1.474
1200.000 1.475
1205.000 1.479
1210.000 1.489
1215.000 1.500
1220.000 1.501
1225.000 1.514
1230.000 1.525
1235.000 1.533
1240.000 1.543
1245.000 1.546
1250.000 1.560
1255.000 1.560
1260.000 1.570
1265.000 1.592
1270.000 1.599
1275.000 1.609
1280.000 1.618
1285.000 1.636
1290.000 1.640
1295.000 1.657
1300.000 1.671
1305.000 1.680
1310.000 1.692
1315.000 1.705
1320.000 1.719
1325.000 1.737
1330.000 1.744
1335.000 1.758
1340.000 1.775
1345.000 1.786
1350.000 1.807
1355.000 1.821
1360.000 1.833
1365.000 1.844
1370.000 1.868
1375.000 1.886
1380.000 1.898
1385.000 1.919
1390.000 1.930
1395.000 1.951
1400.000 1.972
1405.000 1.982
1410.000 2.009
1415.000 2.023
1420.000 2.046
1425.000 2.070
1430.000 2.084
1435.000 2.111
1440.000 2.121
1445.000 2.150
1450.000 2.179
1455.000 2.189
1460.000 2.219
1465.000 2.234
1470.000 2.262
1475.000 2.294
1480.000 2.303
1485.000 2.333
1490.000 2.346
1495.000 2.378
1500.000 2.409
1505.000 2.423
1510.000 2.451
1515.000 2.466
1520.000 2.493
1525.000 2.524
1530.000 2.531
1535.000 2.561
1540.000 2.574
1545.000 2.594
1550.000 2.619
1555.000 2.630
1560.000 2.652
1565.000 2.663
1570.000 2.671
1575.000 2.683
1580.000 2.696
1585.000 2.696
1590.000 2.698
1595.000 2.699
1600.000 2.696
1605.000 2.696
1610.000 2.689
1615.000 2.684
1620.000 2.695
1625.000 2.718
1630.000 2.740
1635.000 2.802
1640.000 2.855
1645.000 2.987
1650.000 3.196
1655.000 3.323
1660.000 3.605
1665.000 3.763
1670.000 4.115
1675.000 4.497
1680.000 4.698
1685.000 5.123
1690.000 5.340
1695.000 5.776
1700.000 6.232
1705.000 6.459
1710.000 6.923
1715.000 7.150
1720.000 7.645
1725.000 8.149
1730.000 8.396
1735.000 8.951
1740.000 9.235
1745.000 9.807
1750.000 10.455
1755.000 10.797
1760.000 11.511
1765.000 11.899
1770.000 12.724
1775.000 13.617
1780.000 14.127
1785.000 15.201
1790.000 15.788
1795.000 17.055
1800.000 18.514
1805.000 19.302
1810.000 21.016
1815.000 22.023
1820.000 24.154
1825.000 26.568
1830.000 27.950
1835.000 30.936
1840.000 32.506
1845.000 36.126
1850.000 39.935
1855.000 41.777
1860.000 45.545
1865.000 47.147
1870.000 49.443
1875.000 50.158
1880.000 49.823
1885.000 47.831
1890.000 46.391
1895.000 42.939
1900.000 41.147
1905.000 37.713
1910.000 34.381
1915.000 32.885
1920.000 30.222
1925.000 28.941
1930.000 26.732
1935.000 24.866
1940.000 23.951
1945.000 22.383
1950.000 21.709
1955.000 20.375
1960.000 19.231
1965.000 18.717
1970.000 17.737
1975.000 17.289
1980.000 16.481
1985.000 15.704
1990.000 15.354
1995.000 14.709
2000.000 14.413
2005.000 13.822
2010.000 13.299
2015.000 13.041
2020.000 12.556
2025.000 12.312
2030.000 11.905
2035.000 11.478
2040.000 11.283
2045.000 10.931
2050.000 10.742
2055.000 10.406
2060.000 10.086
2065.000 9.923
2070.000 9.627
2075.000 9.498
2080.000 9.199
2085.000 8.938
2090.000 8.812
2095.000 8.558
2100.000 8.437
2105.000 8.206
2110.000 7.974
2115.000 7.865
2120.000 7.654
2125.000 7.548
2130.000 7.335
2135.000 7.143
2140.000 7.048
2145.000 6.848
2150.000 6.757
2155.000 6.577
2160.000 6.394
2165.000 6.308
2170.000 6.147
2175.000 6.061
2180.000 5.892
2185.000 5.745
2190.000 5.664
2195.000 5.518
2200.000 5.448
2205.000 5.311
2210.000 5.171
2215.000 5.109
2220.000 4.980
2225.000 4.921
2230.000 4.795
2235.000 4.676
2240.000 4.619
2245.000 4.509
2250.000 4.457
2255.000 4.346
2260.000 4.244
2265.000 4.193
2270.000 4.097
2275.000 4.045
2280.000 3.954
2285.000 3.863
2290.000 3.824
2295.000 3.737
2300.000 3.695
2305.000 3.615
2310.000 3.540
2315.000 3.497
2320.000 3.422
2325.000 3.385
2330.000 3.319
2335.000 3.248
2340.000 3.217
2345.000 3.154
2350.000 3.122
2355.000 3.056
2360.000 2.996
2365.000 2.967
2370.000 2.909
2375.000 2.885
2380.000 2.830
2385.000 2.778
2390.000 2.760
2395.000 2.704
2400.000 2.681
2405.000 2.632
2410.000 2.589
2415.000 2.565
2420.000 2.523
2425.000 2.505
2430.000 2.462
2435.000 2.424
2440.000 2.400
2445.000 2.364
2450.000 2.346
2455.000 2.315
2460.000 2.278
2465.000 2.258
2470.000 2.228
2475.000 2.214
2480.000 2.183
2485.000 2.169
2490.000 2.138
2495.000 2.110
2500.000 2.104
2505.000 2.072
2510.000 2.058
2515.000 2.034
2520.000 2.006
2525.000 1.999
2530.000 1.972
2535.000 1.963
2540.000 1.939
2545.000 1.917
2550.000 1.909
2555.000 1.892
2560.000 1.880
2565.000 1.861
2570.000 1.837
2575.000 1.831
2580.000 1.816
2585.000 1.803
2590.000 1.789
2595.000 1.773
2600.000 1.763
2605.000 1.750
2610.000 1.744
2615.000 1.725
2620.000 1.712
2625.000 1.706
2630.000 1.688
2635.000 1.684
2640.000 1.674
2645.000 1.660
2650.000 1.657
2655.000 1.640
2660.000 1.637
2665.000 1.627
2670.000 1.618
2675.000 1.612
2680.000 1.606
2685.000 1.598
2690.000 1.588
2695.000 1.579
2700.000 1.572
2705.000 1.564
2710.000 1.562
2715.000 1.551
2720.000 1.548
2725.000 1.545
2730.000 1.538
2735.000 1.537
2740.000 1.531
2745.000 1.525
2750.000 1.525
2755.000 1.516
2760.000 1.518
2765.000 1.511
2770.000 1.505
2775.000 1.505
2780.000 1.502
2785.000 1.499
2790.000 1.495
2795.000 1.493
2800.000 1.491
2805.000 1.490
2810.000 1.489
2815.000 1.489
2820.000 1.488
2825.000 1.485
2830.000 1.485
2835.000 1.487
2840.000 1.488
2845.000 1.483
2850.000 1.486
2855.000 1.490
2860.000 1.489
2865.000 1.491
2870.000 1.491
2875.000 1.493
2880.000 1.493
2885.000 1.496
2890.000 1.499
2895.000 1.501
2900.000 1.507
2905.000 1.510
2910.000 1.506
2915.000 1.513
2920.000 1.522
2925.000 1.523
2930.000 1.532
2935.000 1.529
2940.000 1.546
2945.000 1.549
2950.000 1.548
2955.000 1.559
2960.000 1.565
2965.000 1.583
2970.000 1.582
2975.000 1.580
2980.000 1.604
2985.000 1.602
2990.000 1.619
2995.000 1.621
3000.000 1.638
3005.000 1.649
3010.000 1.657
3015.000 1.655
3020.000 1.683
3025.000 1.692
3030.000 1.710
3035.000 1.721
3040.000 1.736
3045.000 1.747
3050.000 1.755
3055.000 1.775
3060.000 1.792
3065.000 1.809
3070.000 1.833
3075.000 1.849
3080.000 1.868
3085.000 1.885
3090.000 1.914
3095.000 1.927
3100.000 1.956
3105.000 1.990
3110.000 2.007
3115.000 2.038
3120.000 2.060
3125.000 2.097
3130.000 2.134
3135.000 2.156
3140.000 2.196
3145.000 2.221
3150.000 2.266
3155.000 2.322
3160.000 2.343
3165.000 2.407
3170.000 2.433
3175.000 2.492
3180.000 2.560
3185.000 2.597
3190.000 2.669
3195.000 2.706
3200.000 2.791
3205.000 2.876
3210.000 2.925
3215.000 3.026
3220.000 3.081
3225.000 3.190
3230.000 3.318
3235.000 3.381
3240.000 3.517
3245.000 3.597
3250.000 3.765
3255.000 3.936
3260.000 4.040
3265.000 4.254
3270.000 4.359
3275.000 4.623
3280.000 4.904
3285.000 5.050
3290.000 5.411
3295.000 5.604
3300.000 6.013
3305.000 6.530
3310.000 6.820
3315.000 7.436
3320.000 7.794
3325.000 8.686
3330.000 9.679
3335.000 10.306
3340.000 11.846
3345.000 12.738
3350.000 14.806
3355.000 17.721
3360.000 19.402
3365.000 23.079
3370.000 25.491
3375.000 28.682
3380.000 29.258
3385.000 27.450
3390.000 23.017
3395.000 20.884
3400.000 17.097
3405.000 15.632
3410.000 13.376
3415.000 11.501
3420.000 10.767
3425.000 9.610
3430.000 9.086
3435.000 8.173
3440.000 7.489
3445.000 7.169
3450.000 6.596
3455.000 6.354
3460.000 5.939
3465.000 5.552
3470.000 5.385
3475.000 5.096
3480.000 4.946
3485.000 4.697
3490.000 4.481
3495.000 4.373
3500.000 4.184
3505.000 4.099
3510.000 3.940
3515.000 3.790
3520.000 3.729
3525.000 3.601
3530.000 3.542
3535.000 3.439
3540.000 3.332
3545.000 3.284
3550.000 3.198
3555.000 3.157
3560.000 3.076
3565.000 3.013
3570.000 2.977
3575.000 2.913
3580.000 2.884
3585.000 2.830
3590.000 2.782
3595.000 2.757
3600.000 2.713
3605.000 2.691
3610.000 2.653
3615.000 2.614
3620.000 2.599
3625.000 2.566
3630.000 2.552
3635.000 2.526
3640.000 2.500
3645.000 2.492
3650.000 2.470
3655.000 2.458
3660.000 2.445
3665.000 2.429
3670.000 2.424
3675.000 2.413
3680.000 2.411
3685.000 2.402
3690.000 2.399
3695.000 2.394
3700.000 2.395
3705.000 2.393
3710.000 2.394
3715.000 2.398
3720.000 2.403
3725.000 2.412
3730.000 2.414
3735.000 2.426
3740.000 2.439
3745.000 2.447
3750.000 2.464
3755.000 2.470
3760.000 2.493
3765.000 2.518
3770.000 2.532
3775.000 2.558
3780.000 2.577
3785.000 2.606
3790.000 2.643
3795.000 2.666
3800.000 2.707
3805.000 2.730
3810.000 2.775
3815.000 2.830
3820.000 2.860
3825.000 2.928
3830.000 2.963
3835.000 3.030
3840.000 3.111
3845.000 3.156
3850.000 3.247
3855.000 3.297
3860.000 3.408
3865.000 3.526
3870.000 3.590
3875.000 3.733
3880.000 3.808
3885.000 3.977
3890.000 4.164
3895.000 4.256
3900.000 4.491
3905.000 4.615
3910.000 4.888
3915.000 5.214
3920.000 5.389
3925.000 5.790
3930.000 5.999
3935.000 6.539
3940.000 7.154
3945.000 7.492
3950.000 8.374
3955.000 8.877
3960.000 9.996
3965.000 10.851
3970.000 12.569
3975.000 14.602
3980.000 15.908
3985.000 18.616
3990.000 19.876
3995.000 21.491
4000.000 20.877
4005.000 19.696
4010.000 16.641
4015.000 15.053
4020.000 12.502
4025.000 10.560
4030.000 9.760
4035.000 8.468
4040.000 7.954
4045.000 7.007
4050.000 6.270
4055.000 5.988
4060.000 5.411
4065.000 5.175
4070.000 4.770
4075.000 4.394
4080.000 4.231
4085.000 3.959
4090.000 3.813
4095.000 3.583
4100.000 3.380
4105.000 3.276
4110.000 3.103
4115.000 3.026
4120.000 2.875
4125.000 2.741
4130.000 2.682
4135.000 2.564
4140.000 2.514
4145.000 2.415
4150.000 2.322
4155.000 2.279
4160.000 2.197
4165.000 2.162
4170.000 2.089
4175.000 2.019
4180.000 1.992
4185.000 1.924
4190.000 1.893
4195.000 1.837
4200.000 1.776
4205.000 1.751
4210.000 1.698
4215.000 1.668
4220.000 1.612
4225.000 1.570
4230.000 1.543
4235.000 1.498
4240.000 1.479
4245.000 1.442
4250.000 1.410
4255.000 1.390
4260.000 1.367
4265.000 1.357
4270.000 1.337
4275.000 1.315
4280.000 1.310
4285.000 1.292
4290.000 1.285
4295.000 1.270
4300.000 1.255
4305.000 1.249
4310.000 1.237
4315.000 1.234
4320.000 1.223
4325.000 1.213
4330.000 1.207
4335.000 1.201
4340.000 1.196
4345.000 1.190
4350.000 1.181
4355.000 1.179
4360.000 1.173
4365.000 1.171
4370.000 1.164
4375.000 1.157
4380.000 1.155
4385.000 1.152
4390.000 1.147
4395.000 1.143
4400.000 1.139
4405.000 1.135
4410.000 1.137
4415.000 1.138
4420.000 1.133
4425.000 1.133
4430.000 1.136
4435.000 1.141
4440.000 1.139
4445.000 1.139
4450.000 1.140
4455.000 1.147
4460.000 1.146
4465.000 1.147
4470.000 1.152
4475.000 1.155
4480.000 1.157
4485.000 1.166
4490.000 1.165
4495.000 1.176
4500.000 1.181
4505.000 1.185
4510.000 1.197
4515.000 1.204
4520.000 1.214
4525.000 1.227
4530.000 1.235
4535.000 1.245
4540.000 1.256
4545.000 1.274
4550.000 1.290
4555.000 1.296
4560.000 1.315
4565.000 1.324
4570.000 1.344
4575.000 1.356
4580.000 1.380
4585.000 1.405
4590.000 1.420
4595.000 1.448
4600.000 1.466
4605.000 1.499
4610.000 1.531
4615.000 1.548
4620.000 1.587
4625.000 1.607
4630.000 1.642
4635.000 1.661
4640.000 1.682
4645.000 1.727
4650.000 1.737
4655.000 1.790
4660.000 1.834
4665.000 1.851
4670.000 1.910
4675.000 1.935
4680.000 1.989
4685.000 2.057
4690.000 2.089
4695.000 2.159
4700.000 2.201
4705.000 2.295
4710.000 2.390
4715.000 2.451
4720.000 2.597
4725.000 2.680
4730.000 2.868
4735.000 3.118
4740.000 3.264
4745.000 3.605
4750.000 3.843
4755.000 4.375
4760.000 5.014
4765.000 5.409
4770.000 6.105
4775.000 6.328
4780.000 6.319
4785.000 5.556
4790.000 5.091
4795.000 4.069
4800.000 3.670
4805.000 3.075
4810.000 2.571
4815.000 2.387
4820.000 2.102
4825.000 1.966
4830.000 1.756
4835.000 1.602
4840.000 1.525
4845.000 1.400
4850.000 1.349
4855.000 1.249
4860.000 1.173
4865.000 1.138
4870.000 1.075
4875.000 1.044
4880.000 0.996
4885.000 0.951
4890.000 0.929
4895.000 0.892
4900.000 0.878
4905.000 0.837
4910.000 0.811
4915.000 0.801
4920.000 0.777
4925.000 0.759
4930.000 0.737
4935.000 0.720
4940.000 0.707
4945.000 0.690
4950.000 0.676
4955.000 0.659
4960.000 0.646
4965.000 0.626
4970.000 0.623
4975.000 0.618
4980.000 0.596
4985.000 0.597
4990.000 0.582
4995.000 0.572
5000.000 0.575
5005.000 0.579
5010.000 0.569
5015.000 0.563
5020.000 0.564
5025.000 0.568
5030.000 0.567
5035.000 0.566
5040.000 0.565
5045.000 0.561
5050.000 0.552
5055.000 0.557
5060.000 0.556
5065.000 0.557
5070.000 0.564
5075.000 0.563
5080.000 0.572
5085.000 0.574
5090.000 0.577
5095.000 0.583
5100.000 0.578
5105.000 0.588
5110.000 0.596
5115.000 0.590
5120.000 0.595
5125.000 0.594
5130.000 0.598
5135.000 0.595
5140.000 0.595
5145.000 0.599
5150.000 0.600
5155.000 0.605
5160.000 0.602
5165.000 0.608
5170.000 0.605
5175.000 0.607
5180.000 0.606
5185.000 0.607
5190.000 0.609
5195.000 0.614
5200.000 0.606
5205.000 0.606
5210.000 0.607
5215.000 0.606
5220.000 0.605
5225.000 0.604
5230.000 0.602
5235.000 0.605
5240.000 0.603
5245.000 0.604
5250.000 0.602
5255.000 0.603
5260.000 0.600
5265.000 0.603
5270.000 0.598
5275.000 0.597
5280.000 0.597
5285.000 0.594
5290.000 0.592
5295.000 0.592
5300.000 0.590
5305.000 0.588
5310.000 0.587
5315.000 0.584
5320.000 0.587
5325.000 0.588
5330.000 0.586
5335.000 0.587
5340.000 0.587
5345.000 0.583
5350.000 0.581
5355.000 0.583
5360.000 0.583
5365.000 0.581
5370.000 0.577
5375.000 0.576
5380.000 0.577
5385.000 0.571
5390.000 0.574
5395.000 0.574
5400.000 0.576
5405.000 0.572
5410.000 0.573
5415.000 0.578
5420.000 0.577
5425.000 0.577
5430.000 0.573
5435.000 0.578
5440.000 0.578
5445.000 0.573
5450.000 0.572
5455.000 0.570
5460.000 0.571
5465.000 0.568
5470.000 0.565
5475.000 0.565
5480.000 0.567
5485.000 0.567
5490.000 0.564
5495.000 0.562
5500.000 0.567
5505.000 0.565
5510.000 0.568
5515.000 0.564
5520.000 0.567
5525.000 0.565
5530.000 0.564
5535.000 0.565
5540.000 0.565
5545.000 0.560
5550.000 0.559
5555.000 0.560
5560.000 0.556
5565.000 0.558
5570.000 0.558
5575.000 0.561
5580.000 0.559
5585.000 0.554
5590.000 0.561
5595.000 0.563
5600.000 0.561
5605.000 0.560
5610.000 0.560
5615.000 0.560
5620.000 0.559
5625.000 0.558
5630.000 0.556
5635.000 0.553
5640.000 0.555
5645.000 0.554
5650.000 0.552
5655.000 0.554
5660.000 0.555
5665.000 0.554
5670.000 0.556
5675.000 0.555
5680.000 0.560
5685.000 0.560
5690.000 0.561
5695.000 0.561
5700.000 0.564
5705.000 0.560
5710.000 0.560
5715.000 0.558
5720.000 0.558
5725.000 0.555
5730.000 0.554
5735.000 0.558
5740.000 0.559
5745.000 0.561
5750.000 0.558
5755.000 0.563
5760.000 0.563
5765.000 0.565
5770.000 0.565
5775.000 0.568
5780.000 0.567
5785.000 0.571
5790.000 0.567
5795.000 0.568
5800.000 0.571
5805.000 0.568
5810.000 0.568
5815.000 0.568
5820.000 0.567
5825.000 0.566
5830.000 0.567
5835.000 0.574
5840.000 0.576
5845.000 0.576
5850.000 0.577
5855.000 0.577
5860.000 0.577
5865.000 0.581
5870.000 0.582
5875.000 0.583
5880.000 0.580
5885.000 0.574
5890.000 0.577
5895.000 0.577
5900.000 0.574
5905.000 0.574
5910.000 0.577
5915.000 0.577
5920.000 0.580
5925.000 0.579
5930.000 0.582
5935.000 0.582
5940.000 0.585
5945.000 0.590
5950.000 0.583
5955.000 0.590
5960.000 0.590
5965.000 0.593
5970.000 0.592
5975.000 0.592
5980.000 0.595
5985.000 0.587
5990.000 0.593
5995.000 0.583
6000.000 0.594
6005.000 0.598
6010.000 0.601
6015.000 0.589
6020.000 0.602
6025.000 0.601
6030.000 0.601
6035.000 0.605
6040.000 0.610
6045.000 0.600
6050.000 0.608
6055.000 0.600
6060.000 0.600
6065.000 0.608
6070.000 0.605
6075.000 0.602
6080.000 0.600
6085.000 0.603
6090.000 0.601
6095.000 0.605
6100.000 0.603
6105.000 0.607
6110.000 0.608
6115.000 0.610
6120.000 0.613
6125.000 0.617
6130.000 0.617
6135.000 0.621
6140.000 0.623
6145.000 0.622
6150.000 0.621
6155.000 0.623
6160.000 0.626
6165.000 0.624
6170.000 0.624
6175.000 0.631
6180.000 0.629
6185.000 0.635
6190.000 0.636
6195.000 0.638
6200.000 0.641
6205.000 0.644
6210.000 0.650
6215.000 0.653
6220.000 0.653
6225.000 0.654
6230.000 0.657
6235.000 0.659
6240.000 0.656
6245.000 0.662
6250.000 0.664
6255.000 0.666
6260.000 0.668
6265.000 0.670
6270.000 0.674
6275.000 0.680
6280.000 0.681
6285.000 0.685
6290.000 0.693
6295.000 0.698
6300.000 0.704
6305.000 0.714
6310.000 0.703
6315.000 0.715
6320.000 0.715
6325.000 0.717
6330.000 0.726
6335.000 0.724
6340.000 0.730
6345.000 0.732
6350.000 0.739
6355.000 0.741
6360.000 0.752
6365.000 0.760
6370.000 0.765
6375.000 0.776
6380.000 0.781
6385.000 0.795
6390.000 0.804
6395.000 0.811
6400.000 0.819
6405.000 0.828
6410.000 0.841
6415.000 0.847
6420.000 0.857
6425.000 0.868
6430.000 0.871
6435.000 0.888
6440.000 0.900
6445.000 0.906
6450.000 0.923
6455.000 0.936
6460.000 0.954
6465.000 0.973
6470.000 0.985
6475.000 1.009
6480.000 1.021
6485.000 1.046
6490.000 1.064
6495.000 1.082
6500.000 1.107
6505.000 1.124
6510.000 1.149
6515.000 1.183
6520.000 1.197
6525.000 1.232
6530.000 1.255
6535.000 1.296
6540.000 1.343
6545.000 1.362
6550.000 1.417
6555.000 1.441
6560.000 1.503
6565.000 1.561
6570.000 1.597
6575.000 1.671
6580.000 1.710
6585.000 1.786
6590.000 1.884
6595.000 1.932
6600.000 2.028
6605.000 2.095
6610.000 2.223
6615.000 2.355
6620.000 2.442
6625.000 2.619
6630.000 2.714
6635.000 2.939
6640.000 3.070
6645.000 3.328
6650.000 3.679
6655.000 3.870
6660.000 4.283
6665.000 4.511
6670.000 5.149
6675.000 5.893
6680.000 6.269
6685.000 7.429
6690.000 8.084
6695.000 9.524
6700.000 11.643
6705.000 12.708
6710.000 14.514
6715.000 15.174
6720.000 14.968
6725.000 13.224
6730.000 11.921
6735.000 9.848
6740.000 9.040
6745.000 7.664
6750.000 6.668
6755.000 6.265
6760.000 5.564
6765.000 5.290
6770.000 4.837
6775.000 4.414
6780.000 4.236
6785.000 3.958
6790.000 3.820
6795.000 3.576
6800.000 3.398
6805.000 3.310
6810.000 3.134
6815.000 3.062
6820.000 2.938
6825.000 2.818
6830.000 2.764
6835.000 2.670
6840.000 2.622
6845.000 2.546
6850.000 2.477
6855.000 2.440
6860.000 2.381
6865.000 2.359
6870.000 2.308
6875.000 2.266
6880.000 2.248
6885.000 2.216
6890.000 2.199
6895.000 2.170
6900.000 2.141
6905.000 2.132
6910.000 2.116
6915.000 2.106
6920.000 2.093
6925.000 2.079
6930.000 2.077
6935.000 2.072
6940.000 2.066
6945.000 2.069
6950.000 2.073
6955.000 2.080
6960.000 2.093
6965.000 2.092
6970.000 2.104
6975.000 2.125
6980.000 2.132
6985.000 2.163
6990.000 2.165
6995.000 2.189
7000.000 2.237
7005.000 2.247
7010.000 2.287
7015.000 2.304
7020.000 2.352
7025.000 2.408
7030.000 2.425
7035.000 2.481
7040.000 2.518
7045.000 2.598
7050.000 2.677
7055.000 2.723
7060.000 2.840
7065.000 2.885
7070.000 2.989
7075.000 3.134
7080.000 3.204
7085.000 3.347
7090.000 3.446
7095.000 3.642
7100.000 3.844
7105.000 3.988
7110.000 4.261
7115.000 4.391
7120.000 4.772
7125.000 5.191
7130.000 5.381
7135.000 5.983
7140.000 6.309
7145.000 6.979
7150.000 7.982
7155.000 8.525
7160.000 9.672
7165.000 10.393
7170.000 12.148
7175.000 13.682
7180.000 14.396
7185.000 15.232
7190.000 15.109
7195.000 14.064
7200.000 12.074
7205.000 11.151
7210.000 9.616
7215.000 8.820
7220.000 7.651
7225.000 6.790
7230.000 6.338
7235.000 5.638
7240.000 5.404
7245.000 4.872
7250.000 4.658
7255.000 4.321
7260.000 3.974
7265.000 3.834
7270.000 3.607
7275.000 3.483
7280.000 3.272
7285.000 3.108
7290.000 3.011
7295.000 2.862
7300.000 2.793
7305.000 2.663
7310.000 2.553
7315.000 2.497
7320.000 2.404
7325.000 2.355
7330.000 2.271
7335.000 2.194
7340.000 2.162
7345.000 2.094
7350.000 2.071
7355.000 2.008
7360.000 1.956
7365.000 1.938
7370.000 1.886
7375.000 1.865
7380.000 1.825
7385.000 1.780
7390.000 1.763
7395.000 1.731
7400.000 1.709
7405.000 1.677
7410.000 1.651
7415.000 1.634
7420.000 1.605
7425.000 1.597
7430.000 1.578
7435.000 1.555
7440.000 1.550
7445.000 1.531
7450.000 1.524
7455.000 1.506
7460.000 1.492
7465.000 1.484
7470.000 1.474
7475.000 1.464
7480.000 1.453
7485.000 1.443
7490.000 1.433
7495.000 1.423
7500.000 1.420
7505.000 1.409
7510.000 1.404
7515.000 1.402
7520.000 1.398
7525.000 1.398
7530.000 1.398
7535.000 1.399
7540.000 1.397
7545.000 1.395
7550.000 1.398
7555.000 1.398
7560.000 1.396
7565.000 1.397
7570.000 1.396
7575.000 1.400
7580.000 1.404
7585.000 1.406
7590.000 1.410
7595.000 1.418
7600.000 1.421
7605.000 1.435
7610.000 1.443
7615.000 1.453
7620.000 1.469
7625.000 1.476
7630.000 1.493
7635.000 1.511
7640.000 1.520
7645.000 1.536
7650.000 1.543
7655.000 1.570
7660.000 1.590
7665.000 1.607
7670.000 1.641
7675.000 1.653
7680.000 1.689
7685.000 1.729
7690.000 1.747
7695.000 1.803
7700.000 1.829
7705.000 1.883
7710.000 1.952
7715.000 1.988
7720.000 2.057
7725.000 2.101
7730.000 2.201
7735.000 2.298
7740.000 2.354
7745.000 2.504
7750.000 2.580
7755.000 2.734
7760.000 2.961
7765.000 3.079
7770.000 3.327
7775.000 3.517
7780.000 3.893
7785.000 4.312
7790.000 4.634
7795.000 5.240
7800.000 5.517
7805.000 6.248
7810.000 6.761
7815.000 6.869
7820.000 6.626
7825.000 6.284
7830.000 5.389
7835.000 4.954
7840.000 4.042
7845.000 3.453
7850.000 3.167
7855.000 2.668
7860.000 2.481
7865.000 2.192
7870.000 1.904
7875.000 1.794
7880.000 1.606
7885.000 1.513
7890.000 1.365
7895.000 1.248
7900.000 1.181
7905.000 1.078
7910.000 1.043
7915.000 0.956
7920.000 0.885
7925.000 0.858
7930.000 0.795
7935.000 0.772
7940.000 0.730
7945.000 0.687
7950.000 0.664
7955.000 0.636
7960.000 0.613
7965.000 0.583
7970.000 0.566
7975.000 0.546
7980.000 0.520
7985.000 0.516
7990.000 0.491
7995.000 0.484
8000.000 0.474
8005.000 0.467
8010.000 0.472
8015.000 0.489
8020.000 0.500
8025.000 0.477
8030.000 0.473
8035.000 0.470
8040.000 0.456
8045.000 0.435
8050.000 0.434
8055.000 0.423
8060.000 0.417
8065.000 0.414
8070.000 0.404
8075.000 0.404
8080.000 0.400
8085.000 0.390
8090.000 0.393
8095.000 0.387
8100.000 0.385
8105.000 0.383
8110.000 0.381
8115.000 0.386
8120.000 0.384
8125.000 0.387
8130.000 0.393
8135.000 0.391
8140.000 0.388
8145.000 0.394
8150.000 0.394
8155.000 0.393
8160.000 0.391
8165.000 0.390
8170.000 0.389
8175.000 0.384
8180.000 0.384
8185.000 0.384
8190.000 0.385
8195.000 0.386
8200.000 0.387
8205.000 0.386
8210.000 0.392
8215.000 0.391
8220.000 0.393
8225.000 0.398
8230.000 0.399
8235.000 0.398
8240.000 0.403
8245.000 0.404
8250.000 0.402
8255.000 0.400
8260.000 0.397
8265.000 0.400
8270.000 0.390
8275.000 0.392
8280.000 0.395
8285.000 0.394
8290.000 0.396
8295.000 0.396
8300.000 0.402
8305.000 0.403
8310.000 0.402
8315.000 0.410
8320.000 0.410
8325.000 0.411
8330.000 0.413
8335.000 0.406
8340.000 0.414
8345.000 0.410
8350.000 0.405
8355.000 0.409
8360.000 0.406
8365.000 0.403
8370.000 0.406
8375.000 0.405
8380.000 0.409
8385.000 0.408
8390.000 0.410
8395.000 0.416
8400.000 0.417
8405.000 0.417
8410.000 0.417
8415.000 0.418
8420.000 0.420
8425.000 0.416
8430.000 0.415
8435.000 0.420
8440.000 0.412
8445.000 0.411
8450.000 0.413
8455.000 0.410
8460.000 0.413
8465.000 0.412
8470.000 0.412
8475.000 0.417
8480.000 0.417
8485.000 0.415
8490.000 0.421
8495.000 0.424
8500.000 0.428
8505.000 0.428
8510.000 0.426
8515.000 0.424
8520.000 0.419
8525.000 0.419
8530.000 0.420
8535.000 0.418
8540.000 0.418
8545.000 0.418
8550.000 0.416
8555.000 0.417
8560.000 0.421
8565.000 0.427
8570.000 0.423
8575.000 0.426
8580.000 0.429
8585.000 0.430
8590.000 0.432
8595.000 0.432
8600.000 0.429
8605.000 0.429
8610.000 0.428
8615.000 0.421
8620.000 0.425
8625.000 0.425
8630.000 0.423
8635.000 0.420
8640.000 0.421
8645.000 0.424
8650.000 0.425
8655.000 0.428
8660.000 0.432
8665.000 0.434
8670.000 0.432
8675.000 0.435
8680.000 0.431
8685.000 0.432
8690.000 0.430
8695.000 0.429
8700.000 0.431
8705.000 0.423
8710.000 0.423
8715.000 0.423
8720.000 0.424
8725.000 0.420
8730.000 0.419
8735.000 0.422
8740.000 0.428
8745.000 0.430
8750.000 0.430
8755.000 0.433
8760.000 0.433
8765.000 0.433
8770.000 0.430
8775.000 0.432
8780.000 0.423
8785.000 0.424
8790.000 0.425
8795.000 0.425
8800.000 0.424
8805.000 0.422
8810.000 0.430
8815.000 0.422
8820.000 0.412
8825.000 0.421
8830.000 0.459
8835.000 0.447
8840.000 0.438
8845.000 0.433
8850.000 0.442
8855.000 0.443
8860.000 0.441
8865.000 0.441
8870.000 0.441
8875.000 0.435
8880.000 0.437
8885.000 0.436
8890.000 0.429
8895.000 0.428
8900.000 0.425
8905.000 0.425
8910.000 0.426
8915.000 0.423
8920.000 0.425
8925.000 0.431
8930.000 0.433
8935.000 0.432
8940.000 0.432
8945.000 0.434
8950.000 0.436
8955.000 0.428
8960.000 0.428
8965.000 0.427
8970.000 0.419
8975.000 0.418
8980.000 0.418
8985.000 0.424
8990.000 0.421
8995.000 0.413
9000.000 0.425
9005.000 0.424
9010.000 0.426
9015.000 0.428
9020.000 0.427
9025.000 0.432
9030.000 0.425
9035.000 0.432
9040.000 0.435
9045.000 0.429
9050.000 0.423
9055.000 0.420
9060.000 0.419
9065.000 0.421
9070.000 0.415
9075.000 0.415
9080.000 0.414
9085.000 0.417
9090.000 0.414
9095.000 0.418
9100.000 0.418
9105.000 0.418
9110.000 0.425
9115.000 0.424
9120.000 0.421
9125.000 0.419
9130.000 0.422
9135.000 0.422
9140.000 0.419
9145.000 0.421
9150.000 0.422
9155.000 0.417
9160.000 0.416
9165.000 0.419
9170.000 0.417
9175.000 0.420
9180.000 0.421
9185.000 0.420
9190.000 0.425
9195.000 0.424
9200.000 0.427
9205.000 0.428
9210.000 0.427
9215.000 0.424
9220.000 0.419
9225.000 0.420
9230.000 0.419
9235.000 0.412
9240.000 0.411
9245.000 0.413
9250.000 0.412
9255.000 0.407
9260.000 0.409
9265.000 0.413
9270.000 0.414
9275.000 0.412
9280.000 0.415
9285.000 0.420
9290.000 0.417
9295.000 0.416
9300.000 0.415
9305.000 0.420
9310.000 0.411
9315.000 0.409
9320.000 0.408
9325.000 0.404
9330.000 0.402
9335.000 0.402
9340.000 0.399
9345.000 0.401
9350.000 0.399
9355.000 0.399
9360.000 0.403
9365.000 0.407
9370.000 0.407
9375.000 0.409
9380.000 0.407
9385.000 0.407
9390.000 0.401
9395.000 0.404
9400.000 0.402
9405.000 0.396
9410.000 0.396
9415.000 0.393
9420.000 0.391
9425.000 0.389
9430.000 0.390
9435.000 0.388
9440.000 0.389
9445.000 0.390
9450.000 0.394
9455.000 0.394
9460.000 0.392
9465.000 0.391
9470.000 0.395
9475.000 0.390
9480.000 0.391
9485.000 0.385
9490.000 0.384
9495.000 0.379
9500.000 0.377
9505.000 0.374
9510.000 0.370
9515.000 0.371
9520.000 0.370
9525.000 0.370
9530.000 0.370
9535.000 0.366
9540.000 0.371
9545.000 0.374
9550.000 0.374
9555.000 0.371
9560.000 0.369
9565.000 0.368
9570.000 0.368
9575.000 0.359
9580.000 0.357
9585.000 0.354
9590.000 0.348
9595.000 0.345
9600.000 0.341
9605.000 0.343
9610.000 0.342
9615.000 0.340
9620.000 0.340
9625.000 0.342
9630.000 0.339
9635.000 0.341
9640.000 0.338
9645.000 0.336
9650.000 0.330
9655.000 0.329
9660.000 0.324
9665.000 0.323
9670.000 0.315
9675.000 0.309
9680.000 0.307
9685.000 0.298
9690.000 0.296
9695.000 0.292
9700.000 0.291
9705.000 0.293
9710.000 0.284
9715.000 0.286
9720.000 0.284
9725.000 0.275
9730.000 0.275
9735.000 0.272
9740.000 0.270
9745.000 0.261
9750.000 0.250
9755.000 0.247
9760.000 0.238
9765.000 0.231
9770.000 0.223
9775.000 0.213
9780.000 0.208
9785.000 0.199
9790.000 0.194
9795.000 0.192
9800.000 0.175
9805.000 0.174
9810.000 0.172
9815.000 0.162
9820.000 0.150
9825.000 0.135
9830.000 0.125
9835.000 0.110
9840.000 0.100
9845.000 0.081
9850.000 0.068
9855.000 0.049
9860.000 0.032
9865.000 0.020
9870.000 0.018
9875.000 0.038
9880.000 0.051
9885.000 0.073
9890.000 0.085
9895.000 0.121
9900.000 0.153
9905.000 0.180
9910.000 0.228
9915.000 0.245
9920.000 0.313
9925.000 0.346
9930.000 0.402
9935.000 0.494
9940.000 0.536
9945.000 0.623
9950.000 0.681
9955.000 0.819
9960.000 0.950
9965.000 1.037
9970.000 1.258
9975.000 1.378
9980.000 1.623
9985.000 2.011
9990.000 2.231
9995.000 2.659
10000.000 3.002
10005.000 3.595
10010.000 4.080
10015.000 4.316
10020.000 4.406
10025.000 4.315
10030.000 3.938
10035.000 3.509
10040.000 3.356
10045.000 2.972
10050.000 2.822
10055.000 2.605
10060.000 2.390
10065.000 2.308
10070.000 2.193
10075.000 2.135
10080.000 2.009
10085.000 1.930
10090.000 1.891
10095.000 1.806
10100.000 1.775
10105.000 1.711
10110.000 1.660
10115.000 1.637
10120.000 1.598
10125.000 1.574
10130.000 1.542
10135.000 1.515
10140.000 1.501
10145.000 1.475
10150.000 1.471
10155.000 1.454
10160.000 1.438
10165.000 1.434
10170.000 1.425
10175.000 1.418
10180.000 1.408
10185.000 1.398
10190.000 1.393
10195.000 1.387
10200.000 1.378
10205.000 1.372
10210.000 1.376
10215.000 1.374
10220.000 1.375
10225.000 1.377
10230.000 1.383
10235.000 1.390
10240.000 1.394
10245.000 1.408
10250.000 1.415
10255.000 1.423
10260.000 1.439
10265.000 1.444
10270.000 1.457
10275.000 1.463
10280.000 1.481
10285.000 1.499
10290.000 1.505
10295.000 1.532
10300.000 1.544
10305.000 1.574
10310.000 1.608
10315.000 1.623
10320.000 1.660
10325.000 1.687
10330.000 1.732
10335.000 1.778
10340.000 1.813
10345.000 1.875
10350.000 1.895
10355.000 1.975
10360.000 2.051
10365.000 2.090
10370.000 2.184
10375.000 2.238
10380.000 2.340
10385.000 2.494
10390.000 2.571
10395.000 2.729
10400.000 2.817
10405.000 3.067
10410.000 3.299
10415.000 3.444
10420.000 3.804
10425.000 3.982
10430.000 4.304
10435.000 4.695
10440.000 4.837
10445.000 4.985
10450.000 4.979
10455.000 4.762
10460.000 4.399
10465.000 4.079
10470.000 3.554
10475.000 3.371
10480.000 2.872
10485.000 2.499
10490.000 2.378
10495.000 2.051
10500.000 1.926
10505.000 1.724
10510.000 1.614
10515.000 1.430
10520.000 1.299
10525.000 1.230
10530.000 1.102
10535.000 1.045
10540.000 0.954
10545.000 0.867
10550.000 0.830
10555.000 0.766
10560.000 0.729
10565.000 0.668
10570.000 0.621
10575.000 0.593
10580.000 0.546
10585.000 0.525
10590.000 0.480
10595.000 0.442
10600.000 0.423
10605.000 0.383
10610.000 0.368
10615.000 0.341
10620.000 0.312
10625.000 0.299
10630.000 0.280
10635.000 0.274
10640.000 0.255
10645.000 0.242
10650.000 0.232
10655.000 0.213
10660.000 0.205
10665.000 0.193
10670.000 0.177
10675.000 0.174
10680.000 0.155
10685.000 0.149
10690.000 0.140
10695.000 0.127
10700.000 0.119
10705.000 0.110
10710.000 0.106
10715.000 0.101
10720.000 0.092
10725.000 0.091
10730.000 0.089
10735.000 0.088
10740.000 0.086
10745.000 0.082
10750.000 0.084
10755.000 0.076
10760.000 0.076
10765.000 0.074
10770.000 0.071
10775.000 0.068
10780.000 0.070
10785.000 0.067
10790.000 0.070
10795.000 0.078
10800.000 0.078
10805.000 0.089
10810.000 0.092
10815.000 0.098
10820.000 0.108
10825.000 0.114
10830.000 0.122
10835.000 0.126
10840.000 0.138
10845.000 0.149
10850.000 0.151
10855.000 0.170
10860.000 0.176
10865.000 0.188
10870.000 0.214
10875.000 0.227
10880.000 0.251
10885.000 0.271
10890.000 0.300
10895.000 0.334
10900.000 0.362
10905.000 0.402
10910.000 0.424
10915.000 0.488
10920.000 0.547
10925.000 0.576
10930.000 0.665
10935.000 0.710
10940.000 0.800
10945.000 0.935
10950.000 1.001
10955.000 1.128
10960.000 1.202
10965.000 1.382
10970.000 1.523
10975.000 1.615
10980.000 1.809
10985.000 1.886
10990.000 1.967
10995.000 1.966
11000.000 1.921
11005.000 1.809
11010.000 1.725
11015.000 1.587
11020.000 1.472
11025.000 1.406
11030.000 1.294
11035.000 1.265
11040.000 1.174
11045.000 1.104
11050.000 1.089
11055.000 1.025
11060.000 0.995
11065.000 0.962
11070.000 0.913
11075.000 0.897
11080.000 0.864
11085.000 0.844
11090.000 0.816
11095.000 0.797
11100.000 0.781
11105.000 0.758
11110.000 0.756
11115.000 0.736
11120.000 0.729
11125.000 0.714
11130.000 0.706
11135.000 0.698
11140.000 0.687
11145.000 0.684
11150.000 0.668
11155.000 0.659
11160.000 0.651
11165.000 0.639
11170.000 0.634
11175.000 0.620
11180.000 0.615
11185.000 0.613
11190.000 0.609
11195.000 0.603
11200.000 0.600
11205.000 0.601
11210.000 0.595
11215.000 0.588
11220.000 0.590
11225.000 0.582
11230.000 0.580
11235.000 0.578
11240.000 0.570
11245.000 0.569
11250.000 0.566
11255.000 0.554
11260.000 0.551
11265.000 0.550
11270.000 0.548
11275.000 0.544
11280.000 0.541
11285.000 0.543
11290.000 0.539
11295.000 0.541
11300.000 0.539
11305.000 0.540
11310.000 0.538
11315.000 0.537
11320.000 0.532
11325.000 0.535
11330.000 0.530
11335.000 0.521
11340.000 0.522
11345.000 0.519
11350.000 0.514
11355.000 0.513
11360.000 0.514
11365.000 0.510
11370.000 0.511
11375.000 0.508
11380.000 0.512
11385.000 0.511
11390.000 0.514
11395.000 0.512
11400.000 0.512
11405.000 0.507
11410.000 0.506
11415.000 0.504
11420.000 0.506
11425.000 0.502
11430.000 0.498
11435.000 0.497
11440.000 0.495
11445.000 0.496
11450.000 0.494
11455.000 0.493
11460.000 0.493
11465.000 0.490
11470.000 0.493
11475.000 0.496
11480.000 0.494
11485.000 0.496
11490.000 0.495
11495.000 0.494
11500.000 0.493
11505.000 0.486
11510.000 0.489
11515.000 0.486
11520.000 0.486
11525.000 0.483
11530.000 0.482
11535.000 0.480
11540.000 0.481
11545.000 0.479
11550.000 0.482
11555.000 0.480
11560.000 0.483
11565.000 0.486
11570.000 0.484
11575.000 0.482
11580.000 0.484
11585.000 0.480
11590.000 0.480
11595.000 0.480
11600.000 0.476
11605.000 0.477
11610.000 0.476
11615.000 0.474
11620.000 0.470
11625.000 0.472
11630.000 0.472
11635.000 0.472
11640.000 0.475
11645.000 0.475
11650.000 0.475
11655.000 0.476
11660.000 0.474
11665.000 0.473
11670.000 0.478
11675.000 0.472
11680.000 0.471
11685.000 0.470
11690.000 0.470
11695.000 0.469
11700.000 0.469
11705.000 0.465
11710.000 0.468
11715.000 0.468
11720.000 0.465
11725.000 0.469
11730.000 0.468
11735.000 0.470
11740.000 0.471
11745.000 0.471
11750.000 0.473
11755.000 0.468
11760.000 0.468
11765.000 0.465
11770.000 0.467
11775.000 0.467
11780.000 0.463
11785.000 0.461
11790.000 0.465
11795.000 0.462
11800.000 0.463
11805.000 0.459
11810.000 0.462
11815.000 0.460
11820.000 0.465
11825.000 0.466
11830.000 0.465
11835.000 0.468
11840.000 0.467
11845.000 0.464
11850.000 0.464
11855.000 0.463
11860.000 0.461
11865.000 0.460
11870.000 0.460
11875.000 0.459
11880.000 0.457
11885.000 0.459
11890.000 0.458
11895.000 0.458
11900.000 0.457
11905.000 0.460
11910.000 0.458
11915.000 0.461
11920.000 0.461
11925.000 0.463
11930.000 0.463
11935.000 0.466
11940.000 0.459
11945.000 0.458
11950.000 0.459
11955.000 0.456
11960.000 0.459
11965.000 0.458
11970.000 0.459
11975.000 0.455
11980.000 0.456
11985.000 0.457
11990.000 0.456
11995.000 0.456
12000.000 0.456
