105.000 1.785
110.000 16.181
115.000 17.160
120.000 17.792
125.000 18.150
130.000 18.557
135.000 18.781
140.000 19.150
145.000 19.577
150.000 19.704
155.000 19.940
160.000 20.155
165.000 20.409
170.000 20.422
175.000 20.746
180.000 20.880
185.000 20.906
190.000 21.385
195.000 21.875
200.000 21.516
205.000 21.897
210.000 22.177
215.000 22.754
220.000 22.588
225.000 23.113
230.000 23.787
235.000 22.696
240.000 22.268
245.000 22.489
250.000 22.511
255.000 23.821
260.000 23.991
265.000 24.327
270.000 24.917
275.000 25.022
280.000 25.309
285.000 25.510
290.000 26.406
295.000 26.709
300.000 27.100
305.000 28.023
310.000 28.147
315.000 28.949
320.000 29.508
325.000 30.042
330.000 30.887
335.000 31.376
340.000 32.426
345.000 33.476
350.000 34.174
355.000 35.423
360.000 36.118
365.000 37.595
370.000 39.260
375.000 40.104
380.000 41.934
385.000 42.903
390.000 44.932
395.000 46.934
400.000 48.212
405.000 50.310
410.000 51.352
415.000 53.365
420.000 55.172
425.000 55.903
430.000 56.964
435.000 57.224
440.000 57.517
445.000 56.692
450.000 56.107
455.000 54.234
460.000 53.066
465.000 50.514
470.000 47.565
475.000 46.029
480.000 42.969
485.000 41.479
490.000 38.610
495.000 35.886
500.000 34.612
505.000 32.197
510.000 31.076
515.000 28.976
520.000 27.061
525.000 26.167
530.000 24.526
535.000 23.779
540.000 22.328
545.000 21.019
550.000 20.437
555.000 19.268
560.000 18.753
565.000 17.743
570.000 16.871
575.000 16.405
580.000 15.589
585.000 15.232
590.000 14.488
595.000 13.956
600.000 13.577
605.000 12.980
610.000 12.664
615.000 12.095
620.000 11.840
625.000 11.370
630.000 10.859
635.000 10.736
640.000 10.294
645.000 10.099
650.000 9.717
655.000 9.379
660.000 9.206
665.000 8.875
670.000 8.750
675.000 8.443
680.000 8.171
685.000 8.021
690.000 7.765
695.000 7.646
700.000 7.411
705.000 7.224
710.000 7.111
715.000 6.894
720.000 6.784
725.000 6.586
730.000 6.395
735.000 6.302
740.000 6.128
745.000 6.040
750.000 5.883
755.000 5.719
760.000 5.647
765.000 5.491
770.000 5.418
775.000 5.297
780.000 5.191
785.000 5.134
790.000 5.066
795.000 5.022
800.000 4.943
805.000 4.853
810.000 4.802
815.000 4.687
820.000 4.630
825.000 4.524
830.000 4.400
835.000 4.362
840.000 4.260
845.000 4.229
850.000 4.122
855.000 4.055
860.000 4.012
865.000 3.940
870.000 3.924
875.000 3.847
880.000 3.779
885.000 3.752
890.000 3.701
895.000 3.662
900.000 3.606
905.000 3.559
910.000 3.556
915.000 3.509
920.000 3.487
925.000 3.456
930.000 3.421
935.000 3.405
940.000 3.365
945.000 3.360
950.000 3.331
955.000 3.305
960.000 3.305
965.000 3.286
970.000 3.292
975.000 3.284
980.000 3.275
985.000 3.336
990.000 3.284
995.000 3.319
1000.000 3.347
1005.000 3.384
1010.000 3.405
1015.000 3.491
1020.000 3.513
1025.000 3.601
1030.000 3.711
1035.000 3.773
1040.000 3.923
1045.000 4.007
1050.000 4.199
1055.000 4.436
1060.000 4.576
1065.000 4.902
1070.000 5.075
1075.000 5.506
1080.000 6.041
1085.000 6.348
1090.000 7.086
1095.000 7.532
1100.000 8.604
1105.000 9.941
1110.000 10.754
1115.000 12.701
1120.000 13.797
1125.000 16.082
1130.000 17.969
1135.000 18.405
1140.000 17.862
1145.000 16.906
1150.000 14.521
1155.000 12.361
1160.000 11.395
1165.000 9.860
1170.000 9.235
1175.000 8.175
1180.000 7.345
1185.000 7.005
1190.000 6.398
1195.000 6.141
1200.000 5.681
1205.000 5.486
1210.000 5.142
1215.000 4.837
1220.000 4.719
1225.000 4.478
1230.000 4.370
1235.000 4.174
1240.000 4.000
1245.000 3.925
1250.000 3.787
1255.000 3.718
1260.000 3.601
1265.000 3.486
1270.000 3.433
1275.000 3.341
1280.000 3.295
1285.000 3.210
1290.000 3.139
1295.000 3.107
1300.000 3.038
1305.000 3.011
1310.000 3.051
1315.000 2.894
1320.000 2.837
1325.000 2.821
1330.000 2.785
1335.000 2.744
1340.000 2.694
1345.000 2.677
1350.000 2.633
1355.000 2.607
1360.000 2.571
1365.000 2.533
1370.000 2.517
1375.000 2.486
1380.000 2.468
1385.000 2.435
1390.000 2.403
1395.000 2.375
1400.000 2.360
1405.000 2.343
1410.000 2.323
1415.000 2.297
1420.000 2.289
1425.000 2.263
1430.000 2.245
1435.000 2.227
1440.000 2.213
1445.000 2.201
1450.000 2.177
1455.000 2.167
1460.000 2.149
1465.000 2.126
1470.000 2.116
1475.000 2.096
1480.000 2.084
1485.000 2.066
1490.000 2.043
1495.000 2.027
1500.000 2.007
1505.000 1.994
1510.000 1.972
1515.000 1.950
1520.000 1.933
1525.000 1.897
1530.000 1.889
1535.000 1.867
1540.000 1.838
1545.000 1.822
1550.000 1.793
1555.000 1.776
1560.000 1.745
1565.000 1.712
1570.000 1.694
1575.000 1.657
1580.000 1.635
1585.000 1.595
1590.000 1.552
1595.000 1.524
1600.000 1.486
1605.000 1.464
1610.000 1.422
1615.000 1.387
1620.000 1.372
1625.000 1.351
1630.000 1.345
1635.000 1.347
1640.000 1.377
1645.000 1.395
1650.000 1.452
1655.000 1.492
1660.000 1.576
1665.000 1.674
1670.000 1.730
1675.000 1.828
1680.000 1.874
1685.000 1.967
1690.000 2.046
1695.000 2.082
1700.000 2.155
1705.000 2.175
1710.000 2.232
1715.000 2.281
1720.000 2.301
1725.000 2.326
1730.000 2.343
1735.000 2.362
1740.000 2.389
1745.000 2.396
1750.000 2.407
1755.000 2.414
1760.000 2.432
1765.000 2.437
1770.000 2.444
1775.000 2.505
1780.000 2.472
1785.000 2.471
1790.000 2.481
1795.000 2.486
1800.000 2.500
1805.000 2.505
1810.000 2.479
1815.000 2.504
1820.000 2.512
1825.000 2.518
1830.000 2.518
1835.000 2.519
1840.000 2.520
1845.000 2.525
1850.000 2.526
1855.000 2.530
1860.000 2.528
1865.000 2.533
1870.000 2.538
1875.000 2.539
1880.000 2.536
1885.000 2.543
1890.000 2.539
1895.000 2.547
1900.000 2.546
1905.000 2.546
1910.000 2.543
1915.000 2.542
1920.000 2.542
1925.000 2.545
1930.000 2.543
1935.000 2.545
1940.000 2.546
1945.000 2.547
1950.000 2.542
1955.000 2.538
1960.000 2.540
1965.000 2.541
1970.000 2.543
1975.000 2.537
1980.000 2.543
1985.000 2.524
1990.000 2.530
1995.000 2.532
2000.000 2.503
2005.000 2.503
2010.000 2.495
2015.000 2.492
2020.000 2.479
2025.000 2.469
2030.000 2.479
2035.000 2.458
2040.000 2.453
2045.000 2.455
2050.000 2.432
2055.000 2.432
2060.000 2.410
2065.000 2.407
2070.000 2.387
2075.000 2.377
2080.000 2.367
2085.000 2.355
2090.000 2.346
2095.000 2.331
2100.000 2.319
2105.000 2.309
2110.000 2.289
2115.000 2.283
2120.000 2.266
2125.000 2.251
2130.000 2.240
2135.000 2.220
2140.000 2.213
2145.000 2.194
2150.000 2.169
2155.000 2.164
2160.000 2.139
2165.000 2.128
2170.000 2.111
2175.000 2.087
2180.000 2.081
2185.000 2.061
2190.000 2.051
2195.000 2.024
2200.000 2.009
2205.000 1.996
2210.000 1.976
2215.000 1.969
2220.000 1.949
2225.000 1.930
2230.000 1.920
2235.000 1.900
2240.000 1.891
2245.000 1.868
2250.000 1.852
2255.000 1.847
2260.000 1.825
2265.000 1.818
2270.000 1.796
2275.000 1.781
2280.000 1.769
2285.000 1.754
2290.000 1.742
2295.000 1.728
2300.000 1.708
2305.000 1.697
2310.000 1.679
2315.000 1.674
2320.000 1.649
2325.000 1.632
2330.000 1.624
2335.000 1.599
2340.000 1.596
2345.000 1.576
2350.000 1.558
2355.000 1.552
2360.000 1.537
2365.000 1.527
2370.000 1.507
2375.000 1.492
2380.000 1.485
2385.000 1.469
2390.000 1.459
2395.000 1.450
2400.000 1.438
2405.000 1.430
2410.000 1.414
2415.000 1.408
2420.000 1.395
2425.000 1.391
2430.000 1.384
2435.000 1.370
2440.000 1.366
2445.000 1.355
2450.000 1.351
2455.000 1.345
2460.000 1.335
2465.000 1.330
2470.000 1.322
2475.000 1.320
2480.000 1.311
2485.000 1.305
2490.000 1.302
2495.000 1.295
2500.000 1.293
2505.000 1.291
2510.000 1.283
2515.000 1.279
2520.000 1.273
2525.000 1.271
2530.000 1.266
2535.000 1.259
2540.000 1.255
2545.000 1.252
2550.000 1.248
2555.000 1.242
2560.000 1.239
2565.000 1.238
2570.000 1.235
2575.000 1.227
2580.000 1.226
2585.000 1.221
2590.000 1.226
2595.000 1.215
2600.000 1.219
2605.000 1.215
2610.000 1.212
2615.000 1.211
2620.000 1.207
2625.000 1.207
2630.000 1.201
2635.000 1.202
2640.000 1.203
2645.000 1.197
2650.000 1.202
2655.000 1.201
2660.000 1.197
2665.000 1.193
2670.000 1.196
2675.000 1.198
2680.000 1.196
2685.000 1.199
2690.000 1.195
2695.000 1.193
2700.000 1.197
2705.000 1.196
2710.000 1.196
2715.000 1.196
2720.000 1.198
2725.000 1.198
2730.000 1.197
2735.000 1.202
2740.000 1.202
2745.000 1.202
2750.000 1.203
2755.000 1.203
2760.000 1.207
2765.000 1.211
2770.000 1.214
2775.000 1.214
2780.000 1.219
2785.000 1.222
2790.000 1.224
2795.000 1.227
2800.000 1.229
2805.000 1.230
2810.000 1.235
2815.000 1.238
2820.000 1.241
2825.000 1.243
2830.000 1.249
2835.000 1.251
2840.000 1.260
2845.000 1.262
2850.000 1.260
2855.000 1.273
2860.000 1.270
2865.000 1.281
2870.000 1.288
2875.000 1.294
2880.000 1.297
2885.000 1.301
2890.000 1.308
2895.000 1.317
2900.000 1.323
2905.000 1.325
2910.000 1.331
2915.000 1.344
2920.000 1.347
2925.000 1.359
2930.000 1.367
2935.000 1.366
2940.000 1.379
2945.000 1.386
2950.000 1.394
2955.000 1.413
2960.000 1.410
2965.000 1.431
2970.000 1.435
2975.000 1.442
2980.000 1.449
2985.000 1.479
2990.000 1.474
2995.000 1.502
3000.000 1.498
3005.000 1.514
3010.000 1.523
3015.000 1.545
3020.000 1.556
3025.000 1.582
3030.000 1.585
3035.000 1.601
3040.000 1.625
3045.000 1.635
3050.000 1.663
3055.000 1.671
3060.000 1.682
3065.000 1.707
3070.000 1.730
3075.000 1.762
3080.000 1.769
3085.000 1.780
3090.000 1.808
3095.000 1.840
3100.000 1.853
3105.000 1.887
3110.000 1.899
3115.000 1.930
3120.000 1.964
3125.000 1.989
3130.000 2.024
3135.000 2.039
3140.000 2.080
3145.000 2.127
3150.000 2.143
3155.000 2.188
3160.000 2.210
3165.000 2.258
3170.000 2.306
3175.000 2.334
3180.000 2.389
3185.000 2.414
3190.000 2.473
3195.000 2.538
3200.000 2.564
3205.000 2.636
3210.000 2.673
3215.000 2.744
3220.000 2.827
3225.000 2.868
3230.000 2.947
3235.000 3.040
3240.000 3.091
3245.000 3.186
3250.000 3.240
3255.000 3.359
3260.000 3.415
3265.000 3.530
3270.000 3.673
3275.000 3.738
3280.000 3.889
3285.000 3.969
3290.000 4.141
3295.000 4.220
3300.000 4.422
3305.000 4.631
3310.000 4.733
3315.000 4.980
3320.000 5.109
3325.000 5.372
3330.000 5.692
3335.000 5.856
3340.000 6.199
3345.000 6.394
3350.000 6.842
3355.000 7.304
3360.000 7.571
3365.000 8.187
3370.000 8.513
3375.000 9.217
3380.000 10.115
3385.000 10.599
3390.000 11.657
3395.000 12.358
3400.000 13.832
3405.000 15.549
3410.000 16.690
3415.000 19.143
3420.000 20.566
3425.000 23.876
3430.000 27.739
3435.000 29.716
3440.000 33.127
3445.000 34.357
3450.000 34.617
3455.000 32.176
3460.000 30.128
3465.000 26.096
3470.000 24.387
3475.000 20.997
3480.000 18.412
3485.000 17.414
3490.000 15.472
3495.000 14.686
3500.000 13.382
3505.000 12.203
3510.000 11.713
3515.000 10.886
3520.000 10.494
3525.000 9.790
3530.000 9.222
3535.000 8.958
3540.000 8.460
3545.000 8.242
3550.000 7.864
3555.000 7.494
3560.000 7.331
3565.000 7.045
3570.000 6.900
3575.000 6.632
3580.000 6.404
3585.000 6.291
3590.000 6.093
3595.000 6.013
3600.000 5.837
3605.000 5.680
3610.000 5.613
3615.000 5.472
3620.000 5.407
3625.000 5.295
3630.000 5.185
3635.000 5.134
3640.000 5.045
3645.000 4.998
3650.000 4.914
3655.000 4.851
3660.000 4.811
3665.000 4.745
3670.000 4.718
3675.000 4.668
3680.000 4.619
3685.000 4.597
3690.000 4.562
3695.000 4.545
3700.000 4.512
3705.000 4.490
3710.000 4.480
3715.000 4.464
3720.000 4.455
3725.000 4.449
3730.000 4.447
3735.000 4.445
3740.000 4.449
3745.000 4.452
3750.000 4.464
3755.000 4.482
3760.000 4.495
3765.000 4.522
3770.000 4.540
3775.000 4.577
3780.000 4.627
3785.000 4.649
3790.000 4.709
3795.000 4.744
3800.000 4.812
3805.000 4.897
3810.000 4.944
3815.000 5.036
3820.000 5.097
3825.000 5.218
3830.000 5.345
3835.000 5.421
3840.000 5.598
3845.000 5.691
3850.000 5.892
3855.000 6.106
3860.000 6.218
3865.000 6.494
3870.000 6.654
3875.000 7.016
3880.000 7.193
3885.000 7.646
3890.000 8.151
3895.000 8.406
3900.000 9.090
3905.000 9.463
3910.000 10.270
3915.000 11.329
3920.000 11.911
3925.000 13.141
3930.000 13.871
3935.000 15.466
3940.000 16.891
3945.000 17.484
3950.000 18.145
3955.000 18.043
3960.000 17.052
3965.000 15.112
3970.000 14.069
3975.000 12.160
3980.000 11.174
3985.000 9.622
3990.000 8.392
3995.000 7.778
4000.000 6.850
4005.000 6.479
4010.000 5.743
4015.000 5.183
4020.000 4.950
4025.000 4.480
4030.000 4.270
4035.000 3.909
4040.000 3.576
4045.000 3.431
4050.000 3.173
4055.000 3.061
4060.000 2.827
4065.000 2.641
4070.000 2.546
4075.000 2.377
4080.000 2.302
4085.000 2.160
4090.000 2.024
4095.000 1.963
4100.000 1.860
4105.000 1.800
4110.000 1.703
4115.000 1.617
4120.000 1.576
4125.000 1.497
4130.000 1.457
4135.000 1.386
4140.000 1.319
4145.000 1.292
4150.000 1.231
4155.000 1.202
4160.000 1.152
4165.000 1.105
4170.000 1.080
4175.000 1.042
4180.000 1.024
4185.000 0.985
4190.000 0.948
4195.000 0.933
4200.000 0.898
4205.000 0.883
4210.000 0.850
4215.000 0.815
4220.000 0.800
4225.000 0.770
4230.000 0.754
4235.000 0.724
4240.000 0.692
4245.000 0.682
4250.000 0.653
4255.000 0.640
4260.000 0.619
4265.000 0.597
4270.000 0.590
4275.000 0.576
4280.000 0.563
4285.000 0.550
4290.000 0.538
4295.000 0.527
4300.000 0.518
4305.000 0.511
4310.000 0.498
4315.000 0.487
4320.000 0.483
4325.000 0.470
4330.000 0.465
4335.000 0.463
4340.000 0.449
4345.000 0.448
4350.000 0.443
4355.000 0.438
4360.000 0.431
4365.000 0.428
4370.000 0.424
4375.000 0.418
4380.000 0.415
4385.000 0.410
4390.000 0.405
4395.000 0.404
4400.000 0.396
4405.000 0.393
4410.000 0.393
4415.000 0.387
4420.000 0.385
4425.000 0.383
4430.000 0.382
4435.000 0.380
4440.000 0.378
4445.000 0.374
4450.000 0.375
4455.000 0.371
4460.000 0.371
4465.000 0.367
4470.000 0.364
4475.000 0.367
4480.000 0.358
4485.000 0.360
4490.000 0.359
4495.000 0.358
4500.000 0.353
4505.000 0.356
4510.000 0.351
4515.000 0.351
4520.000 0.349
4525.000 0.348
4530.000 0.348
4535.000 0.349
4540.000 0.346
4545.000 0.346
4550.000 0.349
4555.000 0.345
4560.000 0.342
4565.000 0.343
4570.000 0.340
4575.000 0.337
4580.000 0.340
4585.000 0.339
4590.000 0.337
4595.000 0.338
4600.000 0.337
4605.000 0.341
4610.000 0.337
4615.000 0.341
4620.000 0.342
4625.000 0.344
4630.000 0.346
4635.000 0.346
4640.000 0.349
4645.000 0.350
4650.000 0.349
4655.000 0.351
4660.000 0.353
4665.000 0.354
4670.000 0.354
4675.000 0.360
4680.000 0.362
4685.000 0.368
4690.000 0.367
4695.000 0.372
4700.000 0.374
4705.000 0.376
4710.000 0.376
4715.000 0.378
4720.000 0.379
4725.000 0.376
4730.000 0.377
4735.000 0.376
4740.000 0.372
4745.000 0.371
4750.000 0.365
4755.000 0.364
4760.000 0.364
4765.000 0.362
4770.000 0.356
4775.000 0.358
4780.000 0.359
4785.000 0.355
4790.000 0.353
4795.000 0.352
4800.000 0.347
4805.000 0.348
4810.000 0.345
4815.000 0.340
4820.000 0.335
4825.000 0.328
4830.000 0.327
4835.000 0.326
4840.000 0.319
4845.000 0.314
4850.000 0.309
4855.000 0.306
4860.000 0.303
4865.000 0.303
4870.000 0.302
4875.000 0.295
4880.000 0.293
4885.000 0.289
4890.000 0.289
4895.000 0.284
4900.000 0.280
4905.000 0.277
4910.000 0.271
4915.000 0.268
4920.000 0.255
4925.000 0.252
4930.000 0.251
4935.000 0.243
4940.000 0.240
4945.000 0.238
4950.000 0.226
4955.000 0.228
4960.000 0.222
4965.000 0.217
4970.000 0.220
4975.000 0.218
4980.000 0.214
4985.000 0.206
4990.000 0.209
4995.000 0.201
5000.000 0.194
5005.000 0.192
5010.000 0.193
5015.000 0.194
5020.000 0.181
5025.000 0.175
5030.000 0.168
5035.000 0.176
5040.000 0.177
5045.000 0.175
5050.000 0.189
5055.000 0.182
5060.000 0.200
5065.000 0.200
5070.000 0.200
5075.000 0.208
5080.000 0.219
5085.000 0.228
5090.000 0.230
5095.000 0.246
5100.000 0.250
5105.000 0.257
5110.000 0.270
5115.000 0.274
5120.000 0.282
5125.000 0.288
5130.000 0.299
5135.000 0.308
5140.000 0.317
5145.000 0.324
5150.000 0.329
5155.000 0.342
5160.000 0.352
5165.000 0.353
5170.000 0.365
5175.000 0.371
5180.000 0.379
5185.000 0.386
5190.000 0.387
5195.000 0.394
5200.000 0.399
5205.000 0.404
5210.000 0.407
5215.000 0.415
5220.000 0.421
5225.000 0.422
5230.000 0.431
5235.000 0.434
5240.000 0.440
5245.000 0.447
5250.000 0.454
5255.000 0.454
5260.000 0.463
5265.000 0.461
5270.000 0.467
5275.000 0.467
5280.000 0.472
5285.000 0.476
5290.000 0.477
5295.000 0.480
5300.000 0.478
5305.000 0.484
5310.000 0.489
5315.000 0.490
5320.000 0.494
5325.000 0.499
5330.000 0.503
5335.000 0.499
5340.000 0.504
5345.000 0.508
5350.000 0.511
5355.000 0.510
5360.000 0.509
5365.000 0.513
5370.000 0.513
5375.000 0.516
5380.000 0.515
5385.000 0.513
5390.000 0.517
5395.000 0.522
5400.000 0.520
5405.000 0.523
5410.000 0.524
5415.000 0.527
5420.000 0.531
5425.000 0.532
5430.000 0.533
5435.000 0.533
5440.000 0.536
5445.000 0.537
5450.000 0.535
5455.000 0.535
5460.000 0.536
5465.000 0.535
5470.000 0.534
5475.000 0.538
5480.000 0.535
5485.000 0.539
5490.000 0.539
5495.000 0.539
5500.000 0.539
5505.000 0.541
5510.000 0.542
5515.000 0.547
5520.000 0.544
5525.000 0.546
5530.000 0.543
5535.000 0.540
5540.000 0.546
5545.000 0.539
5550.000 0.539
5555.000 0.539
5560.000 0.538
5565.000 0.537
5570.000 0.542
5575.000 0.542
5580.000 0.541
5585.000 0.544
5590.000 0.545
5595.000 0.546
5600.000 0.550
5605.000 0.548
5610.000 0.550
5615.000 0.550
5620.000 0.548
5625.000 0.547
5630.000 0.549
5635.000 0.546
5640.000 0.545
5645.000 0.544
5650.000 0.546
5655.000 0.548
5660.000 0.546
5665.000 0.549
5670.000 0.551
5675.000 0.550
5680.000 0.554
5685.000 0.549
5690.000 0.553
5695.000 0.555
5700.000 0.554
5705.000 0.556
5710.000 0.555
5715.000 0.553
5720.000 0.553
5725.000 0.550
5730.000 0.552
5735.000 0.551
5740.000 0.550
5745.000 0.553
5750.000 0.552
5755.000 0.553
5760.000 0.551
5765.000 0.559
5770.000 0.558
5775.000 0.560
5780.000 0.563
5785.000 0.560
5790.000 0.563
5795.000 0.555
5800.000 0.563
5805.000 0.558
5810.000 0.555
5815.000 0.557
5820.000 0.558
5825.000 0.555
5830.000 0.557
5835.000 0.562
5840.000 0.558
5845.000 0.564
5850.000 0.564
5855.000 0.569
5860.000 0.567
5865.000 0.572
5870.000 0.569
5875.000 0.571
5880.000 0.568
5885.000 0.569
5890.000 0.571
5895.000 0.571
5900.000 0.574
5905.000 0.568
5910.000 0.568
5915.000 0.569
5920.000 0.569
5925.000 0.570
5930.000 0.573
5935.000 0.575
5940.000 0.577
5945.000 0.581
5950.000 0.584
5955.000 0.578
5960.000 0.588
5965.000 0.583
5970.000 0.590
5975.000 0.590
5980.000 0.592
5985.000 0.580
5990.000 0.589
5995.000 0.587
6000.000 0.588
6005.000 0.594
6010.000 0.597
6015.000 0.584
6020.000 0.590
6025.000 0.589
6030.000 0.601
6035.000 0.607
6040.000 0.602
6045.000 0.600
6050.000 0.597
6055.000 0.598
6060.000 0.606
6065.000 0.596
6070.000 0.595
6075.000 0.602
6080.000 0.601
6085.000 0.598
6090.000 0.602
6095.000 0.604
6100.000 0.602
6105.000 0.605
6110.000 0.608
6115.000 0.608
6120.000 0.607
6125.000 0.616
6130.000 0.617
6135.000 0.619
6140.000 0.621
6145.000 0.623
6150.000 0.627
6155.000 0.625
6160.000 0.626
6165.000 0.627
6170.000 0.630
6175.000 0.631
6180.000 0.633
6185.000 0.636
6190.000 0.640
6195.000 0.641
6200.000 0.638
6205.000 0.649
6210.000 0.648
6215.000 0.649
6220.000 0.656
6225.000 0.657
6230.000 0.662
6235.000 0.662
6240.000 0.667
6245.000 0.666
6250.000 0.667
6255.000 0.664
6260.000 0.670
6265.000 0.673
6270.000 0.677
6275.000 0.679
6280.000 0.678
6285.000 0.685
6290.000 0.688
6295.000 0.693
6300.000 0.693
6305.000 0.709
6310.000 0.694
6315.000 0.711
6320.000 0.714
6325.000 0.720
6330.000 0.725
6335.000 0.727
6340.000 0.731
6345.000 0.734
6350.000 0.736
6355.000 0.743
6360.000 0.745
6365.000 0.753
6370.000 0.754
6375.000 0.762
6380.000 0.767
6385.000 0.774
6390.000 0.780
6395.000 0.783
6400.000 0.793
6405.000 0.801
6410.000 0.806
6415.000 0.813
6420.000 0.817
6425.000 0.822
6430.000 0.834
6435.000 0.838
6440.000 0.845
6445.000 0.850
6450.000 0.864
6455.000 0.878
6460.000 0.883
6465.000 0.895
6470.000 0.901
6475.000 0.916
6480.000 0.925
6485.000 0.932
6490.000 0.944
6495.000 0.957
6500.000 0.963
6505.000 0.976
6510.000 0.987
6515.000 0.996
6520.000 1.003
6525.000 1.023
6530.000 1.036
6535.000 1.043
6540.000 1.064
6545.000 1.082
6550.000 1.104
6555.000 1.119
6560.000 1.137
6565.000 1.166
6570.000 1.183
6575.000 1.202
6580.000 1.215
6585.000 1.245
6590.000 1.277
6595.000 1.308
6600.000 1.323
6605.000 1.342
6610.000 1.372
6615.000 1.411
6620.000 1.431
6625.000 1.465
6630.000 1.492
6635.000 1.534
6640.000 1.581
6645.000 1.634
6650.000 1.665
6655.000 1.715
6660.000 1.752
6665.000 1.818
6670.000 1.874
6675.000 1.908
6680.000 1.993
6685.000 2.032
6690.000 2.114
6695.000 2.159
6700.000 2.253
6705.000 2.351
6710.000 2.409
6715.000 2.530
6720.000 2.586
6725.000 2.737
6730.000 2.816
6735.000 2.966
6740.000 3.171
6745.000 3.275
6750.000 3.481
6755.000 3.609
6760.000 3.897
6765.000 4.182
6770.000 4.354
6775.000 4.776
6780.000 4.998
6785.000 5.464
6790.000 6.094
6795.000 6.436
6800.000 7.157
6805.000 7.693
6810.000 8.783
6815.000 10.016
6820.000 10.955
6825.000 12.824
6830.000 13.710
6835.000 16.222
6840.000 18.411
6845.000 19.209
6850.000 19.630
6855.000 19.124
6860.000 17.317
6865.000 14.894
6870.000 13.846
6875.000 12.186
6880.000 11.380
6885.000 10.001
6890.000 9.071
6895.000 8.629
6900.000 7.831
6905.000 7.516
6910.000 7.018
6915.000 6.521
6920.000 6.322
6925.000 5.986
6930.000 5.816
6935.000 5.545
6940.000 5.330
6945.000 5.203
6950.000 5.019
6955.000 4.942
6960.000 4.785
6965.000 4.665
6970.000 4.613
6975.000 4.506
6980.000 4.468
6985.000 4.414
6990.000 4.347
6995.000 4.311
7000.000 4.289
7005.000 4.273
7010.000 4.253
7015.000 4.233
7020.000 4.237
7025.000 4.249
7030.000 4.251
7035.000 4.289
7040.000 4.332
7045.000 4.362
7050.000 4.425
7055.000 4.467
7060.000 4.558
7065.000 4.669
7070.000 4.742
7075.000 4.888
7080.000 4.955
7085.000 5.156
7090.000 5.375
7095.000 5.479
7100.000 5.785
7105.000 5.948
7110.000 6.285
7115.000 6.768
7120.000 7.021
7125.000 7.552
7130.000 7.892
7135.000 8.755
7140.000 9.632
7145.000 10.279
7150.000 11.659
7155.000 12.371
7160.000 13.694
7165.000 14.480
7170.000 15.393
7175.000 15.361
7180.000 14.822
7185.000 13.195
7190.000 12.404
7195.000 10.427
7200.000 8.884
7205.000 8.346
7210.000 7.117
7215.000 6.648
7220.000 5.925
7225.000 5.198
7230.000 4.920
7235.000 4.469
7240.000 4.246
7245.000 3.838
7250.000 3.544
7255.000 3.400
7260.000 3.122
7265.000 3.009
7270.000 2.819
7275.000 2.618
7280.000 2.538
7285.000 2.397
7290.000 2.320
7295.000 2.190
7300.000 2.087
7305.000 2.021
7310.000 1.922
7315.000 1.885
7320.000 1.787
7325.000 1.710
7330.000 1.677
7335.000 1.604
7340.000 1.573
7345.000 1.515
7350.000 1.462
7355.000 1.433
7360.000 1.388
7365.000 1.370
7370.000 1.326
7375.000 1.289
7380.000 1.269
7385.000 1.228
7390.000 1.211
7395.000 1.180
7400.000 1.149
7405.000 1.131
7410.000 1.101
7415.000 1.092
7420.000 1.063
7425.000 1.040
7430.000 1.024
7435.000 1.006
7440.000 0.999
7445.000 0.979
7450.000 0.963
7455.000 0.956
7460.000 0.942
7465.000 0.933
7470.000 0.919
7475.000 0.904
7480.000 0.894
7485.000 0.879
7490.000 0.875
7495.000 0.855
7500.000 0.843
7505.000 0.836
7510.000 0.826
7515.000 0.819
7520.000 0.813
7525.000 0.798
7530.000 0.795
7535.000 0.793
7540.000 0.788
7545.000 0.781
7550.000 0.776
7555.000 0.772
7560.000 0.768
7565.000 0.761
7570.000 0.748
7575.000 0.742
7580.000 0.738
7585.000 0.727
7590.000 0.725
7595.000 0.719
7600.000 0.712
7605.000 0.711
7610.000 0.705
7615.000 0.707
7620.000 0.701
7625.000 0.699
7630.000 0.697
7635.000 0.692
7640.000 0.691
7645.000 0.688
7650.000 0.685
7655.000 0.680
7660.000 0.671
7665.000 0.670
7670.000 0.668
7675.000 0.657
7680.000 0.657
7685.000 0.652
7690.000 0.651
7695.000 0.647
7700.000 0.646
7705.000 0.645
7710.000 0.649
7715.000 0.644
7720.000 0.642
7725.000 0.643
7730.000 0.642
7735.000 0.639
7740.000 0.635
7745.000 0.632
7750.000 0.631
7755.000 0.623
7760.000 0.620
7765.000 0.620
7770.000 0.611
7775.000 0.614
7780.000 0.615
7785.000 0.613
7790.000 0.612
7795.000 0.608
7800.000 0.611
7805.000 0.612
7810.000 0.611
7815.000 0.614
7820.000 0.610
7825.000 0.608
7830.000 0.609
7835.000 0.598
7840.000 0.602
7845.000 0.597
7850.000 0.595
7855.000 0.589
7860.000 0.588
7865.000 0.585
7870.000 0.587
7875.000 0.587
7880.000 0.590
7885.000 0.590
7890.000 0.588
7895.000 0.592
7900.000 0.592
7905.000 0.591
7910.000 0.590
7915.000 0.586
7920.000 0.589
7925.000 0.582
7930.000 0.574
7935.000 0.575
7940.000 0.574
7945.000 0.571
7950.000 0.569
7955.000 0.563
7960.000 0.563
7965.000 0.568
7970.000 0.566
7975.000 0.565
7980.000 0.566
7985.000 0.568
7990.000 0.580
7995.000 0.596
8000.000 0.599
8005.000 0.588
8010.000 0.580
8015.000 0.582
8020.000 0.566
8025.000 0.574
8030.000 0.565
8035.000 0.563
8040.000 0.565
8045.000 0.559
8050.000 0.561
8055.000 0.561
8060.000 0.566
8065.000 0.565
8070.000 0.567
8075.000 0.568
8080.000 0.570
8085.000 0.567
8090.000 0.563
8095.000 0.567
8100.000 0.562
8105.000 0.561
8110.000 0.557
8115.000 0.555
8120.000 0.552
8125.000 0.550
8130.000 0.553
8135.000 0.551
8140.000 0.551
8145.000 0.557
8150.000 0.557
8155.000 0.559
8160.000 0.562
8165.000 0.563
8170.000 0.560
8175.000 0.557
8180.000 0.555
8185.000 0.558
8190.000 0.553
8195.000 0.548
8200.000 0.552
8205.000 0.550
8210.000 0.543
8215.000 0.546
8220.000 0.547
8225.000 0.546
8230.000 0.545
8235.000 0.548
8240.000 0.552
8245.000 0.552
8250.000 0.550
8255.000 0.555
8260.000 0.555
8265.000 0.555
8270.000 0.550
8275.000 0.548
8280.000 0.551
8285.000 0.544
8290.000 0.543
8295.000 0.542
8300.000 0.544
8305.000 0.541
8310.000 0.538
8315.000 0.541
8320.000 0.544
8325.000 0.543
8330.000 0.547
8335.000 0.550
8340.000 0.551
8345.000 0.551
8350.000 0.552
8355.000 0.548
8360.000 0.548
8365.000 0.543
8370.000 0.543
8375.000 0.544
8380.000 0.538
8385.000 0.537
8390.000 0.538
8395.000 0.538
8400.000 0.540
8405.000 0.537
8410.000 0.537
8415.000 0.543
8420.000 0.545
8425.000 0.550
8430.000 0.549
8435.000 0.545
8440.000 0.545
8445.000 0.546
8450.000 0.546
8455.000 0.541
8460.000 0.539
8465.000 0.538
8470.000 0.536
8475.000 0.537
8480.000 0.537
8485.000 0.535
8490.000 0.538
8495.000 0.540
8500.000 0.538
8505.000 0.541
8510.000 0.546
8515.000 0.544
8520.000 0.544
8525.000 0.547
8530.000 0.546
8535.000 0.540
8540.000 0.543
8545.000 0.539
8550.000 0.536
8555.000 0.535
8560.000 0.535
8565.000 0.530
8570.000 0.533
8575.000 0.534
8580.000 0.534
8585.000 0.537
8590.000 0.538
8595.000 0.541
8600.000 0.539
8605.000 0.542
8610.000 0.544
8615.000 0.541
8620.000 0.543
8625.000 0.543
8630.000 0.536
8635.000 0.534
8640.000 0.532
8645.000 0.530
8650.000 0.531
8655.000 0.526
8660.000 0.532
8665.000 0.527
8670.000 0.527
8675.000 0.532
8680.000 0.536
8685.000 0.534
8690.000 0.534
8695.000 0.535
8700.000 0.538
8705.000 0.537
8710.000 0.532
8715.000 0.533
8720.000 0.533
8725.000 0.527
8730.000 0.529
8735.000 0.534
8740.000 0.537
8745.000 0.539
8750.000 0.539
8755.000 0.544
8760.000 0.545
8765.000 0.547
8770.000 0.548
8775.000 0.548
8780.000 0.545
8785.000 0.544
8790.000 0.545
8795.000 0.541
8800.000 0.539
8805.000 0.536
8810.000 0.541
8815.000 0.517
8820.000 0.551
8825.000 0.508
8830.000 0.546
8835.000 0.543
8840.000 0.524
8845.000 0.532
8850.000 0.536
8855.000 0.537
8860.000 0.537
8865.000 0.543
8870.000 0.544
8875.000 0.541
8880.000 0.543
8885.000 0.539
8890.000 0.541
8895.000 0.533
8900.000 0.535
8905.000 0.537
8910.000 0.530
8915.000 0.530
8920.000 0.527
8925.000 0.528
8930.000 0.530
8935.000 0.528
8940.000 0.533
8945.000 0.541
8950.000 0.534
8955.000 0.542
8960.000 0.540
8965.000 0.546
8970.000 0.542
8975.000 0.535
8980.000 0.539
8985.000 0.543
8990.000 0.537
8995.000 0.530
9000.000 0.537
9005.000 0.532
9010.000 0.535
9015.000 0.533
9020.000 0.530
9025.000 0.531
9030.000 0.539
9035.000 0.541
9040.000 0.544
9045.000 0.546
9050.000 0.541
9055.000 0.541
9060.000 0.546
9065.000 0.540
9070.000 0.539
9075.000 0.537
9080.000 0.535
9085.000 0.533
9090.000 0.534
9095.000 0.533
9100.000 0.535
9105.000 0.534
9110.000 0.536
9115.000 0.539
9120.000 0.543
9125.000 0.539
9130.000 0.549
9135.000 0.548
9140.000 0.545
9145.000 0.545
9150.000 0.545
9155.000 0.546
9160.000 0.542
9165.000 0.537
9170.000 0.539
9175.000 0.537
9180.000 0.535
9185.000 0.535
9190.000 0.537
9195.000 0.539
9200.000 0.538
9205.000 0.541
9210.000 0.545
9215.000 0.546
9220.000 0.547
9225.000 0.551
9230.000 0.553
9235.000 0.549
9240.000 0.547
9245.000 0.547
9250.000 0.551
9255.000 0.542
9260.000 0.542
9265.000 0.543
9270.000 0.540
9275.000 0.541
9280.000 0.539
9285.000 0.541
9290.000 0.545
9295.000 0.548
9300.000 0.551
9305.000 0.553
9310.000 0.553
9315.000 0.555
9320.000 0.554
9325.000 0.554
9330.000 0.556
9335.000 0.551
9340.000 0.551
9345.000 0.553
9350.000 0.544
9355.000 0.548
9360.000 0.543
9365.000 0.545
9370.000 0.546
9375.000 0.546
9380.000 0.552
9385.000 0.554
9390.000 0.556
9395.000 0.558
9400.000 0.559
9405.000 0.563
9410.000 0.561
9415.000 0.559
9420.000 0.562
9425.000 0.557
9430.000 0.555
9435.000 0.554
9440.000 0.553
9445.000 0.553
9450.000 0.555
9455.000 0.553
9460.000 0.559
9465.000 0.559
9470.000 0.560
9475.000 0.568
9480.000 0.565
9485.000 0.568
9490.000 0.570
9495.000 0.572
9500.000 0.575
9505.000 0.571
9510.000 0.569
9515.000 0.568
9520.000 0.565
9525.000 0.563
9530.000 0.564
9535.000 0.565
9540.000 0.564
9545.000 0.566
9550.000 0.571
9555.000 0.572
9560.000 0.570
9565.000 0.577
9570.000 0.580
9575.000 0.581
9580.000 0.582
9585.000 0.583
9590.000 0.586
9595.000 0.588
9600.000 0.580
9605.000 0.583
9610.000 0.582
9615.000 0.578
9620.000 0.577
9625.000 0.579
9630.000 0.582
9635.000 0.584
9640.000 0.589
9645.000 0.589
9650.000 0.591
9655.000 0.595
9660.000 0.600
9665.000 0.602
9670.000 0.599
9675.000 0.604
9680.000 0.603
9685.000 0.603
9690.000 0.601
9695.000 0.599
9700.000 0.601
9705.000 0.603
9710.000 0.603
9715.000 0.603
9720.000 0.604
9725.000 0.610
9730.000 0.611
9735.000 0.614
9740.000 0.621
9745.000 0.625
9750.000 0.625
9755.000 0.629
9760.000 0.632
9765.000 0.635
9770.000 0.631
9775.000 0.635
9780.000 0.635
9785.000 0.632
9790.000 0.634
9795.000 0.637
9800.000 0.640
9805.000 0.644
9810.000 0.638
9815.000 0.649
9820.000 0.654
9825.000 0.655
9830.000 0.658
9835.000 0.668
9840.000 0.670
9845.000 0.673
9850.000 0.676
9855.000 0.676
9860.000 0.683
9865.000 0.681
9870.000 0.685
9875.000 0.687
9880.000 0.686
9885.000 0.690
9890.000 0.695
9895.000 0.699
9900.000 0.708
9905.000 0.709
9910.000 0.722
9915.000 0.726
9920.000 0.729
9925.000 0.742
9930.000 0.748
9935.000 0.756
9940.000 0.756
9945.000 0.763
9950.000 0.772
9955.000 0.772
9960.000 0.777
9965.000 0.783
9970.000 0.787
9975.000 0.797
9980.000 0.801
9985.000 0.816
9990.000 0.819
9995.000 0.833
10000.000 0.855
10005.000 0.869
10010.000 0.881
10015.000 0.883
10020.000 0.905
10025.000 0.923
10030.000 0.924
10035.000 0.935
10040.000 0.949
10045.000 0.965
10050.000 0.985
10055.000 0.993
10060.000 1.021
10065.000 1.028
10070.000 1.056
10075.000 1.085
10080.000 1.099
10085.000 1.139
10090.000 1.158
10095.000 1.193
10100.000 1.241
10105.000 1.263
10110.000 1.303
10115.000 1.334
10120.000 1.402
10125.000 1.464
10130.000 1.507
10135.000 1.588
10140.000 1.632
10145.000 1.721
10150.000 1.834
10155.000 1.894
10160.000 2.036
10165.000 2.192
10170.000 2.276
10175.000 2.481
10180.000 2.598
10185.000 2.861
10190.000 3.134
10195.000 3.337
10200.000 3.729
10205.000 3.892
10210.000 4.433
10215.000 4.691
10220.000 5.129
10225.000 5.592
10230.000 5.713
10235.000 5.728
10240.000 5.609
10245.000 5.175
10250.000 4.709
10255.000 4.407
10260.000 3.876
10265.000 3.662
10270.000 3.257
10275.000 2.940
10280.000 2.799
10285.000 2.551
10290.000 2.451
10295.000 2.267
10300.000 2.122
10305.000 2.053
10310.000 1.940
10315.000 1.902
10320.000 1.798
10325.000 1.726
10330.000 1.700
10335.000 1.634
10340.000 1.605
10345.000 1.564
10350.000 1.522
10355.000 1.510
10360.000 1.483
10365.000 1.469
10370.000 1.455
10375.000 1.445
10380.000 1.445
10385.000 1.448
10390.000 1.454
10395.000 1.470
10400.000 1.496
10405.000 1.510
10410.000 1.552
10415.000 1.574
10420.000 1.615
10425.000 1.644
10430.000 1.721
10435.000 1.793
10440.000 1.834
10445.000 1.956
10450.000 2.018
10455.000 2.138
10460.000 2.338
10465.000 2.432
10470.000 2.631
10475.000 2.794
10480.000 3.089
10485.000 3.388
10490.000 3.626
10495.000 4.032
10500.000 4.208
10505.000 4.617
10510.000 4.887
10515.000 4.946
10520.000 4.884
10525.000 4.760
10530.000 4.402
10535.000 3.972
10540.000 3.747
10545.000 3.373
10550.000 3.211
10555.000 2.839
10560.000 2.582
10565.000 2.476
10570.000 2.236
10575.000 2.142
10580.000 1.998
10585.000 1.837
10590.000 1.776
10595.000 1.679
10600.000 1.610
10605.000 1.519
10610.000 1.455
10615.000 1.411
10620.000 1.343
10625.000 1.320
10630.000 1.261
10635.000 1.209
10640.000 1.190
10645.000 1.138
10650.000 1.115
10655.000 1.085
10660.000 1.043
10665.000 1.023
10670.000 0.995
10675.000 0.978
10680.000 0.946
10685.000 0.928
10690.000 0.917
10695.000 0.894
10700.000 0.881
10705.000 0.869
10710.000 0.848
10715.000 0.841
10720.000 0.829
10725.000 0.819
10730.000 0.806
10735.000 0.787
10740.000 0.778
10745.000 0.766
10750.000 0.761
10755.000 0.745
10760.000 0.736
10765.000 0.727
10770.000 0.716
10775.000 0.711
10780.000 0.705
10785.000 0.698
10790.000 0.692
10795.000 0.689
10800.000 0.689
10805.000 0.681
10810.000 0.675
10815.000 0.672
10820.000 0.662
10825.000 0.663
10830.000 0.652
10835.000 0.644
10840.000 0.643
10845.000 0.630
10850.000 0.629
10855.000 0.626
10860.000 0.618
10865.000 0.615
10870.000 0.612
10875.000 0.613
10880.000 0.610
10885.000 0.605
10890.000 0.607
10895.000 0.607
10900.000 0.602
10905.000 0.601
10910.000 0.593
10915.000 0.593
10920.000 0.588
10925.000 0.585
10930.000 0.578
10935.000 0.573
10940.000 0.568
10945.000 0.567
10950.000 0.566
10955.000 0.565
10960.000 0.565
10965.000 0.564
10970.000 0.566
10975.000 0.560
10980.000 0.560
10985.000 0.563
10990.000 0.563
10995.000 0.562
11000.000 0.552
11005.000 0.550
11010.000 0.548
11015.000 0.544
11020.000 0.538
11025.000 0.543
11030.000 0.540
11035.000 0.541
11040.000 0.540
11045.000 0.534
11050.000 0.538
11055.000 0.533
11060.000 0.535
11065.000 0.537
11070.000 0.537
11075.000 0.534
11080.000 0.535
11085.000 0.534
11090.000 0.533
11095.000 0.527
11100.000 0.525
11105.000 0.526
11110.000 0.523
11115.000 0.519
11120.000 0.516
11125.000 0.518
11130.000 0.515
11135.000 0.519
11140.000 0.521
11145.000 0.522
11150.000 0.519
11155.000 0.519
11160.000 0.519
11165.000 0.522
11170.000 0.520
11175.000 0.517
11180.000 0.513
11185.000 0.514
11190.000 0.509
11195.000 0.513
11200.000 0.506
11205.000 0.502
11210.000 0.505
11215.000 0.504
11220.000 0.505
11225.000 0.504
11230.000 0.505
11235.000 0.502
11240.000 0.506
11245.000 0.507
11250.000 0.505
11255.000 0.505
11260.000 0.505
11265.000 0.507
11270.000 0.505
11275.000 0.503
11280.000 0.499
11285.000 0.498
11290.000 0.494
11295.000 0.493
11300.000 0.493
11305.000 0.491
11310.000 0.491
11315.000 0.498
11320.000 0.496
11325.000 0.493
11330.000 0.499
11335.000 0.499
11340.000 0.498
11345.000 0.498
11350.000 0.496
11355.000 0.492
11360.000 0.492
11365.000 0.493
11370.000 0.486
11375.000 0.486
11380.000 0.485
11385.000 0.486
11390.000 0.485
11395.000 0.484
11400.000 0.488
11405.000 0.485
11410.000 0.488
11415.000 0.489
11420.000 0.488
11425.000 0.489
11430.000 0.491
11435.000 0.490
11440.000 0.487
11445.000 0.485
11450.000 0.483
11455.000 0.483
11460.000 0.479
11465.000 0.481
11470.000 0.482
11475.000 0.478
11480.000 0.477
11485.000 0.481
11490.000 0.481
11495.000 0.483
11500.000 0.481
11505.000 0.484
11510.000 0.487
11515.000 0.485
11520.000 0.483
11525.000 0.486
11530.000 0.480
11535.000 0.481
11540.000 0.481
11545.000 0.478
11550.000 0.477
11555.000 0.475
11560.000 0.471
11565.000 0.473
11570.000 0.473
11575.000 0.472
11580.000 0.480
11585.000 0.481
11590.000 0.476
11595.000 0.481
11600.000 0.480
11605.000 0.476
11610.000 0.479
11615.000 0.477
11620.000 0.479
11625.000 0.474
11630.000 0.473
11635.000 0.473
11640.000 0.471
11645.000 0.470
11650.000 0.473
11655.000 0.469
11660.000 0.470
11665.000 0.474
11670.000 0.472
11675.000 0.473
11680.000 0.473
11685.000 0.475
11690.000 0.476
11695.000 0.476
11700.000 0.473
11705.000 0.475
11710.000 0.475
11715.000 0.472
11720.000 0.470
11725.000 0.469
11730.000 0.467
11735.000 0.467
11740.000 0.464
11745.000 0.466
11750.000 0.471
11755.000 0.467
11760.000 0.470
11765.000 0.471
11770.000 0.472
11775.000 0.471
11780.000 0.472
11785.000 0.473
11790.000 0.473
11795.000 0.469
11800.000 0.469
11805.000 0.469
11810.000 0.465
11815.000 0.465
11820.000 0.467
11825.000 0.462
11830.000 0.466
11835.000 0.466
11840.000 0.464
11845.000 0.465
11850.000 0.469
11855.000 0.466
11860.000 0.471
11865.000 0.472
11870.000 0.472
11875.000 0.468
11880.000 0.468
11885.000 0.464
11890.000 0.466
11895.000 0.464
11900.000 0.462
11905.000 0.463
11910.000 0.462
11915.000 0.458
11920.000 0.461
11925.000 0.462
11930.000 0.465
11935.000 0.462
11940.000 0.467
11945.000 0.466
11950.000 0.466
11955.000 0.467
11960.000 0.467
11965.000 0.464
11970.000 0.463
11975.000 0.462
11980.000 0.461
11985.000 0.462
11990.000 0.462
11995.000 0.459
12000.000 0.461
