105.000 5.805
110.000 8.873
115.000 9.106
120.000 9.350
125.000 9.413
130.000 9.604
135.000 9.814
140.000 9.996
145.000 10.054
150.000 10.251
155.000 10.334
160.000 10.439
165.000 10.627
170.000 10.828
175.000 10.907
180.000 11.161
185.000 11.255
190.000 11.427
195.000 11.804
200.000 11.838
205.000 12.063
210.000 12.156
215.000 12.569
220.000 12.670
225.000 12.839
230.000 13.286
235.000 13.399
240.000 13.758
245.000 14.074
250.000 14.308
255.000 14.693
260.000 14.863
265.000 15.266
270.000 15.846
275.000 16.158
280.000 16.681
285.000 17.031
290.000 17.654
295.000 18.373
300.000 18.710
305.000 19.530
310.000 19.987
315.000 20.882
320.000 21.947
325.000 22.523
330.000 23.634
335.000 24.269
340.000 25.695
345.000 27.153
350.000 27.992
355.000 29.771
360.000 30.746
365.000 32.770
370.000 35.129
375.000 36.361
380.000 39.032
385.000 40.458
390.000 43.714
395.000 47.054
400.000 48.723
405.000 52.305
410.000 54.095
415.000 57.437
420.000 60.869
425.000 62.456
430.000 65.330
435.000 66.447
440.000 68.176
445.000 69.174
450.000 69.493
455.000 69.217
460.000 68.867
465.000 67.982
470.000 66.709
475.000 66.038
480.000 64.771
485.000 64.166
490.000 63.181
495.000 62.327
500.000 61.997
505.000 61.691
510.000 61.661
515.000 61.988
520.000 62.719
525.000 63.466
530.000 65.035
535.000 66.155
540.000 69.152
545.000 73.131
550.000 75.655
555.000 81.896
560.000 85.969
565.000 96.233
570.000 110.170
575.000 119.013
580.000 132.908
585.000 137.025
590.000 141.911
595.000 142.214
600.000 139.818
605.000 124.262
610.000 106.759
615.000 80.499
620.000 62.864
625.000 56.474
630.000 46.068
635.000 42.069
640.000 35.436
645.000 30.403
650.000 28.249
655.000 24.589
660.000 23.210
665.000 20.408
670.000 18.176
675.000 17.141
680.000 15.487
685.000 14.706
690.000 13.318
695.000 12.671
700.000 11.575
705.000 10.609
710.000 10.188
715.000 9.375
720.000 9.008
725.000 8.349
730.000 7.754
735.000 7.480
740.000 6.982
745.000 6.736
750.000 6.289
755.000 5.901
760.000 5.717
765.000 5.369
770.000 5.215
775.000 4.925
780.000 4.670
785.000 4.565
790.000 4.359
795.000 4.254
800.000 4.050
805.000 3.858
810.000 3.756
815.000 3.561
820.000 3.473
825.000 3.295
830.000 3.142
835.000 3.069
840.000 2.924
845.000 2.857
850.000 2.736
855.000 2.616
860.000 2.557
865.000 2.448
870.000 2.391
875.000 2.299
880.000 2.205
885.000 2.167
890.000 2.085
895.000 2.040
900.000 1.969
905.000 1.900
910.000 1.874
915.000 1.806
920.000 1.771
925.000 1.720
930.000 1.662
935.000 1.642
940.000 1.587
945.000 1.571
950.000 1.525
955.000 1.495
960.000 1.455
965.000 1.435
970.000 1.412
975.000 1.389
980.000 1.377
985.000 1.365
990.000 1.355
995.000 1.343
1000.000 1.356
1005.000 1.360
1010.000 1.367
1015.000 1.373
1020.000 1.408
1025.000 1.439
1030.000 1.474
1035.000 1.501
1040.000 1.564
1045.000 1.598
1050.000 1.723
1055.000 1.834
1060.000 1.917
1065.000 2.081
1070.000 2.198
1075.000 2.442
1080.000 2.764
1085.000 2.939
1090.000 3.418
1095.000 3.697
1100.000 4.416
1105.000 5.371
1110.000 5.981
1115.000 7.556
1120.000 8.499
1125.000 10.573
1130.000 12.208
1135.000 12.363
1140.000 11.015
1145.000 9.880
1150.000 7.937
1155.000 6.593
1160.000 6.067
1165.000 5.261
1170.000 4.952
1175.000 4.434
1180.000 4.036
1185.000 3.881
1190.000 3.596
1195.000 3.472
1200.000 3.271
1205.000 3.094
1210.000 3.010
1215.000 2.885
1220.000 2.824
1225.000 2.714
1230.000 2.632
1235.000 2.586
1240.000 2.518
1245.000 2.481
1250.000 2.423
1255.000 2.369
1260.000 2.348
1265.000 2.301
1270.000 2.281
1275.000 2.254
1280.000 2.220
1285.000 2.204
1290.000 2.151
1295.000 2.174
1300.000 2.149
1305.000 2.144
1310.000 2.136
1315.000 2.132
1320.000 2.131
1325.000 2.122
1330.000 2.114
1335.000 2.124
1340.000 2.116
1345.000 2.118
1350.000 2.134
1355.000 2.132
1360.000 2.144
1365.000 2.160
1370.000 2.166
1375.000 2.178
1380.000 2.193
1385.000 2.212
1390.000 2.236
1395.000 2.253
1400.000 2.278
1405.000 2.299
1410.000 2.335
1415.000 2.380
1420.000 2.404
1425.000 2.449
1430.000 2.470
1435.000 2.527
1440.000 2.596
1445.000 2.636
1450.000 2.699
1455.000 2.735
1460.000 2.829
1465.000 2.916
1470.000 2.970
1475.000 3.086
1480.000 3.147
1485.000 3.277
1490.000 3.435
1495.000 3.517
1500.000 3.700
1505.000 3.805
1510.000 4.036
1515.000 4.312
1520.000 4.467
1525.000 4.836
1530.000 5.033
1535.000 5.507
1540.000 6.109
1545.000 6.462
1550.000 7.296
1555.000 7.827
1560.000 9.074
1565.000 10.616
1570.000 11.536
1575.000 13.343
1580.000 14.104
1585.000 14.194
1590.000 13.415
1595.000 10.836
1600.000 8.383
1605.000 7.394
1610.000 5.893
1615.000 5.317
1620.000 4.375
1625.000 3.712
1630.000 3.458
1635.000 3.034
1640.000 2.879
1645.000 2.646
1650.000 2.478
1655.000 2.422
1660.000 2.335
1665.000 2.304
1670.000 2.254
1675.000 2.215
1680.000 2.190
1685.000 2.139
1690.000 2.113
1695.000 2.057
1700.000 1.995
1705.000 1.956
1710.000 1.892
1715.000 1.855
1720.000 1.788
1725.000 1.723
1730.000 1.691
1735.000 1.621
1740.000 1.592
1745.000 1.529
1750.000 1.465
1755.000 1.437
1760.000 1.382
1765.000 1.351
1770.000 1.305
1775.000 1.247
1780.000 1.225
1785.000 1.180
1790.000 1.157
1795.000 1.104
1800.000 1.067
1805.000 1.048
1810.000 1.007
1815.000 0.987
1820.000 0.952
1825.000 0.916
1830.000 0.895
1835.000 0.868
1840.000 0.851
1845.000 0.818
1850.000 0.783
1855.000 0.773
1860.000 0.745
1865.000 0.732
1870.000 0.701
1875.000 0.671
1880.000 0.663
1885.000 0.638
1890.000 0.621
1895.000 0.598
1900.000 0.571
1905.000 0.562
1910.000 0.537
1915.000 0.526
1920.000 0.501
1925.000 0.476
1930.000 0.469
1935.000 0.447
1940.000 0.434
1945.000 0.417
1950.000 0.399
1955.000 0.384
1960.000 0.364
1965.000 0.364
1970.000 0.332
1975.000 0.314
1980.000 0.311
1985.000 0.291
1990.000 0.280
1995.000 0.267
2000.000 0.239
2005.000 0.239
2010.000 0.212
2015.000 0.213
2020.000 0.191
2025.000 0.175
2030.000 0.172
2035.000 0.162
2040.000 0.154
2045.000 0.137
2050.000 0.120
2055.000 0.109
2060.000 0.097
2065.000 0.090
2070.000 0.080
2075.000 0.071
2080.000 0.065
2085.000 0.064
2090.000 0.061
2095.000 0.059
2100.000 0.066
2105.000 0.066
2110.000 0.068
2115.000 0.073
2120.000 0.078
2125.000 0.087
2130.000 0.096
2135.000 0.103
2140.000 0.107
2145.000 0.117
2150.000 0.126
2155.000 0.132
2160.000 0.142
2165.000 0.146
2170.000 0.155
2175.000 0.160
2180.000 0.166
2185.000 0.178
2190.000 0.184
2195.000 0.189
2200.000 0.193
2205.000 0.200
2210.000 0.207
2215.000 0.211
2220.000 0.217
2225.000 0.219
2230.000 0.225
2235.000 0.236
2240.000 0.233
2245.000 0.241
2250.000 0.243
2255.000 0.254
2260.000 0.259
2265.000 0.264
2270.000 0.269
2275.000 0.272
2280.000 0.279
2285.000 0.285
2290.000 0.286
2295.000 0.295
2300.000 0.294
2305.000 0.302
2310.000 0.309
2315.000 0.312
2320.000 0.315
2325.000 0.321
2330.000 0.325
2335.000 0.328
2340.000 0.328
2345.000 0.334
2350.000 0.336
2355.000 0.342
2360.000 0.348
2365.000 0.346
2370.000 0.356
2375.000 0.355
2380.000 0.360
2385.000 0.363
2390.000 0.365
2395.000 0.372
2400.000 0.369
2405.000 0.372
2410.000 0.378
2415.000 0.378
2420.000 0.384
2425.000 0.383
2430.000 0.391
2435.000 0.395
2440.000 0.393
2445.000 0.397
2450.000 0.397
2455.000 0.397
2460.000 0.403
2465.000 0.404
2470.000 0.402
2475.000 0.404
2480.000 0.407
2485.000 0.409
2490.000 0.412
2495.000 0.414
2500.000 0.412
2505.000 0.417
2510.000 0.416
2515.000 0.419
2520.000 0.421
2525.000 0.422
2530.000 0.427
2535.000 0.423
2540.000 0.428
2545.000 0.431
2550.000 0.429
2555.000 0.430
2560.000 0.432
2565.000 0.432
2570.000 0.435
2575.000 0.430
2580.000 0.436
2585.000 0.438
2590.000 0.442
2595.000 0.442
2600.000 0.443
2605.000 0.445
2610.000 0.444
2615.000 0.447
2620.000 0.443
2625.000 0.442
2630.000 0.444
2635.000 0.441
2640.000 0.438
2645.000 0.443
2650.000 0.447
2655.000 0.446
2660.000 0.445
2665.000 0.444
2670.000 0.443
2675.000 0.445
2680.000 0.443
2685.000 0.443
2690.000 0.444
2695.000 0.443
2700.000 0.448
2705.000 0.442
2710.000 0.448
2715.000 0.444
2720.000 0.443
2725.000 0.446
2730.000 0.446
2735.000 0.443
2740.000 0.441
2745.000 0.445
2750.000 0.445
2755.000 0.441
2760.000 0.444
2765.000 0.445
2770.000 0.448
2775.000 0.444
2780.000 0.444
2785.000 0.442
2790.000 0.443
2795.000 0.443
2800.000 0.443
2805.000 0.442
2810.000 0.443
2815.000 0.442
2820.000 0.442
2825.000 0.442
2830.000 0.442
2835.000 0.444
2840.000 0.445
2845.000 0.441
2850.000 0.442
2855.000 0.441
2860.000 0.440
2865.000 0.441
2870.000 0.442
2875.000 0.443
2880.000 0.438
2885.000 0.444
2890.000 0.441
2895.000 0.438
2900.000 0.442
2905.000 0.439
2910.000 0.443
2915.000 0.441
2920.000 0.438
2925.000 0.441
2930.000 0.443
2935.000 0.444
2940.000 0.441
2945.000 0.441
2950.000 0.449
2955.000 0.439
2960.000 0.450
2965.000 0.447
2970.000 0.458
2975.000 0.454
2980.000 0.455
2985.000 0.442
2990.000 0.450
2995.000 0.441
3000.000 0.451
3005.000 0.462
3010.000 0.461
3015.000 0.450
3020.000 0.455
3025.000 0.463
3030.000 0.459
3035.000 0.466
3040.000 0.466
3045.000 0.460
3050.000 0.467
3055.000 0.471
3060.000 0.470
3065.000 0.483
3070.000 0.479
3075.000 0.483
3080.000 0.483
3085.000 0.489
3090.000 0.491
3095.000 0.492
3100.000 0.498
3105.000 0.500
3110.000 0.505
3115.000 0.511
3120.000 0.515
3125.000 0.520
3130.000 0.527
3135.000 0.530
3140.000 0.538
3145.000 0.545
3150.000 0.553
3155.000 0.561
3160.000 0.564
3165.000 0.575
3170.000 0.587
3175.000 0.593
3180.000 0.608
3185.000 0.612
3190.000 0.631
3195.000 0.645
3200.000 0.655
3205.000 0.673
3210.000 0.687
3215.000 0.710
3220.000 0.731
3225.000 0.743
3230.000 0.775
3235.000 0.789
3240.000 0.825
3245.000 0.859
3250.000 0.878
3255.000 0.921
3260.000 0.944
3265.000 0.990
3270.000 1.048
3275.000 1.075
3280.000 1.138
3285.000 1.169
3290.000 1.248
3295.000 1.337
3300.000 1.376
3305.000 1.484
3310.000 1.541
3315.000 1.660
3320.000 1.804
3325.000 1.885
3330.000 2.050
3335.000 2.154
3340.000 2.373
3345.000 2.615
3350.000 2.769
3355.000 3.092
3360.000 3.283
3365.000 3.739
3370.000 3.992
3375.000 4.576
3380.000 5.334
3385.000 5.776
3390.000 6.864
3395.000 7.476
3400.000 9.203
3405.000 11.476
3410.000 12.756
3415.000 16.415
3420.000 18.441
3425.000 22.296
3430.000 24.212
3435.000 23.619
3440.000 20.436
3445.000 18.611
3450.000 15.560
3455.000 13.579
3460.000 12.747
3465.000 11.458
3470.000 10.968
3475.000 10.222
3480.000 9.629
3485.000 9.413
3490.000 9.081
3495.000 8.939
3500.000 8.755
3505.000 8.667
3510.000 8.646
3515.000 8.677
3520.000 8.712
3525.000 8.862
3530.000 9.096
3535.000 9.228
3540.000 9.621
3545.000 9.847
3550.000 10.378
3555.000 11.116
3560.000 11.545
3565.000 12.510
3570.000 13.123
3575.000 14.655
3580.000 16.444
3585.000 17.544
3590.000 20.216
3595.000 21.625
3600.000 24.254
3605.000 26.071
3610.000 26.099
3615.000 24.292
3620.000 22.467
3625.000 18.757
3630.000 15.707
3635.000 14.254
3640.000 12.107
3645.000 11.284
3650.000 9.765
3655.000 8.621
3660.000 8.127
3665.000 7.281
3670.000 6.935
3675.000 6.352
3680.000 5.833
3685.000 5.614
3690.000 5.244
3695.000 5.072
3700.000 4.755
3705.000 4.506
3710.000 4.389
3715.000 4.169
3720.000 4.075
3725.000 3.920
3730.000 3.767
3735.000 3.701
3740.000 3.590
3745.000 3.535
3750.000 3.443
3755.000 3.372
3760.000 3.335
3765.000 3.279
3770.000 3.258
3775.000 3.217
3780.000 3.190
3785.000 3.184
3790.000 3.173
3795.000 3.172
3800.000 3.179
3805.000 3.199
3810.000 3.215
3815.000 3.252
3820.000 3.277
3825.000 3.334
3830.000 3.403
3835.000 3.449
3840.000 3.554
3845.000 3.616
3850.000 3.744
3855.000 3.919
3860.000 4.012
3865.000 4.222
3870.000 4.363
3875.000 4.656
3880.000 4.992
3885.000 5.222
3890.000 5.715
3895.000 6.003
3900.000 6.712
3905.000 7.588
3910.000 8.121
3915.000 9.367
3920.000 10.141
3925.000 11.777
3930.000 13.270
3935.000 13.838
3940.000 13.824
3945.000 13.279
3950.000 11.251
3955.000 9.271
3960.000 8.408
3965.000 6.979
3970.000 6.430
3975.000 5.576
3980.000 5.176
3985.000 4.572
3990.000 4.111
3995.000 3.879
4000.000 3.524
4005.000 3.382
4010.000 3.106
4015.000 2.886
4020.000 2.786
4025.000 2.608
4030.000 2.532
4035.000 2.376
4040.000 2.254
4045.000 2.205
4050.000 2.105
4055.000 2.072
4060.000 1.986
4065.000 1.909
4070.000 1.880
4075.000 1.823
4080.000 1.800
4085.000 1.756
4090.000 1.714
4095.000 1.695
4100.000 1.667
4105.000 1.655
4110.000 1.634
4115.000 1.622
4120.000 1.616
4125.000 1.607
4130.000 1.604
4135.000 1.606
4140.000 1.614
4145.000 1.619
4150.000 1.639
4155.000 1.649
4160.000 1.683
4165.000 1.726
4170.000 1.752
4175.000 1.817
4180.000 1.849
4185.000 1.952
4190.000 2.077
4195.000 2.144
4200.000 2.327
4205.000 2.435
4210.000 2.677
4215.000 2.986
4220.000 3.126
4225.000 3.320
4230.000 3.313
4235.000 2.965
4240.000 2.339
4245.000 2.030
4250.000 1.488
4255.000 1.271
4260.000 0.996
4265.000 0.786
4270.000 0.708
4275.000 0.593
4280.000 0.544
4285.000 0.474
4290.000 0.428
4295.000 0.412
4300.000 0.387
4305.000 0.380
4310.000 0.368
4315.000 0.365
4320.000 0.360
4325.000 0.361
4330.000 0.365
4335.000 0.364
4340.000 0.369
4345.000 0.370
4350.000 0.372
4355.000 0.375
4360.000 0.384
4365.000 0.387
4370.000 0.389
4375.000 0.397
4380.000 0.400
4385.000 0.407
4390.000 0.407
4395.000 0.412
4400.000 0.415
4405.000 0.416
4410.000 0.416
4415.000 0.421
4420.000 0.420
4425.000 0.422
4430.000 0.424
4435.000 0.426
4440.000 0.427
4445.000 0.425
4450.000 0.432
4455.000 0.433
4460.000 0.436
4465.000 0.444
4470.000 0.441
4475.000 0.441
4480.000 0.447
4485.000 0.448
4490.000 0.449
4495.000 0.447
4500.000 0.449
4505.000 0.447
4510.000 0.448
4515.000 0.448
4520.000 0.449
4525.000 0.448
4530.000 0.449
4535.000 0.446
4540.000 0.452
4545.000 0.451
4550.000 0.455
4555.000 0.457
4560.000 0.459
4565.000 0.457
4570.000 0.458
4575.000 0.462
4580.000 0.460
4585.000 0.457
4590.000 0.460
4595.000 0.460
4600.000 0.461
4605.000 0.460
4610.000 0.459
4615.000 0.462
4620.000 0.460
4625.000 0.466
4630.000 0.462
4635.000 0.464
4640.000 0.470
4645.000 0.469
4650.000 0.475
4655.000 0.476
4660.000 0.475
4665.000 0.476
4670.000 0.479
4675.000 0.475
4680.000 0.478
4685.000 0.477
4690.000 0.476
4695.000 0.475
4700.000 0.477
4705.000 0.474
4710.000 0.474
4715.000 0.478
4720.000 0.480
4725.000 0.477
4730.000 0.482
4735.000 0.483
4740.000 0.482
4745.000 0.481
4750.000 0.482
4755.000 0.480
4760.000 0.477
4765.000 0.484
4770.000 0.479
4775.000 0.475
4780.000 0.476
4785.000 0.478
4790.000 0.478
4795.000 0.475
4800.000 0.473
4805.000 0.471
4810.000 0.478
4815.000 0.477
4820.000 0.475
4825.000 0.481
4830.000 0.478
4835.000 0.477
4840.000 0.478
4845.000 0.480
4850.000 0.477
4855.000 0.473
4860.000 0.473
4865.000 0.475
4870.000 0.470
4875.000 0.471
4880.000 0.472
4885.000 0.470
4890.000 0.472
4895.000 0.472
4900.000 0.473
4905.000 0.471
4910.000 0.472
4915.000 0.473
4920.000 0.473
4925.000 0.474
4930.000 0.476
4935.000 0.471
4940.000 0.470
4945.000 0.469
4950.000 0.470
4955.000 0.465
4960.000 0.463
4965.000 0.469
4970.000 0.464
4975.000 0.464
4980.000 0.470
4985.000 0.468
4990.000 0.474
4995.000 0.479
5000.000 0.475
5005.000 0.467
5010.000 0.479
5015.000 0.484
5020.000 0.476
5025.000 0.486
5030.000 0.477
5035.000 0.485
5040.000 0.485
5045.000 0.480
5050.000 0.487
5055.000 0.487
5060.000 0.489
5065.000 0.488
5070.000 0.486
5075.000 0.488
5080.000 0.491
5085.000 0.497
5090.000 0.496
5095.000 0.499
5100.000 0.500
5105.000 0.499
5110.000 0.498
5115.000 0.500
5120.000 0.497
5125.000 0.497
5130.000 0.497
5135.000 0.494
5140.000 0.494
5145.000 0.491
5150.000 0.494
5155.000 0.497
5160.000 0.497
5165.000 0.495
5170.000 0.495
5175.000 0.496
5180.000 0.495
5185.000 0.499
5190.000 0.498
5195.000 0.498
5200.000 0.496
5205.000 0.496
5210.000 0.498
5215.000 0.491
5220.000 0.495
5225.000 0.498
5230.000 0.489
5235.000 0.489
5240.000 0.488
5245.000 0.488
5250.000 0.489
5255.000 0.489
5260.000 0.489
5265.000 0.493
5270.000 0.490
5275.000 0.489
5280.000 0.488
5285.000 0.488
5290.000 0.488
5295.000 0.483
5300.000 0.486
5305.000 0.483
5310.000 0.480
5315.000 0.480
5320.000 0.482
5325.000 0.477
5330.000 0.482
5335.000 0.476
5340.000 0.478
5345.000 0.480
5350.000 0.481
5355.000 0.481
5360.000 0.483
5365.000 0.484
5370.000 0.486
5375.000 0.483
5380.000 0.485
5385.000 0.483
5390.000 0.482
5395.000 0.482
5400.000 0.480
5405.000 0.476
5410.000 0.480
5415.000 0.480
5420.000 0.481
5425.000 0.481
5430.000 0.484
5435.000 0.485
5440.000 0.491
5445.000 0.488
5450.000 0.490
5455.000 0.489
5460.000 0.490
5465.000 0.490
5470.000 0.488
5475.000 0.491
5480.000 0.491
5485.000 0.486
5490.000 0.489
5495.000 0.484
5500.000 0.485
5505.000 0.489
5510.000 0.489
5515.000 0.491
5520.000 0.492
5525.000 0.492
5530.000 0.497
5535.000 0.498
5540.000 0.497
5545.000 0.498
5550.000 0.495
5555.000 0.498
5560.000 0.498
5565.000 0.493
5570.000 0.495
5575.000 0.492
5580.000 0.491
5585.000 0.493
5590.000 0.493
5595.000 0.489
5600.000 0.493
5605.000 0.494
5610.000 0.494
5615.000 0.499
5620.000 0.497
5625.000 0.497
5630.000 0.499
5635.000 0.503
5640.000 0.499
5645.000 0.497
5650.000 0.498
5655.000 0.492
5660.000 0.493
5665.000 0.494
5670.000 0.491
5675.000 0.491
5680.000 0.492
5685.000 0.491
5690.000 0.494
5695.000 0.492
5700.000 0.497
5705.000 0.498
5710.000 0.502
5715.000 0.497
5720.000 0.499
5725.000 0.499
5730.000 0.499
5735.000 0.496
5740.000 0.496
5745.000 0.490
5750.000 0.492
5755.000 0.495
5760.000 0.493
5765.000 0.490
5770.000 0.492
5775.000 0.490
5780.000 0.495
5785.000 0.495
5790.000 0.495
5795.000 0.495
5800.000 0.502
5805.000 0.501
5810.000 0.500
5815.000 0.498
5820.000 0.500
5825.000 0.496
5830.000 0.496
5835.000 0.492
5840.000 0.495
5845.000 0.488
5850.000 0.491
5855.000 0.489
5860.000 0.491
5865.000 0.488
5870.000 0.494
5875.000 0.495
5880.000 0.493
5885.000 0.497
5890.000 0.496
5895.000 0.498
5900.000 0.494
5905.000 0.495
5910.000 0.496
5915.000 0.493
5920.000 0.488
5925.000 0.486
5930.000 0.487
5935.000 0.486
5940.000 0.490
5945.000 0.490
5950.000 0.484
5955.000 0.495
5960.000 0.487
5965.000 0.493
5970.000 0.486
5975.000 0.491
5980.000 0.495
5985.000 0.499
5990.000 0.500
5995.000 0.498
6000.000 0.498
6005.000 0.491
6010.000 0.496
6015.000 0.488
6020.000 0.496
6025.000 0.481
6030.000 0.494
6035.000 0.489
6040.000 0.497
6045.000 0.493
6050.000 0.488
6055.000 0.486
6060.000 0.493
6065.000 0.496
6070.000 0.496
6075.000 0.499
6080.000 0.496
6085.000 0.495
6090.000 0.496
6095.000 0.495
6100.000 0.491
6105.000 0.490
6110.000 0.486
6115.000 0.486
6120.000 0.490
6125.000 0.487
6130.000 0.488
6135.000 0.489
6140.000 0.491
6145.000 0.495
6150.000 0.492
6155.000 0.494
6160.000 0.497
6165.000 0.499
6170.000 0.496
6175.000 0.498
6180.000 0.495
6185.000 0.495
6190.000 0.489
6195.000 0.486
6200.000 0.487
6205.000 0.489
6210.000 0.487
6215.000 0.487
6220.000 0.492
6225.000 0.493
6230.000 0.489
6235.000 0.499
6240.000 0.496
6245.000 0.498
6250.000 0.500
6255.000 0.495
6260.000 0.499
6265.000 0.495
6270.000 0.496
6275.000 0.493
6280.000 0.491
6285.000 0.489
6290.000 0.491
6295.000 0.490
6300.000 0.488
6305.000 0.490
6310.000 0.502
6315.000 0.500
6320.000 0.500
6325.000 0.502
6330.000 0.508
6335.000 0.509
6340.000 0.507
6345.000 0.509
6350.000 0.506
6355.000 0.505
6360.000 0.506
6365.000 0.501
6370.000 0.501
6375.000 0.496
6380.000 0.498
6385.000 0.496
6390.000 0.498
6395.000 0.500
6400.000 0.502
6405.000 0.503
6410.000 0.506
6415.000 0.507
6420.000 0.508
6425.000 0.509
6430.000 0.513
6435.000 0.512
6440.000 0.508
6445.000 0.510
6450.000 0.510
6455.000 0.508
6460.000 0.506
6465.000 0.508
6470.000 0.504
6475.000 0.509
6480.000 0.508
6485.000 0.511
6490.000 0.515
6495.000 0.513
6500.000 0.518
6505.000 0.518
6510.000 0.524
6515.000 0.528
6520.000 0.525
6525.000 0.527
6530.000 0.528
6535.000 0.525
6540.000 0.529
6545.000 0.527
6550.000 0.527
6555.000 0.530
6560.000 0.532
6565.000 0.535
6570.000 0.538
6575.000 0.537
6580.000 0.550
6585.000 0.551
6590.000 0.555
6595.000 0.561
6600.000 0.566
6605.000 0.569
6610.000 0.576
6615.000 0.581
6620.000 0.585
6625.000 0.591
6630.000 0.594
6635.000 0.600
6640.000 0.608
6645.000 0.611
6650.000 0.625
6655.000 0.628
6660.000 0.648
6665.000 0.660
6670.000 0.668
6675.000 0.694
6680.000 0.704
6685.000 0.729
6690.000 0.760
6695.000 0.771
6700.000 0.802
6705.000 0.817
6710.000 0.864
6715.000 0.901
6720.000 0.930
6725.000 0.990
6730.000 1.027
6735.000 1.094
6740.000 1.189
6745.000 1.243
6750.000 1.353
6755.000 1.433
6760.000 1.590
6765.000 1.773
6770.000 1.905
6775.000 2.181
6780.000 2.317
6785.000 2.742
6790.000 3.270
6795.000 3.569
6800.000 4.400
6805.000 4.893
6810.000 6.070
6815.000 7.721
6820.000 8.615
6825.000 10.188
6830.000 10.660
6835.000 10.705
6840.000 9.670
6845.000 9.200
6850.000 8.129
6855.000 7.754
6860.000 7.233
6865.000 6.850
6870.000 6.742
6875.000 6.646
6880.000 6.641
6885.000 6.747
6890.000 6.959
6895.000 7.158
6900.000 7.628
6905.000 7.893
6910.000 8.704
6915.000 9.706
6920.000 10.306
6925.000 11.731
6930.000 12.655
6935.000 14.172
6940.000 15.236
6945.000 15.312
6950.000 14.381
6955.000 13.606
6960.000 11.451
6965.000 9.759
6970.000 9.107
6975.000 7.791
6980.000 7.310
6985.000 6.567
6990.000 5.889
6995.000 5.634
7000.000 5.229
7005.000 5.020
7010.000 4.710
7015.000 4.493
7020.000 4.371
7025.000 4.200
7030.000 4.151
7035.000 4.018
7040.000 3.945
7045.000 3.927
7050.000 3.882
7055.000 3.883
7060.000 3.882
7065.000 3.918
7070.000 3.947
7075.000 4.019
7080.000 4.064
7085.000 4.209
7090.000 4.364
7095.000 4.468
7100.000 4.739
7105.000 4.891
7110.000 5.230
7115.000 5.732
7120.000 6.009
7125.000 6.617
7130.000 7.086
7135.000 8.007
7140.000 8.981
7145.000 9.601
7150.000 10.540
7155.000 10.769
7160.000 10.487
7165.000 9.259
7170.000 8.536
7175.000 7.048
7180.000 6.422
7185.000 5.469
7190.000 4.598
7195.000 4.273
7200.000 3.787
7205.000 3.552
7210.000 3.139
7215.000 2.854
7220.000 2.723
7225.000 2.464
7230.000 2.368
7235.000 2.216
7240.000 2.128
7245.000 2.004
7250.000 1.911
7255.000 1.858
7260.000 1.781
7265.000 1.754
7270.000 1.705
7275.000 1.662
7280.000 1.652
7285.000 1.633
7290.000 1.631
7295.000 1.632
7300.000 1.650
7305.000 1.670
7310.000 1.713
7315.000 1.747
7320.000 1.842
7325.000 1.958
7330.000 2.036
7335.000 2.237
7340.000 2.351
7345.000 2.558
7350.000 2.762
7355.000 2.798
7360.000 2.692
7365.000 2.523
7370.000 2.114
7375.000 1.766
7380.000 1.577
7385.000 1.330
7390.000 1.240
7395.000 1.075
7400.000 0.962
7405.000 0.929
7410.000 0.842
7415.000 0.812
7420.000 0.765
7425.000 0.714
7430.000 0.698
7435.000 0.669
7440.000 0.655
7445.000 0.633
7450.000 0.617
7455.000 0.609
7460.000 0.595
7465.000 0.587
7470.000 0.584
7475.000 0.578
7480.000 0.570
7485.000 0.569
7490.000 0.563
7495.000 0.560
7500.000 0.553
7505.000 0.550
7510.000 0.542
7515.000 0.542
7520.000 0.534
7525.000 0.527
7530.000 0.528
7535.000 0.526
7540.000 0.524
7545.000 0.522
7550.000 0.525
7555.000 0.521
7560.000 0.525
7565.000 0.523
7570.000 0.523
7575.000 0.521
7580.000 0.520
7585.000 0.519
7590.000 0.517
7595.000 0.516
7600.000 0.510
7605.000 0.508
7610.000 0.503
7615.000 0.502
7620.000 0.504
7625.000 0.504
7630.000 0.504
7635.000 0.502
7640.000 0.505
7645.000 0.511
7650.000 0.507
7655.000 0.508
7660.000 0.511
7665.000 0.508
7670.000 0.510
7675.000 0.508
7680.000 0.506
7685.000 0.502
7690.000 0.498
7695.000 0.500
7700.000 0.497
7705.000 0.493
7710.000 0.495
7715.000 0.491
7720.000 0.499
7725.000 0.497
7730.000 0.496
7735.000 0.500
7740.000 0.500
7745.000 0.502
7750.000 0.505
7755.000 0.503
7760.000 0.504
7765.000 0.504
7770.000 0.497
7775.000 0.500
7780.000 0.497
7785.000 0.490
7790.000 0.487
7795.000 0.488
7800.000 0.490
7805.000 0.489
7810.000 0.493
7815.000 0.498
7820.000 0.496
7825.000 0.496
7830.000 0.497
7835.000 0.500
7840.000 0.499
7845.000 0.500
7850.000 0.500
7855.000 0.498
7860.000 0.490
7865.000 0.492
7870.000 0.490
7875.000 0.490
7880.000 0.487
7885.000 0.486
7890.000 0.485
7895.000 0.487
7900.000 0.489
7905.000 0.491
7910.000 0.496
7915.000 0.496
7920.000 0.498
7925.000 0.497
7930.000 0.497
7935.000 0.500
7940.000 0.495
7945.000 0.497
7950.000 0.494
7955.000 0.492
7960.000 0.492
7965.000 0.487
7970.000 0.480
7975.000 0.487
7980.000 0.482
7985.000 0.496
7990.000 0.485
7995.000 0.491
8000.000 0.489
8005.000 0.498
8010.000 0.487
8015.000 0.495
8020.000 0.493
8025.000 0.502
8030.000 0.497
8035.000 0.498
8040.000 0.498
8045.000 0.487
8050.000 0.485
8055.000 0.480
8060.000 0.486
8065.000 0.484
8070.000 0.484
8075.000 0.484
8080.000 0.491
8085.000 0.492
8090.000 0.490
8095.000 0.498
8100.000 0.496
8105.000 0.498
8110.000 0.496
8115.000 0.495
8120.000 0.497
8125.000 0.492
8130.000 0.489
8135.000 0.485
8140.000 0.486
8145.000 0.484
8150.000 0.482
8155.000 0.487
8160.000 0.484
8165.000 0.486
8170.000 0.487
8175.000 0.494
8180.000 0.494
8185.000 0.492
8190.000 0.498
8195.000 0.494
8200.000 0.499
8205.000 0.492
8210.000 0.489
8215.000 0.495
8220.000 0.485
8225.000 0.489
8230.000 0.484
8235.000 0.485
8240.000 0.484
8245.000 0.487
8250.000 0.487
8255.000 0.488
8260.000 0.488
8265.000 0.491
8270.000 0.494
8275.000 0.495
8280.000 0.495
8285.000 0.496
8290.000 0.491
8295.000 0.494
8300.000 0.488
8305.000 0.491
8310.000 0.487
8315.000 0.482
8320.000 0.486
8325.000 0.483
8330.000 0.484
8335.000 0.484
8340.000 0.485
8345.000 0.491
8350.000 0.489
8355.000 0.490
8360.000 0.492
8365.000 0.493
8370.000 0.497
8375.000 0.495
8380.000 0.494
8385.000 0.491
8390.000 0.487
8395.000 0.486
8400.000 0.492
8405.000 0.485
8410.000 0.486
8415.000 0.483
8420.000 0.484
8425.000 0.483
8430.000 0.486
8435.000 0.484
8440.000 0.493
8445.000 0.493
8450.000 0.491
8455.000 0.495
8460.000 0.495
8465.000 0.493
8470.000 0.493
8475.000 0.492
8480.000 0.489
8485.000 0.485
8490.000 0.483
8495.000 0.481
8500.000 0.482
8505.000 0.482
8510.000 0.483
8515.000 0.486
8520.000 0.488
8525.000 0.488
8530.000 0.490
8535.000 0.493
8540.000 0.494
8545.000 0.494
8550.000 0.493
8555.000 0.491
8560.000 0.492
8565.000 0.488
8570.000 0.487
8575.000 0.484
8580.000 0.482
8585.000 0.479
8590.000 0.480
8595.000 0.482
8600.000 0.483
8605.000 0.483
8610.000 0.489
8615.000 0.489
8620.000 0.490
8625.000 0.493
8630.000 0.496
8635.000 0.496
8640.000 0.493
8645.000 0.492
8650.000 0.490
8655.000 0.486
8660.000 0.486
8665.000 0.485
8670.000 0.483
8675.000 0.485
8680.000 0.487
8685.000 0.483
8690.000 0.486
8695.000 0.489
8700.000 0.487
8705.000 0.492
8710.000 0.492
8715.000 0.491
8720.000 0.495
8725.000 0.496
8730.000 0.495
8735.000 0.491
8740.000 0.490
8745.000 0.485
8750.000 0.482
8755.000 0.481
8760.000 0.479
8765.000 0.480
8770.000 0.481
8775.000 0.482
8780.000 0.480
8785.000 0.485
8790.000 0.485
8795.000 0.484
8800.000 0.494
8805.000 0.489
8810.000 0.492
8815.000 0.490
8820.000 0.509
8825.000 0.496
8830.000 0.463
8835.000 0.467
8840.000 0.483
8845.000 0.481
8850.000 0.481
8855.000 0.478
8860.000 0.480
8865.000 0.482
8870.000 0.481
8875.000 0.484
8880.000 0.487
8885.000 0.489
8890.000 0.491
8895.000 0.493
8900.000 0.491
8905.000 0.489
8910.000 0.490
8915.000 0.491
8920.000 0.487
8925.000 0.483
8930.000 0.483
8935.000 0.483
8940.000 0.480
8945.000 0.481
8950.000 0.482
8955.000 0.482
8960.000 0.482
8965.000 0.480
8970.000 0.483
8975.000 0.491
8980.000 0.487
8985.000 0.492
8990.000 0.489
8995.000 0.495
9000.000 0.483
9005.000 0.481
9010.000 0.481
9015.000 0.487
9020.000 0.476
9025.000 0.476
9030.000 0.481
9035.000 0.481
9040.000 0.481
9045.000 0.484
9050.000 0.482
9055.000 0.482
9060.000 0.487
9065.000 0.490
9070.000 0.488
9075.000 0.494
9080.000 0.488
9085.000 0.489
9090.000 0.487
9095.000 0.481
9100.000 0.485
9105.000 0.480
9110.000 0.476
9115.000 0.479
9120.000 0.478
9125.000 0.479
9130.000 0.481
9135.000 0.476
9140.000 0.487
9145.000 0.489
9150.000 0.485
9155.000 0.490
9160.000 0.490
9165.000 0.489
9170.000 0.491
9175.000 0.488
9180.000 0.488
9185.000 0.487
9190.000 0.484
9195.000 0.482
9200.000 0.477
9205.000 0.478
9210.000 0.479
9215.000 0.479
9220.000 0.480
9225.000 0.481
9230.000 0.481
9235.000 0.487
9240.000 0.488
9245.000 0.486
9250.000 0.488
9255.000 0.492
9260.000 0.491
9265.000 0.484
9270.000 0.485
9275.000 0.483
9280.000 0.481
9285.000 0.480
9290.000 0.478
9295.000 0.477
9300.000 0.476
9305.000 0.477
9310.000 0.478
9315.000 0.482
9320.000 0.486
9325.000 0.487
9330.000 0.490
9335.000 0.491
9340.000 0.488
9345.000 0.490
9350.000 0.485
9355.000 0.487
9360.000 0.479
9365.000 0.482
9370.000 0.480
9375.000 0.475
9380.000 0.476
9385.000 0.477
9390.000 0.479
9395.000 0.478
9400.000 0.477
9405.000 0.479
9410.000 0.485
9415.000 0.483
9420.000 0.486
9425.000 0.489
9430.000 0.490
9435.000 0.487
9440.000 0.487
9445.000 0.485
9450.000 0.481
9455.000 0.478
9460.000 0.479
9465.000 0.477
9470.000 0.476
9475.000 0.478
9480.000 0.476
9485.000 0.478
9490.000 0.478
9495.000 0.480
9500.000 0.485
9505.000 0.488
9510.000 0.487
9515.000 0.487
9520.000 0.486
9525.000 0.488
9530.000 0.486
9535.000 0.485
9540.000 0.480
9545.000 0.477
9550.000 0.477
9555.000 0.475
9560.000 0.476
9565.000 0.479
9570.000 0.476
9575.000 0.480
9580.000 0.484
9585.000 0.481
9590.000 0.487
9595.000 0.487
9600.000 0.489
9605.000 0.488
9610.000 0.487
9615.000 0.486
9620.000 0.487
9625.000 0.477
9630.000 0.480
9635.000 0.479
9640.000 0.475
9645.000 0.479
9650.000 0.477
9655.000 0.478
9660.000 0.477
9665.000 0.479
9670.000 0.484
9675.000 0.488
9680.000 0.490
9685.000 0.492
9690.000 0.488
9695.000 0.489
9700.000 0.486
9705.000 0.487
9710.000 0.487
9715.000 0.480
9720.000 0.482
9725.000 0.481
9730.000 0.478
9735.000 0.480
9740.000 0.477
9745.000 0.476
9750.000 0.481
9755.000 0.483
9760.000 0.483
9765.000 0.492
9770.000 0.490
9775.000 0.492
9780.000 0.493
9785.000 0.492
9790.000 0.489
9795.000 0.490
9800.000 0.486
9805.000 0.493
9810.000 0.483
9815.000 0.482
9820.000 0.480
9825.000 0.480
9830.000 0.480
9835.000 0.480
9840.000 0.485
9845.000 0.490
9850.000 0.489
9855.000 0.489
9860.000 0.499
9865.000 0.495
9870.000 0.495
9875.000 0.493
9880.000 0.496
9885.000 0.495
9890.000 0.493
9895.000 0.491
9900.000 0.489
9905.000 0.490
9910.000 0.487
9915.000 0.491
9920.000 0.489
9925.000 0.490
9930.000 0.495
9935.000 0.500
9940.000 0.503
9945.000 0.507
9950.000 0.507
9955.000 0.512
9960.000 0.514
9965.000 0.507
9970.000 0.513
9975.000 0.516
9980.000 0.513
9985.000 0.509
9990.000 0.510
9995.000 0.508
10000.000 0.515
10005.000 0.517
10010.000 0.525
10015.000 0.527
10020.000 0.530
10025.000 0.538
10030.000 0.538
10035.000 0.544
10040.000 0.545
10045.000 0.550
10050.000 0.561
10055.000 0.565
10060.000 0.568
10065.000 0.570
10070.000 0.576
10075.000 0.583
10080.000 0.591
10085.000 0.605
10090.000 0.607
10095.000 0.625
10100.000 0.645
10105.000 0.656
10110.000 0.690
10115.000 0.704
10120.000 0.728
10125.000 0.773
10130.000 0.790
10135.000 0.833
10140.000 0.860
10145.000 0.933
10150.000 0.995
10155.000 1.040
10160.000 1.165
10165.000 1.235
10170.000 1.372
10175.000 1.606
10180.000 1.723
10185.000 1.962
10190.000 2.138
10195.000 2.394
10200.000 2.517
10205.000 2.506
10210.000 2.352
10215.000 2.265
10220.000 2.027
10225.000 1.861
10230.000 1.820
10235.000 1.728
10240.000 1.706
10245.000 1.697
10250.000 1.736
10255.000 1.770
10260.000 1.854
10265.000 1.919
10270.000 2.106
10275.000 2.304
10280.000 2.450
10285.000 2.806
10290.000 2.997
10295.000 3.380
10300.000 3.888
10305.000 4.098
10310.000 4.388
10315.000 4.461
10320.000 4.375
10325.000 4.125
10330.000 3.902
10335.000 3.544
10340.000 3.416
10345.000 3.083
10350.000 2.845
10355.000 2.771
10360.000 2.581
10365.000 2.507
10370.000 2.403
10375.000 2.303
10380.000 2.264
10385.000 2.217
10390.000 2.192
10395.000 2.156
10400.000 2.136
10405.000 2.133
10410.000 2.138
10415.000 2.146
10420.000 2.172
10425.000 2.222
10430.000 2.253
10435.000 2.329
10440.000 2.376
10445.000 2.495
10450.000 2.626
10455.000 2.726
10460.000 2.916
10465.000 2.991
10470.000 3.233
10475.000 3.418
10480.000 3.471
10485.000 3.498
10490.000 3.330
10495.000 3.193
10500.000 2.964
10505.000 2.533
10510.000 2.183
10515.000 1.957
10520.000 1.640
10525.000 1.508
10530.000 1.287
10535.000 1.106
10540.000 1.037
10545.000 0.892
10550.000 0.834
10555.000 0.739
10560.000 0.653
10565.000 0.618
10570.000 0.569
10575.000 0.546
10580.000 0.504
10585.000 0.483
10590.000 0.477
10595.000 0.466
10600.000 0.468
10605.000 0.482
10610.000 0.506
10615.000 0.526
10620.000 0.564
10625.000 0.606
10630.000 0.683
10635.000 0.768
10640.000 0.833
10645.000 0.947
10650.000 0.993
10655.000 1.066
10660.000 1.074
10665.000 1.051
10670.000 0.997
10675.000 0.959
10680.000 0.896
10685.000 0.825
10690.000 0.796
10695.000 0.752
10700.000 0.733
10705.000 0.690
10710.000 0.665
10715.000 0.657
10720.000 0.625
10725.000 0.618
10730.000 0.607
10735.000 0.592
10740.000 0.586
10745.000 0.578
10750.000 0.567
10755.000 0.559
10760.000 0.549
10765.000 0.541
10770.000 0.540
10775.000 0.532
10780.000 0.522
10785.000 0.518
10790.000 0.514
10795.000 0.506
10800.000 0.506
10805.000 0.503
10810.000 0.506
10815.000 0.503
10820.000 0.502
10825.000 0.504
10830.000 0.501
10835.000 0.501
10840.000 0.498
10845.000 0.495
10850.000 0.494
10855.000 0.488
10860.000 0.486
10865.000 0.487
10870.000 0.481
10875.000 0.477
10880.000 0.477
10885.000 0.476
10890.000 0.476
10895.000 0.474
10900.000 0.475
10905.000 0.480
10910.000 0.475
10915.000 0.478
10920.000 0.482
10925.000 0.479
10930.000 0.480
10935.000 0.477
10940.000 0.474
10945.000 0.474
10950.000 0.472
10955.000 0.466
10960.000 0.470
10965.000 0.465
10970.000 0.467
10975.000 0.467
10980.000 0.467
10985.000 0.470
10990.000 0.467
10995.000 0.469
11000.000 0.467
11005.000 0.470
11010.000 0.472
11015.000 0.466
11020.000 0.472
11025.000 0.471
11030.000 0.465
11035.000 0.465
11040.000 0.467
11045.000 0.460
11050.000 0.457
11055.000 0.458
11060.000 0.460
11065.000 0.457
11070.000 0.458
11075.000 0.463
11080.000 0.465
11085.000 0.466
11090.000 0.469
11095.000 0.471
11100.000 0.464
11105.000 0.467
11110.000 0.466
11115.000 0.469
11120.000 0.462
11125.000 0.461
11130.000 0.460
11135.000 0.458
11140.000 0.456
11145.000 0.455
11150.000 0.454
11155.000 0.456
11160.000 0.459
11165.000 0.459
11170.000 0.461
11175.000 0.461
11180.000 0.463
11185.000 0.463
11190.000 0.465
11195.000 0.463
11200.000 0.463
11205.000 0.460
11210.000 0.459
11215.000 0.457
11220.000 0.458
11225.000 0.458
11230.000 0.453
11235.000 0.451
11240.000 0.454
11245.000 0.456
11250.000 0.458
11255.000 0.457
11260.000 0.460
11265.000 0.463
11270.000 0.465
11275.000 0.462
11280.000 0.462
11285.000 0.458
11290.000 0.458
11295.000 0.460
11300.000 0.455
11305.000 0.458
11310.000 0.454
11315.000 0.453
11320.000 0.454
11325.000 0.454
11330.000 0.454
11335.000 0.454
11340.000 0.458
11345.000 0.457
11350.000 0.456
11355.000 0.457
11360.000 0.461
11365.000 0.461
11370.000 0.460
11375.000 0.458
11380.000 0.459
11385.000 0.455
11390.000 0.453
11395.000 0.457
11400.000 0.451
11405.000 0.448
11410.000 0.451
11415.000 0.454
11420.000 0.452
11425.000 0.452
11430.000 0.458
11435.000 0.455
11440.000 0.457
11445.000 0.457
11450.000 0.459
11455.000 0.459
11460.000 0.458
11465.000 0.455
11470.000 0.454
11475.000 0.456
11480.000 0.450
11485.000 0.452
11490.000 0.451
11495.000 0.447
11500.000 0.451
11505.000 0.449
11510.000 0.450
11515.000 0.451
11520.000 0.449
11525.000 0.454
11530.000 0.455
11535.000 0.459
11540.000 0.459
11545.000 0.453
11550.000 0.455
11555.000 0.452
11560.000 0.452
11565.000 0.450
11570.000 0.452
11575.000 0.447
11580.000 0.446
11585.000 0.448
11590.000 0.448
11595.000 0.449
11600.000 0.448
11605.000 0.452
11610.000 0.454
11615.000 0.452
11620.000 0.453
11625.000 0.457
11630.000 0.455
11635.000 0.455
11640.000 0.449
11645.000 0.450
11650.000 0.450
11655.000 0.452
11660.000 0.448
11665.000 0.449
11670.000 0.448
11675.000 0.447
11680.000 0.447
11685.000 0.449
11690.000 0.445
11695.000 0.453
11700.000 0.451
11705.000 0.452
11710.000 0.454
11715.000 0.456
11720.000 0.453
11725.000 0.455
11730.000 0.448
11735.000 0.449
11740.000 0.447
11745.000 0.448
11750.000 0.449
11755.000 0.446
11760.000 0.448
11765.000 0.444
11770.000 0.446
11775.000 0.447
11780.000 0.447
11785.000 0.447
11790.000 0.451
11795.000 0.451
11800.000 0.449
11805.000 0.450
11810.000 0.451
11815.000 0.450
11820.000 0.449
11825.000 0.448
11830.000 0.445
11835.000 0.444
11840.000 0.443
11845.000 0.443
11850.000 0.443
11855.000 0.444
11860.000 0.446
11865.000 0.447
11870.000 0.448
11875.000 0.447
11880.000 0.446
11885.000 0.449
11890.000 0.450
11895.000 0.451
11900.000 0.450
11905.000 0.445
11910.000 0.448
11915.000 0.445
11920.000 0.442
11925.000 0.446
11930.000 0.442
11935.000 0.442
11940.000 0.442
11945.000 0.443
11950.000 0.443
11955.000 0.440
11960.000 0.447
11965.000 0.444
11970.000 0.449
11975.000 0.449
11980.000 0.448
11985.000 0.445
11990.000 0.445
11995.000 0.446
12000.000 0.442
