105.000 0.217
110.000 16.808
115.000 17.714
120.000 17.904
125.000 18.503
130.000 18.677
135.000 19.240
140.000 19.511
145.000 19.697
150.000 19.968
155.000 20.297
160.000 20.568
165.000 20.772
170.000 20.930
175.000 21.076
180.000 21.197
185.000 21.334
190.000 21.383
195.000 21.597
200.000 21.752
205.000 21.906
210.000 22.112
215.000 22.230
220.000 22.462
225.000 22.549
230.000 22.737
235.000 23.015
240.000 23.173
245.000 23.446
250.000 23.740
255.000 23.867
260.000 24.288
265.000 24.464
270.000 24.899
275.000 25.073
280.000 25.487
285.000 25.955
290.000 26.186
295.000 26.714
300.000 27.341
305.000 27.640
310.000 28.274
315.000 28.598
320.000 29.363
325.000 29.775
330.000 30.659
335.000 31.579
340.000 32.085
345.000 33.158
350.000 33.770
355.000 34.994
360.000 36.359
365.000 37.092
370.000 38.607
375.000 40.270
380.000 41.161
385.000 43.012
390.000 43.973
395.000 46.103
400.000 47.098
405.000 49.159
410.000 51.312
415.000 52.257
420.000 53.919
425.000 55.323
430.000 55.778
435.000 56.245
440.000 56.227
445.000 55.587
450.000 54.205
455.000 53.174
460.000 50.849
465.000 49.467
470.000 46.552
475.000 43.555
480.000 42.009
485.000 39.061
490.000 37.575
495.000 34.882
500.000 33.526
505.000 31.159
510.000 28.931
515.000 27.786
520.000 25.894
525.000 24.171
530.000 23.380
535.000 21.896
540.000 21.217
545.000 19.887
550.000 19.286
555.000 18.181
560.000 17.651
565.000 16.661
570.000 15.750
575.000 15.338
580.000 14.536
585.000 13.802
590.000 13.466
595.000 12.811
600.000 12.492
605.000 11.925
610.000 11.648
615.000 11.117
620.000 10.628
625.000 10.167
630.000 9.956
635.000 9.744
640.000 9.329
645.000 8.954
650.000 8.767
655.000 8.433
660.000 8.254
665.000 7.937
670.000 7.646
675.000 7.494
680.000 7.215
685.000 7.092
690.000 6.834
695.000 6.588
700.000 6.364
705.000 6.250
710.000 6.052
715.000 5.929
720.000 5.739
725.000 5.553
730.000 5.477
735.000 5.295
740.000 5.223
745.000 5.045
750.000 4.976
755.000 4.820
760.000 4.667
765.000 4.594
770.000 4.454
775.000 4.401
780.000 4.271
785.000 4.212
790.000 4.135
795.000 4.060
800.000 4.034
805.000 3.930
810.000 3.870
815.000 3.770
820.000 3.670
825.000 3.616
830.000 3.508
835.000 3.466
840.000 3.372
845.000 3.271
850.000 3.235
855.000 3.155
860.000 3.062
865.000 3.027
870.000 2.959
875.000 2.926
880.000 2.854
885.000 2.819
890.000 2.751
895.000 2.685
900.000 2.651
905.000 2.603
910.000 2.571
915.000 2.512
920.000 2.465
925.000 2.436
930.000 2.382
935.000 2.342
940.000 2.321
945.000 2.275
950.000 2.258
955.000 2.225
960.000 2.188
965.000 2.177
970.000 2.138
975.000 2.122
980.000 2.091
985.000 2.099
990.000 2.060
995.000 2.050
1000.000 2.042
1005.000 2.011
1010.000 2.013
1015.000 2.018
1020.000 1.998
1025.000 2.007
1030.000 2.008
1035.000 2.015
1040.000 2.011
1045.000 2.018
1050.000 2.041
1055.000 2.054
1060.000 2.078
1065.000 2.098
1070.000 2.129
1075.000 2.145
1080.000 2.180
1085.000 2.238
1090.000 2.260
1095.000 2.314
1100.000 2.357
1105.000 2.419
1110.000 2.460
1115.000 2.541
1120.000 2.621
1125.000 2.672
1130.000 2.787
1135.000 2.838
1140.000 2.965
1145.000 3.098
1150.000 3.178
1155.000 3.341
1160.000 3.425
1165.000 3.617
1170.000 3.720
1175.000 3.934
1180.000 4.180
1185.000 4.445
1190.000 4.591
1195.000 4.749
1200.000 5.088
1205.000 5.466
1210.000 5.896
1215.000 6.134
1220.000 6.648
1225.000 6.941
1230.000 7.601
1235.000 7.968
1240.000 8.798
1245.000 9.257
1250.000 10.334
1255.000 11.646
1260.000 13.281
1265.000 14.228
1270.000 16.455
1275.000 17.839
1280.000 21.042
1285.000 22.868
1290.000 27.279
1295.000 29.617
1300.000 33.945
1305.000 36.276
1310.000 34.865
1315.000 32.993
1320.000 30.724
1325.000 26.087
1330.000 22.329
1335.000 19.298
1340.000 18.069
1345.000 16.071
1350.000 15.201
1355.000 13.708
1360.000 13.079
1365.000 12.005
1370.000 11.518
1375.000 10.685
1380.000 9.981
1385.000 9.357
1390.000 9.083
1395.000 8.599
1400.000 8.367
1405.000 7.939
1410.000 7.758
1415.000 7.409
1420.000 7.251
1425.000 6.962
1430.000 6.690
1435.000 6.565
1440.000 6.331
1445.000 6.220
1450.000 6.005
1455.000 5.819
1460.000 5.729
1465.000 5.557
1470.000 5.478
1475.000 5.321
1480.000 5.169
1485.000 5.103
1490.000 4.967
1495.000 4.839
1500.000 4.775
1505.000 4.658
1510.000 4.592
1515.000 4.478
1520.000 4.369
1525.000 4.311
1530.000 4.209
1535.000 4.155
1540.000 4.049
1545.000 3.949
1550.000 3.889
1555.000 3.790
1560.000 3.742
1565.000 3.639
1570.000 3.588
1575.000 3.481
1580.000 3.368
1585.000 3.318
1590.000 3.204
1595.000 3.149
1600.000 3.042
1605.000 2.936
1610.000 2.884
1615.000 2.787
1620.000 2.748
1625.000 2.673
1630.000 2.636
1635.000 2.628
1640.000 2.651
1645.000 2.668
1650.000 2.744
1655.000 2.865
1660.000 2.929
1665.000 3.073
1670.000 3.159
1675.000 3.327
1680.000 3.478
1685.000 3.542
1690.000 3.691
1695.000 3.742
1700.000 3.851
1705.000 3.942
1710.000 3.974
1715.000 4.040
1720.000 4.064
1725.000 4.108
1730.000 4.130
1735.000 4.160
1740.000 4.193
1745.000 4.199
1750.000 4.214
1755.000 4.223
1760.000 4.228
1765.000 4.238
1770.000 4.245
1775.000 4.244
1780.000 4.247
1785.000 4.241
1790.000 4.243
1795.000 4.244
1800.000 4.243
1805.000 4.243
1810.000 4.243
1815.000 4.244
1820.000 4.243
1825.000 4.241
1830.000 4.241
1835.000 4.239
1840.000 4.235
1845.000 4.238
1850.000 4.231
1855.000 4.229
1860.000 4.229
1865.000 4.220
1870.000 4.215
1875.000 4.213
1880.000 4.205
1885.000 4.203
1890.000 4.200
1895.000 4.196
1900.000 4.191
1905.000 4.192
1910.000 4.184
1915.000 4.178
1920.000 4.177
1925.000 4.168
1930.000 4.165
1935.000 4.160
1940.000 4.153
1945.000 4.151
1950.000 4.146
1955.000 4.132
1960.000 4.142
1965.000 4.122
1970.000 4.129
1975.000 4.125
1980.000 4.118
1985.000 4.093
1990.000 4.076
1995.000 4.088
2000.000 4.059
2005.000 4.046
2010.000 4.032
2015.000 4.023
2020.000 4.011
2025.000 3.983
2030.000 3.981
2035.000 3.943
2040.000 3.921
2045.000 3.915
2050.000 3.885
2055.000 3.875
2060.000 3.856
2065.000 3.815
2070.000 3.801
2075.000 3.776
2080.000 3.761
2085.000 3.725
2090.000 3.697
2095.000 3.681
2100.000 3.650
2105.000 3.638
2110.000 3.603
2115.000 3.569
2120.000 3.552
2125.000 3.514
2130.000 3.501
2135.000 3.463
2140.000 3.431
2145.000 3.412
2150.000 3.376
2155.000 3.359
2160.000 3.320
2165.000 3.287
2170.000 3.267
2175.000 3.233
2180.000 3.212
2185.000 3.176
2190.000 3.137
2195.000 3.116
2200.000 3.083
2205.000 3.060
2210.000 3.025
2215.000 2.991
2220.000 2.972
2225.000 2.935
2230.000 2.920
2235.000 2.885
2240.000 2.853
2245.000 2.838
2250.000 2.802
2255.000 2.785
2260.000 2.752
2265.000 2.721
2270.000 2.708
2275.000 2.670
2280.000 2.658
2285.000 2.629
2290.000 2.593
2295.000 2.577
2300.000 2.545
2305.000 2.513
2310.000 2.500
2315.000 2.473
2320.000 2.457
2325.000 2.427
2330.000 2.400
2335.000 2.383
2340.000 2.363
2345.000 2.351
2350.000 2.323
2355.000 2.311
2360.000 2.288
2365.000 2.275
2370.000 2.255
2375.000 2.227
2380.000 2.205
2385.000 2.192
2390.000 2.184
2395.000 2.161
2400.000 2.142
2405.000 2.130
2410.000 2.108
2415.000 2.101
2420.000 2.080
2425.000 2.062
2430.000 2.054
2435.000 2.035
2440.000 2.025
2445.000 2.010
2450.000 1.990
2455.000 1.973
2460.000 1.967
2465.000 1.953
2470.000 1.943
2475.000 1.928
2480.000 1.920
2485.000 1.910
2490.000 1.898
2495.000 1.884
2500.000 1.870
2505.000 1.854
2510.000 1.847
2515.000 1.837
2520.000 1.831
2525.000 1.820
2530.000 1.817
2535.000 1.804
2540.000 1.793
2545.000 1.790
2550.000 1.783
2555.000 1.771
2560.000 1.768
2565.000 1.756
2570.000 1.753
2575.000 1.745
2580.000 1.739
2585.000 1.730
2590.000 1.725
2595.000 1.717
2600.000 1.712
2605.000 1.706
2610.000 1.701
2615.000 1.690
2620.000 1.689
2625.000 1.688
2630.000 1.686
2635.000 1.679
2640.000 1.676
2645.000 1.674
2650.000 1.668
2655.000 1.666
2660.000 1.657
2665.000 1.658
2670.000 1.653
2675.000 1.647
2680.000 1.644
2685.000 1.645
2690.000 1.641
2695.000 1.642
2700.000 1.639
2705.000 1.639
2710.000 1.638
2715.000 1.639
2720.000 1.633
2725.000 1.638
2730.000 1.636
2735.000 1.636
2740.000 1.641
2745.000 1.642
2750.000 1.643
2755.000 1.638
2760.000 1.644
2765.000 1.644
2770.000 1.643
2775.000 1.640
2780.000 1.642
2785.000 1.639
2790.000 1.633
2795.000 1.633
2800.000 1.632
2805.000 1.633
2810.000 1.634
2815.000 1.637
2820.000 1.633
2825.000 1.640
2830.000 1.642
2835.000 1.648
2840.000 1.651
2845.000 1.654
2850.000 1.662
2855.000 1.665
2860.000 1.668
2865.000 1.672
2870.000 1.677
2875.000 1.682
2880.000 1.689
2885.000 1.695
2890.000 1.701
2895.000 1.704
2900.000 1.716
2905.000 1.721
2910.000 1.730
2915.000 1.729
2920.000 1.748
2925.000 1.755
2930.000 1.758
2935.000 1.772
2940.000 1.781
2945.000 1.785
2950.000 1.810
2955.000 1.805
2960.000 1.820
2965.000 1.839
2970.000 1.839
2975.000 1.853
2980.000 1.867
2985.000 1.882
2990.000 1.895
2995.000 1.912
3000.000 1.911
3005.000 1.924
3010.000 1.942
3015.000 1.970
3020.000 1.968
3025.000 1.986
3030.000 2.006
3035.000 2.032
3040.000 2.059
3045.000 2.072
3050.000 2.092
3055.000 2.101
3060.000 2.125
3065.000 2.157
3070.000 2.172
3075.000 2.189
3080.000 2.218
3085.000 2.245
3090.000 2.278
3095.000 2.299
3100.000 2.333
3105.000 2.347
3110.000 2.383
3115.000 2.427
3120.000 2.447
3125.000 2.490
3130.000 2.509
3135.000 2.560
3140.000 2.605
3145.000 2.629
3150.000 2.682
3155.000 2.708
3160.000 2.760
3165.000 2.820
3170.000 2.853
3175.000 2.912
3180.000 2.946
3185.000 3.023
3190.000 3.056
3195.000 3.132
3200.000 3.169
3205.000 3.250
3210.000 3.341
3215.000 3.385
3220.000 3.481
3225.000 3.584
3230.000 3.632
3235.000 3.689
3240.000 3.801
3245.000 3.932
3250.000 4.066
3255.000 4.126
3260.000 4.284
3265.000 4.362
3270.000 4.519
3275.000 4.708
3280.000 4.808
3285.000 5.005
3290.000 5.116
3295.000 5.358
3300.000 5.601
3305.000 5.741
3310.000 5.901
3315.000 6.213
3320.000 6.554
3325.000 6.960
3330.000 7.171
3335.000 7.382
3340.000 7.905
3345.000 8.475
3350.000 8.767
3355.000 9.497
3360.000 9.897
3365.000 10.744
3370.000 11.847
3375.000 13.113
3380.000 13.776
3385.000 15.536
3390.000 16.522
3395.000 18.724
3400.000 21.700
3405.000 23.352
3410.000 27.007
3415.000 28.952
3420.000 33.056
3425.000 34.637
3430.000 36.036
3435.000 35.582
3440.000 32.496
3445.000 28.367
3450.000 24.108
3455.000 22.345
3460.000 20.850
3465.000 18.099
3470.000 15.996
3475.000 15.145
3480.000 13.569
3485.000 12.249
3490.000 11.744
3495.000 10.759
3500.000 10.334
3505.000 9.623
3510.000 8.948
3515.000 8.658
3520.000 8.161
3525.000 7.921
3530.000 7.466
3535.000 7.266
3540.000 6.923
3545.000 6.574
3550.000 6.428
3555.000 6.159
3560.000 5.896
3565.000 5.773
3570.000 5.565
3575.000 5.452
3580.000 5.256
3585.000 5.083
3590.000 4.991
3595.000 4.839
3600.000 4.764
3605.000 4.620
3610.000 4.551
3615.000 4.430
3620.000 4.309
3625.000 4.253
3630.000 4.151
3635.000 4.050
3640.000 4.006
3645.000 3.914
3650.000 3.876
3655.000 3.793
3660.000 3.714
3665.000 3.681
3670.000 3.603
3675.000 3.575
3680.000 3.509
3685.000 3.447
3690.000 3.422
3695.000 3.366
3700.000 3.340
3705.000 3.289
3710.000 3.245
3715.000 3.216
3720.000 3.176
3725.000 3.157
3730.000 3.121
3735.000 3.080
3740.000 3.062
3745.000 3.032
3750.000 3.012
3755.000 2.981
3760.000 2.957
3765.000 2.938
3770.000 2.913
3775.000 2.903
3780.000 2.877
3785.000 2.858
3790.000 2.848
3795.000 2.824
3800.000 2.819
3805.000 2.804
3810.000 2.797
3815.000 2.782
3820.000 2.770
3825.000 2.769
3830.000 2.756
3835.000 2.751
3840.000 2.749
3845.000 2.737
3850.000 2.730
3855.000 2.728
3860.000 2.725
3865.000 2.723
3870.000 2.728
3875.000 2.726
3880.000 2.727
3885.000 2.730
3890.000 2.733
3895.000 2.740
3900.000 2.742
3905.000 2.756
3910.000 2.756
3915.000 2.771
3920.000 2.788
3925.000 2.790
3930.000 2.804
3935.000 2.819
3940.000 2.836
3945.000 2.850
3950.000 2.871
3955.000 2.894
3960.000 2.922
3965.000 2.928
3970.000 2.951
3975.000 2.993
3980.000 3.017
3985.000 3.073
3990.000 3.081
3995.000 3.129
4000.000 3.153
4005.000 3.218
4010.000 3.268
4015.000 3.297
4020.000 3.369
4025.000 3.413
4030.000 3.486
4035.000 3.579
4040.000 3.620
4045.000 3.714
4050.000 3.770
4055.000 3.873
4060.000 4.019
4065.000 4.083
4070.000 4.152
4075.000 4.306
4080.000 4.503
4085.000 4.607
4090.000 4.808
4095.000 4.939
4100.000 5.207
4105.000 5.493
4110.000 5.675
4115.000 6.061
4120.000 6.482
4125.000 6.762
4130.000 7.345
4135.000 7.646
4140.000 8.466
4145.000 8.916
4150.000 9.963
4155.000 11.291
4160.000 12.044
4165.000 13.707
4170.000 14.591
4175.000 16.501
4180.000 17.739
4185.000 17.897
4190.000 16.986
4195.000 14.869
4200.000 13.774
4205.000 11.387
4210.000 10.403
4215.000 8.826
4220.000 8.044
4225.000 6.888
4230.000 6.005
4235.000 5.564
4240.000 4.895
4245.000 4.621
4250.000 4.106
4255.000 3.700
4260.000 3.521
4265.000 3.205
4270.000 3.067
4275.000 2.832
4280.000 2.608
4285.000 2.506
4290.000 2.335
4295.000 2.175
4300.000 2.107
4305.000 1.975
4310.000 1.921
4315.000 1.799
4320.000 1.746
4325.000 1.655
4330.000 1.554
4335.000 1.516
4340.000 1.436
4345.000 1.393
4350.000 1.321
4355.000 1.261
4360.000 1.225
4365.000 1.165
4370.000 1.138
4375.000 1.086
4380.000 1.035
4385.000 1.015
4390.000 0.966
4395.000 0.948
4400.000 0.909
4405.000 0.890
4410.000 0.854
4415.000 0.817
4420.000 0.802
4425.000 0.770
4430.000 0.755
4435.000 0.730
4440.000 0.701
4445.000 0.685
4450.000 0.662
4455.000 0.654
4460.000 0.632
4465.000 0.613
4470.000 0.602
4475.000 0.585
4480.000 0.563
4485.000 0.554
4490.000 0.543
4495.000 0.534
4500.000 0.520
4505.000 0.509
4510.000 0.499
4515.000 0.485
4520.000 0.478
4525.000 0.465
4530.000 0.462
4535.000 0.452
4540.000 0.444
4545.000 0.440
4550.000 0.433
4555.000 0.427
4560.000 0.418
4565.000 0.413
4570.000 0.407
4575.000 0.402
4580.000 0.402
4585.000 0.397
4590.000 0.388
4595.000 0.390
4600.000 0.385
4605.000 0.381
4610.000 0.383
4615.000 0.381
4620.000 0.380
4625.000 0.376
4630.000 0.379
4635.000 0.380
4640.000 0.378
4645.000 0.382
4650.000 0.376
4655.000 0.379
4660.000 0.375
4665.000 0.382
4670.000 0.379
4675.000 0.377
4680.000 0.376
4685.000 0.377
4690.000 0.369
4695.000 0.364
4700.000 0.361
4705.000 0.362
4710.000 0.357
4715.000 0.352
4720.000 0.353
4725.000 0.348
4730.000 0.340
4735.000 0.333
4740.000 0.327
4745.000 0.324
4750.000 0.316
4755.000 0.308
4760.000 0.304
4765.000 0.293
4770.000 0.288
4775.000 0.281
4780.000 0.274
4785.000 0.267
4790.000 0.260
4795.000 0.256
4800.000 0.251
4805.000 0.247
4810.000 0.238
4815.000 0.231
4820.000 0.225
4825.000 0.218
4830.000 0.208
4835.000 0.201
4840.000 0.194
4845.000 0.187
4850.000 0.175
4855.000 0.172
4860.000 0.158
4865.000 0.150
4870.000 0.146
4875.000 0.138
4880.000 0.130
4885.000 0.120
4890.000 0.116
4895.000 0.111
4900.000 0.100
4905.000 0.094
4910.000 0.088
4915.000 0.077
4920.000 0.073
4925.000 0.061
4930.000 0.053
4935.000 0.050
4940.000 0.049
4945.000 0.048
4950.000 0.053
4955.000 0.051
4960.000 0.058
4965.000 0.073
4970.000 0.072
4975.000 0.087
4980.000 0.094
4985.000 0.113
4990.000 0.111
4995.000 0.129
5000.000 0.159
5005.000 0.172
5010.000 0.180
5015.000 0.182
5020.000 0.207
5025.000 0.221
5030.000 0.225
5035.000 0.238
5040.000 0.250
5045.000 0.256
5050.000 0.277
5055.000 0.290
5060.000 0.287
5065.000 0.294
5070.000 0.309
5075.000 0.318
5080.000 0.325
5085.000 0.341
5090.000 0.348
5095.000 0.356
5100.000 0.370
5105.000 0.372
5110.000 0.384
5115.000 0.389
5120.000 0.398
5125.000 0.413
5130.000 0.417
5135.000 0.427
5140.000 0.432
5145.000 0.445
5150.000 0.461
5155.000 0.464
5160.000 0.477
5165.000 0.487
5170.000 0.495
5175.000 0.507
5180.000 0.514
5185.000 0.524
5190.000 0.528
5195.000 0.536
5200.000 0.548
5205.000 0.548
5210.000 0.556
5215.000 0.562
5220.000 0.563
5225.000 0.574
5230.000 0.577
5235.000 0.582
5240.000 0.589
5245.000 0.592
5250.000 0.598
5255.000 0.604
5260.000 0.605
5265.000 0.613
5270.000 0.611
5275.000 0.615
5280.000 0.620
5285.000 0.621
5290.000 0.619
5295.000 0.624
5300.000 0.623
5305.000 0.623
5310.000 0.627
5315.000 0.625
5320.000 0.628
5325.000 0.627
5330.000 0.631
5335.000 0.632
5340.000 0.634
5345.000 0.633
5350.000 0.640
5355.000 0.635
5360.000 0.632
5365.000 0.637
5370.000 0.641
5375.000 0.636
5380.000 0.633
5385.000 0.634
5390.000 0.636
5395.000 0.637
5400.000 0.633
5405.000 0.632
5410.000 0.634
5415.000 0.634
5420.000 0.634
5425.000 0.637
5430.000 0.639
5435.000 0.639
5440.000 0.638
5445.000 0.637
5450.000 0.638
5455.000 0.636
5460.000 0.635
5465.000 0.631
5470.000 0.636
5475.000 0.631
5480.000 0.636
5485.000 0.635
5490.000 0.633
5495.000 0.637
5500.000 0.637
5505.000 0.637
5510.000 0.638
5515.000 0.639
5520.000 0.644
5525.000 0.643
5530.000 0.646
5535.000 0.642
5540.000 0.643
5545.000 0.644
5550.000 0.641
5555.000 0.641
5560.000 0.642
5565.000 0.639
5570.000 0.638
5575.000 0.639
5580.000 0.642
5585.000 0.640
5590.000 0.642
5595.000 0.642
5600.000 0.646
5605.000 0.644
5610.000 0.645
5615.000 0.644
5620.000 0.645
5625.000 0.647
5630.000 0.645
5635.000 0.645
5640.000 0.644
5645.000 0.643
5650.000 0.641
5655.000 0.640
5660.000 0.639
5665.000 0.638
5670.000 0.639
5675.000 0.646
5680.000 0.641
5685.000 0.641
5690.000 0.648
5695.000 0.646
5700.000 0.648
5705.000 0.647
5710.000 0.646
5715.000 0.649
5720.000 0.649
5725.000 0.646
5730.000 0.646
5735.000 0.644
5740.000 0.642
5745.000 0.641
5750.000 0.643
5755.000 0.639
5760.000 0.639
5765.000 0.643
5770.000 0.648
5775.000 0.645
5780.000 0.649
5785.000 0.650
5790.000 0.652
5795.000 0.649
5800.000 0.649
5805.000 0.648
5810.000 0.649
5815.000 0.649
5820.000 0.645
5825.000 0.647
5830.000 0.643
5835.000 0.646
5840.000 0.645
5845.000 0.645
5850.000 0.646
5855.000 0.648
5860.000 0.648
5865.000 0.649
5870.000 0.656
5875.000 0.654
5880.000 0.656
5885.000 0.655
5890.000 0.660
5895.000 0.659
5900.000 0.656
5905.000 0.658
5910.000 0.655
5915.000 0.655
5920.000 0.661
5925.000 0.658
5930.000 0.663
5935.000 0.664
5940.000 0.667
5945.000 0.670
5950.000 0.666
5955.000 0.676
5960.000 0.684
5965.000 0.676
5970.000 0.682
5975.000 0.685
5980.000 0.677
5985.000 0.691
5990.000 0.680
5995.000 0.682
6000.000 0.686
6005.000 0.697
6010.000 0.696
6015.000 0.688
6020.000 0.704
6025.000 0.699
6030.000 0.705
6035.000 0.700
6040.000 0.706
6045.000 0.719
6050.000 0.713
6055.000 0.723
6060.000 0.722
6065.000 0.728
6070.000 0.730
6075.000 0.732
6080.000 0.730
6085.000 0.733
6090.000 0.735
6095.000 0.733
6100.000 0.738
6105.000 0.734
6110.000 0.737
6115.000 0.740
6120.000 0.746
6125.000 0.748
6130.000 0.750
6135.000 0.757
6140.000 0.755
6145.000 0.760
6150.000 0.765
6155.000 0.767
6160.000 0.767
6165.000 0.772
6170.000 0.773
6175.000 0.775
6180.000 0.777
6185.000 0.776
6190.000 0.779
6195.000 0.783
6200.000 0.793
6205.000 0.790
6210.000 0.794
6215.000 0.801
6220.000 0.804
6225.000 0.810
6230.000 0.811
6235.000 0.813
6240.000 0.818
6245.000 0.822
6250.000 0.826
6255.000 0.830
6260.000 0.832
6265.000 0.837
6270.000 0.833
6275.000 0.840
6280.000 0.845
6285.000 0.846
6290.000 0.855
6295.000 0.858
6300.000 0.862
6305.000 0.875
6310.000 0.878
6315.000 0.882
6320.000 0.890
6325.000 0.899
6330.000 0.900
6335.000 0.912
6340.000 0.913
6345.000 0.918
6350.000 0.921
6355.000 0.930
6360.000 0.932
6365.000 0.938
6370.000 0.953
6375.000 0.960
6380.000 0.968
6385.000 0.976
6390.000 0.983
6395.000 0.995
6400.000 1.008
6405.000 1.012
6410.000 1.016
6415.000 1.035
6420.000 1.044
6425.000 1.052
6430.000 1.058
6435.000 1.073
6440.000 1.075
6445.000 1.093
6450.000 1.096
6455.000 1.111
6460.000 1.118
6465.000 1.139
6470.000 1.148
6475.000 1.164
6480.000 1.189
6485.000 1.204
6490.000 1.215
6495.000 1.239
6500.000 1.252
6505.000 1.275
6510.000 1.287
6515.000 1.309
6520.000 1.327
6525.000 1.343
6530.000 1.372
6535.000 1.382
6540.000 1.411
6545.000 1.447
6550.000 1.455
6555.000 1.491
6560.000 1.529
6565.000 1.544
6570.000 1.587
6575.000 1.605
6580.000 1.646
6585.000 1.694
6590.000 1.718
6595.000 1.761
6600.000 1.786
6605.000 1.846
6610.000 1.871
6615.000 1.922
6620.000 1.990
6625.000 2.023
6630.000 2.084
6635.000 2.164
6640.000 2.203
6645.000 2.281
6650.000 2.335
6655.000 2.427
6660.000 2.470
6665.000 2.591
6670.000 2.646
6675.000 2.759
6680.000 2.907
6685.000 3.056
6690.000 3.123
6695.000 3.309
6700.000 3.402
6705.000 3.598
6710.000 3.696
6715.000 3.959
6720.000 4.095
6725.000 4.364
6730.000 4.732
6735.000 5.094
6740.000 5.311
6745.000 5.853
6750.000 6.137
6755.000 6.774
6760.000 7.218
6765.000 8.099
6770.000 9.086
6775.000 9.832
6780.000 11.343
6785.000 12.148
6790.000 14.288
6795.000 16.668
6800.000 17.753
6805.000 19.873
6810.000 20.452
6815.000 20.179
6820.000 19.462
6825.000 16.865
6830.000 14.459
6835.000 13.494
6840.000 11.480
6845.000 10.157
6850.000 9.533
6855.000 8.419
6860.000 7.987
6865.000 7.302
6870.000 6.925
6875.000 6.363
6880.000 5.931
6885.000 5.690
6890.000 5.321
6895.000 5.027
6900.000 4.859
6905.000 4.599
6910.000 4.502
6915.000 4.266
6920.000 4.168
6925.000 4.002
6930.000 3.828
6935.000 3.753
6940.000 3.627
6945.000 3.488
6950.000 3.432
6955.000 3.332
6960.000 3.288
6965.000 3.187
6970.000 3.146
6975.000 3.074
6980.000 3.001
6985.000 2.958
6990.000 2.912
6995.000 2.871
7000.000 2.823
7005.000 2.781
7010.000 2.751
7015.000 2.697
7020.000 2.673
7025.000 2.644
7030.000 2.622
7035.000 2.607
7040.000 2.572
7045.000 2.564
7050.000 2.539
7055.000 2.512
7060.000 2.510
7065.000 2.498
7070.000 2.492
7075.000 2.487
7080.000 2.485
7085.000 2.481
7090.000 2.481
7095.000 2.481
7100.000 2.483
7105.000 2.486
7110.000 2.493
7115.000 2.499
7120.000 2.508
7125.000 2.519
7130.000 2.530
7135.000 2.551
7140.000 2.570
7145.000 2.583
7150.000 2.619
7155.000 2.636
7160.000 2.672
7165.000 2.718
7170.000 2.764
7175.000 2.785
7180.000 2.843
7185.000 2.874
7190.000 2.931
7195.000 3.005
7200.000 3.046
7205.000 3.117
7210.000 3.164
7215.000 3.269
7220.000 3.323
7225.000 3.437
7230.000 3.579
7235.000 3.654
7240.000 3.800
7245.000 3.903
7250.000 4.100
7255.000 4.301
7260.000 4.444
7265.000 4.720
7270.000 4.852
7275.000 5.212
7280.000 5.406
7285.000 5.840
7290.000 6.371
7295.000 6.989
7300.000 7.307
7305.000 7.669
7310.000 8.649
7315.000 9.715
7320.000 10.224
7325.000 12.275
7330.000 12.885
7335.000 13.324
7340.000 13.965
7345.000 13.623
7350.000 13.171
7355.000 11.642
7360.000 10.871
7365.000 9.544
7370.000 8.766
7375.000 7.639
7380.000 6.799
7385.000 6.319
7390.000 5.648
7395.000 5.133
7400.000 4.841
7405.000 4.412
7410.000 4.075
7415.000 3.879
7420.000 3.732
7425.000 3.488
7430.000 3.223
7435.000 3.116
7440.000 2.941
7445.000 2.850
7450.000 2.676
7455.000 2.539
7460.000 2.477
7465.000 2.345
7470.000 2.290
7475.000 2.192
7480.000 2.091
7485.000 2.045
7490.000 1.969
7495.000 1.883
7500.000 1.846
7505.000 1.784
7510.000 1.744
7515.000 1.688
7520.000 1.634
7525.000 1.600
7530.000 1.554
7535.000 1.511
7540.000 1.487
7545.000 1.465
7550.000 1.429
7555.000 1.394
7560.000 1.377
7565.000 1.343
7570.000 1.327
7575.000 1.295
7580.000 1.265
7585.000 1.247
7590.000 1.221
7595.000 1.206
7600.000 1.185
7605.000 1.157
7610.000 1.143
7615.000 1.125
7620.000 1.104
7625.000 1.095
7630.000 1.080
7635.000 1.064
7640.000 1.054
7645.000 1.050
7650.000 1.035
7655.000 1.017
7660.000 1.014
7665.000 0.990
7670.000 0.991
7675.000 0.978
7680.000 0.954
7685.000 0.949
7690.000 0.933
7695.000 0.924
7700.000 0.918
7705.000 0.908
7710.000 0.905
7715.000 0.893
7720.000 0.892
7725.000 0.888
7730.000 0.879
7735.000 0.873
7740.000 0.866
7745.000 0.855
7750.000 0.852
7755.000 0.842
7760.000 0.836
7765.000 0.828
7770.000 0.822
7775.000 0.812
7780.000 0.804
7785.000 0.803
7790.000 0.798
7795.000 0.792
7800.000 0.789
7805.000 0.787
7810.000 0.787
7815.000 0.781
7820.000 0.783
7825.000 0.778
7830.000 0.772
7835.000 0.765
7840.000 0.764
7845.000 0.761
7850.000 0.752
7855.000 0.745
7860.000 0.740
7865.000 0.735
7870.000 0.736
7875.000 0.729
7880.000 0.727
7885.000 0.729
7890.000 0.726
7895.000 0.722
7900.000 0.724
7905.000 0.722
7910.000 0.719
7915.000 0.717
7920.000 0.715
7925.000 0.712
7930.000 0.705
7935.000 0.701
7940.000 0.698
7945.000 0.692
7950.000 0.683
7955.000 0.690
7960.000 0.683
7965.000 0.679
7970.000 0.679
7975.000 0.678
7980.000 0.665
7985.000 0.661
7990.000 0.658
7995.000 0.667
8000.000 0.656
8005.000 0.654
8010.000 0.666
8015.000 0.687
8020.000 0.684
8025.000 0.685
8030.000 0.696
8035.000 0.693
8040.000 0.688
8045.000 0.684
8050.000 0.669
8055.000 0.666
8060.000 0.661
8065.000 0.661
8070.000 0.663
8075.000 0.662
8080.000 0.660
8085.000 0.663
8090.000 0.657
8095.000 0.656
8100.000 0.657
8105.000 0.653
8110.000 0.650
8115.000 0.647
8120.000 0.644
8125.000 0.639
8130.000 0.637
8135.000 0.636
8140.000 0.637
8145.000 0.639
8150.000 0.637
8155.000 0.637
8160.000 0.639
8165.000 0.640
8170.000 0.638
8175.000 0.641
8180.000 0.637
8185.000 0.636
8190.000 0.637
8195.000 0.629
8200.000 0.628
8205.000 0.628
8210.000 0.625
8215.000 0.621
8220.000 0.623
8225.000 0.619
8230.000 0.621
8235.000 0.621
8240.000 0.623
8245.000 0.625
8250.000 0.625
8255.000 0.623
8260.000 0.628
8265.000 0.624
8270.000 0.627
8275.000 0.623
8280.000 0.622
8285.000 0.620
8290.000 0.613
8295.000 0.611
8300.000 0.614
8305.000 0.612
8310.000 0.611
8315.000 0.608
8320.000 0.614
8325.000 0.613
8330.000 0.612
8335.000 0.614
8340.000 0.616
8345.000 0.616
8350.000 0.617
8355.000 0.617
8360.000 0.616
8365.000 0.613
8370.000 0.610
8375.000 0.609
8380.000 0.609
8385.000 0.604
8390.000 0.598
8395.000 0.603
8400.000 0.597
8405.000 0.600
8410.000 0.600
8415.000 0.606
8420.000 0.603
8425.000 0.607
8430.000 0.606
8435.000 0.612
8440.000 0.608
8445.000 0.608
8450.000 0.607
8455.000 0.606
8460.000 0.603
8465.000 0.599
8470.000 0.598
8475.000 0.591
8480.000 0.589
8485.000 0.592
8490.000 0.593
8495.000 0.596
8500.000 0.594
8505.000 0.597
8510.000 0.599
8515.000 0.600
8520.000 0.601
8525.000 0.604
8530.000 0.601
8535.000 0.602
8540.000 0.598
8545.000 0.597
8550.000 0.596
8555.000 0.591
8560.000 0.589
8565.000 0.588
8570.000 0.585
8575.000 0.587
8580.000 0.588
8585.000 0.593
8590.000 0.592
8595.000 0.591
8600.000 0.597
8605.000 0.597
8610.000 0.599
8615.000 0.598
8620.000 0.599
8625.000 0.596
8630.000 0.596
8635.000 0.592
8640.000 0.590
8645.000 0.592
8650.000 0.584
8655.000 0.586
8660.000 0.586
8665.000 0.586
8670.000 0.582
8675.000 0.587
8680.000 0.590
8685.000 0.587
8690.000 0.591
8695.000 0.595
8700.000 0.596
8705.000 0.595
8710.000 0.594
8715.000 0.591
8720.000 0.592
8725.000 0.585
8730.000 0.580
8735.000 0.580
8740.000 0.580
8745.000 0.572
8750.000 0.572
8755.000 0.574
8760.000 0.582
8765.000 0.585
8770.000 0.589
8775.000 0.595
8780.000 0.598
8785.000 0.603
8790.000 0.604
8795.000 0.601
8800.000 0.607
8805.000 0.602
8810.000 0.606
8815.000 0.613
8820.000 0.585
8825.000 0.576
8830.000 0.626
8835.000 0.601
8840.000 0.595
8845.000 0.598
8850.000 0.603
8855.000 0.602
8860.000 0.596
8865.000 0.596
8870.000 0.597
8875.000 0.591
8880.000 0.598
8885.000 0.592
8890.000 0.596
8895.000 0.592
8900.000 0.587
8905.000 0.587
8910.000 0.593
8915.000 0.580
8920.000 0.579
8925.000 0.580
8930.000 0.583
8935.000 0.586
8940.000 0.582
8945.000 0.591
8950.000 0.587
8955.000 0.590
8960.000 0.592
8965.000 0.596
8970.000 0.601
8975.000 0.594
8980.000 0.596
8985.000 0.591
8990.000 0.584
8995.000 0.588
9000.000 0.591
9005.000 0.587
9010.000 0.592
9015.000 0.587
9020.000 0.589
9025.000 0.593
9030.000 0.587
9035.000 0.587
9040.000 0.592
9045.000 0.596
9050.000 0.594
9055.000 0.602
9060.000 0.602
9065.000 0.601
9070.000 0.596
9075.000 0.597
9080.000 0.594
9085.000 0.592
9090.000 0.588
9095.000 0.590
9100.000 0.589
9105.000 0.586
9110.000 0.587
9115.000 0.591
9120.000 0.595
9125.000 0.595
9130.000 0.595
9135.000 0.600
9140.000 0.602
9145.000 0.604
9150.000 0.601
9155.000 0.600
9160.000 0.601
9165.000 0.594
9170.000 0.598
9175.000 0.598
9180.000 0.592
9185.000 0.596
9190.000 0.592
9195.000 0.595
9200.000 0.595
9205.000 0.595
9210.000 0.602
9215.000 0.602
9220.000 0.601
9225.000 0.604
9230.000 0.607
9235.000 0.607
9240.000 0.607
9245.000 0.607
9250.000 0.606
9255.000 0.605
9260.000 0.605
9265.000 0.602
9270.000 0.601
9275.000 0.597
9280.000 0.597
9285.000 0.602
9290.000 0.603
9295.000 0.604
9300.000 0.606
9305.000 0.611
9310.000 0.612
9315.000 0.611
9320.000 0.617
9325.000 0.614
9330.000 0.616
9335.000 0.615
9340.000 0.610
9345.000 0.614
9350.000 0.612
9355.000 0.611
9360.000 0.610
9365.000 0.610
9370.000 0.614
9375.000 0.610
9380.000 0.612
9385.000 0.621
9390.000 0.615
9395.000 0.621
9400.000 0.624
9405.000 0.625
9410.000 0.627
9415.000 0.628
9420.000 0.633
9425.000 0.628
9430.000 0.625
9435.000 0.626
9440.000 0.627
9445.000 0.619
9450.000 0.623
9455.000 0.623
9460.000 0.625
9465.000 0.627
9470.000 0.627
9475.000 0.635
9480.000 0.638
9485.000 0.637
9490.000 0.642
9495.000 0.644
9500.000 0.644
9505.000 0.644
9510.000 0.644
9515.000 0.645
9520.000 0.644
9525.000 0.641
9530.000 0.641
9535.000 0.641
9540.000 0.643
9545.000 0.642
9550.000 0.643
9555.000 0.651
9560.000 0.651
9565.000 0.651
9570.000 0.658
9575.000 0.662
9580.000 0.663
9585.000 0.666
9590.000 0.667
9595.000 0.671
9600.000 0.671
9605.000 0.666
9610.000 0.673
9615.000 0.669
9620.000 0.668
9625.000 0.670
9630.000 0.670
9635.000 0.673
9640.000 0.674
9645.000 0.677
9650.000 0.685
9655.000 0.684
9660.000 0.691
9665.000 0.693
9670.000 0.698
9675.000 0.700
9680.000 0.704
9685.000 0.706
9690.000 0.706
9695.000 0.703
9700.000 0.704
9705.000 0.708
9710.000 0.707
9715.000 0.707
9720.000 0.712
9725.000 0.716
9730.000 0.720
9735.000 0.724
9740.000 0.724
9745.000 0.735
9750.000 0.741
9755.000 0.744
9760.000 0.748
9765.000 0.757
9770.000 0.755
9775.000 0.757
9780.000 0.762
9785.000 0.762
9790.000 0.767
9795.000 0.766
9800.000 0.771
9805.000 0.776
9810.000 0.779
9815.000 0.783
9820.000 0.794
9825.000 0.795
9830.000 0.801
9835.000 0.819
9840.000 0.819
9845.000 0.826
9850.000 0.830
9855.000 0.836
9860.000 0.848
9865.000 0.848
9870.000 0.856
9875.000 0.865
9880.000 0.863
9885.000 0.875
9890.000 0.878
9895.000 0.883
9900.000 0.900
9905.000 0.905
9910.000 0.907
9915.000 0.930
9920.000 0.941
9925.000 0.957
9930.000 0.968
9935.000 0.977
9940.000 0.992
9945.000 1.004
9950.000 1.024
9955.000 1.029
9960.000 1.040
9965.000 1.056
9970.000 1.072
9975.000 1.094
9980.000 1.102
9985.000 1.127
9990.000 1.133
9995.000 1.165
10000.000 1.200
10005.000 1.215
10010.000 1.251
10015.000 1.265
10020.000 1.299
10025.000 1.331
10030.000 1.376
10035.000 1.423
10040.000 1.452
10045.000 1.506
10050.000 1.541
10055.000 1.599
10060.000 1.670
10065.000 1.713
10070.000 1.737
10075.000 1.843
10080.000 1.935
10085.000 2.063
10090.000 2.128
10095.000 2.270
10100.000 2.333
10105.000 2.538
10110.000 2.732
10115.000 2.833
10120.000 3.134
10125.000 3.282
10130.000 3.581
10135.000 4.033
10140.000 4.263
10145.000 4.692
10150.000 4.982
10155.000 5.525
10160.000 5.865
10165.000 5.982
10170.000 5.914
10175.000 5.747
10180.000 5.257
10185.000 4.603
10190.000 4.325
10195.000 3.750
10200.000 3.509
10205.000 3.096
10210.000 2.948
10215.000 2.585
10220.000 2.452
10225.000 2.244
10230.000 2.016
10235.000 1.927
10240.000 1.794
10245.000 1.644
10250.000 1.582
10255.000 1.485
10260.000 1.377
10265.000 1.333
10270.000 1.293
10275.000 1.214
10280.000 1.150
10285.000 1.098
10290.000 1.059
10295.000 1.008
10300.000 0.990
10305.000 0.946
10310.000 0.910
10315.000 0.899
10320.000 0.870
10325.000 0.852
10330.000 0.831
10335.000 0.825
10340.000 0.800
10345.000 0.778
10350.000 0.767
10355.000 0.745
10360.000 0.737
10365.000 0.724
10370.000 0.706
10375.000 0.701
10380.000 0.696
10385.000 0.690
10390.000 0.683
10395.000 0.685
10400.000 0.681
10405.000 0.677
10410.000 0.678
10415.000 0.684
10420.000 0.684
10425.000 0.686
10430.000 0.694
10435.000 0.701
10440.000 0.708
10445.000 0.708
10450.000 0.721
10455.000 0.737
10460.000 0.742
10465.000 0.761
10470.000 0.781
10475.000 0.799
10480.000 0.831
10485.000 0.857
10490.000 0.879
10495.000 0.918
10500.000 0.940
10505.000 0.980
10510.000 1.010
10515.000 1.060
10520.000 1.106
10525.000 1.143
10530.000 1.211
10535.000 1.269
10540.000 1.315
10545.000 1.409
10550.000 1.444
10555.000 1.569
10560.000 1.698
10565.000 1.750
10570.000 1.834
10575.000 2.029
10580.000 2.219
10585.000 2.482
10590.000 2.618
10595.000 2.878
10600.000 3.034
10605.000 3.420
10610.000 3.598
10615.000 3.922
10620.000 4.262
10625.000 4.369
10630.000 4.416
10635.000 4.401
10640.000 4.188
10645.000 3.913
10650.000 3.689
10655.000 3.506
10660.000 3.196
10665.000 2.860
10670.000 2.601
10675.000 2.521
10680.000 2.414
10685.000 2.219
10690.000 2.093
10695.000 1.953
10700.000 1.900
10705.000 1.812
10710.000 1.765
10715.000 1.664
10720.000 1.624
10725.000 1.557
10730.000 1.477
10735.000 1.442
10740.000 1.387
10745.000 1.352
10750.000 1.297
10755.000 1.251
10760.000 1.222
10765.000 1.177
10770.000 1.161
10775.000 1.119
10780.000 1.090
10785.000 1.074
10790.000 1.043
10795.000 1.019
10800.000 1.007
10805.000 1.000
10810.000 0.975
10815.000 0.955
10820.000 0.946
10825.000 0.928
10830.000 0.917
10835.000 0.900
10840.000 0.876
10845.000 0.869
10850.000 0.851
10855.000 0.834
10860.000 0.828
10865.000 0.814
10870.000 0.809
10875.000 0.800
10880.000 0.792
10885.000 0.784
10890.000 0.773
10895.000 0.772
10900.000 0.764
10905.000 0.759
10910.000 0.754
10915.000 0.744
10920.000 0.737
10925.000 0.727
10930.000 0.719
10935.000 0.714
10940.000 0.709
10945.000 0.701
10950.000 0.694
10955.000 0.689
10960.000 0.685
10965.000 0.681
10970.000 0.678
10975.000 0.676
10980.000 0.673
10985.000 0.665
10990.000 0.665
10995.000 0.666
11000.000 0.656
11005.000 0.655
11010.000 0.649
11015.000 0.652
11020.000 0.638
11025.000 0.630
11030.000 0.636
11035.000 0.627
11040.000 0.623
11045.000 0.625
11050.000 0.619
11055.000 0.620
11060.000 0.613
11065.000 0.617
11070.000 0.615
11075.000 0.613
11080.000 0.614
11085.000 0.610
11090.000 0.606
11095.000 0.608
11100.000 0.599
11105.000 0.600
11110.000 0.597
11115.000 0.589
11120.000 0.587
11125.000 0.586
11130.000 0.583
11135.000 0.580
11140.000 0.580
11145.000 0.581
11150.000 0.580
11155.000 0.577
11160.000 0.579
11165.000 0.579
11170.000 0.580
11175.000 0.578
11180.000 0.575
11185.000 0.574
11190.000 0.568
11195.000 0.565
11200.000 0.564
11205.000 0.562
11210.000 0.558
11215.000 0.555
11220.000 0.557
11225.000 0.555
11230.000 0.554
11235.000 0.553
11240.000 0.555
11245.000 0.557
11250.000 0.556
11255.000 0.558
11260.000 0.555
11265.000 0.557
11270.000 0.554
11275.000 0.551
11280.000 0.551
11285.000 0.546
11290.000 0.543
11295.000 0.543
11300.000 0.541
11305.000 0.540
11310.000 0.539
11315.000 0.537
11320.000 0.536
11325.000 0.539
11330.000 0.539
11335.000 0.538
11340.000 0.538
11345.000 0.538
11350.000 0.536
11355.000 0.539
11360.000 0.537
11365.000 0.532
11370.000 0.533
11375.000 0.535
11380.000 0.527
11385.000 0.525
11390.000 0.523
11395.000 0.525
11400.000 0.523
11405.000 0.523
11410.000 0.523
11415.000 0.525
11420.000 0.526
11425.000 0.527
11430.000 0.528
11435.000 0.527
11440.000 0.525
11445.000 0.526
11450.000 0.524
11455.000 0.522
11460.000 0.519
11465.000 0.520
11470.000 0.520
11475.000 0.514
11480.000 0.514
11485.000 0.511
11490.000 0.516
11495.000 0.516
11500.000 0.515
11505.000 0.517
11510.000 0.518
11515.000 0.516
11520.000 0.518
11525.000 0.517
11530.000 0.517
11535.000 0.514
11540.000 0.512
11545.000 0.513
11550.000 0.513
11555.000 0.509
11560.000 0.506
11565.000 0.508
11570.000 0.507
11575.000 0.507
11580.000 0.507
11585.000 0.506
11590.000 0.508
11595.000 0.507
11600.000 0.508
11605.000 0.511
11610.000 0.510
11615.000 0.515
11620.000 0.507
11625.000 0.510
11630.000 0.508
11635.000 0.505
11640.000 0.503
11645.000 0.504
11650.000 0.501
11655.000 0.500
11660.000 0.500
11665.000 0.498
11670.000 0.502
11675.000 0.500
11680.000 0.501
11685.000 0.502
11690.000 0.500
11695.000 0.505
11700.000 0.503
11705.000 0.504
11710.000 0.502
11715.000 0.504
11720.000 0.503
11725.000 0.499
11730.000 0.498
11735.000 0.497
11740.000 0.496
11745.000 0.495
11750.000 0.496
11755.000 0.495
11760.000 0.495
11765.000 0.496
11770.000 0.498
11775.000 0.498
11780.000 0.498
11785.000 0.498
11790.000 0.503
11795.000 0.499
11800.000 0.496
11805.000 0.495
11810.000 0.495
11815.000 0.493
11820.000 0.492
11825.000 0.495
11830.000 0.491
11835.000 0.490
11840.000 0.490
11845.000 0.492
11850.000 0.489
11855.000 0.492
11860.000 0.493
11865.000 0.496
11870.000 0.496
11875.000 0.493
11880.000 0.495
11885.000 0.496
11890.000 0.493
11895.000 0.492
11900.000 0.490
11905.000 0.490
11910.000 0.488
11915.000 0.486
11920.000 0.489
11925.000 0.488
11930.000 0.490
11935.000 0.490
11940.000 0.488
11945.000 0.485
11950.000 0.491
11955.000 0.490
11960.000 0.490
11965.000 0.494
11970.000 0.492
11975.000 0.491
11980.000 0.490
11985.000 0.488
11990.000 0.483
11995.000 0.487
12000.000 0.489
