105.000 8.664
110.000 8.688
115.000 9.027
120.000 9.061
125.000 9.296
130.000 9.393
135.000 9.454
140.000 9.708
145.000 9.761
150.000 9.864
155.000 10.099
160.000 10.285
165.000 10.410
170.000 10.461
175.000 10.638
180.000 10.696
185.000 10.846
190.000 11.102
195.000 11.212
200.000 11.386
205.000 11.496
210.000 11.651
215.000 11.890
220.000 12.012
225.000 12.220
230.000 12.350
235.000 12.632
240.000 12.911
245.000 13.065
250.000 13.396
255.000 13.523
260.000 13.873
265.000 14.246
270.000 14.525
275.000 14.933
280.000 15.173
285.000 15.650
290.000 16.127
295.000 16.401
300.000 16.986
305.000 17.319
310.000 17.960
315.000 18.719
320.000 19.111
325.000 19.933
330.000 20.391
335.000 21.364
340.000 22.444
345.000 22.976
350.000 24.222
355.000 24.855
360.000 26.268
365.000 27.838
370.000 28.666
375.000 30.425
380.000 31.354
385.000 33.399
390.000 35.581
395.000 36.671
400.000 39.059
405.000 40.269
410.000 42.679
415.000 45.038
420.000 45.981
425.000 48.085
430.000 48.902
435.000 50.133
440.000 50.523
445.000 50.837
450.000 50.457
455.000 50.030
460.000 48.852
465.000 48.087
470.000 46.397
475.000 44.573
480.000 43.648
485.000 41.870
490.000 40.983
495.000 39.283
500.000 37.768
505.000 37.057
510.000 35.717
515.000 35.092
520.000 34.011
525.000 33.122
530.000 32.702
535.000 31.991
540.000 31.769
545.000 31.218
550.000 30.890
555.000 30.767
560.000 30.629
565.000 30.661
570.000 30.698
575.000 30.914
580.000 31.084
585.000 31.584
590.000 31.910
595.000 32.767
600.000 33.886
605.000 34.570
610.000 36.185
615.000 37.170
620.000 39.586
625.000 42.623
630.000 44.595
635.000 49.332
640.000 52.337
645.000 59.669
650.000 70.174
655.000 76.622
660.000 92.618
665.000 101.584
670.000 116.677
675.000 114.063
680.000 103.215
685.000 75.515
690.000 64.674
695.000 49.161
700.000 38.686
705.000 34.776
710.000 28.697
715.000 26.234
720.000 22.048
725.000 18.988
730.000 17.691
735.000 15.482
740.000 14.561
745.000 12.899
750.000 11.523
755.000 10.926
760.000 9.830
765.000 9.353
770.000 8.515
775.000 7.756
780.000 7.385
785.000 6.861
790.000 6.604
795.000 6.135
800.000 5.710
805.000 5.489
810.000 5.101
815.000 4.917
820.000 4.552
825.000 4.228
830.000 4.084
835.000 3.800
840.000 3.668
845.000 3.431
850.000 3.204
855.000 3.097
860.000 2.898
865.000 2.816
870.000 2.635
875.000 2.470
880.000 2.394
885.000 2.251
890.000 2.184
895.000 2.050
900.000 1.928
905.000 1.872
910.000 1.767
915.000 1.713
920.000 1.608
925.000 1.521
930.000 1.477
935.000 1.390
940.000 1.348
945.000 1.264
950.000 1.198
955.000 1.171
960.000 1.102
965.000 1.060
970.000 1.005
975.000 0.949
980.000 0.925
985.000 0.865
990.000 0.845
995.000 0.790
1000.000 0.766
1005.000 0.750
1010.000 0.709
1015.000 0.689
1020.000 0.656
1025.000 0.636
1030.000 0.631
1035.000 0.609
1040.000 0.587
1045.000 0.580
1050.000 0.570
1055.000 0.564
1060.000 0.559
1065.000 0.568
1070.000 0.576
1075.000 0.574
1080.000 0.597
1085.000 0.615
1090.000 0.636
1095.000 0.665
1100.000 0.684
1105.000 0.723
1110.000 0.766
1115.000 0.789
1120.000 0.848
1125.000 0.878
1130.000 0.939
1135.000 1.002
1140.000 1.040
1145.000 1.112
1150.000 1.148
1155.000 1.244
1160.000 1.338
1165.000 1.384
1170.000 1.500
1175.000 1.564
1180.000 1.691
1185.000 1.836
1190.000 1.914
1195.000 2.079
1200.000 2.172
1205.000 2.375
1210.000 2.602
1215.000 2.727
1220.000 3.010
1225.000 3.175
1230.000 3.519
1235.000 3.943
1240.000 4.183
1245.000 4.722
1250.000 5.049
1255.000 5.800
1260.000 6.736
1265.000 7.326
1270.000 8.758
1275.000 9.641
1280.000 11.860
1285.000 14.946
1290.000 16.834
1295.000 21.001
1300.000 23.040
1305.000 24.875
1310.000 22.114
1315.000 19.395
1320.000 15.387
1325.000 13.931
1330.000 11.600
1335.000 9.980
1340.000 9.354
1345.000 8.285
1350.000 7.861
1355.000 7.156
1360.000 6.579
1365.000 6.333
1370.000 5.913
1375.000 5.728
1380.000 5.389
1385.000 5.116
1390.000 4.983
1395.000 4.758
1400.000 4.654
1405.000 4.474
1410.000 4.304
1415.000 4.230
1420.000 4.096
1425.000 4.031
1430.000 3.917
1435.000 3.814
1440.000 3.765
1445.000 3.678
1450.000 3.634
1455.000 3.561
1460.000 3.487
1465.000 3.452
1470.000 3.393
1475.000 3.362
1480.000 3.318
1485.000 3.265
1490.000 3.245
1495.000 3.206
1500.000 3.182
1505.000 3.144
1510.000 3.114
1515.000 3.099
1520.000 3.068
1525.000 3.052
1530.000 3.022
1535.000 2.993
1540.000 2.984
1545.000 2.959
1550.000 2.949
1555.000 2.918
1560.000 2.892
1565.000 2.875
1570.000 2.849
1575.000 2.829
1580.000 2.803
1585.000 2.761
1590.000 2.740
1595.000 2.697
1600.000 2.677
1605.000 2.638
1610.000 2.586
1615.000 2.558
1620.000 2.516
1625.000 2.506
1630.000 2.474
1635.000 2.470
1640.000 2.483
1645.000 2.530
1650.000 2.568
1655.000 2.674
1660.000 2.750
1665.000 2.920
1670.000 3.137
1675.000 3.252
1680.000 3.493
1685.000 3.613
1690.000 3.859
1695.000 4.119
1700.000 4.242
1705.000 4.495
1710.000 4.627
1715.000 4.888
1720.000 5.150
1725.000 5.291
1730.000 5.569
1735.000 5.701
1740.000 6.014
1745.000 6.333
1750.000 6.493
1755.000 6.859
1760.000 7.049
1765.000 7.447
1770.000 7.912
1775.000 8.154
1780.000 8.671
1785.000 8.964
1790.000 9.622
1795.000 10.343
1800.000 10.742
1805.000 11.702
1810.000 12.221
1815.000 13.403
1820.000 14.882
1825.000 15.716
1830.000 17.608
1835.000 18.799
1840.000 21.438
1845.000 24.626
1850.000 26.559
1855.000 30.552
1860.000 32.521
1865.000 35.712
1870.000 36.552
1875.000 35.734
1880.000 32.123
1885.000 29.770
1890.000 25.280
1895.000 21.523
1900.000 19.896
1905.000 17.232
1910.000 16.019
1915.000 14.088
1920.000 12.582
1925.000 11.936
1930.000 10.753
1935.000 10.251
1940.000 9.383
1945.000 8.611
1950.000 8.269
1955.000 7.665
1960.000 7.375
1965.000 6.865
1970.000 6.433
1975.000 6.218
1980.000 5.826
1985.000 5.663
1990.000 5.325
1995.000 5.040
2000.000 4.889
2005.000 4.628
2010.000 4.506
2015.000 4.281
2020.000 4.055
2025.000 3.956
2030.000 3.747
2035.000 3.658
2040.000 3.480
2045.000 3.311
2050.000 3.243
2055.000 3.084
2060.000 3.003
2065.000 2.878
2070.000 2.749
2075.000 2.685
2080.000 2.570
2085.000 2.520
2090.000 2.408
2095.000 2.312
2100.000 2.261
2105.000 2.163
2110.000 2.120
2115.000 2.034
2120.000 1.948
2125.000 1.909
2130.000 1.836
2135.000 1.799
2140.000 1.726
2145.000 1.654
2150.000 1.623
2155.000 1.564
2160.000 1.532
2165.000 1.473
2170.000 1.414
2175.000 1.391
2180.000 1.339
2185.000 1.313
2190.000 1.267
2195.000 1.216
2200.000 1.194
2205.000 1.152
2210.000 1.133
2215.000 1.093
2220.000 1.074
2225.000 1.037
2230.000 1.001
2235.000 0.990
2240.000 0.958
2245.000 0.940
2250.000 0.913
2255.000 0.886
2260.000 0.873
2265.000 0.851
2270.000 0.834
2275.000 0.811
2280.000 0.790
2285.000 0.778
2290.000 0.759
2295.000 0.747
2300.000 0.729
2305.000 0.713
2310.000 0.701
2315.000 0.684
2320.000 0.679
2325.000 0.663
2330.000 0.650
2335.000 0.640
2340.000 0.630
2345.000 0.621
2350.000 0.611
2355.000 0.598
2360.000 0.594
2365.000 0.586
2370.000 0.582
2375.000 0.573
2380.000 0.563
2385.000 0.562
2390.000 0.552
2395.000 0.549
2400.000 0.539
2405.000 0.535
2410.000 0.529
2415.000 0.529
2420.000 0.524
2425.000 0.516
2430.000 0.515
2435.000 0.510
2440.000 0.505
2445.000 0.504
2450.000 0.498
2455.000 0.496
2460.000 0.496
2465.000 0.491
2470.000 0.491
2475.000 0.487
2480.000 0.482
2485.000 0.483
2490.000 0.481
2495.000 0.485
2500.000 0.477
2505.000 0.481
2510.000 0.479
2515.000 0.475
2520.000 0.473
2525.000 0.475
2530.000 0.473
2535.000 0.475
2540.000 0.469
2545.000 0.475
2550.000 0.473
2555.000 0.470
2560.000 0.472
2565.000 0.472
2570.000 0.471
2575.000 0.470
2580.000 0.472
2585.000 0.469
2590.000 0.473
2595.000 0.471
2600.000 0.474
2605.000 0.472
2610.000 0.474
2615.000 0.474
2620.000 0.469
2625.000 0.474
2630.000 0.472
2635.000 0.473
2640.000 0.474
2645.000 0.474
2650.000 0.469
2655.000 0.475
2660.000 0.476
2665.000 0.474
2670.000 0.473
2675.000 0.478
2680.000 0.474
2685.000 0.477
2690.000 0.481
2695.000 0.476
2700.000 0.476
2705.000 0.476
2710.000 0.476
2715.000 0.478
2720.000 0.482
2725.000 0.477
2730.000 0.481
2735.000 0.484
2740.000 0.485
2745.000 0.486
2750.000 0.483
2755.000 0.486
2760.000 0.484
2765.000 0.487
2770.000 0.487
2775.000 0.488
2780.000 0.488
2785.000 0.490
2790.000 0.488
2795.000 0.489
2800.000 0.489
2805.000 0.492
2810.000 0.493
2815.000 0.494
2820.000 0.497
2825.000 0.496
2830.000 0.497
2835.000 0.501
2840.000 0.499
2845.000 0.500
2850.000 0.505
2855.000 0.500
2860.000 0.505
2865.000 0.507
2870.000 0.510
2875.000 0.511
2880.000 0.511
2885.000 0.514
2890.000 0.513
2895.000 0.512
2900.000 0.520
2905.000 0.522
2910.000 0.527
2915.000 0.530
2920.000 0.529
2925.000 0.533
2930.000 0.538
2935.000 0.538
2940.000 0.548
2945.000 0.547
2950.000 0.545
2955.000 0.548
2960.000 0.549
2965.000 0.563
2970.000 0.557
2975.000 0.565
2980.000 0.571
2985.000 0.564
2990.000 0.573
2995.000 0.583
3000.000 0.578
3005.000 0.583
3010.000 0.590
3015.000 0.602
3020.000 0.607
3025.000 0.610
3030.000 0.617
3035.000 0.612
3040.000 0.620
3045.000 0.630
3050.000 0.636
3055.000 0.644
3060.000 0.654
3065.000 0.662
3070.000 0.666
3075.000 0.676
3080.000 0.682
3085.000 0.692
3090.000 0.706
3095.000 0.711
3100.000 0.727
3105.000 0.730
3110.000 0.750
3115.000 0.760
3120.000 0.767
3125.000 0.788
3130.000 0.797
3135.000 0.814
3140.000 0.837
3145.000 0.844
3150.000 0.867
3155.000 0.882
3160.000 0.902
3165.000 0.930
3170.000 0.940
3175.000 0.972
3180.000 0.987
3185.000 1.019
3190.000 1.059
3195.000 1.073
3200.000 1.115
3205.000 1.135
3210.000 1.183
3215.000 1.230
3220.000 1.257
3225.000 1.310
3230.000 1.338
3235.000 1.402
3240.000 1.471
3245.000 1.506
3250.000 1.587
3255.000 1.629
3260.000 1.717
3265.000 1.821
3270.000 1.878
3275.000 1.994
3280.000 2.057
3285.000 2.200
3290.000 2.360
3295.000 2.441
3300.000 2.639
3305.000 2.741
3310.000 2.969
3315.000 3.248
3320.000 3.402
3325.000 3.729
3330.000 3.922
3335.000 4.380
3340.000 4.890
3345.000 5.223
3350.000 5.958
3355.000 6.394
3360.000 7.395
3365.000 8.790
3370.000 9.623
3375.000 11.595
3380.000 12.995
3385.000 16.157
3390.000 19.821
3395.000 22.054
3400.000 24.285
3405.000 24.086
3410.000 20.973
3415.000 18.963
3420.000 15.680
3425.000 13.094
3430.000 12.147
3435.000 10.699
3440.000 10.076
3445.000 9.035
3450.000 8.297
3455.000 7.963
3460.000 7.405
3465.000 7.174
3470.000 6.787
3475.000 6.453
3480.000 6.313
3485.000 6.081
3490.000 5.965
3495.000 5.788
3500.000 5.645
3505.000 5.577
3510.000 5.478
3515.000 5.425
3520.000 5.367
3525.000 5.327
3530.000 5.307
3535.000 5.294
3540.000 5.290
3545.000 5.310
3550.000 5.345
3555.000 5.374
3560.000 5.439
3565.000 5.479
3570.000 5.580
3575.000 5.695
3580.000 5.771
3585.000 5.940
3590.000 6.039
3595.000 6.244
3600.000 6.525
3605.000 6.670
3610.000 6.998
3615.000 7.208
3620.000 7.655
3625.000 8.163
3630.000 8.498
3635.000 9.218
3640.000 9.607
3645.000 10.646
3650.000 11.890
3655.000 12.619
3660.000 14.411
3665.000 15.468
3670.000 17.910
3675.000 20.580
3680.000 21.964
3685.000 23.755
3690.000 23.890
3695.000 21.986
3700.000 20.367
3705.000 17.069
3710.000 13.993
3715.000 12.793
3720.000 10.909
3725.000 10.022
3730.000 8.706
3735.000 7.716
3740.000 7.234
3745.000 6.480
3750.000 6.176
3755.000 5.594
3760.000 5.120
3765.000 4.918
3770.000 4.545
3775.000 4.379
3780.000 4.086
3785.000 3.820
3790.000 3.710
3795.000 3.505
3800.000 3.409
3805.000 3.222
3810.000 3.069
3815.000 3.001
3820.000 2.862
3825.000 2.801
3830.000 2.699
3835.000 2.592
3840.000 2.549
3845.000 2.463
3850.000 2.422
3855.000 2.347
3860.000 2.281
3865.000 2.251
3870.000 2.197
3875.000 2.166
3880.000 2.117
3885.000 2.071
3890.000 2.050
3895.000 2.011
3900.000 2.000
3905.000 1.967
3910.000 1.941
3915.000 1.929
3920.000 1.909
3925.000 1.900
3930.000 1.884
3935.000 1.876
3940.000 1.870
3945.000 1.861
3950.000 1.860
3955.000 1.852
3960.000 1.849
3965.000 1.857
3970.000 1.867
3975.000 1.868
3980.000 1.888
3985.000 1.888
3990.000 1.911
3995.000 1.932
4000.000 1.944
4005.000 1.959
4010.000 1.986
4015.000 2.022
4020.000 2.055
4025.000 2.079
4030.000 2.124
4035.000 2.191
4040.000 2.222
4045.000 2.304
4050.000 2.331
4055.000 2.426
4060.000 2.526
4065.000 2.680
4070.000 2.707
4075.000 2.784
4080.000 2.934
4085.000 3.135
4090.000 3.242
4095.000 3.481
4100.000 3.616
4105.000 3.960
4110.000 4.329
4115.000 4.571
4120.000 5.156
4125.000 5.487
4130.000 6.250
4135.000 7.325
4140.000 7.942
4145.000 9.290
4150.000 10.144
4155.000 11.570
4160.000 12.173
4165.000 11.937
4170.000 10.459
4175.000 9.588
4180.000 7.788
4185.000 6.459
4190.000 5.974
4195.000 5.047
4200.000 4.690
4205.000 4.130
4210.000 3.623
4215.000 3.417
4220.000 3.086
4225.000 2.936
4230.000 2.657
4235.000 2.451
4240.000 2.357
4245.000 2.176
4250.000 2.105
4255.000 1.980
4260.000 1.869
4265.000 1.819
4270.000 1.740
4275.000 1.698
4280.000 1.625
4285.000 1.566
4290.000 1.533
4295.000 1.483
4300.000 1.463
4305.000 1.418
4310.000 1.397
4315.000 1.363
4320.000 1.331
4325.000 1.314
4330.000 1.291
4335.000 1.278
4340.000 1.255
4345.000 1.235
4350.000 1.224
4355.000 1.205
4360.000 1.196
4365.000 1.180
4370.000 1.167
4375.000 1.161
4380.000 1.149
4385.000 1.144
4390.000 1.138
4395.000 1.130
4400.000 1.128
4405.000 1.126
4410.000 1.124
4415.000 1.118
4420.000 1.123
4425.000 1.126
4430.000 1.127
4435.000 1.131
4440.000 1.134
4445.000 1.140
4450.000 1.142
4455.000 1.155
4460.000 1.157
4465.000 1.176
4470.000 1.193
4475.000 1.199
4480.000 1.224
4485.000 1.236
4490.000 1.262
4495.000 1.302
4500.000 1.321
4505.000 1.367
4510.000 1.397
4515.000 1.453
4520.000 1.520
4525.000 1.571
4530.000 1.664
4535.000 1.723
4540.000 1.848
4545.000 2.023
4550.000 2.122
4555.000 2.359
4560.000 2.509
4565.000 2.841
4570.000 3.168
4575.000 3.328
4580.000 3.416
4585.000 3.302
4590.000 2.740
4595.000 2.103
4600.000 1.859
4605.000 1.401
4610.000 1.236
4615.000 0.987
4620.000 0.782
4625.000 0.708
4630.000 0.593
4635.000 0.535
4640.000 0.449
4645.000 0.392
4650.000 0.367
4655.000 0.334
4660.000 0.325
4665.000 0.305
4670.000 0.294
4675.000 0.297
4680.000 0.294
4685.000 0.297
4690.000 0.302
4695.000 0.314
4700.000 0.319
4705.000 0.325
4710.000 0.331
4715.000 0.339
4720.000 0.346
4725.000 0.346
4730.000 0.352
4735.000 0.355
4740.000 0.357
4745.000 0.358
4750.000 0.360
4755.000 0.364
4760.000 0.366
4765.000 0.372
4770.000 0.374
4775.000 0.378
4780.000 0.378
4785.000 0.379
4790.000 0.382
4795.000 0.384
4800.000 0.384
4805.000 0.385
4810.000 0.388
4815.000 0.383
4820.000 0.382
4825.000 0.384
4830.000 0.383
4835.000 0.384
4840.000 0.382
4845.000 0.384
4850.000 0.384
4855.000 0.386
4860.000 0.388
4865.000 0.389
4870.000 0.387
4875.000 0.384
4880.000 0.388
4885.000 0.388
4890.000 0.385
4895.000 0.386
4900.000 0.385
4905.000 0.387
4910.000 0.383
4915.000 0.380
4920.000 0.376
4925.000 0.376
4930.000 0.374
4935.000 0.381
4940.000 0.379
4945.000 0.380
4950.000 0.381
4955.000 0.382
4960.000 0.376
4965.000 0.380
4970.000 0.376
4975.000 0.376
4980.000 0.375
4985.000 0.387
4990.000 0.384
4995.000 0.374
5000.000 0.384
5005.000 0.377
5010.000 0.382
5015.000 0.386
5020.000 0.376
5025.000 0.378
5030.000 0.396
5035.000 0.391
5040.000 0.396
5045.000 0.402
5050.000 0.399
5055.000 0.402
5060.000 0.411
5065.000 0.409
5070.000 0.408
5075.000 0.414
5080.000 0.419
5085.000 0.417
5090.000 0.418
5095.000 0.421
5100.000 0.423
5105.000 0.419
5110.000 0.424
5115.000 0.426
5120.000 0.427
5125.000 0.431
5130.000 0.433
5135.000 0.433
5140.000 0.435
5145.000 0.434
5150.000 0.438
5155.000 0.435
5160.000 0.438
5165.000 0.436
5170.000 0.434
5175.000 0.438
5180.000 0.437
5185.000 0.440
5190.000 0.440
5195.000 0.439
5200.000 0.443
5205.000 0.443
5210.000 0.448
5215.000 0.453
5220.000 0.453
5225.000 0.461
5230.000 0.464
5235.000 0.469
5240.000 0.471
5245.000 0.471
5250.000 0.473
5255.000 0.476
5260.000 0.474
5265.000 0.477
5270.000 0.476
5275.000 0.476
5280.000 0.479
5285.000 0.479
5290.000 0.480
5295.000 0.482
5300.000 0.483
5305.000 0.487
5310.000 0.489
5315.000 0.487
5320.000 0.487
5325.000 0.488
5330.000 0.492
5335.000 0.492
5340.000 0.488
5345.000 0.488
5350.000 0.487
5355.000 0.484
5360.000 0.482
5365.000 0.484
5370.000 0.481
5375.000 0.483
5380.000 0.484
5385.000 0.483
5390.000 0.482
5395.000 0.487
5400.000 0.489
5405.000 0.491
5410.000 0.489
5415.000 0.491
5420.000 0.493
5425.000 0.496
5430.000 0.491
5435.000 0.490
5440.000 0.490
5445.000 0.492
5450.000 0.488
5455.000 0.490
5460.000 0.492
5465.000 0.493
5470.000 0.491
5475.000 0.493
5480.000 0.492
5485.000 0.498
5490.000 0.499
5495.000 0.499
5500.000 0.504
5505.000 0.502
5510.000 0.503
5515.000 0.502
5520.000 0.503
5525.000 0.500
5530.000 0.498
5535.000 0.497
5540.000 0.499
5545.000 0.498
5550.000 0.499
5555.000 0.499
5560.000 0.499
5565.000 0.504
5570.000 0.501
5575.000 0.505
5580.000 0.509
5585.000 0.505
5590.000 0.508
5595.000 0.509
5600.000 0.507
5605.000 0.509
5610.000 0.504
5615.000 0.507
5620.000 0.503
5625.000 0.502
5630.000 0.503
5635.000 0.502
5640.000 0.506
5645.000 0.502
5650.000 0.505
5655.000 0.507
5660.000 0.506
5665.000 0.509
5670.000 0.511
5675.000 0.513
5680.000 0.512
5685.000 0.513
5690.000 0.514
5695.000 0.515
5700.000 0.510
5705.000 0.508
5710.000 0.510
5715.000 0.504
5720.000 0.504
5725.000 0.503
5730.000 0.505
5735.000 0.502
5740.000 0.503
5745.000 0.506
5750.000 0.507
5755.000 0.506
5760.000 0.509
5765.000 0.508
5770.000 0.509
5775.000 0.508
5780.000 0.508
5785.000 0.508
5790.000 0.505
5795.000 0.505
5800.000 0.502
5805.000 0.504
5810.000 0.498
5815.000 0.499
5820.000 0.496
5825.000 0.505
5830.000 0.500
5835.000 0.504
5840.000 0.506
5845.000 0.504
5850.000 0.505
5855.000 0.508
5860.000 0.505
5865.000 0.510
5870.000 0.506
5875.000 0.506
5880.000 0.503
5885.000 0.504
5890.000 0.502
5895.000 0.500
5900.000 0.498
5905.000 0.496
5910.000 0.494
5915.000 0.498
5920.000 0.503
5925.000 0.500
5930.000 0.500
5935.000 0.508
5940.000 0.504
5945.000 0.504
5950.000 0.508
5955.000 0.507
5960.000 0.506
5965.000 0.496
5970.000 0.497
5975.000 0.497
5980.000 0.496
5985.000 0.503
5990.000 0.505
5995.000 0.490
6000.000 0.504
6005.000 0.505
6010.000 0.502
6015.000 0.493
6020.000 0.510
6025.000 0.510
6030.000 0.501
6035.000 0.505
6040.000 0.505
6045.000 0.498
6050.000 0.510
6055.000 0.503
6060.000 0.501
6065.000 0.503
6070.000 0.504
6075.000 0.502
6080.000 0.506
6085.000 0.502
6090.000 0.499
6095.000 0.506
6100.000 0.506
6105.000 0.507
6110.000 0.515
6115.000 0.513
6120.000 0.514
6125.000 0.518
6130.000 0.519
6135.000 0.522
6140.000 0.516
6145.000 0.519
6150.000 0.519
6155.000 0.517
6160.000 0.518
6165.000 0.516
6170.000 0.517
6175.000 0.516
6180.000 0.513
6185.000 0.517
6190.000 0.519
6195.000 0.520
6200.000 0.525
6205.000 0.524
6210.000 0.528
6215.000 0.526
6220.000 0.530
6225.000 0.528
6230.000 0.526
6235.000 0.520
6240.000 0.524
6245.000 0.522
6250.000 0.520
6255.000 0.520
6260.000 0.520
6265.000 0.516
6270.000 0.523
6275.000 0.524
6280.000 0.520
6285.000 0.529
6290.000 0.528
6295.000 0.532
6300.000 0.538
6305.000 0.539
6310.000 0.531
6315.000 0.537
6320.000 0.538
6325.000 0.529
6330.000 0.531
6335.000 0.532
6340.000 0.529
6345.000 0.530
6350.000 0.533
6355.000 0.532
6360.000 0.537
6365.000 0.535
6370.000 0.537
6375.000 0.542
6380.000 0.548
6385.000 0.547
6390.000 0.548
6395.000 0.554
6400.000 0.553
6405.000 0.548
6410.000 0.551
6415.000 0.551
6420.000 0.550
6425.000 0.551
6430.000 0.557
6435.000 0.557
6440.000 0.558
6445.000 0.564
6450.000 0.566
6455.000 0.570
6460.000 0.575
6465.000 0.576
6470.000 0.583
6475.000 0.588
6480.000 0.590
6485.000 0.594
6490.000 0.596
6495.000 0.602
6500.000 0.602
6505.000 0.605
6510.000 0.612
6515.000 0.610
6520.000 0.620
6525.000 0.630
6530.000 0.629
6535.000 0.640
6540.000 0.644
6545.000 0.655
6550.000 0.672
6555.000 0.676
6560.000 0.695
6565.000 0.701
6570.000 0.713
6575.000 0.727
6580.000 0.737
6585.000 0.754
6590.000 0.763
6595.000 0.782
6600.000 0.801
6605.000 0.814
6610.000 0.842
6615.000 0.854
6620.000 0.884
6625.000 0.927
6630.000 0.945
6635.000 0.985
6640.000 1.009
6645.000 1.063
6650.000 1.119
6655.000 1.148
6660.000 1.229
6665.000 1.274
6670.000 1.354
6675.000 1.412
6680.000 1.524
6685.000 1.643
6690.000 1.726
6695.000 1.898
6700.000 1.973
6705.000 2.214
6710.000 2.490
6715.000 2.641
6720.000 3.045
6725.000 3.266
6730.000 3.774
6735.000 4.558
6740.000 4.996
6745.000 6.063
6750.000 6.643
6755.000 8.314
6760.000 9.924
6765.000 10.482
6770.000 10.932
6775.000 10.563
6780.000 9.322
6785.000 7.814
6790.000 7.242
6795.000 6.411
6800.000 5.979
6805.000 5.415
6810.000 5.022
6815.000 4.818
6820.000 4.538
6825.000 4.443
6830.000 4.255
6835.000 4.127
6840.000 4.085
6845.000 4.020
6850.000 4.001
6855.000 3.987
6860.000 4.010
6865.000 4.035
6870.000 4.100
6875.000 4.149
6880.000 4.285
6885.000 4.445
6890.000 4.528
6895.000 4.787
6900.000 4.927
6905.000 5.225
6910.000 5.671
6915.000 5.914
6920.000 6.441
6925.000 6.848
6930.000 7.657
6935.000 8.599
6940.000 9.281
6945.000 10.726
6950.000 11.488
6955.000 13.081
6960.000 14.347
6965.000 14.625
6970.000 14.056
6975.000 13.285
6980.000 11.477
6985.000 10.727
6990.000 8.992
6995.000 7.821
7000.000 7.319
7005.000 6.380
7010.000 6.024
7015.000 5.482
7020.000 4.944
7025.000 4.739
7030.000 4.403
7035.000 4.223
7040.000 3.951
7045.000 3.730
7050.000 3.612
7055.000 3.428
7060.000 3.357
7065.000 3.203
7070.000 3.082
7075.000 3.029
7080.000 2.932
7085.000 2.887
7090.000 2.814
7095.000 2.748
7100.000 2.719
7105.000 2.669
7110.000 2.649
7115.000 2.610
7120.000 2.580
7125.000 2.568
7130.000 2.546
7135.000 2.540
7140.000 2.532
7145.000 2.527
7150.000 2.531
7155.000 2.537
7160.000 2.549
7165.000 2.571
7170.000 2.598
7175.000 2.621
7180.000 2.667
7185.000 2.683
7190.000 2.744
7195.000 2.815
7200.000 2.851
7205.000 2.941
7210.000 2.987
7215.000 3.102
7220.000 3.229
7225.000 3.303
7230.000 3.465
7235.000 3.550
7240.000 3.786
7245.000 4.047
7250.000 4.172
7255.000 4.553
7260.000 4.776
7265.000 5.212
7270.000 5.841
7275.000 6.177
7280.000 6.866
7285.000 7.356
7290.000 8.241
7295.000 8.941
7300.000 9.214
7305.000 9.250
7310.000 8.989
7315.000 8.115
7320.000 6.914
7325.000 6.392
7330.000 5.429
7335.000 5.023
7340.000 4.346
7345.000 3.793
7350.000 3.568
7355.000 3.202
7360.000 3.032
7365.000 2.708
7370.000 2.468
7375.000 2.372
7380.000 2.163
7385.000 2.075
7390.000 1.937
7395.000 1.797
7400.000 1.739
7405.000 1.643
7410.000 1.587
7415.000 1.504
7420.000 1.438
7425.000 1.398
7430.000 1.333
7435.000 1.307
7440.000 1.256
7445.000 1.208
7450.000 1.194
7455.000 1.148
7460.000 1.130
7465.000 1.100
7470.000 1.072
7475.000 1.059
7480.000 1.039
7485.000 1.030
7490.000 1.017
7495.000 1.010
7500.000 1.006
7505.000 0.996
7510.000 0.997
7515.000 0.999
7520.000 1.003
7525.000 1.004
7530.000 1.015
7535.000 1.023
7540.000 1.043
7545.000 1.062
7550.000 1.082
7555.000 1.126
7560.000 1.153
7565.000 1.217
7570.000 1.255
7575.000 1.341
7580.000 1.452
7585.000 1.529
7590.000 1.682
7595.000 1.756
7600.000 1.977
7605.000 2.185
7610.000 2.255
7615.000 2.376
7620.000 2.373
7625.000 2.269
7630.000 2.019
7635.000 1.886
7640.000 1.671
7645.000 1.551
7650.000 1.361
7655.000 1.228
7660.000 1.161
7665.000 1.059
7670.000 1.021
7675.000 0.943
7680.000 0.880
7685.000 0.858
7690.000 0.816
7695.000 0.799
7700.000 0.766
7705.000 0.743
7710.000 0.729
7715.000 0.709
7720.000 0.704
7725.000 0.686
7730.000 0.669
7735.000 0.663
7740.000 0.645
7745.000 0.640
7750.000 0.628
7755.000 0.617
7760.000 0.612
7765.000 0.605
7770.000 0.600
7775.000 0.595
7780.000 0.592
7785.000 0.591
7790.000 0.584
7795.000 0.581
7800.000 0.581
7805.000 0.578
7810.000 0.578
7815.000 0.570
7820.000 0.570
7825.000 0.563
7830.000 0.556
7835.000 0.558
7840.000 0.551
7845.000 0.550
7850.000 0.546
7855.000 0.541
7860.000 0.545
7865.000 0.543
7870.000 0.541
7875.000 0.543
7880.000 0.543
7885.000 0.544
7890.000 0.545
7895.000 0.542
7900.000 0.540
7905.000 0.539
7910.000 0.532
7915.000 0.532
7920.000 0.529
7925.000 0.524
7930.000 0.524
7935.000 0.527
7940.000 0.518
7945.000 0.517
7950.000 0.522
7955.000 0.519
7960.000 0.520
7965.000 0.515
7970.000 0.520
7975.000 0.527
7980.000 0.517
7985.000 0.522
7990.000 0.512
7995.000 0.519
8000.000 0.505
8005.000 0.499
8010.000 0.506
8015.000 0.518
8020.000 0.511
8025.000 0.509
8030.000 0.515
8035.000 0.510
8040.000 0.508
8045.000 0.513
8050.000 0.514
8055.000 0.516
8060.000 0.515
8065.000 0.517
8070.000 0.516
8075.000 0.520
8080.000 0.519
8085.000 0.520
8090.000 0.520
8095.000 0.517
8100.000 0.510
8105.000 0.508
8110.000 0.508
8115.000 0.504
8120.000 0.503
8125.000 0.503
8130.000 0.507
8135.000 0.507
8140.000 0.510
8145.000 0.512
8150.000 0.509
8155.000 0.515
8160.000 0.513
8165.000 0.515
8170.000 0.516
8175.000 0.509
8180.000 0.509
8185.000 0.506
8190.000 0.501
8195.000 0.505
8200.000 0.502
8205.000 0.501
8210.000 0.503
8215.000 0.499
8220.000 0.502
8225.000 0.506
8230.000 0.503
8235.000 0.509
8240.000 0.514
8245.000 0.508
8250.000 0.508
8255.000 0.511
8260.000 0.511
8265.000 0.507
8270.000 0.501
8275.000 0.503
8280.000 0.505
8285.000 0.498
8290.000 0.498
8295.000 0.498
8300.000 0.502
8305.000 0.500
8310.000 0.503
8315.000 0.505
8320.000 0.506
8325.000 0.505
8330.000 0.508
8335.000 0.510
8340.000 0.511
8345.000 0.509
8350.000 0.507
8355.000 0.505
8360.000 0.500
8365.000 0.498
8370.000 0.497
8375.000 0.499
8380.000 0.495
8385.000 0.496
8390.000 0.497
8395.000 0.501
8400.000 0.502
8405.000 0.502
8410.000 0.507
8415.000 0.509
8420.000 0.507
8425.000 0.506
8430.000 0.507
8435.000 0.508
8440.000 0.501
8445.000 0.501
8450.000 0.501
8455.000 0.498
8460.000 0.494
8465.000 0.495
8470.000 0.495
8475.000 0.495
8480.000 0.496
8485.000 0.498
8490.000 0.503
8495.000 0.504
8500.000 0.503
8505.000 0.503
8510.000 0.506
8515.000 0.505
8520.000 0.505
8525.000 0.506
8530.000 0.505
8535.000 0.497
8540.000 0.496
8545.000 0.498
8550.000 0.491
8555.000 0.489
8560.000 0.493
8565.000 0.499
8570.000 0.498
8575.000 0.498
8580.000 0.498
8585.000 0.505
8590.000 0.505
8595.000 0.507
8600.000 0.507
8605.000 0.506
8610.000 0.502
8615.000 0.501
8620.000 0.503
8625.000 0.497
8630.000 0.495
8635.000 0.498
8640.000 0.492
8645.000 0.495
8650.000 0.492
8655.000 0.491
8660.000 0.497
8665.000 0.498
8670.000 0.499
8675.000 0.504
8680.000 0.503
8685.000 0.505
8690.000 0.504
8695.000 0.506
8700.000 0.505
8705.000 0.502
8710.000 0.498
8715.000 0.500
8720.000 0.491
8725.000 0.494
8730.000 0.493
8735.000 0.492
8740.000 0.493
8745.000 0.490
8750.000 0.497
8755.000 0.498
8760.000 0.500
8765.000 0.497
8770.000 0.504
8775.000 0.503
8780.000 0.504
8785.000 0.506
8790.000 0.501
8795.000 0.503
8800.000 0.498
8805.000 0.499
8810.000 0.491
8815.000 0.496
8820.000 0.483
8825.000 0.467
8830.000 0.478
8835.000 0.486
8840.000 0.489
8845.000 0.497
8850.000 0.501
8855.000 0.500
8860.000 0.505
8865.000 0.504
8870.000 0.501
8875.000 0.499
8880.000 0.497
8885.000 0.496
8890.000 0.496
8895.000 0.492
8900.000 0.491
8905.000 0.489
8910.000 0.493
8915.000 0.491
8920.000 0.488
8925.000 0.494
8930.000 0.497
8935.000 0.497
8940.000 0.503
8945.000 0.503
8950.000 0.499
8955.000 0.507
8960.000 0.506
8965.000 0.503
8970.000 0.503
8975.000 0.502
8980.000 0.498
8985.000 0.495
8990.000 0.492
8995.000 0.490
9000.000 0.493
9005.000 0.493
9010.000 0.498
9015.000 0.496
9020.000 0.499
9025.000 0.502
9030.000 0.493
9035.000 0.504
9040.000 0.505
9045.000 0.499
9050.000 0.498
9055.000 0.498
9060.000 0.499
9065.000 0.492
9070.000 0.490
9075.000 0.491
9080.000 0.491
9085.000 0.491
9090.000 0.489
9095.000 0.488
9100.000 0.497
9105.000 0.497
9110.000 0.496
9115.000 0.500
9120.000 0.499
9125.000 0.501
9130.000 0.498
9135.000 0.504
9140.000 0.504
9145.000 0.499
9150.000 0.495
9155.000 0.496
9160.000 0.491
9165.000 0.490
9170.000 0.490
9175.000 0.490
9180.000 0.492
9185.000 0.490
9190.000 0.492
9195.000 0.495
9200.000 0.496
9205.000 0.502
9210.000 0.503
9215.000 0.503
9220.000 0.499
9225.000 0.500
9230.000 0.502
9235.000 0.496
9240.000 0.495
9245.000 0.496
9250.000 0.490
9255.000 0.490
9260.000 0.492
9265.000 0.489
9270.000 0.493
9275.000 0.491
9280.000 0.491
9285.000 0.500
9290.000 0.497
9295.000 0.498
9300.000 0.505
9305.000 0.502
9310.000 0.502
9315.000 0.504
9320.000 0.500
9325.000 0.497
9330.000 0.493
9335.000 0.493
9340.000 0.497
9345.000 0.490
9350.000 0.489
9355.000 0.490
9360.000 0.492
9365.000 0.494
9370.000 0.495
9375.000 0.496
9380.000 0.499
9385.000 0.501
9390.000 0.504
9395.000 0.506
9400.000 0.504
9405.000 0.504
9410.000 0.501
9415.000 0.499
9420.000 0.496
9425.000 0.494
9430.000 0.492
9435.000 0.492
9440.000 0.490
9445.000 0.493
9450.000 0.489
9455.000 0.494
9460.000 0.499
9465.000 0.494
9470.000 0.505
9475.000 0.503
9480.000 0.503
9485.000 0.506
9490.000 0.502
9495.000 0.504
9500.000 0.501
9505.000 0.501
9510.000 0.499
9515.000 0.497
9520.000 0.491
9525.000 0.491
9530.000 0.494
9535.000 0.499
9540.000 0.494
9545.000 0.499
9550.000 0.500
9555.000 0.503
9560.000 0.505
9565.000 0.509
9570.000 0.508
9575.000 0.506
9580.000 0.506
9585.000 0.505
9590.000 0.506
9595.000 0.501
9600.000 0.500
9605.000 0.498
9610.000 0.499
9615.000 0.496
9620.000 0.494
9625.000 0.499
9630.000 0.499
9635.000 0.502
9640.000 0.502
9645.000 0.509
9650.000 0.508
9655.000 0.512
9660.000 0.508
9665.000 0.511
9670.000 0.511
9675.000 0.508
9680.000 0.510
9685.000 0.507
9690.000 0.505
9695.000 0.506
9700.000 0.505
9705.000 0.506
9710.000 0.507
9715.000 0.507
9720.000 0.512
9725.000 0.513
9730.000 0.512
9735.000 0.518
9740.000 0.520
9745.000 0.519
9750.000 0.524
9755.000 0.521
9760.000 0.522
9765.000 0.521
9770.000 0.516
9775.000 0.517
9780.000 0.517
9785.000 0.518
9790.000 0.517
9795.000 0.518
9800.000 0.524
9805.000 0.525
9810.000 0.527
9815.000 0.532
9820.000 0.538
9825.000 0.536
9830.000 0.542
9835.000 0.543
9840.000 0.547
9845.000 0.548
9850.000 0.547
9855.000 0.550
9860.000 0.548
9865.000 0.547
9870.000 0.550
9875.000 0.554
9880.000 0.556
9885.000 0.558
9890.000 0.561
9895.000 0.569
9900.000 0.574
9905.000 0.581
9910.000 0.589
9915.000 0.596
9920.000 0.602
9925.000 0.608
9930.000 0.615
9935.000 0.618
9940.000 0.621
9945.000 0.630
9950.000 0.640
9955.000 0.639
9960.000 0.652
9965.000 0.664
9970.000 0.682
9975.000 0.693
9980.000 0.707
9985.000 0.714
9990.000 0.744
9995.000 0.765
10000.000 0.784
10005.000 0.827
10010.000 0.842
10015.000 0.867
10020.000 0.925
10025.000 0.945
10030.000 1.001
10035.000 1.036
10040.000 1.116
10045.000 1.199
10050.000 1.250
10055.000 1.397
10060.000 1.479
10065.000 1.655
10070.000 1.907
10075.000 2.044
10080.000 2.313
10085.000 2.494
10090.000 2.715
10095.000 2.744
10100.000 2.652
10105.000 2.346
10110.000 2.209
10115.000 1.849
10120.000 1.592
10125.000 1.518
10130.000 1.326
10135.000 1.263
10140.000 1.167
10145.000 1.073
10150.000 1.041
10155.000 0.996
10160.000 0.975
10165.000 0.948
10170.000 0.936
10175.000 0.932
10180.000 0.940
10185.000 0.953
10190.000 0.975
10195.000 1.015
10200.000 1.040
10205.000 1.105
10210.000 1.142
10215.000 1.230
10220.000 1.329
10225.000 1.404
10230.000 1.562
10235.000 1.623
10240.000 1.852
10245.000 1.969
10250.000 2.206
10255.000 2.587
10260.000 2.779
10265.000 3.164
10270.000 3.443
10275.000 3.956
10280.000 4.321
10285.000 4.477
10290.000 4.540
10295.000 4.454
10300.000 4.182
10305.000 3.746
10310.000 3.556
10315.000 3.215
10320.000 3.053
10325.000 2.786
10330.000 2.583
10335.000 2.477
10340.000 2.322
10345.000 2.268
10350.000 2.128
10355.000 2.026
10360.000 1.995
10365.000 1.903
10370.000 1.869
10375.000 1.810
10380.000 1.751
10385.000 1.722
10390.000 1.684
10395.000 1.660
10400.000 1.627
10405.000 1.603
10410.000 1.591
10415.000 1.574
10420.000 1.570
10425.000 1.562
10430.000 1.559
10435.000 1.560
10440.000 1.570
10445.000 1.572
10450.000 1.584
10455.000 1.600
10460.000 1.611
10465.000 1.634
10470.000 1.645
10475.000 1.680
10480.000 1.724
10485.000 1.740
10490.000 1.800
10495.000 1.832
10500.000 1.895
10505.000 1.991
10510.000 2.041
10515.000 2.135
10520.000 2.219
10525.000 2.355
10530.000 2.515
10535.000 2.627
10540.000 2.841
10545.000 2.946
10550.000 3.178
10555.000 3.402
10560.000 3.481
10565.000 3.528
10570.000 3.493
10575.000 3.261
10580.000 2.902
10585.000 2.661
10590.000 2.265
10595.000 2.100
10600.000 1.723
10605.000 1.457
10610.000 1.362
10615.000 1.135
10620.000 1.049
10625.000 0.920
10630.000 0.778
10635.000 0.725
10640.000 0.641
10645.000 0.592
10650.000 0.521
10655.000 0.465
10660.000 0.436
10665.000 0.384
10670.000 0.370
10675.000 0.325
10680.000 0.291
10685.000 0.276
10690.000 0.246
10695.000 0.229
10700.000 0.214
10705.000 0.183
10710.000 0.174
10715.000 0.162
10720.000 0.153
10725.000 0.143
10730.000 0.135
10735.000 0.136
10740.000 0.141
10745.000 0.144
10750.000 0.153
10755.000 0.169
10760.000 0.181
10765.000 0.203
10770.000 0.215
10775.000 0.250
10780.000 0.283
10785.000 0.320
10790.000 0.387
10795.000 0.418
10800.000 0.521
10805.000 0.643
10810.000 0.706
10815.000 0.863
10820.000 0.947
10825.000 1.095
10830.000 1.151
10835.000 1.225
10840.000 1.210
10845.000 1.186
10850.000 1.096
10855.000 1.054
10860.000 0.986
10865.000 0.905
10870.000 0.878
10875.000 0.836
10880.000 0.806
10885.000 0.769
10890.000 0.741
10895.000 0.722
10900.000 0.697
10905.000 0.686
10910.000 0.661
10915.000 0.643
10920.000 0.635
10925.000 0.612
10930.000 0.609
10935.000 0.595
10940.000 0.581
10945.000 0.577
10950.000 0.572
10955.000 0.574
10960.000 0.562
10965.000 0.557
10970.000 0.561
10975.000 0.551
10980.000 0.551
10985.000 0.544
10990.000 0.537
10995.000 0.544
11000.000 0.526
11005.000 0.522
11010.000 0.518
11015.000 0.516
11020.000 0.512
11025.000 0.507
11030.000 0.512
11035.000 0.502
11040.000 0.503
11045.000 0.504
11050.000 0.505
11055.000 0.506
11060.000 0.505
11065.000 0.506
11070.000 0.503
11075.000 0.501
11080.000 0.503
11085.000 0.496
11090.000 0.495
11095.000 0.490
11100.000 0.491
11105.000 0.489
11110.000 0.486
11115.000 0.483
11120.000 0.485
11125.000 0.485
11130.000 0.485
11135.000 0.482
11140.000 0.488
11145.000 0.490
11150.000 0.487
11155.000 0.489
11160.000 0.486
11165.000 0.485
11170.000 0.487
11175.000 0.481
11180.000 0.482
11185.000 0.477
11190.000 0.475
11195.000 0.473
11200.000 0.474
11205.000 0.472
11210.000 0.475
11215.000 0.474
11220.000 0.474
11225.000 0.476
11230.000 0.477
11235.000 0.476
11240.000 0.480
11245.000 0.479
11250.000 0.479
11255.000 0.476
11260.000 0.481
11265.000 0.471
11270.000 0.474
11275.000 0.472
11280.000 0.469
11285.000 0.468
11290.000 0.465
11295.000 0.467
11300.000 0.471
11305.000 0.466
11310.000 0.469
11315.000 0.470
11320.000 0.474
11325.000 0.474
11330.000 0.474
11335.000 0.472
11340.000 0.474
11345.000 0.469
11350.000 0.468
11355.000 0.471
11360.000 0.465
11365.000 0.466
11370.000 0.469
11375.000 0.463
11380.000 0.463
11385.000 0.462
11390.000 0.463
11395.000 0.464
11400.000 0.468
11405.000 0.467
11410.000 0.469
11415.000 0.468
11420.000 0.472
11425.000 0.469
11430.000 0.470
11435.000 0.465
11440.000 0.465
11445.000 0.463
11450.000 0.461
11455.000 0.461
11460.000 0.461
11465.000 0.460
11470.000 0.457
11475.000 0.460
11480.000 0.459
11485.000 0.466
11490.000 0.461
11495.000 0.463
11500.000 0.468
11505.000 0.468
11510.000 0.467
11515.000 0.469
11520.000 0.467
11525.000 0.464
11530.000 0.459
11535.000 0.458
11540.000 0.459
11545.000 0.462
11550.000 0.459
11555.000 0.457
11560.000 0.458
11565.000 0.459
11570.000 0.460
11575.000 0.462
11580.000 0.464
11585.000 0.464
11590.000 0.466
11595.000 0.465
11600.000 0.467
11605.000 0.466
11610.000 0.461
11615.000 0.460
11620.000 0.463
11625.000 0.458
11630.000 0.457
11635.000 0.457
11640.000 0.459
11645.000 0.455
11650.000 0.456
11655.000 0.456
11660.000 0.456
11665.000 0.459
11670.000 0.459
11675.000 0.461
11680.000 0.462
11685.000 0.465
11690.000 0.463
11695.000 0.461
11700.000 0.460
11705.000 0.461
11710.000 0.456
11715.000 0.461
11720.000 0.455
11725.000 0.454
11730.000 0.453
11735.000 0.454
11740.000 0.454
11745.000 0.455
11750.000 0.457
11755.000 0.458
11760.000 0.458
11765.000 0.464
11770.000 0.460
11775.000 0.463
11780.000 0.460
11785.000 0.457
11790.000 0.460
11795.000 0.455
11800.000 0.456
11805.000 0.457
11810.000 0.454
11815.000 0.454
11820.000 0.454
11825.000 0.453
11830.000 0.450
11835.000 0.450
11840.000 0.454
11845.000 0.458
11850.000 0.457
11855.000 0.456
11860.000 0.458
11865.000 0.459
11870.000 0.458
11875.000 0.454
11880.000 0.452
11885.000 0.453
11890.000 0.449
11895.000 0.451
11900.000 0.454
11905.000 0.452
11910.000 0.450
11915.000 0.452
11920.000 0.453
11925.000 0.453
11930.000 0.453
11935.000 0.454
11940.000 0.456
11945.000 0.457
11950.000 0.456
11955.000 0.456
11960.000 0.457
11965.000 0.453
11970.000 0.453
11975.000 0.453
11980.000 0.454
11985.000 0.449
11990.000 0.453
11995.000 0.450
12000.000 0.450
