105.000 0.482
110.000 4.233
115.000 4.247
120.000 4.482
125.000 4.563
130.000 4.812
135.000 5.112
140.000 5.322
145.000 5.563
150.000 5.959
155.000 6.072
160.000 6.438
165.000 6.905
170.000 7.185
175.000 7.724
180.000 7.988
185.000 8.758
190.000 9.578
195.000 10.034
200.000 11.109
205.000 11.653
210.000 13.046
215.000 14.762
220.000 15.751
225.000 18.180
230.000 19.618
235.000 23.179
240.000 27.987
245.000 31.031
250.000 39.035
255.000 44.342
260.000 59.421
265.000 79.282
270.000 90.419
275.000 104.859
280.000 102.571
285.000 80.310
290.000 61.615
295.000 55.434
300.000 46.593
305.000 43.413
310.000 38.659
315.000 35.329
320.000 34.035
325.000 32.102
330.000 31.320
335.000 30.217
340.000 29.477
345.000 29.265
350.000 29.009
355.000 29.027
360.000 29.220
365.000 29.674
370.000 30.013
375.000 30.867
380.000 31.373
385.000 32.569
390.000 34.021
395.000 34.857
400.000 36.683
405.000 38.647
410.000 39.693
415.000 41.833
420.000 42.902
425.000 45.001
430.000 46.949
435.000 47.799
440.000 49.283
445.000 49.869
450.000 50.777
455.000 51.419
460.000 51.666
465.000 52.113
470.000 52.395
475.000 53.160
480.000 54.322
485.000 55.162
490.000 57.506
495.000 59.158
500.000 63.487
505.000 70.052
510.000 74.509
515.000 86.782
520.000 95.307
525.000 118.959
530.000 136.754
535.000 140.781
540.000 142.152
545.000 137.374
550.000 92.891
555.000 62.682
560.000 53.835
565.000 41.439
570.000 36.998
575.000 30.195
580.000 25.309
585.000 23.351
590.000 20.263
595.000 18.855
600.000 16.657
605.000 14.881
610.000 14.175
615.000 12.825
620.000 12.261
625.000 11.276
630.000 10.463
635.000 10.070
640.000 9.484
645.000 9.193
650.000 8.684
655.000 8.279
660.000 8.088
665.000 7.782
670.000 7.651
675.000 7.420
680.000 7.231
685.000 7.167
690.000 7.057
695.000 7.016
700.000 6.977
705.000 6.996
710.000 7.009
715.000 7.105
720.000 7.183
725.000 7.365
730.000 7.643
735.000 7.817
740.000 8.307
745.000 8.601
750.000 9.230
755.000 10.247
760.000 10.845
765.000 12.434
770.000 13.500
775.000 16.459
780.000 20.939
785.000 23.872
790.000 30.558
795.000 32.869
800.000 29.536
805.000 18.418
810.000 15.128
815.000 11.021
820.000 9.580
825.000 7.560
830.000 6.186
835.000 5.627
840.000 4.777
845.000 4.428
850.000 3.840
855.000 3.574
860.000 3.178
865.000 2.834
870.000 2.689
875.000 2.450
880.000 2.334
885.000 2.147
890.000 1.983
895.000 1.921
900.000 1.788
905.000 1.740
910.000 1.643
915.000 1.549
920.000 1.514
925.000 1.444
930.000 1.431
935.000 1.366
940.000 1.330
945.000 1.320
950.000 1.292
955.000 1.294
960.000 1.282
965.000 1.272
970.000 1.282
975.000 1.320
980.000 1.335
985.000 1.392
990.000 1.468
995.000 1.501
1000.000 1.641
1005.000 1.711
1010.000 1.932
1015.000 2.214
1020.000 2.415
1025.000 2.950
1030.000 3.281
1035.000 4.266
1040.000 5.747
1045.000 6.637
1050.000 8.133
1055.000 8.171
1060.000 6.234
1065.000 4.444
1070.000 3.921
1075.000 3.190
1080.000 2.916
1085.000 2.550
1090.000 2.282
1095.000 2.175
1100.000 2.006
1105.000 1.937
1110.000 1.825
1115.000 1.743
1120.000 1.706
1125.000 1.652
1130.000 1.627
1135.000 1.586
1140.000 1.561
1145.000 1.552
1150.000 1.538
1155.000 1.528
1160.000 1.528
1165.000 1.539
1170.000 1.538
1175.000 1.556
1180.000 1.564
1185.000 1.594
1190.000 1.633
1195.000 1.661
1200.000 1.709
1205.000 1.742
1210.000 1.811
1215.000 1.901
1220.000 1.955
1225.000 2.067
1230.000 2.145
1235.000 2.306
1240.000 2.507
1245.000 2.629
1250.000 2.915
1255.000 3.088
1260.000 3.526
1265.000 4.105
1270.000 4.474
1275.000 5.419
1280.000 6.078
1285.000 7.794
1290.000 10.209
1295.000 11.662
1300.000 13.758
1305.000 13.601
1310.000 10.270
1315.000 7.306
1320.000 6.425
1325.000 5.123
1330.000 4.664
1335.000 3.991
1340.000 3.489
1345.000 3.287
1350.000 2.982
1355.000 2.853
1360.000 2.634
1365.000 2.471
1370.000 2.402
1375.000 2.277
1380.000 2.230
1385.000 2.150
1390.000 2.095
1395.000 2.073
1400.000 2.033
1405.000 2.022
1410.000 2.007
1415.000 2.008
1420.000 2.014
1425.000 2.033
1430.000 2.053
1435.000 2.096
1440.000 2.151
1445.000 2.184
1450.000 2.280
1455.000 2.332
1460.000 2.455
1465.000 2.528
1470.000 2.695
1475.000 2.902
1480.000 3.026
1485.000 3.324
1490.000 3.502
1495.000 3.920
1500.000 4.484
1505.000 4.827
1510.000 5.681
1515.000 6.246
1520.000 7.692
1525.000 9.686
1530.000 10.970
1535.000 13.890
1540.000 15.132
1545.000 15.594
1550.000 12.534
1555.000 10.801
1560.000 8.340
1565.000 7.455
1570.000 6.152
1575.000 5.258
1580.000 4.896
1585.000 4.317
1590.000 4.093
1595.000 3.685
1600.000 3.365
1605.000 3.237
1610.000 2.995
1615.000 2.891
1620.000 2.720
1625.000 2.587
1630.000 2.531
1635.000 2.456
1640.000 2.430
1645.000 2.426
1650.000 2.472
1655.000 2.512
1660.000 2.635
1665.000 2.712
1670.000 2.894
1675.000 3.142
1680.000 3.273
1685.000 3.551
1690.000 3.711
1695.000 4.056
1700.000 4.443
1705.000 4.676
1710.000 5.185
1715.000 5.456
1720.000 6.163
1725.000 7.027
1730.000 7.532
1735.000 8.847
1740.000 9.659
1745.000 11.843
1750.000 13.136
1755.000 16.540
1760.000 20.435
1765.000 22.106
1770.000 22.955
1775.000 19.131
1780.000 16.749
1785.000 12.878
1790.000 11.529
1795.000 9.543
1800.000 8.104
1805.000 7.560
1810.000 6.708
1815.000 6.333
1820.000 5.759
1825.000 5.322
1830.000 5.127
1835.000 4.822
1840.000 4.694
1845.000 4.484
1850.000 4.333
1855.000 4.273
1860.000 4.185
1865.000 4.155
1870.000 4.129
1875.000 4.142
1880.000 4.156
1885.000 4.237
1890.000 4.284
1895.000 4.429
1900.000 4.631
1905.000 4.750
1910.000 5.062
1915.000 5.249
1920.000 5.706
1925.000 6.332
1930.000 6.710
1935.000 7.633
1940.000 8.238
1945.000 9.761
1950.000 11.683
1955.000 12.845
1960.000 15.268
1965.000 16.178
1970.000 16.444
1975.000 14.157
1980.000 12.665
1985.000 10.202
1990.000 9.175
1995.000 7.691
2000.000 6.668
2005.000 6.226
2010.000 5.559
2015.000 5.302
2020.000 4.860
2025.000 4.519
2030.000 4.388
2035.000 4.148
2040.000 3.991
2045.000 3.942
2050.000 3.886
2055.000 3.825
2060.000 3.822
2065.000 3.842
2070.000 3.922
2075.000 3.987
2080.000 4.183
2085.000 4.485
2090.000 4.682
2095.000 5.189
2100.000 5.514
2105.000 6.203
2110.000 6.599
2115.000 6.441
2120.000 5.123
2125.000 4.208
2130.000 2.760
2135.000 1.862
2140.000 1.556
2145.000 1.078
2150.000 0.903
2155.000 0.633
2160.000 0.427
2165.000 0.343
2170.000 0.208
2175.000 0.160
2180.000 0.076
2185.000 0.060
2190.000 0.080
2195.000 0.129
2200.000 0.151
2205.000 0.196
2210.000 0.227
2215.000 0.241
2220.000 0.271
2225.000 0.283
2230.000 0.303
2235.000 0.322
2240.000 0.330
2245.000 0.342
2250.000 0.351
2255.000 0.367
2260.000 0.374
2265.000 0.379
2270.000 0.388
2275.000 0.390
2280.000 0.402
2285.000 0.406
2290.000 0.405
2295.000 0.417
2300.000 0.416
2305.000 0.422
2310.000 0.423
2315.000 0.430
2320.000 0.428
2325.000 0.434
2330.000 0.436
2335.000 0.444
2340.000 0.445
2345.000 0.447
2350.000 0.449
2355.000 0.450
2360.000 0.449
2365.000 0.450
2370.000 0.455
2375.000 0.454
2380.000 0.457
2385.000 0.459
2390.000 0.462
2395.000 0.459
2400.000 0.458
2405.000 0.461
2410.000 0.460
2415.000 0.461
2420.000 0.463
2425.000 0.466
2430.000 0.466
2435.000 0.466
2440.000 0.468
2445.000 0.468
2450.000 0.468
2455.000 0.465
2460.000 0.472
2465.000 0.470
2470.000 0.474
2475.000 0.470
2480.000 0.469
2485.000 0.474
2490.000 0.471
2495.000 0.472
2500.000 0.474
2505.000 0.475
2510.000 0.472
2515.000 0.472
2520.000 0.475
2525.000 0.478
2530.000 0.472
2535.000 0.477
2540.000 0.477
2545.000 0.476
2550.000 0.478
2555.000 0.473
2560.000 0.475
2565.000 0.476
2570.000 0.476
2575.000 0.476
2580.000 0.480
2585.000 0.476
2590.000 0.475
2595.000 0.475
2600.000 0.480
2605.000 0.475
2610.000 0.479
2615.000 0.477
2620.000 0.478
2625.000 0.482
2630.000 0.482
2635.000 0.479
2640.000 0.478
2645.000 0.480
2650.000 0.480
2655.000 0.479
2660.000 0.483
2665.000 0.480
2670.000 0.481
2675.000 0.476
2680.000 0.482
2685.000 0.482
2690.000 0.480
2695.000 0.484
2700.000 0.486
2705.000 0.482
2710.000 0.484
2715.000 0.483
2720.000 0.485
2725.000 0.482
2730.000 0.481
2735.000 0.485
2740.000 0.483
2745.000 0.482
2750.000 0.484
2755.000 0.486
2760.000 0.486
2765.000 0.487
2770.000 0.483
2775.000 0.483
2780.000 0.485
2785.000 0.488
2790.000 0.489
2795.000 0.491
2800.000 0.485
2805.000 0.491
2810.000 0.488
2815.000 0.487
2820.000 0.487
2825.000 0.486
2830.000 0.488
2835.000 0.489
2840.000 0.486
2845.000 0.489
2850.000 0.483
2855.000 0.483
2860.000 0.486
2865.000 0.483
2870.000 0.484
2875.000 0.482
2880.000 0.485
2885.000 0.486
2890.000 0.483
2895.000 0.486
2900.000 0.482
2905.000 0.482
2910.000 0.483
2915.000 0.482
2920.000 0.483
2925.000 0.476
2930.000 0.482
2935.000 0.480
2940.000 0.486
2945.000 0.483
2950.000 0.475
2955.000 0.486
2960.000 0.477
2965.000 0.486
2970.000 0.479
2975.000 0.480
2980.000 0.488
2985.000 0.477
2990.000 0.486
2995.000 0.479
3000.000 0.479
3005.000 0.490
3010.000 0.487
3015.000 0.472
3020.000 0.488
3025.000 0.489
3030.000 0.469
3035.000 0.478
3040.000 0.477
3045.000 0.475
3050.000 0.485
3055.000 0.487
3060.000 0.481
3065.000 0.482
3070.000 0.479
3075.000 0.475
3080.000 0.483
3085.000 0.479
3090.000 0.480
3095.000 0.480
3100.000 0.482
3105.000 0.477
3110.000 0.477
3115.000 0.479
3120.000 0.479
3125.000 0.479
3130.000 0.480
3135.000 0.480
3140.000 0.481
3145.000 0.479
3150.000 0.484
3155.000 0.480
3160.000 0.479
3165.000 0.481
3170.000 0.483
3175.000 0.484
3180.000 0.482
3185.000 0.481
3190.000 0.481
3195.000 0.479
3200.000 0.478
3205.000 0.480
3210.000 0.480
3215.000 0.480
3220.000 0.477
3225.000 0.480
3230.000 0.483
3235.000 0.484
3240.000 0.487
3245.000 0.489
3250.000 0.493
3255.000 0.493
3260.000 0.495
3265.000 0.501
3270.000 0.504
3275.000 0.508
3280.000 0.518
3285.000 0.527
3290.000 0.542
3295.000 0.554
3300.000 0.579
3305.000 0.616
3310.000 0.637
3315.000 0.702
3320.000 0.739
3325.000 0.836
3330.000 0.979
3335.000 1.065
3340.000 1.284
3345.000 1.442
3350.000 1.843
3355.000 2.408
3360.000 2.847
3365.000 3.966
3370.000 4.696
3375.000 6.870
3380.000 9.599
3385.000 10.760
3390.000 11.440
3395.000 10.779
3400.000 9.508
3405.000 9.002
3410.000 8.962
3415.000 9.252
3420.000 9.589
3425.000 10.727
3430.000 12.405
3435.000 13.360
3440.000 15.525
3445.000 16.207
3450.000 15.802
3455.000 12.923
3460.000 11.421
3465.000 9.224
3470.000 8.317
3475.000 7.076
3480.000 6.286
3485.000 5.945
3490.000 5.498
3495.000 5.332
3500.000 5.103
3505.000 4.991
3510.000 4.973
3515.000 5.013
3520.000 5.068
3525.000 5.253
3530.000 5.390
3535.000 5.783
3540.000 6.310
3545.000 6.643
3550.000 7.578
3555.000 8.148
3560.000 9.542
3565.000 11.565
3570.000 12.678
3575.000 14.719
3580.000 15.368
3585.000 14.788
3590.000 12.238
3595.000 10.780
3600.000 8.594
3605.000 7.794
3610.000 6.565
3615.000 5.700
3620.000 5.357
3625.000 4.812
3630.000 4.591
3635.000 4.240
3640.000 3.975
3645.000 3.862
3650.000 3.689
3655.000 3.627
3660.000 3.522
3665.000 3.460
3670.000 3.448
3675.000 3.441
3680.000 3.456
3685.000 3.510
3690.000 3.612
3695.000 3.674
3700.000 3.843
3705.000 3.969
3710.000 4.250
3715.000 4.622
3720.000 4.870
3725.000 5.509
3730.000 5.894
3735.000 6.833
3740.000 8.184
3745.000 8.939
3750.000 10.350
3755.000 10.894
3760.000 10.702
3765.000 8.977
3770.000 7.845
3775.000 6.184
3780.000 5.621
3785.000 4.615
3790.000 3.941
3795.000 3.709
3800.000 3.264
3805.000 3.095
3810.000 2.836
3815.000 2.613
3820.000 2.532
3825.000 2.390
3830.000 2.332
3835.000 2.239
3840.000 2.187
3845.000 2.165
3850.000 2.138
3855.000 2.137
3860.000 2.141
3865.000 2.172
3870.000 2.199
3875.000 2.261
3880.000 2.307
3885.000 2.419
3890.000 2.557
3895.000 2.658
3900.000 2.883
3905.000 3.000
3910.000 3.357
3915.000 3.813
3920.000 4.072
3925.000 4.823
3930.000 5.263
3935.000 6.328
3940.000 7.649
3945.000 8.257
3950.000 8.821
3955.000 8.599
3960.000 7.156
3965.000 5.699
3970.000 5.148
3975.000 4.208
3980.000 3.871
3985.000 3.371
3990.000 2.962
3995.000 2.803
4000.000 2.553
4005.000 2.444
4010.000 2.261
4015.000 2.144
4020.000 2.073
4025.000 1.971
4030.000 1.951
4035.000 1.877
4040.000 1.832
4045.000 1.821
4050.000 1.782
4055.000 1.786
4060.000 1.776
4065.000 1.794
4070.000 1.804
4075.000 1.842
4080.000 1.858
4085.000 1.926
4090.000 2.009
4095.000 2.069
4100.000 2.220
4105.000 2.309
4110.000 2.516
4115.000 2.836
4120.000 3.023
4125.000 3.496
4130.000 3.807
4135.000 4.475
4140.000 4.794
4145.000 5.181
4150.000 4.854
4155.000 4.427
4160.000 3.475
4165.000 3.068
4170.000 2.478
4175.000 2.058
4180.000 1.903
4185.000 1.658
4190.000 1.569
4195.000 1.405
4200.000 1.291
4205.000 1.239
4210.000 1.154
4215.000 1.124
4220.000 1.071
4225.000 1.028
4230.000 1.014
4235.000 0.990
4240.000 0.979
4245.000 0.973
4250.000 0.972
4255.000 0.979
4260.000 1.003
4265.000 1.014
4270.000 1.054
4275.000 1.109
4280.000 1.153
4285.000 1.241
4290.000 1.298
4295.000 1.448
4300.000 1.640
4305.000 1.769
4310.000 2.084
4315.000 2.261
4320.000 2.768
4325.000 3.317
4330.000 3.546
4335.000 3.787
4340.000 3.684
4345.000 3.177
4350.000 2.582
4355.000 2.353
4360.000 2.021
4365.000 1.872
4370.000 1.656
4375.000 1.508
4380.000 1.438
4385.000 1.335
4390.000 1.294
4395.000 1.227
4400.000 1.175
4405.000 1.156
4410.000 1.119
4415.000 1.107
4420.000 1.089
4425.000 1.075
4430.000 1.073
4435.000 1.075
4440.000 1.076
4445.000 1.091
4450.000 1.108
4455.000 1.126
4460.000 1.172
4465.000 1.201
4470.000 1.266
4475.000 1.363
4480.000 1.422
4485.000 1.542
4490.000 1.611
4495.000 1.739
4500.000 1.744
4505.000 1.665
4510.000 1.327
4515.000 1.135
4520.000 0.836
4525.000 0.617
4530.000 0.548
4535.000 0.457
4540.000 0.420
4545.000 0.382
4550.000 0.362
4555.000 0.354
4560.000 0.356
4565.000 0.357
4570.000 0.370
4575.000 0.388
4580.000 0.393
4585.000 0.417
4590.000 0.432
4595.000 0.469
4600.000 0.520
4605.000 0.552
4610.000 0.627
4615.000 0.679
4620.000 0.829
4625.000 1.010
4630.000 1.126
4635.000 1.375
4640.000 1.471
4645.000 1.521
4650.000 1.374
4655.000 1.279
4660.000 1.119
4665.000 1.041
4670.000 0.931
4675.000 0.855
4680.000 0.821
4685.000 0.776
4690.000 0.754
4695.000 0.722
4700.000 0.695
4705.000 0.685
4710.000 0.663
4715.000 0.646
4720.000 0.611
4725.000 0.589
4730.000 0.505
4735.000 0.413
4740.000 0.385
4745.000 0.385
4750.000 0.397
4755.000 0.423
4760.000 0.450
4765.000 0.457
4770.000 0.461
4775.000 0.467
4780.000 0.473
4785.000 0.477
4790.000 0.479
4795.000 0.481
4800.000 0.480
4805.000 0.485
4810.000 0.485
4815.000 0.487
4820.000 0.490
4825.000 0.490
4830.000 0.490
4835.000 0.496
4840.000 0.498
4845.000 0.496
4850.000 0.501
4855.000 0.499
4860.000 0.499
4865.000 0.494
4870.000 0.498
4875.000 0.499
4880.000 0.496
4885.000 0.497
4890.000 0.497
4895.000 0.492
4900.000 0.499
4905.000 0.492
4910.000 0.499
4915.000 0.500
4920.000 0.497
4925.000 0.500
4930.000 0.506
4935.000 0.499
4940.000 0.501
4945.000 0.499
4950.000 0.495
4955.000 0.501
4960.000 0.497
4965.000 0.504
4970.000 0.492
4975.000 0.489
4980.000 0.496
4985.000 0.492
4990.000 0.505
4995.000 0.506
5000.000 0.501
5005.000 0.495
5010.000 0.501
5015.000 0.505
5020.000 0.508
5025.000 0.494
5030.000 0.502
5035.000 0.492
5040.000 0.490
5045.000 0.503
5050.000 0.497
5055.000 0.494
5060.000 0.489
5065.000 0.492
5070.000 0.489
5075.000 0.489
5080.000 0.494
5085.000 0.494
5090.000 0.497
5095.000 0.501
5100.000 0.502
5105.000 0.500
5110.000 0.502
5115.000 0.506
5120.000 0.504
5125.000 0.507
5130.000 0.506
5135.000 0.504
5140.000 0.506
5145.000 0.501
5150.000 0.503
5155.000 0.503
5160.000 0.499
5165.000 0.503
5170.000 0.501
5175.000 0.498
5180.000 0.505
5185.000 0.505
5190.000 0.504
5195.000 0.504
5200.000 0.507
5205.000 0.505
5210.000 0.505
5215.000 0.503
5220.000 0.504
5225.000 0.501
5230.000 0.499
5235.000 0.497
5240.000 0.493
5245.000 0.497
5250.000 0.494
5255.000 0.496
5260.000 0.500
5265.000 0.499
5270.000 0.499
5275.000 0.504
5280.000 0.504
5285.000 0.502
5290.000 0.500
5295.000 0.504
5300.000 0.501
5305.000 0.503
5310.000 0.506
5315.000 0.504
5320.000 0.499
5325.000 0.498
5330.000 0.498
5335.000 0.498
5340.000 0.500
5345.000 0.498
5350.000 0.499
5355.000 0.500
5360.000 0.500
5365.000 0.504
5370.000 0.502
5375.000 0.507
5380.000 0.503
5385.000 0.503
5390.000 0.502
5395.000 0.505
5400.000 0.500
5405.000 0.500
5410.000 0.500
5415.000 0.497
5420.000 0.496
5425.000 0.496
5430.000 0.501
5435.000 0.500
5440.000 0.497
5445.000 0.500
5450.000 0.502
5455.000 0.500
5460.000 0.503
5465.000 0.502
5470.000 0.502
5475.000 0.500
5480.000 0.502
5485.000 0.504
5490.000 0.499
5495.000 0.500
5500.000 0.498
5505.000 0.497
5510.000 0.498
5515.000 0.500
5520.000 0.500
5525.000 0.497
5530.000 0.501
5535.000 0.498
5540.000 0.503
5545.000 0.501
5550.000 0.502
5555.000 0.507
5560.000 0.506
5565.000 0.506
5570.000 0.505
5575.000 0.501
5580.000 0.502
5585.000 0.501
5590.000 0.501
5595.000 0.499
5600.000 0.497
5605.000 0.500
5610.000 0.498
5615.000 0.500
5620.000 0.502
5625.000 0.501
5630.000 0.505
5635.000 0.510
5640.000 0.506
5645.000 0.507
5650.000 0.503
5655.000 0.504
5660.000 0.507
5665.000 0.502
5670.000 0.505
5675.000 0.503
5680.000 0.501
5685.000 0.499
5690.000 0.500
5695.000 0.502
5700.000 0.501
5705.000 0.499
5710.000 0.505
5715.000 0.504
5720.000 0.502
5725.000 0.505
5730.000 0.507
5735.000 0.508
5740.000 0.504
5745.000 0.503
5750.000 0.507
5755.000 0.503
5760.000 0.502
5765.000 0.496
5770.000 0.497
5775.000 0.499
5780.000 0.498
5785.000 0.495
5790.000 0.501
5795.000 0.500
5800.000 0.500
5805.000 0.505
5810.000 0.503
5815.000 0.503
5820.000 0.505
5825.000 0.507
5830.000 0.508
5835.000 0.503
5840.000 0.502
5845.000 0.501
5850.000 0.500
5855.000 0.495
5860.000 0.499
5865.000 0.498
5870.000 0.493
5875.000 0.495
5880.000 0.496
5885.000 0.504
5890.000 0.501
5895.000 0.499
5900.000 0.504
5905.000 0.503
5910.000 0.501
5915.000 0.504
5920.000 0.505
5925.000 0.506
5930.000 0.501
5935.000 0.501
5940.000 0.501
5945.000 0.498
5950.000 0.497
5955.000 0.495
5960.000 0.494
5965.000 0.494
5970.000 0.490
5975.000 0.491
5980.000 0.501
5985.000 0.506
5990.000 0.511
5995.000 0.497
6000.000 0.513
6005.000 0.511
6010.000 0.509
6015.000 0.492
6020.000 0.507
6025.000 0.505
6030.000 0.493
6035.000 0.493
6040.000 0.496
6045.000 0.490
6050.000 0.497
6055.000 0.503
6060.000 0.498
6065.000 0.498
6070.000 0.502
6075.000 0.504
6080.000 0.506
6085.000 0.506
6090.000 0.502
6095.000 0.505
6100.000 0.505
6105.000 0.502
6110.000 0.503
6115.000 0.502
6120.000 0.500
6125.000 0.500
6130.000 0.502
6135.000 0.499
6140.000 0.499
6145.000 0.499
6150.000 0.506
6155.000 0.504
6160.000 0.506
6165.000 0.508
6170.000 0.510
6175.000 0.511
6180.000 0.511
6185.000 0.510
6190.000 0.505
6195.000 0.510
6200.000 0.503
6205.000 0.505
6210.000 0.501
6215.000 0.499
6220.000 0.498
6225.000 0.499
6230.000 0.502
6235.000 0.497
6240.000 0.502
6245.000 0.503
6250.000 0.505
6255.000 0.504
6260.000 0.506
6265.000 0.504
6270.000 0.506
6275.000 0.504
6280.000 0.502
6285.000 0.503
6290.000 0.498
6295.000 0.498
6300.000 0.489
6305.000 0.496
6310.000 0.495
6315.000 0.496
6320.000 0.498
6325.000 0.502
6330.000 0.502
6335.000 0.502
6340.000 0.500
6345.000 0.505
6350.000 0.504
6355.000 0.509
6360.000 0.508
6365.000 0.506
6370.000 0.507
6375.000 0.503
6380.000 0.502
6385.000 0.499
6390.000 0.499
6395.000 0.499
6400.000 0.501
6405.000 0.498
6410.000 0.499
6415.000 0.508
6420.000 0.503
6425.000 0.506
6430.000 0.504
6435.000 0.506
6440.000 0.507
6445.000 0.511
6450.000 0.508
6455.000 0.508
6460.000 0.505
6465.000 0.501
6470.000 0.500
6475.000 0.500
6480.000 0.497
6485.000 0.501
6490.000 0.498
6495.000 0.500
6500.000 0.501
6505.000 0.502
6510.000 0.508
6515.000 0.505
6520.000 0.506
6525.000 0.510
6530.000 0.512
6535.000 0.507
6540.000 0.506
6545.000 0.506
6550.000 0.505
6555.000 0.507
6560.000 0.503
6565.000 0.503
6570.000 0.500
6575.000 0.501
6580.000 0.506
6585.000 0.502
6590.000 0.507
6595.000 0.504
6600.000 0.507
6605.000 0.514
6610.000 0.512
6615.000 0.515
6620.000 0.519
6625.000 0.520
6630.000 0.518
6635.000 0.519
6640.000 0.519
6645.000 0.522
6650.000 0.525
6655.000 0.527
6660.000 0.535
6665.000 0.546
6670.000 0.550
6675.000 0.567
6680.000 0.574
6685.000 0.607
6690.000 0.642
6695.000 0.658
6700.000 0.728
6705.000 0.768
6710.000 0.877
6715.000 1.048
6720.000 1.159
6725.000 1.452
6730.000 1.644
6735.000 2.248
6740.000 2.917
6745.000 3.189
6750.000 3.599
6755.000 3.641
6760.000 3.693
6765.000 3.969
6770.000 4.201
6775.000 4.777
6780.000 5.204
6785.000 5.916
6790.000 6.080
6795.000 5.878
6800.000 5.144
6805.000 4.873
6810.000 4.406
6815.000 4.269
6820.000 4.120
6825.000 4.107
6830.000 4.159
6835.000 4.344
6840.000 4.483
6845.000 4.954
6850.000 5.535
6855.000 5.913
6860.000 6.901
6865.000 7.373
6870.000 8.051
6875.000 7.990
6880.000 7.561
6885.000 6.456
6890.000 5.779
6895.000 4.816
6900.000 4.190
6905.000 3.885
6910.000 3.498
6915.000 3.374
6920.000 3.143
6925.000 3.018
6930.000 2.989
6935.000 2.970
6940.000 2.989
6945.000 3.066
6950.000 3.241
6955.000 3.367
6960.000 3.675
6965.000 3.855
6970.000 4.446
6975.000 5.103
6980.000 5.472
6985.000 6.315
6990.000 6.605
6995.000 6.701
7000.000 6.007
7005.000 5.547
7010.000 4.764
7015.000 4.358
7020.000 3.792
7025.000 3.428
7030.000 3.253
7035.000 3.027
7040.000 2.953
7045.000 2.806
7050.000 2.735
7055.000 2.704
7060.000 2.693
7065.000 2.706
7070.000 2.752
7075.000 2.849
7080.000 2.915
7085.000 3.068
7090.000 3.170
7095.000 3.483
7100.000 3.838
7105.000 4.042
7110.000 4.643
7115.000 4.969
7120.000 5.615
7125.000 6.270
7130.000 6.412
7135.000 6.236
7140.000 5.838
7145.000 4.889
7150.000 4.107
7155.000 3.686
7160.000 3.131
7165.000 2.952
7170.000 2.558
7175.000 2.293
7180.000 2.207
7185.000 2.025
7190.000 1.956
7195.000 1.861
7200.000 1.784
7205.000 1.756
7210.000 1.733
7215.000 1.727
7220.000 1.740
7225.000 1.779
7230.000 1.810
7235.000 1.917
7240.000 1.984
7245.000 2.141
7250.000 2.405
7255.000 2.559
7260.000 2.901
7265.000 3.151
7270.000 3.612
7275.000 3.944
7280.000 4.037
7285.000 3.880
7290.000 3.690
7295.000 3.202
7300.000 2.778
7305.000 2.624
7310.000 2.330
7315.000 2.227
7320.000 2.060
7325.000 1.932
7330.000 1.888
7335.000 1.830
7340.000 1.799
7345.000 1.765
7350.000 1.753
7355.000 1.755
7360.000 1.780
7365.000 1.802
7370.000 1.852
7375.000 1.949
7380.000 2.001
7385.000 2.134
7390.000 2.235
7395.000 2.462
7400.000 2.581
7405.000 2.901
7410.000 3.226
7415.000 3.372
7420.000 3.533
7425.000 3.516
7430.000 3.249
7435.000 2.743
7440.000 2.494
7445.000 2.092
7450.000 1.926
7455.000 1.619
7460.000 1.423
7465.000 1.338
7470.000 1.188
7475.000 1.130
7480.000 1.050
7485.000 0.974
7490.000 0.945
7495.000 0.902
7500.000 0.882
7505.000 0.862
7510.000 0.852
7515.000 0.857
7520.000 0.882
7525.000 0.904
7530.000 0.973
7535.000 1.074
7540.000 1.138
7545.000 1.283
7550.000 1.356
7555.000 1.443
7560.000 1.433
7565.000 1.388
7570.000 1.279
7575.000 1.238
7580.000 1.150
7585.000 1.093
7590.000 1.079
7595.000 1.048
7600.000 1.036
7605.000 1.027
7610.000 1.033
7615.000 1.044
7620.000 1.061
7625.000 1.083
7630.000 1.134
7635.000 1.194
7640.000 1.238
7645.000 1.315
7650.000 1.349
7655.000 1.363
7660.000 1.284
7665.000 1.207
7670.000 1.011
7675.000 0.913
7680.000 0.768
7685.000 0.640
7690.000 0.585
7695.000 0.520
7700.000 0.480
7705.000 0.409
7710.000 0.353
7715.000 0.323
7720.000 0.264
7725.000 0.254
7730.000 0.288
7735.000 0.364
7740.000 0.397
7745.000 0.440
7750.000 0.459
7755.000 0.477
7760.000 0.491
7765.000 0.494
7770.000 0.499
7775.000 0.500
7780.000 0.499
7785.000 0.498
7790.000 0.499
7795.000 0.495
7800.000 0.492
7805.000 0.495
7810.000 0.490
7815.000 0.495
7820.000 0.497
7825.000 0.499
7830.000 0.498
7835.000 0.500
7840.000 0.502
7845.000 0.504
7850.000 0.506
7855.000 0.504
7860.000 0.503
7865.000 0.505
7870.000 0.498
7875.000 0.498
7880.000 0.500
7885.000 0.498
7890.000 0.495
7895.000 0.495
7900.000 0.493
7905.000 0.494
7910.000 0.495
7915.000 0.496
7920.000 0.501
7925.000 0.497
7930.000 0.497
7935.000 0.502
7940.000 0.512
7945.000 0.507
7950.000 0.503
7955.000 0.508
7960.000 0.507
7965.000 0.497
7970.000 0.495
7975.000 0.498
7980.000 0.485
7985.000 0.491
7990.000 0.491
7995.000 0.502
8000.000 0.496
8005.000 0.492
8010.000 0.492
8015.000 0.513
8020.000 0.509
8025.000 0.502
8030.000 0.501
8035.000 0.501
8040.000 0.502
8045.000 0.507
8050.000 0.502
8055.000 0.501
8060.000 0.496
8065.000 0.494
8070.000 0.493
8075.000 0.489
8080.000 0.493
8085.000 0.493
8090.000 0.495
8095.000 0.500
8100.000 0.497
8105.000 0.505
8110.000 0.502
8115.000 0.504
8120.000 0.501
8125.000 0.503
8130.000 0.501
8135.000 0.504
8140.000 0.499
8145.000 0.498
8150.000 0.496
8155.000 0.490
8160.000 0.494
8165.000 0.491
8170.000 0.489
8175.000 0.490
8180.000 0.494
8185.000 0.500
8190.000 0.499
8195.000 0.502
8200.000 0.503
8205.000 0.503
8210.000 0.500
8215.000 0.503
8220.000 0.499
8225.000 0.500
8230.000 0.497
8235.000 0.497
8240.000 0.493
8245.000 0.493
8250.000 0.491
8255.000 0.492
8260.000 0.489
8265.000 0.494
8270.000 0.494
8275.000 0.495
8280.000 0.500
8285.000 0.503
8290.000 0.503
8295.000 0.504
8300.000 0.500
8305.000 0.501
8310.000 0.502
8315.000 0.498
8320.000 0.495
8325.000 0.495
8330.000 0.493
8335.000 0.495
8340.000 0.491
8345.000 0.495
8350.000 0.489
8355.000 0.496
8360.000 0.496
8365.000 0.496
8370.000 0.502
8375.000 0.504
8380.000 0.501
8385.000 0.505
8390.000 0.501
8395.000 0.503
8400.000 0.500
8405.000 0.496
8410.000 0.495
8415.000 0.497
8420.000 0.493
8425.000 0.491
8430.000 0.493
8435.000 0.491
8440.000 0.491
8445.000 0.493
8450.000 0.499
8455.000 0.496
8460.000 0.498
8465.000 0.501
8470.000 0.502
8475.000 0.503
8480.000 0.503
8485.000 0.501
8490.000 0.501
8495.000 0.493
8500.000 0.496
8505.000 0.492
8510.000 0.494
8515.000 0.490
8520.000 0.491
8525.000 0.489
8530.000 0.494
8535.000 0.494
8540.000 0.496
8545.000 0.497
8550.000 0.498
8555.000 0.503
8560.000 0.505
8565.000 0.503
8570.000 0.500
8575.000 0.498
8580.000 0.497
8585.000 0.499
8590.000 0.490
8595.000 0.491
8600.000 0.490
8605.000 0.490
8610.000 0.491
8615.000 0.488
8620.000 0.494
8625.000 0.494
8630.000 0.495
8635.000 0.496
8640.000 0.500
8645.000 0.501
8650.000 0.502
8655.000 0.501
8660.000 0.502
8665.000 0.497
8670.000 0.495
8675.000 0.495
8680.000 0.489
8685.000 0.490
8690.000 0.492
8695.000 0.489
8700.000 0.489
8705.000 0.493
8710.000 0.490
8715.000 0.496
8720.000 0.498
8725.000 0.498
8730.000 0.504
8735.000 0.499
8740.000 0.500
8745.000 0.499
8750.000 0.498
8755.000 0.499
8760.000 0.493
8765.000 0.490
8770.000 0.494
8775.000 0.489
8780.000 0.487
8785.000 0.488
8790.000 0.487
8795.000 0.494
8800.000 0.492
8805.000 0.496
8810.000 0.496
8815.000 0.491
8820.000 0.520
8825.000 0.515
8830.000 0.505
8835.000 0.513
8840.000 0.495
8845.000 0.498
8850.000 0.503
8855.000 0.492
8860.000 0.490
8865.000 0.486
8870.000 0.485
8875.000 0.487
8880.000 0.486
8885.000 0.491
8890.000 0.496
8895.000 0.494
8900.000 0.495
8905.000 0.502
8910.000 0.501
8915.000 0.501
8920.000 0.495
8925.000 0.496
8930.000 0.496
8935.000 0.493
8940.000 0.491
8945.000 0.493
8950.000 0.489
8955.000 0.488
8960.000 0.490
8965.000 0.485
8970.000 0.487
8975.000 0.488
8980.000 0.488
8985.000 0.497
8990.000 0.498
8995.000 0.492
9000.000 0.508
9005.000 0.501
9010.000 0.501
9015.000 0.495
9020.000 0.491
9025.000 0.495
9030.000 0.487
9035.000 0.492
9040.000 0.490
9045.000 0.483
9050.000 0.491
9055.000 0.487
9060.000 0.489
9065.000 0.493
9070.000 0.490
9075.000 0.495
9080.000 0.499
9085.000 0.500
9090.000 0.498
9095.000 0.500
9100.000 0.499
9105.000 0.497
9110.000 0.494
9115.000 0.493
9120.000 0.491
9125.000 0.490
9130.000 0.486
9135.000 0.485
9140.000 0.487
9145.000 0.486
9150.000 0.488
9155.000 0.490
9160.000 0.489
9165.000 0.498
9170.000 0.496
9175.000 0.497
9180.000 0.498
9185.000 0.497
9190.000 0.498
9195.000 0.498
9200.000 0.490
9205.000 0.493
9210.000 0.490
9215.000 0.486
9220.000 0.486
9225.000 0.486
9230.000 0.485
9235.000 0.486
9240.000 0.488
9245.000 0.490
9250.000 0.495
9255.000 0.490
9260.000 0.497
9265.000 0.500
9270.000 0.497
9275.000 0.496
9280.000 0.494
9285.000 0.496
9290.000 0.491
9295.000 0.485
9300.000 0.487
9305.000 0.487
9310.000 0.482
9315.000 0.480
9320.000 0.481
9325.000 0.492
9330.000 0.488
9335.000 0.487
9340.000 0.492
9345.000 0.495
9350.000 0.495
9355.000 0.494
9360.000 0.497
9365.000 0.496
9370.000 0.492
9375.000 0.491
9380.000 0.491
9385.000 0.485
9390.000 0.485
9395.000 0.485
9400.000 0.479
9405.000 0.484
9410.000 0.484
9415.000 0.485
9420.000 0.491
9425.000 0.488
9430.000 0.491
9435.000 0.494
9440.000 0.496
9445.000 0.498
9450.000 0.494
9455.000 0.497
9460.000 0.494
9465.000 0.488
9470.000 0.487
9475.000 0.486
9480.000 0.483
9485.000 0.481
9490.000 0.480
9495.000 0.483
9500.000 0.486
9505.000 0.485
9510.000 0.489
9515.000 0.494
9520.000 0.488
9525.000 0.496
9530.000 0.490
9535.000 0.491
9540.000 0.492
9545.000 0.490
9550.000 0.491
9555.000 0.491
9560.000 0.485
9565.000 0.483
9570.000 0.483
9575.000 0.479
9580.000 0.482
9585.000 0.482
9590.000 0.483
9595.000 0.488
9600.000 0.488
9605.000 0.492
9610.000 0.493
9615.000 0.491
9620.000 0.495
9625.000 0.492
9630.000 0.493
9635.000 0.489
9640.000 0.490
9645.000 0.487
9650.000 0.479
9655.000 0.482
9660.000 0.479
9665.000 0.481
9670.000 0.481
9675.000 0.478
9680.000 0.479
9685.000 0.488
9690.000 0.488
9695.000 0.487
9700.000 0.492
9705.000 0.492
9710.000 0.494
9715.000 0.491
9720.000 0.490
9725.000 0.488
9730.000 0.486
9735.000 0.484
9740.000 0.483
9745.000 0.478
9750.000 0.482
9755.000 0.481
9760.000 0.480
9765.000 0.480
9770.000 0.482
9775.000 0.491
9780.000 0.488
9785.000 0.488
9790.000 0.491
9795.000 0.493
9800.000 0.485
9805.000 0.493
9810.000 0.490
9815.000 0.491
9820.000 0.484
9825.000 0.480
9830.000 0.480
9835.000 0.478
9840.000 0.479
9845.000 0.480
9850.000 0.478
9855.000 0.483
9860.000 0.482
9865.000 0.484
9870.000 0.488
9875.000 0.490
9880.000 0.490
9885.000 0.492
9890.000 0.491
9895.000 0.489
9900.000 0.486
9905.000 0.486
9910.000 0.487
9915.000 0.481
9920.000 0.479
9925.000 0.478
9930.000 0.480
9935.000 0.482
9940.000 0.481
9945.000 0.487
9950.000 0.488
9955.000 0.491
9960.000 0.493
9965.000 0.493
9970.000 0.496
9975.000 0.498
9980.000 0.497
9985.000 0.507
9990.000 0.499
9995.000 0.494
10000.000 0.503
10005.000 0.510
10010.000 0.507
10015.000 0.506
10020.000 0.521
10025.000 0.530
10030.000 0.543
10035.000 0.550
10040.000 0.555
10045.000 0.566
10050.000 0.538
10055.000 0.521
10060.000 0.395
10065.000 0.329
10070.000 0.271
10075.000 0.309
10080.000 0.507
10085.000 0.727
10090.000 0.885
10095.000 1.247
10100.000 1.408
10105.000 1.619
10110.000 1.712
10115.000 1.706
10120.000 1.679
10125.000 1.652
10130.000 1.635
10135.000 1.652
10140.000 1.669
10145.000 1.731
10150.000 1.762
10155.000 1.886
10160.000 2.018
10165.000 2.066
10170.000 2.169
10175.000 2.176
10180.000 2.076
10185.000 1.779
10190.000 1.618
10195.000 1.357
10200.000 1.211
10205.000 0.998
10210.000 0.880
10215.000 0.822
10220.000 0.756
10225.000 0.741
10230.000 0.737
10235.000 0.777
10240.000 0.815
10245.000 0.915
10250.000 0.994
10255.000 1.183
10260.000 1.403
10265.000 1.579
10270.000 1.887
10275.000 2.005
10280.000 2.255
10285.000 2.304
10290.000 2.274
10295.000 2.121
10300.000 2.040
10305.000 1.912
10310.000 1.776
10315.000 1.733
10320.000 1.668
10325.000 1.640
10330.000 1.597
10335.000 1.582
10340.000 1.577
10345.000 1.589
10350.000 1.604
10355.000 1.641
10360.000 1.705
10365.000 1.749
10370.000 1.849
10375.000 1.913
10380.000 2.046
10385.000 2.147
10390.000 2.208
10395.000 2.211
10400.000 2.167
10405.000 1.915
10410.000 1.594
10415.000 1.475
10420.000 1.149
10425.000 1.034
10430.000 0.869
10435.000 0.710
10440.000 0.656
10445.000 0.583
10450.000 0.539
10455.000 0.494
10460.000 0.473
10465.000 0.464
10470.000 0.472
10475.000 0.485
10480.000 0.522
10485.000 0.592
10490.000 0.636
10495.000 0.749
10500.000 0.830
10505.000 1.009
10510.000 1.243
10515.000 1.374
10520.000 1.616
10525.000 1.700
10530.000 1.847
10535.000 1.837
10540.000 1.807
10545.000 1.678
10550.000 1.621
10555.000 1.527
10560.000 1.429
10565.000 1.396
10570.000 1.347
10575.000 1.322
10580.000 1.288
10585.000 1.272
10590.000 1.267
10595.000 1.267
10600.000 1.272
10605.000 1.282
10610.000 1.309
10615.000 1.321
10620.000 1.349
10625.000 1.370
10630.000 1.406
10635.000 1.415
10640.000 1.415
10645.000 1.366
10650.000 1.327
10655.000 1.151
10660.000 0.963
10665.000 0.857
10670.000 0.641
10675.000 0.557
10680.000 0.429
10685.000 0.348
10690.000 0.250
10695.000 0.181
10700.000 0.142
10705.000 0.088
10710.000 0.077
10715.000 0.055
10720.000 0.087
10725.000 0.103
10730.000 0.171
10735.000 0.204
10740.000 0.281
10745.000 0.404
10750.000 0.465
10755.000 0.590
10760.000 0.653
10765.000 0.786
10770.000 0.855
10775.000 0.878
10780.000 0.892
10785.000 0.885
10790.000 0.866
10795.000 0.840
10800.000 0.829
10805.000 0.810
10810.000 0.804
10815.000 0.795
10820.000 0.792
10825.000 0.793
10830.000 0.792
10835.000 0.788
10840.000 0.779
10845.000 0.758
10850.000 0.739
10855.000 0.670
10860.000 0.624
10865.000 0.534
10870.000 0.428
10875.000 0.394
10880.000 0.359
10885.000 0.341
10890.000 0.328
10895.000 0.327
10900.000 0.334
10905.000 0.346
10910.000 0.357
10915.000 0.382
10920.000 0.417
10925.000 0.438
10930.000 0.461
10935.000 0.473
10940.000 0.478
10945.000 0.481
10950.000 0.484
10955.000 0.477
10960.000 0.480
10965.000 0.471
10970.000 0.476
10975.000 0.473
10980.000 0.469
10985.000 0.468
10990.000 0.464
10995.000 0.470
11000.000 0.467
11005.000 0.468
11010.000 0.472
11015.000 0.472
11020.000 0.472
11025.000 0.478
11030.000 0.469
11035.000 0.475
11040.000 0.471
11045.000 0.471
11050.000 0.468
11055.000 0.466
11060.000 0.464
11065.000 0.465
11070.000 0.462
11075.000 0.465
11080.000 0.461
11085.000 0.463
11090.000 0.467
11095.000 0.466
11100.000 0.469
11105.000 0.470
11110.000 0.473
11115.000 0.470
11120.000 0.472
11125.000 0.472
11130.000 0.471
11135.000 0.466
11140.000 0.466
11145.000 0.464
11150.000 0.463
11155.000 0.461
11160.000 0.465
11165.000 0.463
11170.000 0.461
11175.000 0.463
11180.000 0.465
11185.000 0.467
11190.000 0.471
11195.000 0.469
11200.000 0.473
11205.000 0.468
11210.000 0.468
11215.000 0.471
11220.000 0.471
11225.000 0.466
11230.000 0.463
11235.000 0.464
11240.000 0.460
11245.000 0.462
11250.000 0.459
11255.000 0.458
11260.000 0.463
11265.000 0.461
11270.000 0.461
11275.000 0.466
11285.000 0.460
11290.000 0.466
11295.000 0.470
11300.000 0.466
11305.000 0.467
11310.000 0.469
11315.000 0.470
11320.000 0.468
11325.000 0.466
11330.000 0.467
11335.000 0.462
11340.000 0.463
11345.000 0.459
11350.000 0.458
11355.000 0.458
11360.000 0.458
11365.000 0.461
11370.000 0.462
11375.000 0.461
11380.000 0.463
11385.000 0.468
11390.000 0.468
11395.000 0.463
11400.000 0.466
11405.000 0.467
11410.000 0.468
11415.000 0.461
11420.000 0.464
11425.000 0.462
11430.000 0.462
11435.000 0.459
11440.000 0.458
11445.000 0.457
11450.000 0.456
11455.000 0.456
11460.000 0.460
11465.000 0.461
11470.000 0.460
11475.000 0.462
11480.000 0.467
11485.000 0.467
11490.000 0.465
11495.000 0.463
11500.000 0.466
11505.000 0.460
11510.000 0.460
11515.000 0.460
11520.000 0.458
11525.000 0.458
11530.000 0.458
11535.000 0.456
11540.000 0.456
11545.000 0.455
11550.000 0.458
11555.000 0.460
11560.000 0.458
11565.000 0.463
11570.000 0.463
11575.000 0.464
11580.000 0.465
11585.000 0.464
11590.000 0.466
11595.000 0.463
11600.000 0.457
11605.000 0.459
11610.000 0.458
11615.000 0.457
11620.000 0.456
11625.000 0.459
11630.000 0.456
11635.000 0.457
11640.000 0.457
11645.000 0.460
11650.000 0.459
11655.000 0.462
11660.000 0.464
11665.000 0.463
11670.000 0.462
11675.000 0.461
11680.000 0.457
11685.000 0.459
11690.000 0.460
11695.000 0.459
11700.000 0.454
11705.000 0.456
11710.000 0.456
11715.000 0.451
11720.000 0.456
11725.000 0.455
11730.000 0.457
11735.000 0.456
11740.000 0.459
11745.000 0.460
11750.000 0.461
11755.000 0.460
11760.000 0.458
11765.000 0.461
11770.000 0.456
11775.000 0.454
11780.000 0.456
11785.000 0.451
11790.000 0.455
11795.000 0.453
11800.000 0.451
11805.000 0.454
11810.000 0.452
11815.000 0.448
11820.000 0.456
11825.000 0.459
11830.000 0.456
11835.000 0.459
11840.000 0.460
11845.000 0.460
11850.000 0.454
11855.000 0.458
11860.000 0.457
11865.000 0.454
11870.000 0.452
11875.000 0.450
11880.000 0.451
11885.000 0.451
11890.000 0.452
11895.000 0.453
11900.000 0.454
11905.000 0.451
11910.000 0.453
11915.000 0.455
11920.000 0.455
11925.000 0.455
11930.000 0.458
11935.000 0.458
11940.000 0.456
11945.000 0.454
11950.000 0.454
11955.000 0.453
11960.000 0.449
11965.000 0.453
11970.000 0.455
11975.000 0.448
11980.000 0.451
11985.000 0.451
11990.000 0.448
11995.000 0.454
12000.000 0.448
