105.000 0.432
110.000 4.092
115.000 3.928
120.000 4.164
125.000 4.288
130.000 4.579
135.000 4.763
140.000 4.865
145.000 5.097
150.000 5.459
155.000 5.560
160.000 5.923
165.000 6.086
170.000 6.516
175.000 7.006
180.000 7.206
185.000 7.805
190.000 8.127
195.000 8.839
200.000 9.661
205.000 10.088
210.000 11.152
215.000 11.747
220.000 13.171
225.000 14.865
230.000 15.844
235.000 18.274
240.000 19.692
245.000 23.351
250.000 28.148
255.000 31.257
260.000 39.407
265.000 43.713
270.000 60.010
275.000 82.371
280.000 95.806
285.000 120.022
290.000 120.848
295.000 92.899
300.000 67.955
305.000 60.391
310.000 50.001
315.000 47.001
320.000 41.214
325.000 37.485
330.000 35.705
335.000 33.803
340.000 32.908
345.000 31.314
350.000 30.659
355.000 30.591
360.000 30.632
365.000 30.429
370.000 30.612
375.000 31.069
380.000 30.906
385.000 32.270
390.000 32.726
395.000 35.539
400.000 34.961
405.000 35.957
410.000 37.152
415.000 37.864
420.000 39.162
425.000 40.529
430.000 41.061
435.000 41.930
440.000 42.193
445.000 42.516
450.000 42.411
455.000 42.220
460.000 41.671
465.000 41.402
470.000 40.748
475.000 40.134
480.000 39.911
485.000 39.606
490.000 39.589
495.000 39.796
500.000 40.502
505.000 41.027
510.000 42.701
515.000 43.835
520.000 46.945
525.000 51.619
530.000 54.745
535.000 63.327
540.000 69.411
545.000 86.490
550.000 113.458
555.000 128.499
560.000 139.495
565.000 139.287
570.000 103.498
575.000 62.636
580.000 51.500
585.000 38.533
590.000 34.063
595.000 27.495
600.000 24.977
605.000 20.945
610.000 17.989
615.000 16.786
620.000 14.728
625.000 13.902
630.000 12.485
635.000 11.264
640.000 10.770
645.000 9.863
650.000 9.474
655.000 8.782
660.000 8.217
665.000 7.944
670.000 7.489
675.000 7.296
680.000 6.943
685.000 6.646
690.000 6.508
695.000 6.278
700.000 7.560
705.000 6.011
710.000 5.879
715.000 5.841
720.000 5.763
725.000 5.757
730.000 5.703
735.000 5.713
740.000 5.810
745.000 5.868
750.000 5.923
755.000 6.067
760.000 6.279
765.000 6.425
770.000 6.767
775.000 6.980
780.000 7.573
785.000 8.332
790.000 8.842
795.000 10.243
800.000 11.092
805.000 13.482
810.000 17.181
815.000 19.708
820.000 25.960
825.000 28.883
830.000 28.401
835.000 17.053
840.000 13.415
845.000 9.416
850.000 8.134
855.000 6.340
860.000 5.103
865.000 4.630
870.000 3.876
875.000 3.567
880.000 3.051
885.000 2.665
890.000 2.495
895.000 2.209
900.000 2.084
905.000 1.874
910.000 1.683
915.000 1.607
920.000 1.473
925.000 1.408
930.000 1.288
935.000 1.199
940.000 1.159
945.000 1.075
950.000 1.036
955.000 0.984
960.000 0.929
965.000 0.918
970.000 0.871
975.000 0.850
980.000 0.835
985.000 0.778
990.000 0.782
995.000 0.753
1000.000 0.752
1005.000 0.742
1010.000 0.742
1015.000 0.742
1020.000 0.755
1025.000 0.767
1030.000 0.795
1035.000 0.835
1040.000 0.865
1045.000 0.938
1050.000 0.988
1055.000 1.101
1060.000 1.268
1065.000 1.378
1070.000 1.639
1075.000 1.809
1080.000 2.270
1085.000 2.965
1090.000 3.428
1095.000 4.809
1100.000 5.742
1105.000 7.972
1110.000 9.146
1115.000 8.345
1120.000 5.531
1125.000 4.788
1130.000 3.789
1135.000 3.205
1140.000 2.985
1145.000 2.658
1150.000 2.531
1155.000 2.334
1160.000 2.170
1165.000 2.119
1170.000 2.020
1175.000 1.966
1180.000 1.905
1185.000 1.878
1190.000 1.834
1195.000 1.801
1200.000 1.791
1205.000 1.775
1210.000 1.767
1215.000 1.767
1220.000 1.770
1225.000 1.778
1230.000 1.802
1235.000 1.815
1240.000 1.844
1245.000 1.879
1250.000 1.904
1255.000 1.957
1260.000 1.992
1265.000 2.070
1270.000 2.166
1275.000 2.214
1280.000 2.331
1285.000 2.400
1290.000 2.549
1295.000 2.732
1300.000 2.843
1305.000 3.091
1310.000 3.239
1315.000 3.578
1320.000 4.027
1325.000 4.299
1330.000 4.973
1335.000 5.419
1340.000 6.538
1345.000 8.148
1350.000 9.293
1355.000 12.317
1360.000 14.232
1365.000 18.127
1370.000 18.467
1375.000 16.082
1380.000 10.771
1385.000 9.227
1390.000 7.183
1395.000 5.892
1400.000 5.421
1405.000 4.691
1410.000 4.411
1415.000 3.936
1420.000 3.583
1425.000 3.445
1430.000 3.188
1435.000 3.087
1440.000 2.917
1445.000 2.770
1450.000 2.712
1455.000 2.616
1460.000 2.574
1465.000 2.497
1470.000 2.445
1475.000 2.424
1480.000 2.397
1485.000 2.389
1490.000 2.384
1495.000 2.383
1500.000 2.393
1505.000 2.420
1510.000 2.432
1515.000 2.485
1520.000 2.542
1525.000 2.583
1530.000 2.666
1535.000 2.720
1540.000 2.839
1545.000 2.984
1550.000 3.067
1555.000 3.266
1560.000 3.379
1565.000 3.638
1570.000 3.972
1575.000 4.167
1580.000 4.629
1585.000 4.908
1590.000 5.617
1595.000 6.566
1600.000 7.148
1605.000 8.742
1610.000 9.754
1615.000 12.211
1620.000 14.867
1625.000 15.639
1630.000 14.521
1635.000 12.731
1640.000 9.460
1645.000 7.649
1650.000 6.980
1655.000 6.082
1660.000 5.771
1665.000 5.313
1670.000 5.012
1675.000 4.894
1680.000 4.712
1685.000 4.637
1690.000 4.517
1695.000 4.414
1700.000 4.371
1705.000 4.295
1710.000 4.266
1715.000 4.208
1720.000 4.169
1725.000 4.155
1730.000 4.127
1735.000 4.122
1740.000 4.112
1745.000 4.122
1750.000 4.127
1755.000 4.158
1760.000 4.181
1765.000 4.230
1770.000 4.263
1775.000 4.336
1780.000 4.429
1785.000 4.485
1790.000 4.606
1795.000 4.674
1800.000 4.837
1805.000 5.017
1810.000 5.128
1815.000 5.360
1820.000 5.492
1825.000 5.795
1830.000 6.151
1835.000 6.347
1840.000 6.806
1845.000 7.065
1850.000 7.665
1855.000 8.401
1860.000 8.822
1865.000 9.827
1870.000 10.402
1875.000 11.871
1880.000 13.737
1885.000 14.823
1890.000 17.683
1895.000 19.392
1900.000 23.311
1905.000 27.795
1910.000 29.663
1915.000 31.121
1920.000 30.282
1925.000 25.982
1930.000 21.446
1935.000 19.524
1940.000 16.393
1945.000 15.192
1950.000 13.312
1955.000 11.829
1960.000 11.248
1965.000 10.298
1970.000 9.884
1975.000 9.197
1980.000 8.681
1985.000 8.429
1990.000 8.062
1995.000 7.931
2000.000 7.661
2005.000 7.485
2010.000 7.419
2015.000 7.346
2020.000 7.312
2025.000 7.307
2030.000 7.363
2035.000 7.407
2040.000 7.549
2045.000 7.651
2050.000 7.888
2055.000 8.229
2060.000 8.427
2065.000 8.955
2070.000 9.249
2075.000 9.934
2080.000 10.369
2085.000 11.380
2090.000 12.609
2095.000 13.372
2100.000 15.150
2105.000 16.138
2110.000 18.209
2115.000 20.088
2120.000 20.671
2125.000 20.609
2130.000 19.865
2135.000 17.471
2140.000 14.858
2145.000 13.593
2150.000 11.543
2155.000 10.736
2160.000 9.274
2165.000 8.160
2170.000 7.726
2175.000 6.904
2180.000 6.574
2185.000 6.010
2190.000 5.523
2195.000 5.318
2200.000 4.967
2205.000 4.812
2210.000 4.536
2215.000 4.305
2220.000 4.203
2225.000 4.022
2230.000 3.882
2235.000 3.822
2240.000 3.712
2245.000 3.671
2250.000 3.606
2255.000 3.561
2260.000 3.546
2265.000 3.542
2270.000 3.546
2275.000 3.584
2280.000 3.649
2285.000 3.703
2290.000 3.834
2295.000 3.924
2300.000 4.150
2305.000 4.470
2310.000 4.676
2315.000 5.217
2320.000 5.572
2325.000 6.518
2330.000 7.798
2335.000 8.613
2340.000 9.957
2345.000 10.125
2350.000 8.347
2355.000 5.434
2360.000 4.523
2365.000 3.130
2370.000 2.699
2375.000 2.081
2380.000 1.832
2385.000 1.451
2390.000 1.186
2395.000 1.075
2400.000 0.887
2405.000 0.814
2410.000 0.696
2415.000 0.596
2420.000 0.562
2425.000 0.503
2430.000 0.473
2435.000 0.437
2440.000 0.406
2445.000 0.395
2450.000 0.376
2455.000 0.371
2460.000 0.361
2465.000 0.357
2470.000 0.357
2475.000 0.358
2480.000 0.357
2485.000 0.362
2490.000 0.365
2495.000 0.365
2500.000 0.368
2505.000 0.369
2510.000 0.377
2515.000 0.377
2520.000 0.382
2525.000 0.387
2530.000 0.388
2535.000 0.391
2540.000 0.395
2545.000 0.397
2550.000 0.402
2555.000 0.404
2560.000 0.405
2565.000 0.408
2570.000 0.414
2575.000 0.415
2580.000 0.419
2585.000 0.421
2590.000 0.424
2595.000 0.422
2600.000 0.425
2605.000 0.424
2610.000 0.432
2615.000 0.430
2620.000 0.433
2625.000 0.434
2630.000 0.433
2635.000 0.432
2640.000 0.441
2645.000 0.434
2650.000 0.440
2655.000 0.440
2660.000 0.438
2665.000 0.443
2670.000 0.445
2675.000 0.445
2680.000 0.441
2685.000 0.448
2690.000 0.446
2695.000 0.445
2700.000 0.449
2705.000 0.449
2710.000 0.449
2715.000 0.448
2720.000 0.450
2725.000 0.450
2730.000 0.450
2735.000 0.447
2740.000 0.449
2745.000 0.452
2750.000 0.453
2755.000 0.452
2760.000 0.452
2765.000 0.451
2770.000 0.454
2775.000 0.450
2780.000 0.452
2785.000 0.447
2790.000 0.451
2795.000 0.450
2800.000 0.449
2805.000 0.452
2810.000 0.452
2815.000 0.449
2820.000 0.453
2825.000 0.454
2830.000 0.453
2835.000 0.457
2840.000 0.463
2845.000 0.460
2850.000 0.462
2855.000 0.464
2860.000 0.467
2865.000 0.470
2870.000 0.476
2875.000 0.484
2880.000 0.489
2885.000 0.503
2890.000 0.511
2895.000 0.536
2900.000 0.567
2905.000 0.584
2910.000 0.637
2915.000 0.669
2920.000 0.768
2925.000 0.919
2930.000 1.019
2935.000 1.313
2940.000 1.503
2945.000 1.918
2950.000 2.124
2955.000 2.022
2960.000 1.528
2965.000 1.351
2970.000 1.115
2975.000 0.978
2980.000 0.917
2985.000 0.838
2990.000 0.802
2995.000 0.745
3000.000 0.725
3005.000 0.712
3010.000 0.683
3015.000 0.661
3020.000 0.652
3025.000 0.636
3030.000 0.636
3035.000 0.618
3040.000 0.613
3045.000 0.610
3050.000 0.599
3055.000 0.594
3060.000 0.583
3065.000 0.581
3070.000 0.579
3075.000 0.574
3080.000 0.579
3085.000 0.573
3090.000 0.572
3095.000 0.570
3100.000 0.569
3105.000 0.566
3110.000 0.566
3115.000 0.563
3120.000 0.568
3125.000 0.565
3130.000 0.563
3135.000 0.558
3140.000 0.561
3145.000 0.562
3150.000 0.561
3155.000 0.563
3160.000 0.563
3165.000 0.560
3170.000 0.567
3175.000 0.572
3180.000 0.573
3185.000 0.572
3190.000 0.576
3195.000 0.575
3200.000 0.579
3205.000 0.584
3210.000 0.585
3215.000 0.589
3220.000 0.591
3225.000 0.594
3230.000 0.602
3235.000 0.600
3240.000 0.608
3245.000 0.612
3250.000 0.621
3255.000 0.626
3260.000 0.638
3265.000 0.641
3270.000 0.651
3275.000 0.666
3280.000 0.682
3285.000 0.697
3290.000 0.712
3295.000 0.732
3300.000 0.743
3305.000 0.778
3310.000 0.813
3315.000 0.836
3320.000 0.883
3325.000 0.915
3330.000 0.983
3335.000 1.070
3340.000 1.123
3345.000 1.250
3350.000 1.327
3355.000 1.512
3360.000 1.778
3365.000 1.936
3370.000 2.357
3375.000 2.603
3380.000 3.363
3385.000 4.472
3390.000 5.139
3395.000 6.985
3400.000 7.871
3405.000 8.582
3410.000 7.062
3415.000 6.159
3420.000 5.032
3425.000 4.613
3430.000 4.056
3435.000 3.727
3440.000 3.609
3445.000 3.448
3450.000 3.402
3455.000 3.370
3460.000 3.394
3465.000 3.429
3470.000 3.543
3475.000 3.637
3480.000 3.862
3485.000 4.173
3490.000 4.379
3495.000 4.882
3500.000 5.160
3505.000 5.977
3510.000 7.032
3515.000 7.617
3520.000 9.150
3525.000 9.924
3530.000 11.112
3535.000 11.076
3540.000 10.444
3545.000 8.701
3550.000 7.899
3555.000 6.404
3560.000 5.475
3565.000 5.101
3570.000 4.476
3575.000 4.236
3580.000 3.862
3585.000 3.549
3590.000 3.427
3595.000 3.235
3600.000 3.146
3605.000 3.012
3610.000 2.916
3615.000 2.876
3620.000 2.825
3625.000 2.812
3630.000 2.797
3635.000 2.815
3640.000 2.829
3645.000 2.891
3650.000 2.933
3655.000 3.042
3660.000 3.203
3665.000 3.305
3670.000 3.558
3675.000 3.701
3680.000 4.128
3685.000 4.692
3690.000 5.018
3695.000 5.996
3700.000 6.588
3705.000 7.930
3710.000 9.242
3715.000 9.474
3720.000 8.460
3725.000 7.342
3730.000 5.320
3735.000 4.126
3740.000 3.644
3745.000 2.959
3750.000 2.700
3755.000 2.309
3760.000 2.006
3765.000 1.881
3770.000 1.684
3775.000 1.601
3780.000 1.458
3785.000 1.348
3790.000 1.298
3795.000 1.208
3800.000 1.180
3805.000 1.118
3810.000 1.066
3815.000 1.044
3820.000 1.002
3825.000 0.989
3830.000 0.964
3835.000 0.940
3840.000 0.929
3845.000 0.917
3850.000 0.911
3855.000 0.901
3860.000 0.902
3865.000 0.896
3870.000 0.898
3875.000 0.900
3880.000 0.904
3885.000 0.912
3890.000 0.919
3895.000 0.935
3900.000 0.945
3905.000 0.970
3910.000 0.983
3915.000 1.014
3920.000 1.051
3925.000 1.069
3930.000 1.118
3935.000 1.151
3940.000 1.209
3945.000 1.295
3950.000 1.339
3955.000 1.434
3960.000 1.486
3965.000 1.632
3970.000 1.802
3975.000 1.911
3980.000 2.175
3985.000 2.348
3990.000 2.713
3995.000 3.288
4000.000 3.622
4005.000 4.447
4010.000 5.037
4015.000 6.441
4020.000 7.743
4025.000 8.147
4030.000 7.685
4035.000 6.925
4040.000 5.451
4045.000 4.408
4050.000 4.045
4055.000 3.483
4060.000 3.253
4065.000 2.921
4070.000 2.677
4075.000 2.570
4080.000 2.406
4085.000 2.351
4090.000 2.240
4095.000 2.162
4100.000 2.132
4105.000 2.091
4110.000 2.073
4115.000 2.060
4120.000 2.065
4125.000 2.074
4130.000 2.111
4135.000 2.137
4140.000 2.212
4145.000 2.322
4150.000 2.386
4155.000 2.564
4160.000 2.670
4165.000 2.921
4170.000 3.300
4175.000 3.525
4180.000 4.051
4185.000 4.421
4190.000 5.125
4195.000 5.602
4200.000 5.598
4205.000 4.886
4210.000 4.343
4215.000 3.275
4220.000 2.544
4225.000 2.292
4230.000 1.850
4235.000 1.688
4240.000 1.443
4245.000 1.244
4250.000 1.166
4255.000 1.049
4260.000 1.001
4265.000 0.908
4270.000 0.848
4275.000 0.818
4280.000 0.772
4285.000 0.756
4290.000 0.723
4295.000 0.699
4300.000 0.689
4305.000 0.674
4310.000 0.665
4315.000 0.655
4320.000 0.650
4325.000 0.646
4330.000 0.647
4335.000 0.647
4340.000 0.652
4345.000 0.658
4350.000 0.665
4355.000 0.681
4360.000 0.689
4365.000 0.708
4370.000 0.740
4375.000 0.758
4380.000 0.797
4385.000 0.825
4390.000 0.883
4395.000 0.966
4400.000 1.013
4405.000 1.139
4410.000 1.219
4415.000 1.398
4420.000 1.680
4425.000 1.855
4430.000 2.264
4435.000 2.537
4440.000 3.161
4445.000 3.452
4450.000 3.621
4455.000 3.132
4460.000 2.803
4465.000 2.279
4470.000 2.067
4475.000 1.763
4480.000 1.552
4485.000 1.465
4490.000 1.331
4495.000 1.281
4500.000 1.188
4505.000 1.116
4510.000 1.093
4515.000 1.040
4520.000 1.022
4525.000 0.988
4530.000 0.961
4535.000 0.946
4540.000 0.927
4545.000 0.915
4550.000 0.900
4555.000 0.888
4560.000 0.879
4565.000 0.869
4570.000 0.871
4575.000 0.862
4580.000 0.859
4585.000 0.856
4590.000 0.856
4595.000 0.857
4600.000 0.862
4605.000 0.864
4610.000 0.863
4615.000 0.872
4620.000 0.874
4625.000 0.886
4630.000 0.899
4635.000 0.905
4640.000 0.915
4645.000 0.927
4650.000 0.942
4655.000 0.960
4660.000 0.976
4665.000 1.000
4670.000 1.020
4675.000 1.061
4680.000 1.107
4685.000 1.135
4690.000 1.211
4695.000 1.251
4700.000 1.352
4705.000 1.501
4710.000 1.589
4715.000 1.786
4720.000 1.911
4725.000 2.176
4730.000 2.326
4735.000 2.300
4740.000 1.924
4745.000 1.677
4750.000 1.253
4755.000 0.965
4760.000 0.860
4765.000 0.709
4770.000 0.655
4775.000 0.573
4780.000 0.518
4785.000 0.503
4790.000 0.484
4795.000 0.479
4800.000 0.492
4805.000 0.518
4810.000 0.540
4815.000 0.603
4820.000 0.644
4825.000 0.746
4830.000 0.909
4835.000 1.005
4840.000 1.239
4845.000 1.413
4850.000 1.816
4855.000 2.271
4860.000 2.524
4865.000 2.869
4870.000 2.876
4875.000 2.627
4880.000 2.231
4885.000 2.068
4890.000 1.826
4895.000 1.715
4900.000 1.552
4905.000 1.434
4910.000 1.386
4915.000 1.299
4920.000 1.269
4925.000 1.204
4930.000 1.158
4935.000 1.139
4940.000 1.110
4945.000 1.095
4950.000 1.073
4955.000 1.053
4960.000 1.054
4965.000 1.041
4970.000 1.045
4975.000 1.044
4980.000 1.031
4985.000 1.033
4990.000 1.038
4995.000 1.049
5000.000 1.052
5005.000 1.063
5010.000 1.075
5015.000 1.099
5020.000 1.104
5025.000 1.137
5030.000 1.186
5035.000 1.212
5040.000 1.274
5045.000 1.299
5050.000 1.399
5055.000 1.438
5060.000 1.549
5065.000 1.674
5070.000 1.723
5075.000 1.729
5080.000 1.656
5085.000 1.309
5090.000 0.881
5095.000 0.700
5100.000 0.397
5105.000 0.296
5110.000 0.163
5115.000 0.107
5120.000 0.114
5125.000 0.151
5130.000 0.178
5135.000 0.219
5140.000 0.257
5145.000 0.275
5150.000 0.304
5155.000 0.316
5160.000 0.336
5165.000 0.356
5170.000 0.362
5175.000 0.373
5180.000 0.384
5185.000 0.394
5190.000 0.401
5195.000 0.405
5200.000 0.413
5205.000 0.414
5210.000 0.421
5215.000 0.429
5220.000 0.434
5225.000 0.436
5230.000 0.443
5235.000 0.448
5240.000 0.451
5245.000 0.460
5250.000 0.457
5255.000 0.460
5260.000 0.460
5265.000 0.469
5270.000 0.468
5275.000 0.469
5280.000 0.468
5285.000 0.472
5290.000 0.472
5295.000 0.474
5300.000 0.476
5305.000 0.476
5310.000 0.482
5315.000 0.490
5320.000 0.491
5325.000 0.498
5330.000 0.502
5335.000 0.517
5340.000 0.521
5345.000 0.538
5350.000 0.564
5355.000 0.585
5360.000 0.628
5365.000 0.653
5370.000 0.693
5375.000 0.687
5380.000 0.662
5385.000 0.610
5390.000 0.591
5395.000 0.561
5400.000 0.543
5405.000 0.536
5410.000 0.532
5415.000 0.529
5420.000 0.522
5425.000 0.521
5430.000 0.519
5435.000 0.518
5440.000 0.512
5445.000 0.511
5450.000 0.508
5455.000 0.504
5460.000 0.504
5465.000 0.505
5470.000 0.503
5475.000 0.501
5480.000 0.501
5485.000 0.504
5490.000 0.502
5495.000 0.499
5500.000 0.499
5505.000 0.502
5510.000 0.502
5515.000 0.504
5520.000 0.508
5525.000 0.504
5530.000 0.505
5535.000 0.503
5540.000 0.500
5545.000 0.498
5550.000 0.498
5555.000 0.498
5560.000 0.497
5565.000 0.497
5570.000 0.496
5575.000 0.496
5580.000 0.498
5585.000 0.496
5590.000 0.499
5595.000 0.499
5600.000 0.502
5605.000 0.501
5610.000 0.504
5615.000 0.501
5620.000 0.500
5625.000 0.500
5630.000 0.495
5635.000 0.494
5640.000 0.495
5645.000 0.494
5650.000 0.495
5655.000 0.497
5660.000 0.495
5665.000 0.497
5670.000 0.495
5675.000 0.498
5680.000 0.500
5685.000 0.499
5690.000 0.495
5695.000 0.499
5700.000 0.504
5705.000 0.500
5710.000 0.499
5715.000 0.498
5720.000 0.497
5725.000 0.492
5730.000 0.492
5735.000 0.491
5740.000 0.491
5745.000 0.491
5750.000 0.492
5755.000 0.495
5760.000 0.495
5765.000 0.494
5770.000 0.496
5775.000 0.500
5780.000 0.498
5785.000 0.500
5790.000 0.499
5795.000 0.500
5800.000 0.500
5805.000 0.499
5810.000 0.498
5815.000 0.498
5820.000 0.495
5825.000 0.497
5830.000 0.498
5835.000 0.498
5840.000 0.499
5845.000 0.497
5850.000 0.506
5855.000 0.503
5860.000 0.504
5865.000 0.507
5870.000 0.507
5875.000 0.508
5880.000 0.508
5885.000 0.506
5890.000 0.508
5895.000 0.508
5900.000 0.505
5905.000 0.504
5910.000 0.500
5915.000 0.500
5920.000 0.504
5925.000 0.503
5930.000 0.501
5935.000 0.504
5940.000 0.504
5945.000 0.505
5950.000 0.508
5955.000 0.502
5960.000 0.507
5965.000 0.508
5970.000 0.516
5975.000 0.517
5980.000 0.514
5985.000 0.507
5990.000 0.506
5995.000 0.495
6000.000 0.507
6005.000 0.508
6010.000 0.502
6015.000 0.495
6020.000 0.507
6025.000 0.492
6030.000 0.508
6035.000 0.501
6040.000 0.502
6045.000 0.510
6050.000 0.503
6055.000 0.503
6060.000 0.501
6065.000 0.499
6070.000 0.503
6075.000 0.501
6080.000 0.504
6085.000 0.499
6090.000 0.496
6095.000 0.501
6100.000 0.494
6105.000 0.498
6110.000 0.499
6115.000 0.495
6120.000 0.504
6125.000 0.503
6130.000 0.502
6135.000 0.506
6140.000 0.505
6145.000 0.506
6150.000 0.507
6155.000 0.504
6160.000 0.503
6165.000 0.501
6170.000 0.501
6175.000 0.499
6180.000 0.499
6185.000 0.496
6190.000 0.499
6195.000 0.498
6200.000 0.499
6205.000 0.496
6210.000 0.504
6215.000 0.502
6220.000 0.504
6225.000 0.506
6230.000 0.506
6235.000 0.505
6240.000 0.505
6245.000 0.502
6250.000 0.501
6255.000 0.500
6260.000 0.496
6265.000 0.495
6270.000 0.496
6275.000 0.491
6280.000 0.495
6285.000 0.496
6290.000 0.499
6295.000 0.496
6300.000 0.493
6305.000 0.509
6310.000 0.497
6315.000 0.505
6320.000 0.506
6325.000 0.502
6330.000 0.503
6335.000 0.498
6340.000 0.498
6345.000 0.497
6350.000 0.499
6355.000 0.496
6360.000 0.495
6365.000 0.493
6370.000 0.494
6375.000 0.494
6380.000 0.495
6385.000 0.498
6390.000 0.499
6395.000 0.500
6400.000 0.503
6405.000 0.504
6410.000 0.499
6415.000 0.502
6420.000 0.504
6425.000 0.502
6430.000 0.499
6435.000 0.494
6440.000 0.493
6445.000 0.493
6450.000 0.494
6455.000 0.493
6460.000 0.494
6465.000 0.495
6470.000 0.494
6475.000 0.495
6480.000 0.497
6485.000 0.495
6490.000 0.496
6495.000 0.500
6500.000 0.498
6505.000 0.496
6510.000 0.491
6515.000 0.490
6520.000 0.487
6525.000 0.483
6530.000 0.477
6535.000 0.480
6540.000 0.476
6545.000 0.474
6550.000 0.474
6555.000 0.470
6560.000 0.471
6565.000 0.464
6570.000 0.464
6575.000 0.460
6580.000 0.456
6585.000 0.448
6590.000 0.441
6595.000 0.427
6600.000 0.419
6605.000 0.394
6610.000 0.391
6615.000 0.366
6620.000 0.336
6625.000 0.325
6630.000 0.303
6635.000 0.304
6640.000 0.336
6645.000 0.452
6650.000 0.534
6655.000 0.878
6660.000 1.117
6665.000 1.704
6670.000 2.652
6675.000 3.110
6680.000 3.683
6685.000 3.815
6690.000 3.742
6695.000 3.735
6700.000 3.790
6705.000 3.999
6710.000 4.175
6715.000 4.618
6720.000 5.376
6725.000 5.819
6730.000 6.735
6735.000 7.247
6740.000 7.658
6745.000 7.068
6750.000 6.352
6755.000 5.116
6760.000 4.708
6765.000 3.890
6770.000 3.385
6775.000 3.220
6780.000 2.901
6785.000 2.789
6790.000 2.634
6795.000 2.540
6800.000 2.512
6805.000 2.495
6810.000 2.505
6815.000 2.568
6820.000 2.680
6825.000 2.772
6830.000 2.999
6835.000 3.150
6840.000 3.498
6845.000 4.063
6850.000 4.398
6855.000 5.140
6860.000 5.690
6865.000 6.615
6870.000 7.100
6875.000 7.019
6880.000 6.175
6885.000 5.708
6890.000 4.670
6895.000 3.974
6900.000 3.755
6905.000 3.282
6910.000 3.114
6915.000 2.877
6920.000 2.664
6925.000 2.589
6930.000 2.486
6935.000 2.437
6940.000 2.367
6945.000 2.332
6950.000 2.331
6955.000 2.326
6960.000 2.346
6965.000 2.372
6970.000 2.454
6975.000 2.496
6980.000 2.587
6985.000 2.667
6990.000 2.847
6995.000 3.061
7000.000 3.223
7005.000 3.591
7010.000 3.763
7015.000 4.366
7020.000 5.055
7025.000 5.434
7030.000 6.284
7035.000 6.667
7040.000 6.974
7045.000 6.397
7050.000 5.856
7055.000 4.797
7060.000 4.340
7065.000 3.516
7070.000 3.003
7075.000 2.792
7080.000 2.405
7085.000 2.267
7090.000 2.056
7095.000 1.849
7100.000 1.778
7105.000 1.663
7110.000 1.595
7115.000 1.505
7120.000 1.470
7125.000 1.406
7130.000 1.361
7135.000 1.346
7140.000 1.317
7145.000 1.307
7150.000 1.301
7155.000 1.306
7160.000 1.317
7165.000 1.337
7170.000 1.359
7175.000 1.413
7180.000 1.476
7185.000 1.517
7190.000 1.629
7195.000 1.696
7200.000 1.842
7205.000 2.072
7210.000 2.207
7215.000 2.511
7220.000 2.753
7225.000 3.262
7230.000 3.833
7235.000 4.212
7240.000 4.826
7245.000 4.983
7250.000 4.882
7255.000 4.279
7260.000 3.952
7265.000 3.356
7270.000 3.115
7275.000 2.739
7280.000 2.452
7285.000 2.342
7290.000 2.178
7295.000 2.107
7300.000 1.975
7305.000 1.884
7310.000 1.850
7315.000 1.787
7320.000 1.763
7325.000 1.728
7330.000 1.706
7335.000 1.703
7340.000 1.699
7345.000 1.705
7350.000 1.722
7355.000 1.754
7360.000 1.784
7365.000 1.839
7370.000 1.874
7375.000 1.971
7380.000 2.081
7385.000 2.146
7390.000 2.316
7395.000 2.413
7400.000 2.647
7405.000 2.957
7410.000 3.141
7415.000 3.605
7420.000 3.807
7425.000 4.381
7430.000 4.777
7435.000 4.844
7440.000 4.581
7445.000 4.276
7450.000 3.628
7455.000 2.928
7460.000 2.667
7465.000 2.282
7470.000 2.072
7475.000 1.803
7480.000 1.610
7485.000 1.505
7490.000 1.361
7495.000 1.313
7500.000 1.205
7505.000 1.126
7510.000 1.095
7515.000 1.037
7520.000 1.018
7525.000 0.979
7530.000 0.960
7535.000 0.950
7540.000 0.936
7545.000 0.934
7550.000 0.937
7555.000 0.958
7560.000 0.961
7565.000 1.000
7570.000 1.024
7575.000 1.088
7580.000 1.193
7585.000 1.253
7590.000 1.398
7595.000 1.499
7600.000 1.762
7605.000 2.029
7610.000 2.186
7615.000 2.442
7620.000 2.494
7625.000 2.415
7630.000 2.124
7635.000 1.977
7640.000 1.748
7645.000 1.617
7650.000 1.452
7655.000 1.329
7660.000 1.275
7665.000 1.188
7670.000 1.162
7675.000 1.095
7680.000 1.049
7685.000 1.027
7690.000 0.990
7695.000 0.975
7700.000 0.959
7705.000 0.940
7710.000 0.938
7715.000 0.930
7720.000 0.930
7725.000 0.925
7730.000 0.926
7735.000 0.932
7740.000 0.939
7745.000 0.941
7750.000 0.954
7755.000 0.963
7760.000 0.983
7765.000 1.005
7770.000 1.020
7775.000 1.055
7780.000 1.075
7785.000 1.129
7790.000 1.195
7795.000 1.233
7800.000 1.337
7805.000 1.397
7810.000 1.521
7815.000 1.715
7820.000 1.816
7825.000 2.010
7830.000 2.118
7835.000 2.285
7840.000 2.283
7845.000 2.203
7850.000 1.888
7855.000 1.725
7860.000 1.451
7865.000 1.203
7870.000 1.111
7875.000 0.978
7880.000 0.909
7885.000 0.813
7890.000 0.745
7895.000 0.709
7900.000 0.656
7905.000 0.640
7910.000 0.596
7915.000 0.568
7920.000 0.563
7925.000 0.552
7930.000 0.552
7935.000 0.585
7940.000 0.644
7945.000 0.687
7950.000 0.763
7955.000 0.799
7960.000 0.819
7965.000 0.788
7970.000 0.778
7975.000 0.745
7980.000 0.731
7985.000 0.705
7990.000 0.684
7995.000 0.684
8000.000 0.674
8005.000 0.660
8010.000 0.660
8015.000 0.655
8020.000 0.644
8025.000 0.651
8030.000 0.650
8035.000 0.657
8040.000 0.665
8045.000 0.661
8050.000 0.684
8055.000 0.685
8060.000 0.701
8065.000 0.706
8070.000 0.698
8075.000 0.665
8080.000 0.656
8085.000 0.617
8090.000 0.591
8095.000 0.574
8100.000 0.546
8105.000 0.540
8110.000 0.518
8115.000 0.497
8120.000 0.491
8125.000 0.488
8130.000 0.488
8135.000 0.499
8140.000 0.499
8145.000 0.499
8150.000 0.500
8155.000 0.499
8160.000 0.499
8165.000 0.495
8170.000 0.498
8175.000 0.498
8180.000 0.500
8185.000 0.500
8190.000 0.497
8195.000 0.498
8200.000 0.496
8205.000 0.493
8210.000 0.489
8215.000 0.492
8220.000 0.487
8225.000 0.490
8230.000 0.487
8235.000 0.491
8240.000 0.491
8245.000 0.492
8250.000 0.496
8255.000 0.497
8260.000 0.498
8265.000 0.500
8270.000 0.499
8275.000 0.501
8280.000 0.501
8285.000 0.497
8290.000 0.493
8295.000 0.495
8300.000 0.490
8305.000 0.492
8310.000 0.491
8315.000 0.490
8320.000 0.488
8325.000 0.490
8330.000 0.494
8335.000 0.497
8340.000 0.496
8345.000 0.501
8350.000 0.501
8355.000 0.500
8360.000 0.502
8365.000 0.501
8370.000 0.502
8375.000 0.492
8380.000 0.496
8385.000 0.495
8390.000 0.492
8395.000 0.491
8400.000 0.489
8405.000 0.490
8410.000 0.490
8415.000 0.492
8420.000 0.491
8425.000 0.498
8430.000 0.497
8435.000 0.500
8440.000 0.500
8445.000 0.499
8450.000 0.501
8455.000 0.501
8460.000 0.498
8465.000 0.497
8470.000 0.495
8475.000 0.488
8480.000 0.489
8485.000 0.489
8490.000 0.487
8495.000 0.490
8500.000 0.494
8505.000 0.495
8510.000 0.494
8515.000 0.492
8520.000 0.498
8525.000 0.499
8530.000 0.497
8535.000 0.500
8540.000 0.499
8545.000 0.500
8550.000 0.496
8555.000 0.493
8560.000 0.492
8565.000 0.493
8570.000 0.487
8575.000 0.491
8580.000 0.487
8585.000 0.489
8590.000 0.488
8595.000 0.492
8600.000 0.495
8605.000 0.495
8610.000 0.496
8615.000 0.502
8620.000 0.498
8625.000 0.501
8630.000 0.497
8635.000 0.500
8640.000 0.498
8645.000 0.494
8650.000 0.493
8655.000 0.491
8660.000 0.486
8665.000 0.485
8670.000 0.488
8675.000 0.489
8680.000 0.489
8685.000 0.489
8690.000 0.494
8695.000 0.495
8700.000 0.496
8705.000 0.497
8710.000 0.497
8715.000 0.499
8720.000 0.496
8725.000 0.494
8730.000 0.495
8735.000 0.490
8740.000 0.489
8745.000 0.488
8750.000 0.486
8755.000 0.487
8760.000 0.486
8765.000 0.486
8770.000 0.493
8775.000 0.489
8780.000 0.492
8785.000 0.498
8790.000 0.498
8795.000 0.498
8800.000 0.499
8805.000 0.499
8810.000 0.499
8815.000 0.495
8820.000 0.496
8825.000 0.488
8830.000 0.513
8835.000 0.472
8840.000 0.484
8845.000 0.487
8850.000 0.487
8855.000 0.488
8860.000 0.491
8865.000 0.493
8870.000 0.493
8875.000 0.496
8880.000 0.499
8885.000 0.500
8890.000 0.500
8895.000 0.497
8900.000 0.501
8905.000 0.497
8910.000 0.491
8915.000 0.489
8920.000 0.487
8925.000 0.485
8930.000 0.486
8935.000 0.481
8940.000 0.486
8945.000 0.486
8950.000 0.485
8955.000 0.488
8960.000 0.494
8965.000 0.497
8970.000 0.496
8975.000 0.497
8980.000 0.501
8985.000 0.492
8990.000 0.500
8995.000 0.493
9000.000 0.494
9005.000 0.488
9010.000 0.493
9015.000 0.488
9020.000 0.492
9025.000 0.479
9030.000 0.489
9035.000 0.486
9040.000 0.490
9045.000 0.492
9050.000 0.491
9055.000 0.496
9060.000 0.495
9065.000 0.495
9070.000 0.497
9075.000 0.497
9080.000 0.495
9085.000 0.489
9090.000 0.490
9095.000 0.485
9100.000 0.485
9105.000 0.486
9110.000 0.486
9115.000 0.483
9120.000 0.485
9125.000 0.487
9130.000 0.493
9135.000 0.492
9140.000 0.491
9145.000 0.496
9150.000 0.499
9155.000 0.496
9160.000 0.491
9165.000 0.495
9170.000 0.494
9175.000 0.490
9180.000 0.486
9185.000 0.485
9190.000 0.484
9195.000 0.483
9200.000 0.482
9205.000 0.485
9210.000 0.484
9215.000 0.486
9220.000 0.490
9225.000 0.490
9230.000 0.494
9235.000 0.490
9240.000 0.495
9245.000 0.495
9250.000 0.497
9255.000 0.489
9260.000 0.493
9265.000 0.492
9270.000 0.484
9275.000 0.481
9280.000 0.484
9285.000 0.480
9290.000 0.482
9295.000 0.482
9300.000 0.486
9305.000 0.491
9310.000 0.487
9315.000 0.491
9320.000 0.491
9325.000 0.494
9330.000 0.494
9335.000 0.494
9340.000 0.493
9345.000 0.491
9350.000 0.488
9355.000 0.486
9360.000 0.488
9365.000 0.478
9370.000 0.482
9375.000 0.485
9380.000 0.485
9385.000 0.483
9390.000 0.481
9395.000 0.492
9400.000 0.491
9405.000 0.494
9410.000 0.493
9415.000 0.493
9420.000 0.494
9425.000 0.495
9430.000 0.491
9435.000 0.491
9440.000 0.488
9445.000 0.484
9450.000 0.490
9455.000 0.484
9460.000 0.482
9465.000 0.483
9470.000 0.484
9475.000 0.485
9480.000 0.485
9485.000 0.482
9490.000 0.493
9495.000 0.492
9500.000 0.494
9505.000 0.495
9510.000 0.495
9515.000 0.489
9520.000 0.487
9525.000 0.491
9530.000 0.488
9535.000 0.484
9540.000 0.482
9545.000 0.485
9550.000 0.480
9555.000 0.483
9560.000 0.479
9565.000 0.480
9570.000 0.485
9575.000 0.486
9580.000 0.487
9585.000 0.489
9590.000 0.494
9595.000 0.492
9600.000 0.493
9605.000 0.494
9610.000 0.491
9615.000 0.484
9620.000 0.485
9625.000 0.486
9630.000 0.481
9635.000 0.480
9640.000 0.483
9645.000 0.482
9650.000 0.479
9655.000 0.481
9660.000 0.485
9665.000 0.488
9670.000 0.488
9675.000 0.492
9680.000 0.496
9685.000 0.496
9690.000 0.493
9695.000 0.490
9700.000 0.487
9705.000 0.488
9710.000 0.483
9715.000 0.481
9720.000 0.480
9725.000 0.478
9730.000 0.480
9735.000 0.480
9740.000 0.487
9745.000 0.486
9750.000 0.482
9755.000 0.491
9760.000 0.491
9765.000 0.486
9770.000 0.494
9775.000 0.497
9780.000 0.493
9785.000 0.493
9790.000 0.490
9795.000 0.490
9800.000 0.491
9805.000 0.486
9810.000 0.476
9815.000 0.483
9820.000 0.485
9825.000 0.481
9830.000 0.486
9835.000 0.490
9840.000 0.491
9845.000 0.491
9850.000 0.498
9855.000 0.501
9860.000 0.500
9865.000 0.502
9870.000 0.501
9875.000 0.507
9880.000 0.500
9885.000 0.501
9890.000 0.506
9895.000 0.503
9900.000 0.503
9905.000 0.508
9910.000 0.514
9915.000 0.518
9920.000 0.524
9925.000 0.536
9930.000 0.549
9935.000 0.560
9940.000 0.578
9945.000 0.591
9950.000 0.610
9955.000 0.633
9960.000 0.633
9965.000 0.654
9970.000 0.642
9975.000 0.582
9980.000 0.443
9985.000 0.366
9990.000 0.242
9995.000 0.179
10000.000 0.106
10005.000 0.054
10010.000 0.032
10015.000 0.044
10020.000 0.064
10025.000 0.143
10030.000 0.239
10035.000 0.283
10040.000 0.455
10045.000 0.550
10050.000 0.748
10055.000 1.033
10060.000 1.149
10065.000 1.299
10070.000 1.351
10075.000 1.341
10080.000 1.299
10085.000 1.276
10090.000 1.224
10095.000 1.205
10100.000 1.191
10105.000 1.179
10110.000 1.175
10115.000 1.190
10120.000 1.203
10125.000 1.236
10130.000 1.273
10135.000 1.310
10140.000 1.382
10145.000 1.411
10150.000 1.495
10155.000 1.554
10160.000 1.558
10165.000 1.457
10170.000 1.352
10175.000 1.102
10180.000 0.790
10185.000 0.682
10190.000 0.517
10195.000 0.441
10200.000 0.332
10205.000 0.272
10210.000 0.239
10215.000 0.217
10220.000 0.208
10225.000 0.197
10230.000 0.197
10235.000 0.199
10240.000 0.201
10245.000 0.203
10250.000 0.207
10255.000 0.209
10260.000 0.209
10265.000 0.211
10270.000 0.213
10275.000 0.218
10280.000 0.213
10285.000 0.217
10290.000 0.213
10295.000 0.212
10300.000 0.208
10305.000 0.194
10310.000 0.195
10315.000 0.176
10320.000 0.165
10325.000 0.150
10330.000 0.133
10335.000 0.123
10340.000 0.114
10345.000 0.110
10350.000 0.123
10355.000 0.156
10360.000 0.186
10365.000 0.249
10370.000 0.306
10375.000 0.432
10380.000 0.590
10385.000 0.702
10390.000 0.968
10395.000 1.074
10400.000 1.418
10405.000 1.563
10410.000 1.744
10415.000 1.804
10420.000 1.780
10425.000 1.706
10430.000 1.658
10435.000 1.562
10440.000 1.508
10445.000 1.483
10450.000 1.444
10455.000 1.437
10460.000 1.431
10465.000 1.444
10470.000 1.455
10475.000 1.484
10480.000 1.511
10485.000 1.567
10490.000 1.617
10495.000 1.663
10500.000 1.731
10505.000 1.747
10510.000 1.763
10515.000 1.684
10520.000 1.624
10525.000 1.365
10530.000 1.228
10535.000 0.998
10540.000 0.742
10545.000 0.648
10550.000 0.514
10555.000 0.434
10560.000 0.335
10565.000 0.264
10570.000 0.222
10575.000 0.179
10580.000 0.162
10585.000 0.133
10590.000 0.115
10595.000 0.111
10600.000 0.105
10605.000 0.103
10610.000 0.104
10615.000 0.108
10620.000 0.109
10625.000 0.117
10630.000 0.118
10635.000 0.127
10640.000 0.127
10645.000 0.129
10650.000 0.129
10655.000 0.127
10660.000 0.133
10665.000 0.152
10670.000 0.170
10675.000 0.209
10680.000 0.248
10685.000 0.339
10690.000 0.435
10695.000 0.508
10700.000 0.659
10705.000 0.731
10710.000 0.833
10715.000 0.899
10720.000 0.909
10725.000 0.912
10730.000 0.902
10735.000 0.870
10740.000 0.837
10745.000 0.815
10750.000 0.785
10755.000 0.772
10760.000 0.738
10765.000 0.720
10770.000 0.709
10775.000 0.689
10780.000 0.681
10785.000 0.667
10790.000 0.657
10795.000 0.651
10800.000 0.647
10805.000 0.651
10810.000 0.643
10815.000 0.646
10820.000 0.643
10825.000 0.640
10830.000 0.640
10835.000 0.638
10840.000 0.642
10845.000 0.641
10850.000 0.642
10855.000 0.643
10860.000 0.646
10865.000 0.649
10870.000 0.657
10875.000 0.662
10880.000 0.666
10885.000 0.684
10890.000 0.695
10895.000 0.704
10900.000 0.730
10905.000 0.739
10910.000 0.763
10915.000 0.792
10920.000 0.805
10925.000 0.829
10930.000 0.840
10935.000 0.866
10940.000 0.875
10945.000 0.860
10950.000 0.809
10955.000 0.757
10960.000 0.635
10965.000 0.471
10970.000 0.403
10975.000 0.291
10980.000 0.240
10985.000 0.195
10990.000 0.196
10995.000 0.253
11000.000 0.348
11005.000 0.390
11010.000 0.524
11015.000 0.583
11020.000 0.644
11025.000 0.689
11030.000 0.694
11035.000 0.690
11040.000 0.681
11045.000 0.654
11050.000 0.637
11055.000 0.626
11060.000 0.608
11065.000 0.597
11070.000 0.585
11075.000 0.575
11080.000 0.573
11085.000 0.568
11090.000 0.565
11095.000 0.555
11100.000 0.550
11105.000 0.546
11110.000 0.545
11115.000 0.539
11120.000 0.533
11125.000 0.531
11130.000 0.529
11135.000 0.526
11140.000 0.526
11145.000 0.524
11150.000 0.522
11155.000 0.526
11160.000 0.524
11165.000 0.525
11170.000 0.517
11175.000 0.505
11180.000 0.495
11185.000 0.472
11190.000 0.468
11195.000 0.456
11200.000 0.449
11205.000 0.452
11210.000 0.443
11215.000 0.448
11220.000 0.448
11225.000 0.446
11230.000 0.450
11235.000 0.452
11240.000 0.452
11245.000 0.454
11250.000 0.453
11255.000 0.458
11260.000 0.460
11265.000 0.460
11270.000 0.462
11275.000 0.464
11280.000 0.468
11285.000 0.462
11290.000 0.461
11295.000 0.460
11300.000 0.458
11305.000 0.456
11310.000 0.458
11315.000 0.457
11320.000 0.457
11325.000 0.458
11330.000 0.454
11335.000 0.461
11340.000 0.462
11345.000 0.462
11350.000 0.465
11355.000 0.467
11360.000 0.465
11365.000 0.468
11370.000 0.466
11375.000 0.465
11380.000 0.460
11385.000 0.458
11390.000 0.460
11395.000 0.456
11400.000 0.458
11405.000 0.457
11410.000 0.456
11415.000 0.457
11420.000 0.456
11425.000 0.461
11430.000 0.462
11435.000 0.461
11440.000 0.461
11445.000 0.464
11450.000 0.466
11455.000 0.465
11460.000 0.463
11465.000 0.467
11470.000 0.464
11475.000 0.457
11480.000 0.456
11485.000 0.460
11490.000 0.454
11495.000 0.456
11500.000 0.455
11505.000 0.456
11510.000 0.459
11515.000 0.460
11520.000 0.461
11525.000 0.465
11530.000 0.461
11535.000 0.464
11540.000 0.461
11545.000 0.463
11550.000 0.462
11555.000 0.462
11560.000 0.462
11565.000 0.458
11570.000 0.456
11575.000 0.457
11580.000 0.456
11585.000 0.454
11590.000 0.452
11595.000 0.453
11600.000 0.451
11605.000 0.460
11610.000 0.455
11615.000 0.460
11620.000 0.464
11625.000 0.461
11630.000 0.461
11635.000 0.464
11640.000 0.464
11645.000 0.457
11650.000 0.458
11655.000 0.456
11660.000 0.455
11665.000 0.455
11670.000 0.454
11675.000 0.453
11680.000 0.453
11685.000 0.454
11690.000 0.453
11695.000 0.460
11700.000 0.459
11705.000 0.456
11710.000 0.460
11715.000 0.460
11720.000 0.463
11725.000 0.460
11730.000 0.461
11735.000 0.459
11740.000 0.456
11745.000 0.453
11750.000 0.454
11755.000 0.452
11760.000 0.454
11765.000 0.453
11770.000 0.454
11775.000 0.455
11780.000 0.453
11785.000 0.454
11790.000 0.458
11795.000 0.460
11800.000 0.459
11805.000 0.459
11810.000 0.460
11815.000 0.457
11820.000 0.454
11825.000 0.456
11830.000 0.457
11835.000 0.451
11840.000 0.451
11845.000 0.452
11850.000 0.450
11855.000 0.452
11860.000 0.451
11865.000 0.455
11870.000 0.454
11875.000 0.454
11880.000 0.457
11885.000 0.455
11890.000 0.457
11895.000 0.456
11900.000 0.454
11905.000 0.459
11910.000 0.451
11915.000 0.452
11920.000 0.450
11925.000 0.452
11930.000 0.450
11935.000 0.451
11940.000 0.452
11945.000 0.450
11950.000 0.451
11955.000 0.450
11960.000 0.454
11965.000 0.452
11970.000 0.451
11975.000 0.455
11980.000 0.454
11985.000 0.451
11990.000 0.449
11995.000 0.455
12000.000 0.452
