105.000 0.347
110.000 4.150
115.000 4.126
120.000 4.276
125.000 4.455
130.000 4.591
135.000 4.826
140.000 4.983
145.000 5.202
150.000 5.459
155.000 5.665
160.000 5.920
165.000 6.098
170.000 6.447
175.000 6.825
180.000 7.035
185.000 7.554
190.000 7.780
195.000 8.342
200.000 9.008
205.000 9.366
210.000 10.158
215.000 10.581
220.000 11.659
225.000 13.151
230.000 13.536
235.000 15.072
240.000 16.020
245.000 18.200
250.000 20.776
255.000 22.519
260.000 26.569
265.000 29.477
270.000 36.011
275.000 40.167
280.000 51.321
285.000 67.939
290.000 79.072
295.000 107.091
300.000 121.998
305.000 131.562
310.000 112.749
315.000 95.294
320.000 73.457
325.000 66.417
330.000 56.334
335.000 49.715
340.000 47.252
345.000 43.465
350.000 41.995
355.000 39.818
360.000 38.266
365.000 37.691
370.000 37.028
375.000 36.794
380.000 36.641
385.000 36.796
390.000 36.970
395.000 37.486
400.000 37.790
405.000 38.544
410.000 39.395
415.000 39.797
420.000 40.574
425.000 40.891
430.000 41.344
435.000 41.491
440.000 41.411
445.000 40.965
450.000 40.560
455.000 39.498
460.000 38.168
465.000 37.450
470.000 35.939
475.000 35.204
480.000 33.740
485.000 32.446
490.000 31.861
495.000 30.824
500.000 30.404
505.000 29.732
510.000 29.305
515.000 29.173
520.000 29.180
525.000 29.293
530.000 29.745
535.000 30.591
540.000 31.222
545.000 32.870
550.000 33.964
555.000 36.869
560.000 41.371
565.000 44.306
570.000 52.278
575.000 57.677
580.000 73.686
585.000 98.391
590.000 113.540
595.000 130.071
600.000 125.326
605.000 72.206
610.000 47.239
615.000 40.087
620.000 30.481
625.000 27.097
630.000 21.982
635.000 18.383
640.000 16.953
645.000 14.587
650.000 13.619
655.000 12.008
660.000 10.704
665.000 10.149
670.000 9.192
675.000 8.769
680.000 8.027
685.000 7.420
690.000 7.123
695.000 6.648
700.000 6.439
705.000 6.054
710.000 5.719
715.000 5.558
720.000 5.304
725.000 5.182
730.000 5.014
735.000 4.823
740.000 4.733
745.000 4.588
750.000 4.515
755.000 4.408
760.000 4.321
765.000 4.284
770.000 4.238
775.000 4.221
780.000 4.201
785.000 4.225
790.000 4.253
795.000 4.325
800.000 4.372
805.000 4.468
810.000 4.576
815.000 4.651
820.000 4.822
825.000 4.931
830.000 5.186
835.000 5.540
840.000 5.755
845.000 6.293
850.000 6.646
855.000 7.544
860.000 8.195
865.000 9.860
870.000 12.355
875.000 14.066
880.000 18.434
885.000 20.647
890.000 21.441
895.000 14.053
900.000 10.775
905.000 7.516
910.000 6.452
915.000 4.947
920.000 3.966
925.000 3.585
930.000 2.972
935.000 2.728
940.000 2.329
945.000 2.007
950.000 1.883
955.000 1.646
960.000 1.554
965.000 1.377
970.000 1.234
975.000 1.160
980.000 1.054
985.000 0.990
990.000 0.913
995.000 0.825
1000.000 0.794
1005.000 0.739
1010.000 0.715
1015.000 0.651
1020.000 0.628
1025.000 0.607
1030.000 0.588
1035.000 0.574
1040.000 0.560
1045.000 0.558
1050.000 0.552
1055.000 0.567
1060.000 0.583
1065.000 0.599
1070.000 0.641
1075.000 0.667
1080.000 0.723
1085.000 0.755
1090.000 0.826
1095.000 0.920
1100.000 0.980
1105.000 1.114
1110.000 1.195
1115.000 1.374
1120.000 1.607
1125.000 1.757
1130.000 2.112
1135.000 2.348
1140.000 2.954
1145.000 3.845
1150.000 4.488
1155.000 6.368
1160.000 7.557
1165.000 10.266
1170.000 11.180
1175.000 9.959
1180.000 6.681
1185.000 5.799
1190.000 4.632
1195.000 3.902
1200.000 3.639
1205.000 3.237
1210.000 3.070
1215.000 2.807
1220.000 2.619
1225.000 2.538
1230.000 2.394
1235.000 2.338
1240.000 2.246
1245.000 2.161
1250.000 2.138
1255.000 2.092
1260.000 2.068
1265.000 2.035
1270.000 2.009
1275.000 2.002
1280.000 1.988
1285.000 1.988
1290.000 1.986
1295.000 1.994
1300.000 1.998
1305.000 2.021
1310.000 2.033
1315.000 2.068
1320.000 2.103
1325.000 2.125
1330.000 2.177
1335.000 2.209
1340.000 2.276
1345.000 2.366
1350.000 2.405
1355.000 2.515
1360.000 2.578
1365.000 2.704
1370.000 2.867
1375.000 2.956
1380.000 3.160
1385.000 3.273
1390.000 3.551
1395.000 3.881
1400.000 4.090
1405.000 4.565
1410.000 4.846
1415.000 5.538
1420.000 6.486
1425.000 7.082
1430.000 8.618
1435.000 9.691
1440.000 12.490
1445.000 16.360
1450.000 18.656
1455.000 21.796
1460.000 21.030
1465.000 15.283
1470.000 12.698
1475.000 9.604
1480.000 7.640
1485.000 6.954
1490.000 5.914
1495.000 5.502
1500.000 4.821
1505.000 4.329
1510.000 4.111
1515.000 3.749
1520.000 3.599
1525.000 3.345
1530.000 3.125
1535.000 3.031
1540.000 2.874
1545.000 2.794
1550.000 2.672
1555.000 2.565
1560.000 2.514
1565.000 2.421
1570.000 2.384
1575.000 2.309
1580.000 2.250
1585.000 2.219
1590.000 2.171
1595.000 2.146
1600.000 2.106
1605.000 2.075
1610.000 2.065
1615.000 2.051
1620.000 2.052
1625.000 2.070
1630.000 2.120
1635.000 2.157
1640.000 2.286
1645.000 2.364
1650.000 2.571
1655.000 2.855
1660.000 3.024
1665.000 3.408
1670.000 3.645
1675.000 4.179
1680.000 4.796
1685.000 5.158
1690.000 6.013
1695.000 6.505
1700.000 7.639
1705.000 9.152
1710.000 10.071
1715.000 12.323
1720.000 13.835
1725.000 17.600
1730.000 22.648
1735.000 25.835
1740.000 31.690
1745.000 33.288
1750.000 30.558
1755.000 27.040
1760.000 20.995
1765.000 16.928
1770.000 15.497
1775.000 13.333
1780.000 12.466
1785.000 11.079
1790.000 10.087
1795.000 9.663
1800.000 8.956
1805.000 8.663
1810.000 8.191
1815.000 7.799
1820.000 7.637
1825.000 7.373
1830.000 7.260
1835.000 7.070
1840.000 6.939
1845.000 6.883
1850.000 6.807
1855.000 6.783
1860.000 6.761
1865.000 6.778
1870.000 6.799
1875.000 6.863
1880.000 6.910
1885.000 7.028
1890.000 7.192
1895.000 7.290
1900.000 7.518
1905.000 7.651
1910.000 7.972
1915.000 8.348
1920.000 8.558
1925.000 9.083
1930.000 9.378
1935.000 10.047
1940.000 10.898
1945.000 11.394
1950.000 12.520
1955.000 13.228
1960.000 14.854
1965.000 16.838
1970.000 18.075
1975.000 20.919
1980.000 22.473
1985.000 25.543
1990.000 27.795
1995.000 28.074
2000.000 26.500
2005.000 24.717
2010.000 20.789
2015.000 17.353
2020.000 15.831
2025.000 13.439
2030.000 12.520
2035.000 10.842
2040.000 9.576
2045.000 9.075
2050.000 8.088
2055.000 7.714
2060.000 7.066
2065.000 6.500
2070.000 6.257
2075.000 5.846
2080.000 5.667
2085.000 5.325
2090.000 5.059
2095.000 4.930
2100.000 4.712
2105.000 4.612
2110.000 4.457
2115.000 4.313
2120.000 4.255
2125.000 4.159
2130.000 4.113
2135.000 4.049
2140.000 4.005
2145.000 3.989
2150.000 3.977
2155.000 3.980
2160.000 3.998
2165.000 4.045
2170.000 4.077
2175.000 4.159
2180.000 4.216
2185.000 4.345
2190.000 4.528
2195.000 4.638
2200.000 4.887
2205.000 5.035
2210.000 5.414
2215.000 5.880
2220.000 6.148
2225.000 6.864
2230.000 7.296
2235.000 8.344
2240.000 9.867
2245.000 10.815
2250.000 13.130
2255.000 14.631
2260.000 17.753
2265.000 19.462
2270.000 18.987
2275.000 15.255
2280.000 13.170
2285.000 10.096
2290.000 8.016
2295.000 7.262
2300.000 6.105
2305.000 5.625
2310.000 4.884
2315.000 4.321
2320.000 4.076
2325.000 3.674
2330.000 3.513
2335.000 3.212
2340.000 2.964
2345.000 2.857
2350.000 2.662
2355.000 2.581
2360.000 2.441
2365.000 2.376
2370.000 2.259
2375.000 2.163
2380.000 2.117
2385.000 2.037
2390.000 2.005
2395.000 1.947
2400.000 1.893
2405.000 1.872
2410.000 1.836
2415.000 1.822
2420.000 1.802
2425.000 1.786
2430.000 1.782
2435.000 1.784
2440.000 1.784
2445.000 1.800
2450.000 1.824
2455.000 1.843
2460.000 1.893
2465.000 1.921
2470.000 1.991
2475.000 2.108
2480.000 2.172
2485.000 2.336
2490.000 2.446
2495.000 2.735
2500.000 3.128
2505.000 3.358
2510.000 3.973
2515.000 4.290
2520.000 4.685
2525.000 4.186
2530.000 3.575
2535.000 2.440
2540.000 2.006
2545.000 1.455
2550.000 1.116
2555.000 0.977
2560.000 0.783
2565.000 0.711
2570.000 0.599
2575.000 0.518
2580.000 0.490
2585.000 0.444
2590.000 0.428
2595.000 0.406
2600.000 0.395
2605.000 0.390
2610.000 0.384
2615.000 0.387
2620.000 0.385
2625.000 0.389
2630.000 0.388
2635.000 0.392
2640.000 0.395
2645.000 0.397
2650.000 0.399
2655.000 0.404
2660.000 0.407
2665.000 0.412
2670.000 0.413
2675.000 0.415
2680.000 0.417
2685.000 0.419
2690.000 0.420
2695.000 0.425
2700.000 0.430
2705.000 0.432
2710.000 0.434
2715.000 0.434
2720.000 0.436
2725.000 0.443
2730.000 0.441
2735.000 0.441
2740.000 0.443
2745.000 0.445
2750.000 0.448
2755.000 0.446
2760.000 0.447
2765.000 0.450
2770.000 0.454
2775.000 0.452
2780.000 0.454
2785.000 0.455
2790.000 0.458
2795.000 0.457
2800.000 0.462
2805.000 0.456
2810.000 0.461
2815.000 0.460
2820.000 0.459
2825.000 0.463
2830.000 0.461
2835.000 0.462
2840.000 0.463
2845.000 0.461
2850.000 0.464
2855.000 0.464
2860.000 0.467
2865.000 0.464
2870.000 0.466
2875.000 0.469
2880.000 0.467
2885.000 0.469
2890.000 0.470
2895.000 0.468
2900.000 0.470
2905.000 0.469
2910.000 0.470
2915.000 0.470
2920.000 0.469
2925.000 0.467
2930.000 0.469
2935.000 0.468
2940.000 0.473
2945.000 0.473
2950.000 0.465
2955.000 0.477
2960.000 0.477
2965.000 0.476
2970.000 0.470
2975.000 0.473
2980.000 0.470
2985.000 0.484
2990.000 0.465
2995.000 0.470
3000.000 0.471
3005.000 0.484
3010.000 0.477
3015.000 0.463
3020.000 0.476
3025.000 0.469
3030.000 0.482
3035.000 0.473
3040.000 0.472
3045.000 0.483
3050.000 0.473
3055.000 0.481
3060.000 0.478
3065.000 0.477
3070.000 0.482
3075.000 0.480
3080.000 0.478
3085.000 0.475
3090.000 0.478
3095.000 0.480
3100.000 0.478
3105.000 0.477
3110.000 0.477
3115.000 0.479
3120.000 0.476
3125.000 0.477
3130.000 0.478
3135.000 0.474
3140.000 0.476
3145.000 0.478
3150.000 0.476
3155.000 0.477
3160.000 0.479
3165.000 0.478
3170.000 0.482
3175.000 0.478
3180.000 0.480
3185.000 0.480
3190.000 0.476
3195.000 0.478
3200.000 0.482
3205.000 0.481
3210.000 0.486
3215.000 0.487
3220.000 0.486
3225.000 0.490
3230.000 0.497
3235.000 0.499
3240.000 0.502
3245.000 0.508
3250.000 0.513
3255.000 0.523
3260.000 0.533
3265.000 0.539
3270.000 0.556
3275.000 0.563
3280.000 0.582
3285.000 0.613
3290.000 0.629
3295.000 0.668
3300.000 0.689
3305.000 0.740
3310.000 0.812
3315.000 0.850
3320.000 0.948
3325.000 1.006
3330.000 1.155
3335.000 1.331
3340.000 1.451
3345.000 1.751
3350.000 1.933
3355.000 2.382
3360.000 3.091
3365.000 3.552
3370.000 4.740
3375.000 5.641
3380.000 7.876
3385.000 10.203
3390.000 10.934
3395.000 9.923
3400.000 8.719
3405.000 7.018
3410.000 6.050
3415.000 5.729
3420.000 5.300
3425.000 5.169
3430.000 5.025
3435.000 5.007
3440.000 5.045
3445.000 5.214
3450.000 5.339
3455.000 5.732
3460.000 6.289
3465.000 6.622
3470.000 7.580
3475.000 8.162
3480.000 9.492
3485.000 11.087
3490.000 11.717
3495.000 12.082
3500.000 11.598
3505.000 9.641
3510.000 7.773
3515.000 6.939
3520.000 5.720
3525.000 5.260
3530.000 4.551
3535.000 4.227
3540.000 3.779
3545.000 3.440
3550.000 3.306
3555.000 3.086
3560.000 2.994
3565.000 2.837
3570.000 2.731
3575.000 2.689
3580.000 2.624
3585.000 2.606
3590.000 2.590
3595.000 2.588
3600.000 2.600
3605.000 2.643
3610.000 2.673
3615.000 2.765
3620.000 2.884
3625.000 2.968
3630.000 3.161
3635.000 3.279
3640.000 3.566
3645.000 3.963
3650.000 4.205
3655.000 4.789
3660.000 5.212
3665.000 6.229
3670.000 7.580
3675.000 8.540
3680.000 10.491
3685.000 11.282
3690.000 11.576
3695.000 9.369
3700.000 8.134
3705.000 6.110
3710.000 5.441
3715.000 4.477
3720.000 3.735
3725.000 3.463
3730.000 3.050
3735.000 2.866
3740.000 2.560
3745.000 2.340
3750.000 2.238
3755.000 2.066
3760.000 1.996
3765.000 1.878
3770.000 1.768
3775.000 1.724
3780.000 1.649
3785.000 1.609
3790.000 1.547
3795.000 1.496
3800.000 1.474
3805.000 1.435
3810.000 1.420
3815.000 1.387
3820.000 1.363
3825.000 1.357
3830.000 1.339
3835.000 1.332
3840.000 1.327
3845.000 1.325
3850.000 1.322
3855.000 1.325
3860.000 1.333
3865.000 1.340
3870.000 1.355
3875.000 1.370
3880.000 1.394
3885.000 1.407
3890.000 1.440
3895.000 1.487
3900.000 1.511
3905.000 1.565
3910.000 1.604
3915.000 1.686
3920.000 1.779
3925.000 1.845
3930.000 1.980
3935.000 2.052
3940.000 2.249
3945.000 2.495
3950.000 2.647
3955.000 3.019
3960.000 3.251
3965.000 3.810
3970.000 4.656
3975.000 5.163
3980.000 6.402
3985.000 7.021
3990.000 8.177
3995.000 7.947
4000.000 7.317
4005.000 5.611
4010.000 4.977
4015.000 4.085
4020.000 3.410
4025.000 3.155
4030.000 2.807
4035.000 2.632
4040.000 2.403
4045.000 2.243
4050.000 2.156
4055.000 2.048
4060.000 2.001
4065.000 1.925
4070.000 1.883
4075.000 1.865
4080.000 1.849
4085.000 1.846
4090.000 1.852
4095.000 1.880
4100.000 1.899
4105.000 1.958
4110.000 1.988
4115.000 2.086
4120.000 2.213
4125.000 2.279
4130.000 2.495
4135.000 2.613
4140.000 2.887
4145.000 3.094
4150.000 3.547
4155.000 4.126
4160.000 4.535
4165.000 5.488
4170.000 6.017
4175.000 6.932
4180.000 7.192
4185.000 6.848
4190.000 5.631
4195.000 4.919
4200.000 3.909
4205.000 3.221
4210.000 2.939
4215.000 2.506
4220.000 2.346
4225.000 2.050
4230.000 1.834
4235.000 1.756
4240.000 1.597
4245.000 1.537
4250.000 1.438
4255.000 1.346
4260.000 1.311
4265.000 1.255
4270.000 1.226
4275.000 1.181
4280.000 1.150
4285.000 1.135
4290.000 1.112
4295.000 1.097
4300.000 1.083
4305.000 1.065
4310.000 1.062
4315.000 1.051
4320.000 1.049
4325.000 1.044
4330.000 1.043
4335.000 1.046
4340.000 1.049
4345.000 1.058
4350.000 1.067
4355.000 1.085
4360.000 1.091
4365.000 1.120
4370.000 1.139
4375.000 1.172
4380.000 1.227
4385.000 1.250
4390.000 1.320
4395.000 1.359
4400.000 1.466
4405.000 1.588
4410.000 1.672
4415.000 1.893
4420.000 2.018
4425.000 2.341
4430.000 2.750
4435.000 2.938
4440.000 3.110
4445.000 2.999
4450.000 2.401
4455.000 1.779
4460.000 1.507
4465.000 1.158
4470.000 1.042
4475.000 0.830
4480.000 0.699
4485.000 0.650
4490.000 0.566
4495.000 0.534
4500.000 0.488
4505.000 0.451
4510.000 0.436
4515.000 0.418
4520.000 0.409
4525.000 0.397
4530.000 0.384
4535.000 0.378
4540.000 0.374
4545.000 0.373
4550.000 0.370
4555.000 0.371
4560.000 0.365
4565.000 0.370
4570.000 0.368
4575.000 0.371
4580.000 0.375
4585.000 0.377
4590.000 0.380
4595.000 0.380
4600.000 0.392
4605.000 0.401
4610.000 0.399
4615.000 0.407
4620.000 0.415
4625.000 0.424
4630.000 0.441
4635.000 0.446
4640.000 0.461
4645.000 0.473
4650.000 0.494
4655.000 0.524
4660.000 0.539
4665.000 0.576
4670.000 0.596
4675.000 0.640
4680.000 0.702
4685.000 0.731
4690.000 0.807
4695.000 0.859
4700.000 0.975
4705.000 1.116
4710.000 1.229
4715.000 1.470
4720.000 1.628
4725.000 2.043
4730.000 2.295
4735.000 2.794
4740.000 3.124
4745.000 3.108
4750.000 2.756
4755.000 2.560
4760.000 2.159
4765.000 1.899
4770.000 1.820
4775.000 1.664
4780.000 1.610
4785.000 1.538
4790.000 1.487
4795.000 1.474
4800.000 1.458
4805.000 1.461
4810.000 1.477
4815.000 1.508
4820.000 1.540
4825.000 1.608
4830.000 1.648
4835.000 1.758
4840.000 1.911
4845.000 2.007
4850.000 2.227
4855.000 2.372
4860.000 2.672
4865.000 2.921
4870.000 2.995
4875.000 2.817
4880.000 2.596
4885.000 1.946
4890.000 1.431
4895.000 1.260
4900.000 0.931
4905.000 0.818
4910.000 0.652
4915.000 0.499
4920.000 0.442
4925.000 0.355
4930.000 0.312
4935.000 0.245
4940.000 0.197
4945.000 0.173
4950.000 0.125
4955.000 0.111
4960.000 0.080
4965.000 0.067
4970.000 0.056
4975.000 0.044
4980.000 0.049
4985.000 0.065
4990.000 0.080
4995.000 0.078
5000.000 0.111
5005.000 0.120
5010.000 0.148
5015.000 0.158
5020.000 0.188
5025.000 0.229
5030.000 0.240
5035.000 0.285
5040.000 0.313
5045.000 0.379
5050.000 0.465
5055.000 0.515
5060.000 0.650
5065.000 0.727
5070.000 0.921
5075.000 1.202
5080.000 1.362
5085.000 1.626
5090.000 1.723
5095.000 1.686
5100.000 1.474
5105.000 1.345
5110.000 1.162
5115.000 1.096
5120.000 0.968
5125.000 0.883
5130.000 0.855
5135.000 0.788
5140.000 0.769
5145.000 0.728
5150.000 0.692
5155.000 0.679
5160.000 0.656
5165.000 0.647
5170.000 0.628
5175.000 0.613
5180.000 0.609
5185.000 0.600
5190.000 0.591
5195.000 0.585
5200.000 0.577
5205.000 0.572
5210.000 0.562
5215.000 0.559
5220.000 0.556
5225.000 0.546
5230.000 0.543
5235.000 0.543
5240.000 0.535
5245.000 0.535
5250.000 0.530
5255.000 0.530
5260.000 0.528
5265.000 0.525
5270.000 0.524
5275.000 0.527
5280.000 0.525
5285.000 0.524
5290.000 0.524
5295.000 0.527
5300.000 0.520
5305.000 0.518
5310.000 0.518
5315.000 0.519
5320.000 0.511
5325.000 0.510
5330.000 0.508
5335.000 0.506
5340.000 0.510
5345.000 0.507
5350.000 0.507
5355.000 0.510
5360.000 0.511
5365.000 0.512
5370.000 0.515
5375.000 0.514
5380.000 0.513
5385.000 0.511
5390.000 0.512
5395.000 0.511
5400.000 0.506
5405.000 0.509
5410.000 0.508
5415.000 0.502
5420.000 0.503
5425.000 0.502
5430.000 0.502
5435.000 0.503
5440.000 0.503
5445.000 0.507
5450.000 0.507
5455.000 0.506
5460.000 0.510
5465.000 0.508
5470.000 0.509
5475.000 0.504
5480.000 0.505
5485.000 0.510
5490.000 0.507
5495.000 0.505
5500.000 0.504
5505.000 0.501
5510.000 0.505
5515.000 0.504
5520.000 0.501
5525.000 0.500
5530.000 0.504
5535.000 0.503
5540.000 0.504
5545.000 0.505
5550.000 0.507
5555.000 0.506
5560.000 0.511
5565.000 0.509
5570.000 0.509
5575.000 0.506
5580.000 0.505
5585.000 0.503
5590.000 0.499
5595.000 0.500
5600.000 0.501
5605.000 0.499
5610.000 0.502
5615.000 0.500
5620.000 0.504
5625.000 0.498
5630.000 0.503
5635.000 0.504
5640.000 0.502
5645.000 0.501
5650.000 0.499
5655.000 0.499
5660.000 0.491
5665.000 0.486
5670.000 0.481
5675.000 0.472
5680.000 0.458
5685.000 0.447
5690.000 0.446
5695.000 0.457
5700.000 0.469
5705.000 0.482
5710.000 0.493
5715.000 0.496
5720.000 0.500
5725.000 0.498
5730.000 0.506
5735.000 0.505
5740.000 0.506
5745.000 0.506
5750.000 0.505
5755.000 0.508
5760.000 0.501
5765.000 0.502
5770.000 0.499
5775.000 0.501
5780.000 0.501
5785.000 0.499
5790.000 0.505
5795.000 0.502
5800.000 0.505
5805.000 0.505
5810.000 0.508
5815.000 0.507
5820.000 0.509
5825.000 0.508
5830.000 0.507
5835.000 0.506
5840.000 0.504
5845.000 0.504
5850.000 0.501
5855.000 0.502
5860.000 0.505
5865.000 0.501
5870.000 0.499
5875.000 0.498
5880.000 0.503
5885.000 0.504
5890.000 0.505
5895.000 0.502
5900.000 0.503
5905.000 0.506
5910.000 0.506
5915.000 0.506
5920.000 0.506
5925.000 0.504
5930.000 0.503
5935.000 0.507
5940.000 0.507
5945.000 0.504
5950.000 0.502
5955.000 0.500
5960.000 0.500
5965.000 0.496
5970.000 0.505
5975.000 0.508
5980.000 0.506
5985.000 0.509
5990.000 0.507
5995.000 0.501
6000.000 0.512
6005.000 0.516
6010.000 0.512
6015.000 0.506
6020.000 0.515
6025.000 0.497
6030.000 0.506
6035.000 0.498
6040.000 0.497
6045.000 0.506
6050.000 0.504
6055.000 0.505
6060.000 0.503
6065.000 0.504
6070.000 0.509
6075.000 0.515
6080.000 0.506
6085.000 0.508
6090.000 0.510
6095.000 0.513
6100.000 0.510
6105.000 0.506
6110.000 0.504
6115.000 0.504
6120.000 0.504
6125.000 0.502
6130.000 0.501
6135.000 0.505
6140.000 0.499
6145.000 0.502
6150.000 0.503
6155.000 0.505
6160.000 0.505
6165.000 0.507
6170.000 0.509
6175.000 0.509
6180.000 0.510
6185.000 0.511
6190.000 0.505
6195.000 0.506
6200.000 0.506
6205.000 0.504
6210.000 0.501
6215.000 0.501
6220.000 0.501
6225.000 0.497
6230.000 0.501
6235.000 0.501
6240.000 0.505
6245.000 0.505
6250.000 0.507
6255.000 0.509
6260.000 0.511
6265.000 0.510
6270.000 0.508
6275.000 0.507
6280.000 0.505
6285.000 0.507
6290.000 0.505
6295.000 0.508
6300.000 0.507
6305.000 0.495
6310.000 0.502
6315.000 0.502
6320.000 0.502
6325.000 0.504
6330.000 0.506
6335.000 0.504
6340.000 0.510
6345.000 0.512
6350.000 0.514
6355.000 0.511
6360.000 0.510
6365.000 0.512
6370.000 0.512
6375.000 0.506
6380.000 0.506
6385.000 0.507
6390.000 0.504
6395.000 0.503
6400.000 0.504
6405.000 0.507
6410.000 0.504
6415.000 0.507
6420.000 0.505
6425.000 0.508
6430.000 0.512
6435.000 0.511
6440.000 0.514
6445.000 0.515
6450.000 0.512
6455.000 0.511
6460.000 0.512
6465.000 0.509
6470.000 0.508
6475.000 0.508
6480.000 0.505
6485.000 0.505
6490.000 0.508
6495.000 0.509
6500.000 0.509
6505.000 0.510
6510.000 0.511
6515.000 0.517
6520.000 0.518
6525.000 0.518
6530.000 0.521
6535.000 0.522
6540.000 0.523
6545.000 0.520
6550.000 0.523
6555.000 0.522
6560.000 0.523
6565.000 0.521
6570.000 0.525
6575.000 0.523
6580.000 0.526
6585.000 0.528
6590.000 0.535
6595.000 0.543
6600.000 0.543
6605.000 0.557
6610.000 0.560
6615.000 0.568
6620.000 0.580
6625.000 0.587
6630.000 0.606
6635.000 0.608
6640.000 0.631
6645.000 0.662
6650.000 0.675
6655.000 0.725
6660.000 0.757
6665.000 0.820
6670.000 0.930
6675.000 1.001
6680.000 1.161
6685.000 1.277
6690.000 1.605
6695.000 1.995
6700.000 2.194
6705.000 2.579
6710.000 2.631
6715.000 2.442
6720.000 2.071
6725.000 1.936
6730.000 1.756
6735.000 1.685
6740.000 1.628
6745.000 1.622
6750.000 1.647
6755.000 1.737
6760.000 1.793
6765.000 2.010
6770.000 2.311
6775.000 2.483
6780.000 2.991
6785.000 3.283
6790.000 3.862
6795.000 4.238
6800.000 4.235
6805.000 3.861
6810.000 3.619
6815.000 3.096
6820.000 2.906
6825.000 2.633
6830.000 2.414
6835.000 2.340
6840.000 2.241
6845.000 2.196
6850.000 2.151
6855.000 2.147
6860.000 2.158
6865.000 2.205
6870.000 2.235
6875.000 2.349
6880.000 2.508
6885.000 2.593
6890.000 2.869
6895.000 3.028
6900.000 3.390
6905.000 3.937
6910.000 4.232
6915.000 4.776
6920.000 4.947
6925.000 4.918
6930.000 4.231
6935.000 3.831
6940.000 2.953
6945.000 2.638
6950.000 2.188
6955.000 1.805
6960.000 1.674
6965.000 1.471
6970.000 1.365
6975.000 1.215
6980.000 1.107
6985.000 1.042
6990.000 0.966
6995.000 0.931
7000.000 0.868
7005.000 0.822
7010.000 0.806
7015.000 0.754
7020.000 0.749
7025.000 0.722
7030.000 0.701
7035.000 0.695
7040.000 0.677
7045.000 0.668
7050.000 0.653
7055.000 0.642
7060.000 0.642
7065.000 0.635
7070.000 0.633
7075.000 0.625
7080.000 0.628
7085.000 0.627
7090.000 0.633
7095.000 0.637
7100.000 0.651
7105.000 0.670
7110.000 0.684
7115.000 0.715
7120.000 0.731
7125.000 0.776
7130.000 0.832
7135.000 0.857
7140.000 0.943
7145.000 0.998
7150.000 1.106
7155.000 1.284
7160.000 1.385
7165.000 1.615
7170.000 1.778
7175.000 2.220
7180.000 2.733
7185.000 3.030
7190.000 3.791
7195.000 4.115
7200.000 4.469
7205.000 4.301
7210.000 4.068
7215.000 3.607
7220.000 3.341
7225.000 2.995
7230.000 2.763
7235.000 2.648
7240.000 2.503
7245.000 2.451
7250.000 2.370
7255.000 2.332
7260.000 2.325
7265.000 2.325
7270.000 2.339
7275.000 2.382
7280.000 2.471
7285.000 2.526
7290.000 2.663
7295.000 2.746
7300.000 2.988
7305.000 3.270
7310.000 3.447
7315.000 3.919
7320.000 4.162
7325.000 4.619
7330.000 5.008
7335.000 5.037
7340.000 4.724
7345.000 4.350
7350.000 3.540
7355.000 2.922
7360.000 2.589
7365.000 2.152
7370.000 1.997
7375.000 1.700
7380.000 1.483
7385.000 1.399
7390.000 1.248
7395.000 1.188
7400.000 1.086
7405.000 1.039
7410.000 0.955
7415.000 0.899
7420.000 0.869
7425.000 0.816
7430.000 0.798
7435.000 0.763
7440.000 0.730
7445.000 0.716
7450.000 0.705
7455.000 0.694
7460.000 0.680
7465.000 0.679
7470.000 0.676
7475.000 0.677
7480.000 0.676
7485.000 0.688
7490.000 0.706
7495.000 0.717
7500.000 0.749
7505.000 0.770
7510.000 0.831
7515.000 0.919
7520.000 0.976
7525.000 1.111
7530.000 1.196
7535.000 1.431
7540.000 1.664
7545.000 1.752
7550.000 1.863
7555.000 1.842
7560.000 1.696
7565.000 1.474
7570.000 1.390
7575.000 1.253
7580.000 1.184
7585.000 1.087
7590.000 1.025
7595.000 0.990
7600.000 0.939
7605.000 0.920
7610.000 0.882
7615.000 0.852
7620.000 0.840
7625.000 0.815
7630.000 0.808
7635.000 0.792
7640.000 0.779
7645.000 0.772
7650.000 0.767
7655.000 0.767
7660.000 0.764
7665.000 0.761
7670.000 0.763
7675.000 0.768
7680.000 0.763
7685.000 0.769
7690.000 0.771
7695.000 0.774
7700.000 0.779
7705.000 0.780
7710.000 0.791
7715.000 0.798
7720.000 0.804
7725.000 0.822
7730.000 0.829
7735.000 0.853
7740.000 0.881
7745.000 0.897
7750.000 0.943
7755.000 0.963
7760.000 1.009
7765.000 1.082
7770.000 1.120
7775.000 1.204
7780.000 1.251
7785.000 1.392
7790.000 1.552
7795.000 1.634
7800.000 1.879
7805.000 2.002
7810.000 2.233
7815.000 2.421
7820.000 2.437
7825.000 2.308
7830.000 2.158
7835.000 1.838
7840.000 1.592
7845.000 1.457
7850.000 1.286
7855.000 1.228
7860.000 1.113
7865.000 1.044
7870.000 1.024
7875.000 0.994
7880.000 1.002
7885.000 1.024
7890.000 1.059
7895.000 1.078
7900.000 1.086
7905.000 1.073
7910.000 0.989
7915.000 0.892
7920.000 0.860
7925.000 0.788
7930.000 0.766
7935.000 0.725
7940.000 0.698
7945.000 0.685
7950.000 0.665
7955.000 0.659
7960.000 0.648
7965.000 0.631
7970.000 0.629
7975.000 0.621
7980.000 0.621
7985.000 0.601
7990.000 0.597
7995.000 0.605
8000.000 0.598
8005.000 0.598
8010.000 0.598
8015.000 0.610
8020.000 0.610
8025.000 0.619
8030.000 0.630
8035.000 0.646
8040.000 0.652
8045.000 0.664
8050.000 0.670
8055.000 0.670
8060.000 0.654
8065.000 0.638
8070.000 0.595
8075.000 0.564
8080.000 0.547
8085.000 0.535
8090.000 0.531
8095.000 0.525
8100.000 0.525
8105.000 0.528
8110.000 0.525
8115.000 0.517
8120.000 0.505
8125.000 0.494
8130.000 0.494
8135.000 0.492
8140.000 0.487
8145.000 0.491
8150.000 0.492
8155.000 0.493
8160.000 0.492
8165.000 0.493
8170.000 0.494
8175.000 0.498
8180.000 0.497
8185.000 0.502
8190.000 0.503
8195.000 0.498
8200.000 0.500
8205.000 0.498
8210.000 0.497
8215.000 0.503
8220.000 0.502
8225.000 0.503
8230.000 0.499
8235.000 0.497
8240.000 0.497
8245.000 0.496
8250.000 0.494
8255.000 0.495
8260.000 0.491
8265.000 0.495
8270.000 0.494
8275.000 0.494
8280.000 0.505
8285.000 0.503
8290.000 0.507
8295.000 0.506
8300.000 0.507
8305.000 0.505
8310.000 0.505
8315.000 0.499
8320.000 0.499
8325.000 0.496
8330.000 0.497
8335.000 0.495
8340.000 0.493
8345.000 0.493
8350.000 0.490
8355.000 0.492
8360.000 0.500
8365.000 0.500
8370.000 0.499
8375.000 0.504
8380.000 0.505
8385.000 0.504
8390.000 0.504
8395.000 0.505
8400.000 0.505
8405.000 0.500
8410.000 0.498
8415.000 0.496
8420.000 0.494
8425.000 0.494
8430.000 0.491
8435.000 0.495
8440.000 0.494
8445.000 0.493
8450.000 0.499
8455.000 0.500
8460.000 0.500
8465.000 0.504
8470.000 0.505
8475.000 0.509
8480.000 0.505
8485.000 0.502
8490.000 0.500
8495.000 0.501
8500.000 0.497
8505.000 0.492
8510.000 0.493
8515.000 0.492
8520.000 0.493
8525.000 0.492
8530.000 0.494
8535.000 0.497
8540.000 0.498
8545.000 0.501
8550.000 0.503
8555.000 0.503
8560.000 0.503
8565.000 0.506
8570.000 0.508
8575.000 0.500
8580.000 0.498
8585.000 0.501
8590.000 0.497
8595.000 0.495
8600.000 0.494
8605.000 0.495
8610.000 0.493
8615.000 0.493
8620.000 0.494
8625.000 0.498
8630.000 0.497
8635.000 0.498
8640.000 0.499
8645.000 0.502
8650.000 0.506
8655.000 0.501
8660.000 0.502
8665.000 0.501
8670.000 0.498
8675.000 0.496
8680.000 0.497
8685.000 0.491
8690.000 0.491
8695.000 0.492
8700.000 0.489
8705.000 0.493
8710.000 0.494
8715.000 0.499
8720.000 0.502
8725.000 0.501
8730.000 0.501
8735.000 0.507
8740.000 0.501
8745.000 0.504
8750.000 0.499
8755.000 0.499
8760.000 0.500
8765.000 0.493
8770.000 0.495
8775.000 0.493
8780.000 0.487
8785.000 0.490
8790.000 0.490
8795.000 0.494
8800.000 0.494
8805.000 0.495
8810.000 0.495
8815.000 0.507
8820.000 0.499
8825.000 0.524
8830.000 0.503
8835.000 0.495
8840.000 0.497
8845.000 0.499
8850.000 0.499
8855.000 0.493
8860.000 0.493
8865.000 0.491
8870.000 0.491
8875.000 0.490
8880.000 0.491
8885.000 0.492
8890.000 0.492
8895.000 0.493
8900.000 0.496
8905.000 0.499
8910.000 0.503
8915.000 0.502
8920.000 0.501
8925.000 0.502
8930.000 0.501
8935.000 0.495
8940.000 0.494
8945.000 0.494
8950.000 0.492
8955.000 0.488
8960.000 0.488
8965.000 0.491
8970.000 0.497
8975.000 0.493
8980.000 0.496
8985.000 0.498
8990.000 0.504
8995.000 0.497
9000.000 0.504
9005.000 0.501
9010.000 0.506
9015.000 0.498
9020.000 0.501
9025.000 0.501
9030.000 0.494
9035.000 0.487
9040.000 0.486
9045.000 0.488
9050.000 0.484
9055.000 0.495
9060.000 0.492
9065.000 0.495
9070.000 0.497
9075.000 0.498
9080.000 0.501
9085.000 0.497
9090.000 0.505
9095.000 0.503
9100.000 0.501
9105.000 0.497
9110.000 0.496
9115.000 0.497
9120.000 0.492
9125.000 0.490
9130.000 0.493
9135.000 0.485
9140.000 0.487
9145.000 0.487
9150.000 0.491
9155.000 0.493
9160.000 0.496
9165.000 0.494
9170.000 0.495
9175.000 0.505
9180.000 0.504
9185.000 0.501
9190.000 0.498
9195.000 0.500
9200.000 0.497
9205.000 0.491
9210.000 0.489
9215.000 0.489
9220.000 0.490
9225.000 0.485
9230.000 0.486
9235.000 0.490
9240.000 0.488
9245.000 0.490
9250.000 0.495
9255.000 0.500
9260.000 0.496
9265.000 0.500
9270.000 0.500
9275.000 0.500
9280.000 0.494
9285.000 0.497
9290.000 0.494
9295.000 0.487
9300.000 0.485
9305.000 0.487
9310.000 0.485
9315.000 0.484
9320.000 0.488
9325.000 0.487
9330.000 0.490
9335.000 0.490
9340.000 0.490
9345.000 0.497
9350.000 0.496
9355.000 0.496
9360.000 0.498
9365.000 0.494
9370.000 0.496
9375.000 0.492
9380.000 0.492
9385.000 0.487
9390.000 0.484
9395.000 0.482
9400.000 0.485
9405.000 0.483
9410.000 0.483
9415.000 0.481
9420.000 0.486
9425.000 0.491
9430.000 0.493
9435.000 0.498
9440.000 0.501
9445.000 0.500
9450.000 0.500
9455.000 0.500
9460.000 0.498
9465.000 0.496
9470.000 0.494
9475.000 0.491
9480.000 0.489
9485.000 0.487
9490.000 0.484
9495.000 0.488
9500.000 0.486
9505.000 0.488
9510.000 0.493
9515.000 0.496
9520.000 0.497
9525.000 0.494
9530.000 0.498
9535.000 0.501
9540.000 0.498
9545.000 0.496
9550.000 0.496
9555.000 0.494
9560.000 0.488
9565.000 0.490
9570.000 0.489
9575.000 0.488
9580.000 0.485
9585.000 0.482
9590.000 0.488
9595.000 0.488
9600.000 0.488
9605.000 0.492
9610.000 0.498
9615.000 0.498
9620.000 0.496
9625.000 0.497
9630.000 0.499
9635.000 0.494
9640.000 0.491
9645.000 0.491
9650.000 0.493
9655.000 0.487
9660.000 0.485
9665.000 0.485
9670.000 0.483
9675.000 0.483
9680.000 0.484
9685.000 0.493
9690.000 0.493
9695.000 0.492
9700.000 0.494
9705.000 0.494
9710.000 0.498
9715.000 0.499
9720.000 0.496
9725.000 0.493
9730.000 0.494
9735.000 0.488
9740.000 0.489
9745.000 0.489
9750.000 0.485
9755.000 0.486
9760.000 0.487
9765.000 0.489
9770.000 0.489
9775.000 0.487
9780.000 0.496
9785.000 0.498
9790.000 0.496
9795.000 0.502
9800.000 0.500
9805.000 0.505
9810.000 0.498
9815.000 0.498
9820.000 0.497
9825.000 0.497
9830.000 0.493
9835.000 0.494
9840.000 0.492
9845.000 0.495
9850.000 0.493
9855.000 0.498
9860.000 0.501
9865.000 0.501
9870.000 0.510
9875.000 0.513
9880.000 0.516
9885.000 0.517
9890.000 0.523
9895.000 0.526
9900.000 0.530
9905.000 0.530
9910.000 0.530
9915.000 0.538
9920.000 0.544
9925.000 0.551
9930.000 0.565
9935.000 0.570
9940.000 0.591
9945.000 0.616
9950.000 0.629
9955.000 0.672
9960.000 0.693
9965.000 0.731
9970.000 0.748
9975.000 0.734
9980.000 0.667
9985.000 0.597
9990.000 0.414
9995.000 0.283
10000.000 0.222
10005.000 0.132
10010.000 0.105
10015.000 0.069
10020.000 0.074
10025.000 0.087
10030.000 0.134
10035.000 0.175
10040.000 0.267
10045.000 0.377
10050.000 0.465
10055.000 0.645
10060.000 0.727
10065.000 1.027
10070.000 1.329
10075.000 1.442
10080.000 1.652
10085.000 1.681
10090.000 1.655
10095.000 1.586
10100.000 1.552
10105.000 1.491
10110.000 1.465
10115.000 1.414
10120.000 1.397
10125.000 1.396
10130.000 1.399
10135.000 1.410
10140.000 1.442
10145.000 1.494
10150.000 1.528
10155.000 1.597
10160.000 1.659
10165.000 1.768
10170.000 1.859
10175.000 1.908
10180.000 1.914
10185.000 1.875
10190.000 1.607
10195.000 1.267
10200.000 1.141
10205.000 0.820
10210.000 0.710
10215.000 0.556
10220.000 0.411
10225.000 0.360
10230.000 0.292
10235.000 0.252
10240.000 0.210
10245.000 0.186
10250.000 0.167
10255.000 0.161
10260.000 0.156
10265.000 0.150
10270.000 0.149
10275.000 0.150
10280.000 0.149
10285.000 0.150
10290.000 0.153
10295.000 0.153
10300.000 0.157
10305.000 0.148
10310.000 0.152
10315.000 0.147
10320.000 0.143
10325.000 0.139
10330.000 0.128
10335.000 0.123
10340.000 0.108
10345.000 0.092
10350.000 0.088
10355.000 0.076
10360.000 0.077
10365.000 0.096
10370.000 0.108
10375.000 0.160
10380.000 0.223
10385.000 0.266
10390.000 0.362
10395.000 0.421
10400.000 0.563
10405.000 0.772
10410.000 0.893
10415.000 1.167
10420.000 1.287
10425.000 1.618
10430.000 1.811
10435.000 1.852
10440.000 1.828
10445.000 1.782
10450.000 1.682
10455.000 1.562
10460.000 1.518
10465.000 1.456
10470.000 1.420
10475.000 1.374
10480.000 1.350
10485.000 1.335
10490.000 1.324
10495.000 1.326
10500.000 1.330
10505.000 1.344
10510.000 1.357
10515.000 1.386
10520.000 1.403
10525.000 1.448
10530.000 1.506
10535.000 1.541
10540.000 1.627
10545.000 1.656
10550.000 1.760
10555.000 1.836
10560.000 1.844
10565.000 1.799
10570.000 1.729
10575.000 1.540
10580.000 1.227
10585.000 1.087
10590.000 0.875
10595.000 0.744
10600.000 0.575
10605.000 0.461
10610.000 0.395
10615.000 0.306
10620.000 0.273
10625.000 0.215
10630.000 0.164
10635.000 0.153
10640.000 0.113
10645.000 0.098
10650.000 0.072
10655.000 0.048
10660.000 0.040
10665.000 0.021
10670.000 0.014
10675.000 0.019
10680.000 0.039
10685.000 0.055
10690.000 0.093
10695.000 0.109
10700.000 0.151
10705.000 0.219
10710.000 0.253
10715.000 0.328
10720.000 0.394
10725.000 0.519
10730.000 0.646
10735.000 0.749
10740.000 0.913
10745.000 0.975
10750.000 1.072
10755.000 1.084
10760.000 1.068
10765.000 1.017
10770.000 0.984
10775.000 0.933
10780.000 0.876
10785.000 0.858
10790.000 0.826
10795.000 0.806
10800.000 0.776
10805.000 0.755
10810.000 0.745
10815.000 0.724
10820.000 0.718
10825.000 0.709
10830.000 0.696
10835.000 0.693
10840.000 0.692
10845.000 0.690
10850.000 0.684
10855.000 0.684
10860.000 0.680
10865.000 0.678
10870.000 0.679
10875.000 0.673
10880.000 0.676
10885.000 0.675
10890.000 0.673
10895.000 0.677
10900.000 0.680
10905.000 0.688
10910.000 0.688
10915.000 0.699
10920.000 0.710
10925.000 0.729
10930.000 0.742
10935.000 0.761
10940.000 0.790
10945.000 0.804
10950.000 0.825
10955.000 0.855
10960.000 0.858
10965.000 0.861
10970.000 0.843
10975.000 0.778
10980.000 0.740
10985.000 0.599
10990.000 0.457
10995.000 0.405
11000.000 0.291
11005.000 0.247
11010.000 0.181
11015.000 0.101
11020.000 0.070
11025.000 0.018
11030.000 0.030
11035.000 0.110
11040.000 0.177
11045.000 0.220
11050.000 0.332
11055.000 0.385
11060.000 0.483
11065.000 0.595
11070.000 0.638
11075.000 0.672
11080.000 0.681
11085.000 0.673
11090.000 0.659
11095.000 0.647
11100.000 0.630
11105.000 0.625
11110.000 0.612
11115.000 0.601
11120.000 0.594
11125.000 0.589
11130.000 0.585
11135.000 0.574
11140.000 0.564
11145.000 0.561
11150.000 0.557
11155.000 0.552
11160.000 0.552
11165.000 0.550
11170.000 0.548
11175.000 0.541
11180.000 0.536
11185.000 0.527
11190.000 0.503
11195.000 0.492
11200.000 0.478
11205.000 0.465
11210.000 0.460
11215.000 0.455
11220.000 0.455
11225.000 0.457
11230.000 0.456
11235.000 0.451
11240.000 0.457
11245.000 0.454
11250.000 0.453
11255.000 0.455
11260.000 0.456
11265.000 0.461
11270.000 0.460
11275.000 0.460
11280.000 0.466
11285.000 0.466
11290.000 0.468
11295.000 0.467
11300.000 0.470
11305.000 0.467
11310.000 0.466
11315.000 0.465
11320.000 0.468
11325.000 0.458
11330.000 0.460
11335.000 0.461
11340.000 0.463
11345.000 0.456
11350.000 0.459
11355.000 0.461
11360.000 0.461
11365.000 0.464
11370.000 0.466
11375.000 0.466
11380.000 0.469
11385.000 0.469
11390.000 0.469
11395.000 0.466
11400.000 0.465
11405.000 0.464
11410.000 0.463
11415.000 0.464
11420.000 0.461
11425.000 0.460
11430.000 0.459
11435.000 0.462
11440.000 0.460
11445.000 0.462
11450.000 0.466
11455.000 0.465
11460.000 0.465
11465.000 0.468
11470.000 0.469
11475.000 0.467
11480.000 0.466
11485.000 0.462
11490.000 0.466
11495.000 0.463
11500.000 0.464
11505.000 0.457
11510.000 0.457
11515.000 0.457
11520.000 0.457
11525.000 0.457
11530.000 0.459
11535.000 0.460
11540.000 0.465
11545.000 0.467
11550.000 0.464
11555.000 0.463
11560.000 0.464
11565.000 0.464
11570.000 0.462
11575.000 0.463
11580.000 0.463
11585.000 0.463
11590.000 0.458
11595.000 0.461
11600.000 0.458
11605.000 0.457
11610.000 0.457
11615.000 0.460
11620.000 0.460
11625.000 0.461
11630.000 0.460
11635.000 0.464
11640.000 0.463
11645.000 0.466
11650.000 0.464
11655.000 0.463
11660.000 0.464
11665.000 0.461
11670.000 0.461
11675.000 0.456
11680.000 0.459
11685.000 0.457
11690.000 0.460
11695.000 0.458
11700.000 0.457
11705.000 0.457
11710.000 0.457
11715.000 0.460
11720.000 0.459
11725.000 0.457
11730.000 0.462
11735.000 0.462
11740.000 0.462
11745.000 0.461
11750.000 0.459
11755.000 0.460
11760.000 0.455
11765.000 0.455
11770.000 0.457
11775.000 0.455
11780.000 0.455
11785.000 0.454
11790.000 0.455
11795.000 0.454
11800.000 0.456
11805.000 0.454
11810.000 0.458
11815.000 0.461
11820.000 0.461
11825.000 0.461
11830.000 0.459
11835.000 0.461
11840.000 0.459
11845.000 0.456
11850.000 0.457
11855.000 0.456
11860.000 0.456
11865.000 0.453
11870.000 0.455
11875.000 0.452
11880.000 0.454
11885.000 0.455
11890.000 0.456
11895.000 0.456
11900.000 0.455
11905.000 0.457
11910.000 0.455
11915.000 0.460
11920.000 0.458
11925.000 0.459
11930.000 0.456
11935.000 0.452
11940.000 0.454
11945.000 0.451
11950.000 0.456
11955.000 0.451
11960.000 0.453
11965.000 0.454
11970.000 0.453
11975.000 0.453
11980.000 0.456
11985.000 0.455
11990.000 0.452
11995.000 0.460
12000.000 0.455
