105.000 4.069
110.000 4.397
115.000 4.687
120.000 5.038
125.000 5.034
130.000 5.126
135.000 5.307
140.000 5.630
145.000 5.700
150.000 5.887
155.000 6.081
160.000 6.200
165.000 6.377
170.000 6.682
175.000 6.900
180.000 7.165
185.000 7.307
190.000 7.722
195.000 8.081
200.000 8.251
205.000 8.855
210.000 8.794
215.000 9.552
220.000 10.321
225.000 10.514
230.000 11.181
235.000 11.520
240.000 12.449
245.000 13.410
250.000 13.929
255.000 15.145
260.000 15.814
265.000 17.360
270.000 19.205
275.000 20.229
280.000 22.493
285.000 23.890
290.000 27.039
295.000 30.904
300.000 33.189
305.000 38.780
310.000 42.206
315.000 50.433
320.000 61.939
325.000 69.312
330.000 88.138
335.000 100.615
340.000 129.180
345.000 141.429
350.000 144.306
355.000 145.803
360.000 144.527
365.000 137.644
370.000 125.480
375.000 116.084
380.000 101.386
385.000 95.851
390.000 87.559
395.000 81.550
400.000 79.232
405.000 75.645
410.000 73.975
415.000 71.332
420.000 68.931
425.000 67.779
430.000 65.303
435.000 63.966
440.000 60.970
445.000 57.589
450.000 55.733
455.000 51.893
460.000 49.917
465.000 45.889
470.000 42.050
475.000 40.220
480.000 36.740
485.000 34.929
490.000 31.991
495.000 30.622
500.000 28.206
505.000 26.081
510.000 25.118
515.000 23.383
520.000 22.653
525.000 21.221
530.000 19.997
535.000 19.463
540.000 18.484
545.000 18.071
550.000 17.298
555.000 16.693
560.000 16.465
565.000 15.905
570.000 15.723
575.000 15.378
580.000 15.138
585.000 15.145
590.000 15.014
595.000 14.923
600.000 14.957
605.000 15.124
610.000 15.115
615.000 15.584
620.000 15.705
625.000 16.263
630.000 16.736
635.000 16.977
640.000 18.566
645.000 19.261
650.000 20.963
655.000 23.400
660.000 24.890
665.000 28.828
670.000 31.532
675.000 38.804
680.000 49.760
685.000 57.147
690.000 73.128
695.000 78.141
700.000 67.321
705.000 41.079
710.000 34.086
715.000 25.035
720.000 21.967
725.000 17.514
730.000 14.453
735.000 13.254
740.000 11.327
745.000 10.678
750.000 9.423
755.000 8.254
760.000 7.813
765.000 7.023
770.000 6.683
775.000 6.096
780.000 5.439
785.000 5.392
790.000 5.029
795.000 4.863
800.000 4.574
805.000 4.306
810.000 4.176
815.000 3.935
820.000 3.823
825.000 3.631
830.000 3.451
835.000 3.378
840.000 3.235
845.000 3.170
850.000 3.053
855.000 2.952
860.000 2.897
865.000 2.826
870.000 2.782
875.000 2.717
880.000 2.663
885.000 2.643
890.000 2.590
895.000 2.579
900.000 2.553
905.000 2.548
910.000 2.535
915.000 2.540
920.000 2.544
925.000 2.562
930.000 2.590
935.000 2.614
940.000 2.680
945.000 2.713
950.000 2.775
955.000 2.874
960.000 2.923
965.000 3.059
970.000 3.134
975.000 3.334
980.000 3.584
985.000 3.743
990.000 4.150
995.000 4.426
1000.000 5.081
1005.000 6.076
1010.000 6.725
1015.000 8.446
1020.000 9.520
1025.000 11.522
1030.000 11.346
1035.000 9.842
1040.000 6.471
1045.000 5.438
1050.000 4.054
1055.000 3.193
1060.000 2.913
1065.000 2.416
1070.000 2.232
1075.000 1.948
1080.000 1.822
1085.000 1.637
1090.000 1.497
1095.000 1.439
1100.000 1.348
1105.000 1.307
1110.000 1.252
1115.000 1.202
1120.000 1.190
1125.000 1.171
1130.000 1.160
1135.000 1.154
1140.000 1.154
1145.000 1.163
1150.000 1.176
1155.000 1.186
1160.000 1.212
1165.000 1.247
1170.000 1.269
1175.000 1.307
1180.000 1.342
1185.000 1.398
1190.000 1.470
1195.000 1.511
1200.000 1.601
1205.000 1.646
1210.000 1.764
1215.000 1.900
1220.000 1.970
1225.000 2.158
1230.000 2.251
1235.000 2.483
1240.000 2.783
1245.000 2.952
1250.000 3.367
1255.000 3.606
1260.000 4.236
1265.000 5.090
1270.000 5.615
1275.000 7.088
1280.000 8.049
1285.000 10.542
1290.000 13.764
1295.000 15.152
1300.000 15.364
1305.000 13.726
1310.000 9.722
1315.000 7.480
1320.000 6.689
1325.000 5.529
1330.000 5.109
1335.000 4.454
1340.000 3.949
1345.000 3.738
1350.000 3.414
1355.000 3.255
1360.000 3.025
1365.000 2.827
1370.000 2.739
1375.000 2.582
1380.000 2.519
1385.000 2.399
1390.000 2.346
1395.000 2.260
1400.000 2.185
1405.000 2.146
1410.000 2.084
1415.000 2.059
1420.000 2.010
1425.000 1.973
1430.000 1.956
1435.000 1.921
1440.000 1.909
1445.000 1.888
1450.000 1.865
1455.000 1.854
1460.000 1.846
1465.000 1.841
1470.000 1.830
1475.000 1.828
1480.000 1.829
1485.000 1.830
1490.000 1.832
1495.000 1.835
1500.000 1.849
1505.000 1.853
1510.000 1.868
1515.000 1.873
1520.000 1.894
1525.000 1.918
1530.000 1.930
1535.000 1.957
1540.000 1.970
1545.000 2.004
1550.000 2.042
1555.000 2.060
1560.000 2.108
1565.000 2.129
1570.000 2.177
1575.000 2.228
1580.000 2.252
1585.000 2.314
1590.000 2.348
1595.000 2.417
1600.000 2.489
1605.000 2.533
1610.000 2.627
1615.000 2.680
1620.000 2.801
1625.000 2.963
1630.000 3.065
1635.000 3.309
1640.000 3.486
1645.000 3.919
1650.000 4.542
1655.000 4.987
1660.000 6.110
1665.000 6.852
1670.000 8.789
1675.000 11.960
1680.000 13.913
1685.000 18.550
1690.000 20.984
1695.000 23.182
1700.000 19.574
1705.000 16.826
1710.000 13.074
1715.000 11.826
1720.000 9.844
1725.000 8.497
1730.000 7.996
1735.000 7.118
1740.000 6.768
1745.000 6.191
1750.000 5.714
1755.000 5.510
1760.000 5.177
1765.000 5.027
1770.000 4.764
1775.000 4.554
1780.000 4.460
1785.000 4.290
1790.000 4.221
1795.000 4.098
1800.000 4.003
1805.000 3.963
1810.000 3.895
1815.000 3.871
1820.000 3.830
1825.000 3.810
1830.000 3.800
1835.000 3.804
1840.000 3.811
1845.000 3.835
1850.000 3.882
1855.000 3.905
1860.000 3.979
1865.000 4.019
1870.000 4.123
1875.000 4.246
1880.000 4.319
1885.000 4.486
1890.000 4.574
1895.000 4.797
1900.000 5.054
1905.000 5.197
1910.000 5.543
1915.000 5.738
1920.000 6.167
1925.000 6.719
1930.000 7.036
1935.000 7.750
1940.000 8.193
1945.000 9.253
1950.000 10.554
1955.000 11.352
1960.000 13.360
1965.000 14.540
1970.000 17.491
1975.000 19.190
1980.000 22.398
1985.000 24.321
1990.000 24.259
1995.000 21.839
2000.000 20.048
2005.000 16.515
2010.000 13.785
2015.000 12.707
2020.000 10.941
2025.000 10.218
2030.000 9.071
2035.000 8.129
2040.000 7.751
2045.000 7.107
2050.000 6.829
2055.000 6.330
2060.000 5.911
2065.000 5.750
2070.000 5.433
2075.000 5.292
2080.000 5.052
2085.000 4.841
2090.000 4.754
2095.000 4.595
2100.000 4.524
2105.000 4.403
2110.000 4.306
2115.000 4.261
2120.000 4.193
2125.000 4.167
2130.000 4.135
2135.000 4.118
2140.000 4.115
2145.000 4.134
2150.000 4.149
2155.000 4.207
2160.000 4.289
2165.000 4.351
2170.000 4.495
2175.000 4.580
2180.000 4.815
2185.000 5.126
2190.000 5.315
2195.000 5.806
2200.000 6.109
2205.000 6.880
2210.000 7.915
2215.000 8.562
2220.000 9.957
2225.000 10.549
2230.000 10.916
2235.000 9.218
2240.000 7.935
2245.000 5.583
2250.000 4.766
2255.000 3.594
2260.000 2.754
2265.000 2.446
2270.000 1.935
2275.000 1.728
2280.000 1.415
2285.000 1.174
2290.000 1.065
2295.000 0.893
2300.000 0.822
2305.000 0.696
2310.000 0.597
2315.000 0.553
2320.000 0.482
2325.000 0.453
2330.000 0.402
2335.000 0.364
2340.000 0.349
2345.000 0.325
2350.000 0.319
2355.000 0.308
2360.000 0.304
2365.000 0.301
2370.000 0.303
2375.000 0.304
2380.000 0.309
2385.000 0.312
2390.000 0.317
2395.000 0.323
2400.000 0.324
2405.000 0.334
2410.000 0.338
2415.000 0.342
2420.000 0.347
2425.000 0.351
2430.000 0.357
2435.000 0.364
2440.000 0.365
2445.000 0.371
2450.000 0.377
2455.000 0.383
2460.000 0.388
2465.000 0.389
2470.000 0.394
2475.000 0.397
2480.000 0.399
2485.000 0.402
2490.000 0.405
2495.000 0.404
2500.000 0.409
2505.000 0.414
2510.000 0.415
2515.000 0.412
2520.000 0.415
2525.000 0.419
2530.000 0.424
2535.000 0.427
2540.000 0.427
2545.000 0.428
2550.000 0.431
2555.000 0.434
2560.000 0.433
2565.000 0.433
2570.000 0.442
2575.000 0.441
2580.000 0.441
2585.000 0.443
2590.000 0.441
2595.000 0.445
2600.000 0.442
2605.000 0.443
2610.000 0.440
2615.000 0.445
2620.000 0.447
2625.000 0.449
2630.000 0.448
2635.000 0.452
2640.000 0.452
2645.000 0.455
2650.000 0.452
2655.000 0.458
2660.000 0.454
2665.000 0.458
2670.000 0.454
2675.000 0.455
2680.000 0.455
2685.000 0.457
2690.000 0.455
2695.000 0.459
2700.000 0.456
2705.000 0.458
2710.000 0.456
2715.000 0.459
2720.000 0.458
2725.000 0.461
2730.000 0.458
2735.000 0.459
2740.000 0.459
2745.000 0.460
2750.000 0.459
2755.000 0.456
2760.000 0.460
2765.000 0.457
2770.000 0.460
2775.000 0.459
2780.000 0.460
2785.000 0.460
2790.000 0.461
2795.000 0.461
2800.000 0.459
2805.000 0.461
2810.000 0.462
2815.000 0.462
2820.000 0.464
2825.000 0.465
2830.000 0.461
2835.000 0.463
2840.000 0.465
2845.000 0.460
2850.000 0.463
2855.000 0.465
2860.000 0.463
2865.000 0.464
2870.000 0.459
2875.000 0.465
2880.000 0.467
2885.000 0.463
2890.000 0.469
2895.000 0.461
2900.000 0.466
2905.000 0.464
2910.000 0.467
2915.000 0.462
2920.000 0.468
2925.000 0.467
2930.000 0.467
2935.000 0.469
2940.000 0.465
2945.000 0.464
2950.000 0.460
2955.000 0.466
2960.000 0.463
2965.000 0.471
2970.000 0.463
2975.000 0.462
2980.000 0.472
2985.000 0.463
2990.000 0.472
2995.000 0.456
3000.000 0.472
3005.000 0.471
3010.000 0.476
3015.000 0.456
3020.000 0.458
3025.000 0.470
3030.000 0.454
3035.000 0.467
3040.000 0.465
3045.000 0.456
3050.000 0.466
3055.000 0.465
3060.000 0.458
3065.000 0.465
3070.000 0.466
3075.000 0.463
3080.000 0.465
3085.000 0.463
3090.000 0.464
3095.000 0.469
3100.000 0.463
3105.000 0.469
3110.000 0.467
3115.000 0.466
3120.000 0.470
3125.000 0.464
3130.000 0.466
3135.000 0.467
3140.000 0.471
3145.000 0.471
3150.000 0.470
3155.000 0.475
3160.000 0.473
3165.000 0.475
3170.000 0.479
3175.000 0.482
3180.000 0.482
3185.000 0.487
3190.000 0.492
3195.000 0.494
3200.000 0.498
3205.000 0.502
3210.000 0.508
3215.000 0.515
3220.000 0.522
3225.000 0.531
3230.000 0.545
3235.000 0.552
3240.000 0.576
3245.000 0.587
3250.000 0.612
3255.000 0.646
3260.000 0.661
3265.000 0.702
3270.000 0.727
3275.000 0.788
3280.000 0.855
3285.000 0.896
3290.000 0.996
3295.000 1.053
3300.000 1.176
3305.000 1.349
3310.000 1.451
3315.000 1.675
3320.000 1.837
3325.000 2.185
3330.000 2.641
3335.000 2.956
3340.000 3.747
3345.000 4.259
3350.000 5.566
3355.000 7.639
3360.000 8.937
3365.000 11.766
3370.000 13.131
3375.000 13.668
3380.000 11.444
3385.000 10.185
3390.000 8.591
3395.000 8.101
3400.000 7.302
3405.000 6.849
3410.000 6.727
3415.000 6.567
3420.000 6.552
3425.000 6.623
3430.000 6.854
3435.000 7.021
3440.000 7.463
3445.000 7.772
3450.000 8.613
3455.000 9.796
3460.000 10.509
3465.000 12.467
3470.000 13.636
3475.000 16.196
3480.000 18.714
3485.000 19.248
3490.000 17.993
3495.000 16.203
3500.000 12.630
3505.000 10.164
3510.000 9.099
3515.000 7.642
3520.000 7.086
3525.000 6.165
3530.000 5.504
3535.000 5.235
3540.000 4.780
3545.000 4.598
3550.000 4.287
3555.000 4.042
3560.000 3.947
3565.000 3.786
3570.000 3.719
3575.000 3.605
3580.000 3.529
3585.000 3.506
3590.000 3.473
3595.000 3.465
3600.000 3.476
3605.000 3.507
3610.000 3.532
3615.000 3.606
3620.000 3.655
3625.000 3.784
3630.000 3.938
3635.000 4.035
3640.000 4.282
3645.000 4.422
3650.000 4.758
3655.000 5.187
3660.000 5.443
3665.000 6.041
3670.000 6.444
3675.000 7.389
3680.000 8.584
3685.000 9.441
3690.000 11.382
3695.000 12.471
3700.000 14.952
3705.000 16.620
3710.000 16.615
3715.000 14.606
3720.000 13.036
3725.000 10.435
3730.000 8.422
3735.000 7.699
3740.000 6.604
3745.000 6.141
3750.000 5.370
3755.000 5.042
3760.000 4.571
3765.000 4.168
3770.000 4.003
3775.000 3.735
3780.000 3.605
3785.000 3.401
3790.000 3.240
3795.000 3.163
3800.000 3.037
3805.000 2.984
3810.000 2.889
3815.000 2.816
3820.000 2.788
3825.000 2.739
3830.000 2.721
3835.000 2.694
3840.000 2.684
3845.000 2.680
3850.000 2.697
3855.000 2.702
3860.000 2.742
3865.000 2.788
3870.000 2.816
3875.000 2.899
3880.000 2.944
3885.000 3.050
3890.000 3.199
3895.000 3.278
3900.000 3.466
3905.000 3.592
3910.000 3.863
3915.000 4.187
3920.000 4.413
3925.000 4.918
3930.000 5.226
3935.000 5.938
3940.000 6.975
3945.000 7.588
3950.000 8.998
3955.000 9.926
3960.000 11.612
3965.000 12.495
3970.000 12.339
3975.000 10.750
3980.000 9.778
3985.000 7.846
3990.000 6.519
3995.000 6.077
4000.000 5.197
4005.000 4.872
4010.000 4.389
4015.000 3.979
4020.000 3.809
4025.000 3.571
4030.000 3.465
4035.000 3.301
4040.000 3.188
4045.000 3.136
4050.000 3.081
4055.000 3.055
4060.000 3.058
4065.000 3.096
4070.000 3.129
4075.000 3.229
4080.000 3.313
4085.000 3.495
4090.000 3.746
4095.000 3.930
4100.000 4.350
4105.000 4.611
4110.000 5.282
4115.000 6.146
4120.000 6.615
4125.000 7.546
4130.000 7.860
4135.000 7.699
4140.000 6.465
4145.000 5.696
4150.000 4.461
4155.000 4.021
4160.000 3.240
4165.000 2.711
4170.000 2.521
4175.000 2.162
4180.000 2.020
4185.000 1.803
4190.000 1.601
4195.000 1.525
4200.000 1.388
4205.000 1.330
4210.000 1.226
4215.000 1.143
4220.000 1.098
4225.000 1.032
4230.000 1.001
4235.000 0.949
4240.000 0.906
4245.000 0.890
4250.000 0.857
4255.000 0.844
4260.000 0.820
4265.000 0.795
4270.000 0.784
4275.000 0.766
4280.000 0.758
4285.000 0.745
4290.000 0.731
4295.000 0.726
4300.000 0.717
4305.000 0.715
4310.000 0.704
4315.000 0.697
4320.000 0.694
4325.000 0.691
4330.000 0.687
4335.000 0.687
4340.000 0.681
4345.000 0.683
4350.000 0.677
4355.000 0.677
4360.000 0.670
4365.000 0.668
4370.000 0.666
4375.000 0.665
4380.000 0.665
4385.000 0.666
4390.000 0.664
4395.000 0.668
4400.000 0.669
4405.000 0.668
4410.000 0.672
4415.000 0.677
4420.000 0.679
4425.000 0.686
4430.000 0.692
4435.000 0.696
4440.000 0.699
4445.000 0.706
4450.000 0.715
4455.000 0.722
4460.000 0.733
4465.000 0.736
4470.000 0.753
4475.000 0.772
4480.000 0.784
4485.000 0.810
4490.000 0.827
4495.000 0.860
4500.000 0.903
4505.000 0.932
4510.000 0.996
4515.000 1.034
4520.000 1.127
4525.000 1.244
4530.000 1.322
4535.000 1.472
4540.000 1.575
4545.000 1.715
4550.000 1.683
4555.000 1.560
4560.000 1.187
4565.000 1.028
4570.000 0.746
4575.000 0.576
4580.000 0.525
4585.000 0.430
4590.000 0.403
4595.000 0.361
4600.000 0.337
4605.000 0.333
4610.000 0.328
4615.000 0.328
4620.000 0.328
4625.000 0.329
4630.000 0.337
4635.000 0.340
4640.000 0.344
4645.000 0.347
4650.000 0.355
4655.000 0.363
4660.000 0.370
4665.000 0.374
4670.000 0.384
4675.000 0.388
4680.000 0.403
4685.000 0.402
4690.000 0.410
4695.000 0.420
4700.000 0.426
4705.000 0.436
4710.000 0.456
4715.000 0.458
4720.000 0.483
4725.000 0.496
4730.000 0.538
4735.000 0.587
4740.000 0.629
4745.000 0.744
4750.000 0.825
4755.000 1.008
4760.000 1.269
4765.000 1.387
4770.000 1.515
4775.000 1.499
4780.000 1.353
4785.000 1.209
4790.000 1.132
4795.000 1.041
4800.000 1.005
4805.000 0.943
4810.000 0.896
4815.000 0.881
4820.000 0.849
4825.000 0.836
4830.000 0.821
4835.000 0.811
4840.000 0.807
4845.000 0.800
4850.000 0.802
4855.000 0.803
4860.000 0.807
4865.000 0.816
4870.000 0.822
4875.000 0.828
4880.000 0.847
4885.000 0.868
4890.000 0.884
4895.000 0.913
4900.000 0.932
4905.000 0.982
4910.000 1.027
4915.000 1.051
4920.000 1.063
4925.000 1.048
4930.000 0.896
4935.000 0.633
4940.000 0.515
4945.000 0.338
4950.000 0.292
4955.000 0.271
4960.000 0.289
4965.000 0.291
4970.000 0.309
4975.000 0.320
4980.000 0.343
4985.000 0.361
4990.000 0.369
4995.000 0.391
5000.000 0.386
5005.000 0.391
5010.000 0.409
5015.000 0.425
5020.000 0.423
5025.000 0.425
5030.000 0.430
5035.000 0.437
5040.000 0.440
5045.000 0.449
5050.000 0.458
5055.000 0.463
5060.000 0.460
5065.000 0.462
5070.000 0.468
5075.000 0.465
5080.000 0.460
5085.000 0.466
5090.000 0.470
5095.000 0.462
5100.000 0.468
5105.000 0.469
5110.000 0.472
5115.000 0.474
5120.000 0.475
5125.000 0.477
5130.000 0.481
5135.000 0.484
5140.000 0.479
5145.000 0.485
5150.000 0.484
5155.000 0.483
5160.000 0.485
5165.000 0.482
5170.000 0.480
5175.000 0.486
5180.000 0.481
5185.000 0.483
5190.000 0.479
5195.000 0.483
5200.000 0.482
5205.000 0.487
5210.000 0.489
5215.000 0.489
5220.000 0.485
5225.000 0.487
5230.000 0.490
5235.000 0.489
5240.000 0.492
5245.000 0.485
5250.000 0.490
5255.000 0.491
5260.000 0.486
5265.000 0.486
5270.000 0.489
5275.000 0.488
5280.000 0.489
5285.000 0.491
5290.000 0.493
5295.000 0.493
5300.000 0.491
5305.000 0.498
5310.000 0.497
5315.000 0.498
5320.000 0.503
5325.000 0.499
5330.000 0.503
5335.000 0.502
5340.000 0.496
5345.000 0.498
5350.000 0.497
5355.000 0.494
5360.000 0.494
5365.000 0.493
5370.000 0.491
5375.000 0.493
5380.000 0.495
5385.000 0.493
5390.000 0.496
5395.000 0.494
5400.000 0.494
5405.000 0.500
5410.000 0.499
5415.000 0.499
5420.000 0.498
5425.000 0.499
5430.000 0.499
5435.000 0.494
5440.000 0.495
5445.000 0.494
5450.000 0.494
5455.000 0.493
5460.000 0.492
5465.000 0.492
5470.000 0.494
5475.000 0.494
5480.000 0.496
5485.000 0.499
5490.000 0.498
5495.000 0.502
5500.000 0.499
5505.000 0.500
5510.000 0.500
5515.000 0.501
5520.000 0.500
5525.000 0.499
5530.000 0.496
5535.000 0.495
5540.000 0.494
5545.000 0.497
5550.000 0.499
5555.000 0.501
5560.000 0.495
5565.000 0.497
5570.000 0.500
5575.000 0.502
5580.000 0.502
5585.000 0.502
5590.000 0.502
5595.000 0.505
5600.000 0.505
5605.000 0.502
5610.000 0.504
5615.000 0.505
5620.000 0.496
5625.000 0.496
5630.000 0.498
5635.000 0.496
5640.000 0.497
5645.000 0.496
5650.000 0.498
5655.000 0.502
5660.000 0.501
5665.000 0.502
5670.000 0.507
5675.000 0.502
5680.000 0.505
5685.000 0.505
5690.000 0.503
5695.000 0.502
5700.000 0.501
5705.000 0.496
5710.000 0.499
5715.000 0.498
5720.000 0.495
5725.000 0.494
5730.000 0.497
5735.000 0.500
5740.000 0.500
5745.000 0.502
5750.000 0.499
5755.000 0.502
5760.000 0.502
5765.000 0.503
5770.000 0.501
5775.000 0.505
5780.000 0.500
5785.000 0.501
5790.000 0.501
5795.000 0.499
5800.000 0.496
5805.000 0.496
5810.000 0.492
5815.000 0.493
5820.000 0.499
5825.000 0.497
5830.000 0.498
5835.000 0.497
5840.000 0.501
5845.000 0.502
5850.000 0.503
5855.000 0.504
5860.000 0.503
5865.000 0.503
5870.000 0.503
5875.000 0.499
5880.000 0.500
5885.000 0.498
5890.000 0.495
5895.000 0.495
5900.000 0.494
5905.000 0.497
5910.000 0.498
5915.000 0.497
5920.000 0.498
5925.000 0.500
5930.000 0.499
5935.000 0.506
5940.000 0.498
5945.000 0.501
5950.000 0.506
5955.000 0.503
5960.000 0.499
5965.000 0.495
5970.000 0.491
5975.000 0.494
5980.000 0.494
5985.000 0.500
5990.000 0.500
5995.000 0.490
6000.000 0.502
6005.000 0.498
6010.000 0.502
6015.000 0.501
6020.000 0.500
6025.000 0.503
6030.000 0.508
6035.000 0.510
6040.000 0.506
6045.000 0.504
6050.000 0.499
6055.000 0.505
6060.000 0.493
6065.000 0.499
6070.000 0.495
6075.000 0.495
6080.000 0.494
6085.000 0.497
6090.000 0.498
6095.000 0.499
6100.000 0.499
6105.000 0.503
6110.000 0.502
6115.000 0.503
6120.000 0.505
6125.000 0.505
6130.000 0.503
6135.000 0.504
6140.000 0.500
6145.000 0.502
6150.000 0.499
6155.000 0.495
6160.000 0.496
6165.000 0.495
6170.000 0.497
6175.000 0.492
6180.000 0.495
6185.000 0.497
6190.000 0.500
6195.000 0.499
6200.000 0.502
6205.000 0.508
6210.000 0.508
6215.000 0.502
6220.000 0.503
6225.000 0.502
6230.000 0.503
6235.000 0.499
6240.000 0.499
6245.000 0.500
6250.000 0.497
6255.000 0.495
6260.000 0.498
6265.000 0.498
6270.000 0.497
6275.000 0.500
6280.000 0.503
6285.000 0.503
6290.000 0.505
6295.000 0.504
6300.000 0.509
6305.000 0.512
6310.000 0.499
6315.000 0.501
6320.000 0.502
6325.000 0.501
6330.000 0.497
6335.000 0.501
6340.000 0.495
6345.000 0.495
6350.000 0.495
6355.000 0.496
6360.000 0.498
6365.000 0.498
6370.000 0.501
6375.000 0.504
6380.000 0.505
6385.000 0.504
6390.000 0.506
6395.000 0.505
6400.000 0.508
6405.000 0.501
6410.000 0.502
6415.000 0.500
6420.000 0.502
6425.000 0.496
6430.000 0.496
6435.000 0.497
6440.000 0.500
6445.000 0.501
6450.000 0.502
6455.000 0.506
6460.000 0.503
6465.000 0.510
6470.000 0.510
6475.000 0.511
6480.000 0.511
6485.000 0.513
6490.000 0.514
6495.000 0.515
6500.000 0.509
6505.000 0.510
6510.000 0.508
6515.000 0.508
6520.000 0.509
6525.000 0.511
6530.000 0.507
6535.000 0.519
6540.000 0.517
6545.000 0.515
6550.000 0.524
6555.000 0.529
6560.000 0.527
6565.000 0.534
6570.000 0.538
6575.000 0.539
6580.000 0.539
6585.000 0.546
6590.000 0.554
6595.000 0.550
6600.000 0.559
6605.000 0.562
6610.000 0.573
6615.000 0.587
6620.000 0.598
6625.000 0.617
6630.000 0.634
6635.000 0.660
6640.000 0.696
6645.000 0.722
6650.000 0.777
6655.000 0.799
6660.000 0.890
6665.000 1.000
6670.000 1.061
6675.000 1.254
6680.000 1.366
6685.000 1.644
6690.000 2.121
6695.000 2.405
6700.000 3.087
6705.000 3.447
6710.000 4.176
6715.000 4.254
6720.000 4.091
6725.000 3.545
6730.000 3.365
6735.000 3.135
6740.000 3.024
6745.000 3.026
6750.000 3.104
6755.000 3.200
6760.000 3.478
6765.000 3.866
6770.000 4.199
6775.000 4.937
6780.000 5.351
6785.000 6.452
6790.000 7.453
6795.000 7.716
6800.000 7.500
6805.000 6.995
6810.000 5.885
6815.000 4.982
6820.000 4.632
6825.000 4.098
6830.000 3.926
6835.000 3.587
6840.000 3.385
6845.000 3.302
6850.000 3.174
6855.000 3.133
6860.000 3.084
6865.000 3.077
6870.000 3.091
6875.000 3.136
6880.000 3.186
6885.000 3.301
6890.000 3.450
6895.000 3.573
6900.000 3.834
6905.000 3.989
6910.000 4.408
6915.000 4.917
6920.000 5.240
6925.000 6.010
6930.000 6.509
6935.000 7.589
6940.000 8.747
6945.000 9.280
6950.000 9.670
6955.000 9.491
6960.000 8.229
6965.000 6.792
6970.000 6.290
6975.000 5.190
6980.000 4.790
6985.000 4.212
6990.000 3.694
6995.000 3.499
7000.000 3.221
7005.000 3.059
7010.000 2.856
7015.000 2.695
7020.000 2.620
7025.000 2.512
7030.000 2.466
7035.000 2.401
7040.000 2.385
7045.000 2.366
7050.000 2.368
7055.000 2.383
7060.000 2.424
7065.000 2.445
7070.000 2.532
7075.000 2.644
7080.000 2.694
7085.000 2.880
7090.000 2.983
7095.000 3.212
7100.000 3.562
7105.000 3.766
7110.000 4.210
7115.000 4.545
7120.000 5.291
7125.000 6.140
7130.000 6.724
7135.000 8.045
7140.000 8.675
7145.000 9.644
7150.000 9.884
7155.000 9.616
7160.000 8.715
7165.000 8.088
7170.000 7.128
7175.000 6.444
7180.000 6.108
7185.000 5.667
7190.000 5.531
7195.000 5.273
7200.000 5.152
7205.000 5.134
7210.000 5.163
7215.000 5.218
7220.000 5.383
7225.000 5.701
7230.000 5.898
7235.000 6.332
7240.000 6.594
7245.000 7.159
7250.000 7.422
7255.000 7.347
7260.000 6.621
7265.000 6.049
7270.000 4.930
7275.000 3.813
7280.000 3.403
7285.000 2.794
7290.000 2.482
7295.000 2.063
7300.000 1.747
7305.000 1.612
7310.000 1.397
7315.000 1.317
7320.000 1.143
7325.000 1.021
7330.000 0.980
7335.000 0.884
7340.000 0.846
7345.000 0.789
7350.000 0.729
7355.000 0.704
7360.000 0.669
7365.000 0.643
7370.000 0.609
7375.000 0.586
7380.000 0.572
7385.000 0.548
7390.000 0.539
7395.000 0.520
7400.000 0.504
7405.000 0.499
7410.000 0.492
7415.000 0.488
7420.000 0.481
7425.000 0.474
7430.000 0.470
7435.000 0.463
7440.000 0.464
7445.000 0.459
7450.000 0.454
7455.000 0.452
7460.000 0.443
7465.000 0.441
7470.000 0.431
7475.000 0.425
7480.000 0.422
7485.000 0.417
7490.000 0.414
7495.000 0.409
7500.000 0.406
7505.000 0.406
7510.000 0.402
7515.000 0.404
7520.000 0.401
7525.000 0.397
7530.000 0.390
7535.000 0.384
7540.000 0.383
7545.000 0.376
7550.000 0.367
7555.000 0.363
7560.000 0.371
7565.000 0.364
7570.000 0.381
7575.000 0.413
7580.000 0.430
7585.000 0.512
7590.000 0.564
7595.000 0.696
7600.000 0.899
7605.000 1.013
7610.000 1.214
7615.000 1.286
7620.000 1.332
7625.000 1.302
7630.000 1.226
7635.000 1.124
7640.000 1.085
7645.000 1.025
7650.000 0.995
7655.000 0.953
7660.000 0.916
7665.000 0.901
7670.000 0.878
7675.000 0.874
7680.000 0.857
7685.000 0.851
7690.000 0.846
7695.000 0.853
7700.000 0.852
7705.000 0.858
7710.000 0.874
7715.000 0.880
7720.000 0.894
7725.000 0.907
7730.000 0.938
7735.000 0.971
7740.000 0.986
7745.000 1.044
7750.000 1.079
7755.000 1.145
7760.000 1.251
7765.000 1.306
7770.000 1.402
7775.000 1.456
7780.000 1.497
7785.000 1.436
7790.000 1.335
7795.000 1.115
7800.000 1.024
7805.000 0.833
7810.000 0.713
7815.000 0.667
7820.000 0.585
7825.000 0.552
7830.000 0.509
7835.000 0.473
7840.000 0.462
7845.000 0.438
7850.000 0.427
7855.000 0.408
7860.000 0.392
7865.000 0.384
7870.000 0.358
7875.000 0.344
7880.000 0.322
7885.000 0.273
7890.000 0.246
7895.000 0.203
7900.000 0.188
7905.000 0.223
7910.000 0.307
7915.000 0.369
7920.000 0.438
7925.000 0.454
7930.000 0.477
7935.000 0.488
7940.000 0.491
7945.000 0.501
7950.000 0.501
7955.000 0.502
7960.000 0.508
7965.000 0.503
7970.000 0.507
7975.000 0.512
7980.000 0.505
7985.000 0.511
7990.000 0.505
7995.000 0.507
8000.000 0.500
8005.000 0.498
8010.000 0.497
8015.000 0.503
8020.000 0.498
8025.000 0.502
8030.000 0.488
8035.000 0.493
8040.000 0.497
8045.000 0.493
8050.000 0.502
8055.000 0.503
8060.000 0.499
8065.000 0.501
8070.000 0.504
8075.000 0.508
8080.000 0.504
8085.000 0.506
8090.000 0.504
8095.000 0.500
8100.000 0.497
8105.000 0.495
8110.000 0.497
8115.000 0.495
8120.000 0.494
8125.000 0.496
8130.000 0.495
8135.000 0.499
8140.000 0.499
8145.000 0.501
8150.000 0.505
8155.000 0.503
8160.000 0.502
8165.000 0.505
8170.000 0.508
8175.000 0.501
8180.000 0.501
8185.000 0.496
8190.000 0.495
8195.000 0.491
8200.000 0.493
8205.000 0.492
8210.000 0.492
8215.000 0.494
8220.000 0.493
8225.000 0.496
8230.000 0.499
8235.000 0.502
8240.000 0.505
8245.000 0.501
8250.000 0.502
8255.000 0.502
8260.000 0.501
8265.000 0.502
8270.000 0.497
8275.000 0.495
8280.000 0.494
8285.000 0.494
8290.000 0.492
8295.000 0.494
8300.000 0.491
8305.000 0.495
8310.000 0.493
8315.000 0.493
8320.000 0.501
8325.000 0.502
8330.000 0.499
8335.000 0.502
8340.000 0.503
8345.000 0.502
8350.000 0.499
8355.000 0.495
8360.000 0.500
8365.000 0.496
8370.000 0.491
8375.000 0.490
8380.000 0.493
8385.000 0.487
8390.000 0.491
8395.000 0.492
8400.000 0.494
8405.000 0.499
8410.000 0.497
8415.000 0.501
8420.000 0.502
8425.000 0.499
8430.000 0.499
8435.000 0.502
8440.000 0.500
8445.000 0.496
8450.000 0.493
8455.000 0.495
8460.000 0.492
8465.000 0.488
8470.000 0.489
8475.000 0.488
8480.000 0.488
8485.000 0.491
8490.000 0.492
8495.000 0.498
8500.000 0.496
8505.000 0.497
8510.000 0.500
8515.000 0.502
8520.000 0.502
8525.000 0.498
8530.000 0.497
8535.000 0.500
8540.000 0.489
8545.000 0.490
8550.000 0.491
8555.000 0.489
8560.000 0.490
8565.000 0.487
8570.000 0.491
8575.000 0.491
8580.000 0.492
8585.000 0.497
8590.000 0.497
8595.000 0.499
8600.000 0.501
8605.000 0.504
8610.000 0.502
8615.000 0.495
8620.000 0.497
8625.000 0.498
8630.000 0.491
8635.000 0.491
8640.000 0.493
8645.000 0.490
8650.000 0.490
8655.000 0.491
8660.000 0.490
8665.000 0.498
8670.000 0.493
8675.000 0.493
8680.000 0.502
8685.000 0.501
8690.000 0.503
8695.000 0.501
8700.000 0.501
8705.000 0.501
8710.000 0.495
8715.000 0.493
8720.000 0.493
8725.000 0.490
8730.000 0.487
8735.000 0.490
8740.000 0.488
8745.000 0.491
8750.000 0.488
8755.000 0.494
8760.000 0.496
8765.000 0.496
8770.000 0.495
8775.000 0.502
8780.000 0.501
8785.000 0.502
8790.000 0.496
8795.000 0.499
8800.000 0.496
8805.000 0.489
8810.000 0.490
8815.000 0.499
8820.000 0.468
8825.000 0.468
8830.000 0.478
8835.000 0.479
8840.000 0.492
8845.000 0.491
8850.000 0.494
8855.000 0.495
8860.000 0.497
8865.000 0.499
8870.000 0.498
8875.000 0.497
8880.000 0.493
8885.000 0.491
8890.000 0.492
8895.000 0.488
8900.000 0.487
8905.000 0.487
8910.000 0.487
8915.000 0.482
8920.000 0.484
8925.000 0.484
8930.000 0.492
8935.000 0.487
8940.000 0.492
8945.000 0.494
8950.000 0.496
8955.000 0.494
8960.000 0.500
8965.000 0.493
8970.000 0.495
8975.000 0.493
8980.000 0.486
8985.000 0.491
8990.000 0.483
8995.000 0.486
9000.000 0.482
9005.000 0.479
9010.000 0.480
9015.000 0.488
9020.000 0.481
9025.000 0.488
9030.000 0.495
9035.000 0.493
9040.000 0.497
9045.000 0.500
9050.000 0.496
9055.000 0.492
9060.000 0.492
9065.000 0.495
9070.000 0.489
9075.000 0.489
9080.000 0.487
9085.000 0.484
9090.000 0.484
9095.000 0.483
9100.000 0.484
9105.000 0.489
9110.000 0.491
9115.000 0.496
9120.000 0.494
9125.000 0.498
9130.000 0.496
9135.000 0.494
9140.000 0.497
9145.000 0.499
9150.000 0.492
9155.000 0.492
9160.000 0.490
9165.000 0.484
9170.000 0.484
9175.000 0.485
9180.000 0.487
9185.000 0.486
9190.000 0.487
9195.000 0.488
9200.000 0.492
9205.000 0.490
9210.000 0.493
9215.000 0.495
9220.000 0.497
9225.000 0.496
9230.000 0.493
9235.000 0.495
9240.000 0.492
9245.000 0.490
9250.000 0.487
9255.000 0.489
9260.000 0.482
9265.000 0.481
9270.000 0.482
9275.000 0.486
9280.000 0.484
9285.000 0.486
9290.000 0.490
9295.000 0.490
9300.000 0.494
9305.000 0.497
9310.000 0.499
9315.000 0.497
9320.000 0.493
9325.000 0.490
9330.000 0.491
9335.000 0.488
9340.000 0.485
9345.000 0.485
9350.000 0.483
9355.000 0.481
9360.000 0.479
9365.000 0.488
9370.000 0.486
9375.000 0.488
9380.000 0.489
9385.000 0.492
9390.000 0.493
9395.000 0.495
9400.000 0.492
9405.000 0.494
9410.000 0.495
9415.000 0.487
9420.000 0.490
9425.000 0.487
9430.000 0.484
9435.000 0.484
9440.000 0.483
9445.000 0.482
9450.000 0.482
9455.000 0.481
9460.000 0.490
9465.000 0.491
9470.000 0.485
9475.000 0.494
9480.000 0.492
9485.000 0.495
9490.000 0.491
9495.000 0.490
9500.000 0.492
9505.000 0.493
9510.000 0.484
9515.000 0.481
9520.000 0.486
9525.000 0.484
9530.000 0.483
9535.000 0.481
9540.000 0.482
9545.000 0.482
9550.000 0.482
9555.000 0.487
9560.000 0.491
9565.000 0.491
9570.000 0.493
9575.000 0.492
9580.000 0.495
9585.000 0.491
9590.000 0.489
9595.000 0.490
9600.000 0.484
9605.000 0.485
9610.000 0.480
9615.000 0.479
9620.000 0.480
9625.000 0.479
9630.000 0.480
9635.000 0.485
9640.000 0.483
9645.000 0.484
9650.000 0.490
9655.000 0.494
9660.000 0.492
9665.000 0.492
9670.000 0.492
9675.000 0.492
9680.000 0.489
9685.000 0.487
9690.000 0.483
9695.000 0.481
9700.000 0.480
9705.000 0.480
9710.000 0.481
9715.000 0.483
9720.000 0.482
9725.000 0.488
9730.000 0.487
9735.000 0.489
9740.000 0.488
9745.000 0.492
9750.000 0.493
9755.000 0.495
9760.000 0.487
9765.000 0.490
9770.000 0.493
9775.000 0.484
9780.000 0.482
9785.000 0.482
9790.000 0.480
9795.000 0.482
9800.000 0.479
9805.000 0.482
9810.000 0.489
9815.000 0.488
9820.000 0.489
9825.000 0.494
9830.000 0.491
9835.000 0.495
9840.000 0.497
9845.000 0.497
9850.000 0.498
9855.000 0.491
9860.000 0.497
9865.000 0.493
9870.000 0.491
9875.000 0.491
9880.000 0.491
9885.000 0.490
9890.000 0.491
9895.000 0.499
9900.000 0.506
9905.000 0.507
9910.000 0.512
9915.000 0.516
9920.000 0.523
9925.000 0.531
9930.000 0.531
9935.000 0.540
9940.000 0.546
9945.000 0.551
9950.000 0.562
9955.000 0.574
9960.000 0.586
9965.000 0.600
9970.000 0.634
9975.000 0.665
9980.000 0.692
9985.000 0.740
9990.000 0.770
9995.000 0.792
10000.000 0.750
10005.000 0.702
10010.000 0.537
10015.000 0.454
10020.000 0.327
10025.000 0.247
10030.000 0.234
10035.000 0.237
10040.000 0.256
10045.000 0.324
10050.000 0.413
10055.000 0.467
10060.000 0.653
10065.000 0.756
10070.000 0.965
10075.000 1.318
10080.000 1.481
10085.000 1.741
10090.000 1.856
10095.000 1.878
10100.000 1.794
10105.000 1.712
10110.000 1.604
10115.000 1.564
10120.000 1.470
10125.000 1.411
10130.000 1.391
10135.000 1.352
10140.000 1.341
10145.000 1.330
10150.000 1.331
10155.000 1.334
10160.000 1.353
10165.000 1.373
10170.000 1.420
10175.000 1.470
10180.000 1.512
10185.000 1.607
10190.000 1.658
10195.000 1.768
10200.000 1.939
10205.000 2.029
10210.000 2.191
10215.000 2.301
10220.000 2.440
10225.000 2.452
10230.000 2.367
10235.000 2.076
10240.000 1.923
10245.000 1.545
10250.000 1.255
10255.000 1.157
10260.000 0.941
10265.000 0.863
10270.000 0.744
10275.000 0.632
10280.000 0.593
10285.000 0.536
10290.000 0.507
10295.000 0.462
10300.000 0.447
10305.000 0.431
10310.000 0.421
10315.000 0.421
10320.000 0.426
10325.000 0.439
10330.000 0.464
10335.000 0.490
10340.000 0.514
10345.000 0.572
10350.000 0.594
10355.000 0.680
10360.000 0.778
10365.000 0.825
10370.000 0.992
10375.000 1.079
10380.000 1.251
10385.000 1.555
10390.000 1.709
10395.000 2.036
10400.000 2.208
10405.000 2.671
10410.000 3.001
10415.000 3.134
10420.000 3.302
10425.000 3.300
10430.000 3.225
10435.000 3.063
10440.000 2.996
10445.000 2.891
10450.000 2.832
10455.000 2.768
10460.000 2.746
10465.000 2.747
10470.000 2.777
10475.000 2.803
10480.000 2.870
10485.000 2.949
10490.000 2.982
10495.000 2.983
10500.000 2.941
10505.000 2.755
10510.000 2.351
10515.000 2.125
10520.000 1.734
10525.000 1.531
10530.000 1.145
10535.000 0.918
10540.000 0.799
10545.000 0.600
10550.000 0.528
10555.000 0.425
10560.000 0.326
10565.000 0.292
10570.000 0.241
10575.000 0.220
10580.000 0.194
10585.000 0.182
10590.000 0.183
10595.000 0.179
10600.000 0.182
10605.000 0.192
10610.000 0.199
10615.000 0.206
10620.000 0.215
10625.000 0.221
10630.000 0.230
10635.000 0.238
10640.000 0.242
10645.000 0.247
10650.000 0.247
10655.000 0.252
10660.000 0.254
10665.000 0.250
10670.000 0.253
10675.000 0.255
10680.000 0.255
10685.000 0.257
10690.000 0.254
10695.000 0.258
10700.000 0.254
10705.000 0.251
10710.000 0.256
10715.000 0.252
10720.000 0.250
10725.000 0.248
10730.000 0.242
10735.000 0.234
10740.000 0.233
10745.000 0.222
10750.000 0.227
10755.000 0.223
10760.000 0.245
10765.000 0.267
10770.000 0.323
10775.000 0.365
10780.000 0.492
10785.000 0.618
10790.000 0.693
10795.000 0.839
10800.000 0.885
10805.000 0.926
10810.000 0.920
10815.000 0.906
10820.000 0.876
10825.000 0.853
10830.000 0.821
10835.000 0.793
10840.000 0.778
10845.000 0.757
10850.000 0.749
10855.000 0.731
10860.000 0.725
10865.000 0.719
10870.000 0.716
10875.000 0.714
10880.000 0.714
10885.000 0.721
10890.000 0.722
10895.000 0.727
10900.000 0.728
10905.000 0.735
10910.000 0.742
10915.000 0.748
10920.000 0.755
10925.000 0.754
10930.000 0.748
10935.000 0.739
10940.000 0.709
10945.000 0.652
10950.000 0.604
10955.000 0.513
10960.000 0.485
10965.000 0.412
10970.000 0.362
10975.000 0.355
10980.000 0.331
10985.000 0.320
10990.000 0.321
10995.000 0.315
11000.000 0.321
11005.000 0.326
11010.000 0.324
11015.000 0.325
11020.000 0.326
11025.000 0.333
11030.000 0.333
11035.000 0.342
11040.000 0.347
11045.000 0.361
11050.000 0.374
11055.000 0.410
11060.000 0.428
11065.000 0.464
11070.000 0.489
11075.000 0.497
11080.000 0.499
11085.000 0.504
11090.000 0.496
11095.000 0.493
11100.000 0.489
11105.000 0.485
11110.000 0.483
11115.000 0.476
11120.000 0.477
11125.000 0.475
11130.000 0.477
11135.000 0.477
11140.000 0.475
11145.000 0.476
11150.000 0.479
11155.000 0.479
11160.000 0.475
11165.000 0.480
11170.000 0.474
11175.000 0.475
11180.000 0.468
11185.000 0.469
11190.000 0.468
11195.000 0.463
11200.000 0.466
11205.000 0.467
11210.000 0.463
11215.000 0.464
11220.000 0.466
11225.000 0.466
11230.000 0.468
11235.000 0.469
11240.000 0.470
11245.000 0.472
11250.000 0.472
11255.000 0.474
11260.000 0.473
11265.000 0.468
11270.000 0.468
11275.000 0.465
11280.000 0.463
11285.000 0.464
11290.000 0.461
11295.000 0.459
11300.000 0.459
11305.000 0.463
11310.000 0.461
11315.000 0.461
11320.000 0.466
11325.000 0.467
11330.000 0.468
11335.000 0.472
11340.000 0.470
11345.000 0.469
11350.000 0.468
11355.000 0.469
11360.000 0.467
11365.000 0.463
11370.000 0.463
11375.000 0.461
11380.000 0.461
11385.000 0.460
11390.000 0.460
11395.000 0.460
11400.000 0.465
11405.000 0.463
11410.000 0.463
11415.000 0.466
11420.000 0.466
11425.000 0.469
11430.000 0.465
11435.000 0.467
11440.000 0.468
11445.000 0.462
11450.000 0.463
11455.000 0.461
11460.000 0.459
11465.000 0.460
11470.000 0.457
11475.000 0.458
11480.000 0.456
11485.000 0.458
11490.000 0.460
11495.000 0.467
11500.000 0.464
11505.000 0.463
11510.000 0.467
11515.000 0.464
11520.000 0.464
11525.000 0.463
11530.000 0.465
11535.000 0.462
11540.000 0.459
11545.000 0.462
11550.000 0.457
11555.000 0.458
11560.000 0.458
11565.000 0.454
11570.000 0.457
11575.000 0.458
11580.000 0.460
11585.000 0.459
11590.000 0.463
11595.000 0.463
11600.000 0.464
11605.000 0.466
11610.000 0.465
11615.000 0.464
11620.000 0.459
11625.000 0.461
11630.000 0.456
11635.000 0.455
11640.000 0.457
11645.000 0.456
11650.000 0.456
11655.000 0.452
11660.000 0.452
11665.000 0.458
11670.000 0.458
11675.000 0.456
11680.000 0.464
11685.000 0.460
11690.000 0.462
11695.000 0.465
11700.000 0.464
11705.000 0.461
11710.000 0.454
11715.000 0.459
11720.000 0.458
11725.000 0.455
11730.000 0.457
11735.000 0.456
11740.000 0.454
11745.000 0.453
11750.000 0.455
11755.000 0.456
11760.000 0.459
11765.000 0.458
11770.000 0.460
11775.000 0.462
11780.000 0.462
11785.000 0.461
11790.000 0.457
11795.000 0.461
11800.000 0.457
11805.000 0.454
11810.000 0.452
11815.000 0.454
11820.000 0.453
11825.000 0.456
11830.000 0.455
11835.000 0.455
11840.000 0.455
11845.000 0.454
11850.000 0.457
11855.000 0.458
11860.000 0.459
11865.000 0.461
11870.000 0.458
11875.000 0.459
11880.000 0.456
11885.000 0.455
11890.000 0.458
11895.000 0.455
11900.000 0.454
11905.000 0.453
11910.000 0.454
11915.000 0.454
11920.000 0.452
11925.000 0.450
11930.000 0.451
11935.000 0.455
11940.000 0.457
11945.000 0.457
11950.000 0.456
11955.000 0.453
11960.000 0.456
11965.000 0.458
11970.000 0.458
11975.000 0.452
11980.000 0.456
11985.000 0.452
11990.000 0.450
11995.000 0.454
12000.000 0.450
