105.000 2.000
110.000 2.070
115.000 2.082
120.000 2.028
125.000 2.108
130.000 1.992
135.000 2.169
140.000 2.118
145.000 2.169
150.000 2.202
155.000 2.152
160.000 2.149
165.000 2.143
170.000 2.157
175.000 2.202
180.000 2.238
185.000 2.189
190.000 2.230
195.000 2.255
200.000 2.266
205.000 2.317
210.000 2.318
215.000 2.392
220.000 2.386
225.000 2.414
230.000 2.433
235.000 2.471
240.000 2.499
245.000 2.523
250.000 2.553
255.000 2.558
260.000 2.657
265.000 2.712
270.000 2.692
275.000 2.802
280.000 2.830
285.000 2.921
290.000 2.988
295.000 3.066
300.000 3.100
305.000 3.185
310.000 3.255
315.000 3.372
320.000 3.456
325.000 3.586
330.000 3.693
335.000 3.855
340.000 4.002
345.000 4.168
350.000 4.351
355.000 4.520
360.000 4.613
365.000 4.806
370.000 5.023
375.000 5.252
380.000 5.468
385.000 5.685
390.000 5.866
395.000 6.018
400.000 6.128
405.000 6.193
410.000 6.201
415.000 6.100
420.000 5.947
425.000 5.860
430.000 5.609
435.000 5.322
440.000 5.012
445.000 4.708
450.000 4.384
455.000 4.098
460.000 3.824
465.000 3.563
470.000 3.318
475.000 3.106
480.000 2.899
485.000 2.813
490.000 2.648
495.000 2.485
500.000 2.346
505.000 2.216
510.000 2.106
515.000 1.994
520.000 1.894
525.000 1.791
530.000 1.729
535.000 1.625
540.000 1.585
545.000 1.525
550.000 1.458
555.000 1.397
560.000 1.338
565.000 1.280
570.000 1.241
575.000 1.198
580.000 1.153
585.000 1.111
590.000 1.075
595.000 1.048
600.000 1.013
605.000 0.999
610.000 0.968
615.000 0.935
620.000 0.912
625.000 0.887
630.000 0.863
635.000 0.839
640.000 0.822
645.000 0.801
650.000 0.779
655.000 0.762
660.000 0.747
665.000 0.737
670.000 0.724
675.000 0.705
680.000 0.699
685.000 0.686
690.000 0.674
695.000 0.657
700.000 0.648
705.000 0.639
710.000 0.635
715.000 0.632
720.000 0.608
725.000 0.600
730.000 0.603
735.000 0.596
740.000 0.586
745.000 0.577
750.000 0.576
755.000 0.575
760.000 0.560
765.000 0.560
770.000 0.554
775.000 0.547
780.000 0.551
785.000 0.542
790.000 0.548
795.000 0.541
800.000 0.535
805.000 0.526
810.000 0.524
815.000 0.517
820.000 0.523
825.000 0.513
830.000 0.509
835.000 0.509
840.000 0.501
845.000 0.507
850.000 0.507
855.000 0.499
860.000 0.498
865.000 0.495
870.000 0.495
875.000 0.492
880.000 0.489
885.000 0.498
890.000 0.483
895.000 0.493
900.000 0.487
905.000 0.484
910.000 0.484
915.000 0.487
920.000 0.483
925.000 0.488
930.000 0.481
935.000 0.478
940.000 0.473
945.000 0.479
950.000 0.482
955.000 0.482
960.000 0.485
965.000 0.478
970.000 0.478
975.000 0.478
980.000 0.472
985.000 0.484
990.000 0.480
995.000 0.482
1000.000 0.470
1005.000 0.476
1010.000 0.474
1015.000 0.475
1020.000 0.475
1025.000 0.470
1030.000 0.485
1035.000 0.481
1040.000 0.480
1045.000 0.477
1050.000 0.479
1055.000 0.483
1060.000 0.479
1065.000 0.481
1070.000 0.475
1075.000 0.489
1080.000 0.478
1085.000 0.481
1090.000 0.475
1095.000 0.479
1100.000 0.479
1105.000 0.482
1110.000 0.483
1115.000 0.484
1120.000 0.490
1125.000 0.486
1130.000 0.485
1135.000 0.484
1140.000 0.483
1145.000 0.484
1150.000 0.487
1155.000 0.489
1160.000 0.491
1165.000 0.485
1170.000 0.488
1175.000 0.490
1180.000 0.491
1185.000 0.493
1190.000 0.495
1195.000 0.501
1200.000 0.489
1205.000 0.492
1210.000 0.503
1215.000 0.499
1220.000 0.494
1225.000 0.493
1230.000 0.506
1235.000 0.505
1240.000 0.502
1245.000 0.505
1250.000 0.509
1255.000 0.506
1260.000 0.512
1265.000 0.510
1270.000 0.513
1275.000 0.517
1280.000 0.519
1285.000 0.517
1290.000 0.522
1295.000 0.519
1300.000 0.513
1305.000 0.518
1310.000 0.524
1315.000 0.526
1320.000 0.529
1325.000 0.530
1330.000 0.534
1335.000 0.535
1340.000 0.538
1345.000 0.538
1350.000 0.542
1355.000 0.544
1360.000 0.545
1365.000 0.546
1370.000 0.546
1375.000 0.551
1380.000 0.547
1385.000 0.557
1390.000 0.561
1395.000 0.559
1400.000 0.562
1405.000 0.565
1410.000 0.561
1415.000 0.566
1420.000 0.567
1425.000 0.568
1430.000 0.562
1435.000 0.558
1440.000 0.564
1445.000 0.558
1450.000 0.553
1455.000 0.546
1460.000 0.547
1465.000 0.545
1470.000 0.551
1475.000 0.554
1480.000 0.563
1485.000 0.569
1490.000 0.586
1495.000 0.589
1500.000 0.597
1505.000 0.616
1510.000 0.622
1515.000 0.629
1520.000 0.635
1525.000 0.644
1530.000 0.654
1535.000 0.663
1540.000 0.676
1545.000 0.683
1550.000 0.693
1555.000 0.704
1560.000 0.715
1565.000 0.723
1570.000 0.734
1575.000 0.741
1580.000 0.752
1585.000 0.758
1590.000 0.774
1595.000 0.786
1600.000 0.800
1605.000 0.817
1610.000 0.826
1615.000 0.841
1620.000 0.855
1625.000 0.868
1630.000 0.884
1635.000 0.901
1640.000 0.910
1645.000 0.930
1650.000 0.950
1655.000 0.965
1660.000 0.981
1665.000 0.999
1670.000 1.022
1675.000 1.041
1680.000 1.068
1685.000 1.086
1690.000 1.112
1695.000 1.136
1700.000 1.147
1705.000 1.174
1710.000 1.200
1715.000 1.227
1720.000 1.253
1725.000 1.281
1730.000 1.314
1735.000 1.347
1740.000 1.378
1745.000 1.409
1750.000 1.444
1755.000 1.480
1760.000 1.513
1765.000 1.535
1770.000 1.566
1775.000 1.601
1780.000 1.644
1785.000 1.679
1790.000 1.713
1795.000 1.757
1800.000 1.794
1805.000 1.828
1810.000 1.862
1815.000 1.899
1820.000 1.919
1825.000 1.958
1830.000 1.987
1835.000 2.023
1840.000 2.049
1845.000 2.076
1850.000 2.095
1855.000 2.107
1860.000 2.130
1865.000 2.160
1870.000 2.177
1875.000 2.183
1880.000 2.206
1885.000 2.212
1890.000 2.213
1895.000 2.215
1900.000 2.223
1905.000 2.225
1910.000 2.226
1915.000 2.226
1920.000 2.218
1925.000 2.211
1930.000 2.202
1935.000 2.201
1940.000 2.193
1945.000 2.189
1950.000 2.183
1955.000 2.175
1960.000 2.160
1965.000 2.148
1970.000 2.146
1975.000 2.134
1980.000 2.118
1985.000 2.114
1990.000 2.107
1995.000 2.099
2000.000 2.084
2005.000 2.072
2010.000 2.078
2015.000 2.066
2020.000 2.069
2025.000 2.060
2030.000 2.047
2035.000 2.038
2040.000 2.028
2045.000 2.038
2050.000 2.026
2055.000 2.025
2060.000 2.041
2065.000 2.035
2070.000 2.039
2075.000 2.045
2080.000 2.039
2085.000 2.048
2090.000 2.049
2095.000 2.061
2100.000 2.071
2105.000 2.085
2110.000 2.094
2115.000 2.109
2120.000 2.126
2125.000 2.139
2130.000 2.152
2135.000 2.170
2140.000 2.195
2145.000 2.227
2150.000 2.251
2155.000 2.279
2160.000 2.317
2165.000 2.356
2170.000 2.400
2175.000 2.442
2180.000 2.491
2185.000 2.549
2190.000 2.580
2195.000 2.643
2200.000 2.723
2205.000 2.802
2210.000 2.898
2215.000 3.002
2220.000 3.124
2225.000 3.260
2230.000 3.408
2235.000 3.594
2240.000 3.804
2245.000 4.051
2250.000 4.202
2255.000 4.537
2260.000 4.964
2265.000 5.517
2270.000 6.179
2275.000 7.151
2280.000 8.428
2285.000 10.257
2290.000 13.346
2295.000 17.933
2300.000 23.184
2305.000 24.225
2310.000 18.790
2315.000 18.079
2320.000 10.290
2325.000 7.658
2330.000 5.949
2335.000 4.851
2340.000 4.046
2345.000 3.469
2350.000 3.025
2355.000 2.632
2360.000 2.343
2365.000 2.092
2370.000 1.976
2375.000 1.774
2380.000 1.603
2385.000 1.454
2390.000 1.326
2395.000 1.215
2400.000 1.115
2405.000 1.025
2410.000 0.942
2415.000 0.869
2420.000 0.805
2425.000 0.743
2430.000 0.717
2435.000 0.660
2440.000 0.615
2445.000 0.563
2450.000 0.524
2455.000 0.492
2460.000 0.455
2465.000 0.425
2470.000 0.397
2475.000 0.371
2480.000 0.346
2485.000 0.324
2490.000 0.302
2495.000 0.295
2500.000 0.277
2505.000 0.267
2510.000 0.247
2515.000 0.235
2520.000 0.226
2525.000 0.219
2530.000 0.214
2535.000 0.211
2540.000 0.214
2545.000 0.215
2550.000 0.214
2555.000 0.218
2560.000 0.220
2565.000 0.221
2570.000 0.225
2575.000 0.230
2580.000 0.237
2585.000 0.244
2590.000 0.252
2595.000 0.260
2600.000 0.268
2605.000 0.272
2610.000 0.281
2615.000 0.288
2620.000 0.298
2625.000 0.305
2630.000 0.313
2635.000 0.320
2640.000 0.334
2645.000 0.347
2650.000 0.355
2655.000 0.364
2660.000 0.372
2665.000 0.381
2670.000 0.388
2675.000 0.397
2680.000 0.400
2685.000 0.417
2690.000 0.432
2695.000 0.441
2700.000 0.452
2705.000 0.457
2710.000 0.471
2715.000 0.483
2720.000 0.495
2725.000 0.507
2730.000 0.522
2735.000 0.532
2740.000 0.534
2745.000 0.552
2750.000 0.567
2755.000 0.574
2760.000 0.586
2765.000 0.602
2770.000 0.614
2775.000 0.625
2780.000 0.638
2785.000 0.655
2790.000 0.665
2795.000 0.673
2800.000 0.687
2805.000 0.703
2810.000 0.716
2815.000 0.728
2820.000 0.740
2825.000 0.754
2830.000 0.762
2835.000 0.776
2840.000 0.791
2845.000 0.807
2850.000 0.818
2855.000 0.824
2860.000 0.841
2865.000 0.852
2870.000 0.863
2875.000 0.876
2880.000 0.887
2885.000 0.898
2890.000 0.904
2895.000 0.921
2900.000 0.927
2905.000 0.933
2910.000 0.949
2915.000 0.959
2920.000 0.956
2925.000 0.970
2930.000 0.982
2935.000 0.989
2940.000 0.992
2945.000 1.004
2950.000 1.009
2955.000 1.018
2960.000 1.024
2965.000 1.017
2970.000 1.033
2975.000 1.033
2980.000 1.028
2985.000 1.047
2990.000 1.049
2995.000 1.058
3000.000 1.044
3005.000 1.047
3010.000 1.052
3015.000 1.068
3020.000 1.076
3025.000 1.076
3030.000 1.066
3035.000 1.067
3040.000 1.068
3045.000 1.080
3050.000 1.068
3055.000 1.073
3060.000 1.083
3065.000 1.081
3070.000 1.082
3075.000 1.083
3080.000 1.089
3085.000 1.090
3090.000 1.091
3095.000 1.093
3100.000 1.087
3105.000 1.095
3110.000 1.096
3115.000 1.093
3120.000 1.094
3125.000 1.098
3130.000 1.098
3135.000 1.099
3140.000 1.102
3145.000 1.105
3150.000 1.107
3155.000 1.107
3160.000 1.107
3165.000 1.113
3170.000 1.110
3175.000 1.112
3180.000 1.115
3185.000 1.121
3190.000 1.122
3195.000 1.121
3200.000 1.123
3205.000 1.128
3210.000 1.138
3215.000 1.135
3220.000 1.142
3225.000 1.143
3230.000 1.147
3235.000 1.152
3240.000 1.155
3245.000 1.159
3250.000 1.168
3255.000 1.171
3260.000 1.177
3265.000 1.184
3270.000 1.189
3275.000 1.192
3280.000 1.200
3285.000 1.207
3290.000 1.211
3295.000 1.219
3300.000 1.228
3305.000 1.234
3310.000 1.239
3315.000 1.250
3320.000 1.256
3325.000 1.268
3330.000 1.277
3335.000 1.288
3340.000 1.295
3345.000 1.303
3350.000 1.311
3355.000 1.323
3360.000 1.339
3365.000 1.346
3370.000 1.364
3375.000 1.376
3380.000 1.393
3385.000 1.405
3390.000 1.421
3395.000 1.435
3400.000 1.454
3405.000 1.464
3410.000 1.479
3415.000 1.503
3420.000 1.519
3425.000 1.538
3430.000 1.561
3435.000 1.584
3440.000 1.607
3445.000 1.635
3450.000 1.656
3455.000 1.683
3460.000 1.713
3465.000 1.727
3470.000 1.760
3475.000 1.788
3480.000 1.822
3485.000 1.861
3490.000 1.897
3495.000 1.939
3500.000 1.983
3505.000 2.028
3510.000 2.078
3515.000 2.131
3520.000 2.159
3525.000 2.212
3530.000 2.269
3535.000 2.336
3540.000 2.404
3545.000 2.479
3550.000 2.558
3555.000 2.635
3560.000 2.736
3565.000 2.833
3570.000 2.943
3575.000 3.062
3580.000 3.189
3585.000 3.266
3590.000 3.413
3595.000 3.567
3600.000 3.760
3605.000 3.968
3610.000 4.187
3615.000 4.461
3620.000 4.744
3625.000 5.100
3630.000 5.493
3635.000 5.948
3640.000 6.521
3645.000 7.155
3650.000 7.537
3655.000 8.514
3660.000 9.630
3665.000 11.241
3670.000 13.374
3675.000 16.223
3680.000 20.880
3685.000 27.248
3690.000 35.519
3695.000 43.299
3700.000 45.271
3705.000 29.082
3710.000 23.210
3715.000 17.725
3720.000 13.905
3725.000 11.686
3730.000 9.859
3735.000 8.597
3740.000 7.671
3745.000 6.801
3750.000 6.205
3755.000 5.660
3760.000 5.215
3765.000 5.041
3770.000 4.676
3775.000 4.375
3780.000 4.125
3785.000 3.874
3790.000 3.677
3795.000 3.481
3800.000 3.313
3805.000 3.164
3810.000 3.021
3815.000 2.903
3820.000 2.777
3825.000 2.677
3830.000 2.629
3835.000 2.533
3840.000 2.444
3845.000 2.371
3850.000 2.292
3855.000 2.226
3860.000 2.157
3865.000 2.099
3870.000 2.041
3875.000 1.984
3880.000 1.939
3885.000 1.883
3890.000 1.864
3895.000 1.825
3900.000 1.778
3905.000 1.738
3910.000 1.705
3915.000 1.668
3920.000 1.639
3925.000 1.606
3930.000 1.576
3935.000 1.549
3940.000 1.515
3945.000 1.490
3950.000 1.465
3955.000 1.448
3960.000 1.422
3965.000 1.411
3970.000 1.380
3975.000 1.363
3980.000 1.347
3985.000 1.323
3990.000 1.308
3995.000 1.288
4000.000 1.273
4005.000 1.264
4010.000 1.250
4015.000 1.234
4020.000 1.212
4025.000 1.205
4030.000 1.198
4035.000 1.180
4040.000 1.169
4045.000 1.157
4050.000 1.148
4055.000 1.135
4060.000 1.118
4065.000 1.114
4070.000 1.114
4075.000 1.097
4080.000 1.086
4085.000 1.073
4090.000 1.066
4095.000 1.057
4100.000 1.049
4105.000 1.035
4110.000 1.027
4115.000 1.014
4120.000 1.002
4125.000 0.994
4130.000 0.981
4135.000 0.975
4140.000 0.967
4145.000 0.958
4150.000 0.946
4155.000 0.938
4160.000 0.926
4165.000 0.915
4170.000 0.908
4175.000 0.899
4180.000 0.891
4185.000 0.883
4190.000 0.869
4195.000 0.866
4200.000 0.854
4205.000 0.852
4210.000 0.839
4215.000 0.830
4220.000 0.822
4225.000 0.814
4230.000 0.809
4235.000 0.801
4240.000 0.797
4245.000 0.790
4250.000 0.790
4255.000 0.789
4260.000 0.785
4265.000 0.790
4270.000 0.793
4275.000 0.794
4280.000 0.800
4285.000 0.805
4290.000 0.809
4295.000 0.811
4300.000 0.816
4305.000 0.816
4310.000 0.818
4315.000 0.819
4320.000 0.819
4325.000 0.822
4330.000 0.819
4335.000 0.821
4340.000 0.823
4345.000 0.830
4350.000 0.828
4355.000 0.829
4360.000 0.826
4365.000 0.832
4370.000 0.835
4375.000 0.835
4380.000 0.838
4385.000 0.837
4390.000 0.839
4395.000 0.833
4400.000 0.836
4405.000 0.836
4410.000 0.836
4415.000 0.839
4420.000 0.839
4425.000 0.838
4430.000 0.845
4435.000 0.848
4440.000 0.849
4445.000 0.853
4450.000 0.853
4455.000 0.855
4460.000 0.856
4465.000 0.857
4470.000 0.856
4475.000 0.858
4480.000 0.856
4485.000 0.859
4490.000 0.861
4495.000 0.866
4500.000 0.870
4505.000 0.870
4510.000 0.874
4515.000 0.879
4520.000 0.882
4525.000 0.886
4530.000 0.886
4535.000 0.887
4540.000 0.893
4545.000 0.894
4550.000 0.896
4555.000 0.894
4560.000 0.903
4565.000 0.904
4570.000 0.912
4575.000 0.914
4580.000 0.922
4585.000 0.925
4590.000 0.934
4595.000 0.938
4600.000 0.944
4605.000 0.949
4610.000 0.953
4615.000 0.955
4620.000 0.961
4625.000 0.965
4630.000 0.971
4635.000 0.982
4640.000 0.988
4645.000 0.997
4650.000 1.003
4655.000 1.015
4660.000 1.023
4665.000 1.033
4670.000 1.042
4675.000 1.053
4680.000 1.062
4685.000 1.068
4690.000 1.079
4695.000 1.086
4700.000 1.099
4705.000 1.109
4710.000 1.124
4715.000 1.137
4720.000 1.157
4725.000 1.169
4730.000 1.187
4735.000 1.209
4740.000 1.217
4745.000 1.233
4750.000 1.256
4755.000 1.273
4760.000 1.293
4765.000 1.313
4770.000 1.335
4775.000 1.363
4780.000 1.388
4785.000 1.417
4790.000 1.444
4795.000 1.473
4800.000 1.496
4805.000 1.528
4810.000 1.562
4815.000 1.607
4820.000 1.641
4825.000 1.686
4830.000 1.737
4835.000 1.780
4840.000 1.841
4845.000 1.892
4850.000 1.959
4855.000 2.025
4860.000 2.095
4865.000 2.143
4870.000 2.225
4875.000 2.312
4880.000 2.424
4885.000 2.534
4890.000 2.665
4895.000 2.806
4900.000 2.948
4905.000 3.147
4910.000 3.349
4915.000 3.588
4920.000 3.867
4925.000 3.996
4930.000 4.368
4935.000 4.798
4940.000 5.254
4945.000 5.913
4950.000 6.591
4955.000 7.366
4960.000 8.128
4965.000 12.593
4970.000 23.315
4975.000 22.401
4980.000 26.209
4985.000 27.076
4990.000 22.278
4995.000 15.601
5000.000 11.613
5005.000 9.468
5010.000 7.748
5015.000 6.626
5020.000 5.725
5025.000 5.099
5030.000 4.631
5035.000 4.179
5040.000 3.852
5045.000 3.696
5050.000 3.410
5055.000 3.186
5060.000 2.986
5065.000 2.810
5070.000 2.665
5075.000 2.526
5080.000 2.409
5085.000 2.296
5090.000 2.201
5095.000 2.120
5100.000 2.038
5105.000 2.003
5110.000 1.940
5115.000 1.872
5120.000 1.822
5125.000 1.769
5130.000 1.724
5135.000 1.688
5140.000 1.646
5145.000 1.611
5150.000 1.578
5155.000 1.546
5160.000 1.521
5165.000 1.494
5170.000 1.480
5175.000 1.456
5180.000 1.443
5185.000 1.421
5190.000 1.403
5195.000 1.390
5200.000 1.375
5205.000 1.362
5210.000 1.356
5215.000 1.344
5220.000 1.332
5225.000 1.326
5230.000 1.321
5235.000 1.310
5240.000 1.306
5245.000 1.302
5250.000 1.294
5255.000 1.289
5260.000 1.286
5265.000 1.285
5270.000 1.281
5275.000 1.276
5280.000 1.277
5285.000 1.278
5290.000 1.279
5295.000 1.274
5300.000 1.276
5305.000 1.268
5310.000 1.267
5315.000 1.268
5320.000 1.270
5325.000 1.264
5330.000 1.268
5335.000 1.266
5340.000 1.268
5345.000 1.271
5350.000 1.269
5355.000 1.270
5360.000 1.273
5365.000 1.271
5370.000 1.271
5375.000 1.272
5380.000 1.270
5385.000 1.268
5390.000 1.269
5395.000 1.268
5400.000 1.266
5405.000 1.265
5410.000 1.264
5415.000 1.262
5420.000 1.257
5425.000 1.262
5430.000 1.259
5435.000 1.257
5440.000 1.254
5445.000 1.254
5450.000 1.251
5455.000 1.248
5460.000 1.250
5465.000 1.248
5470.000 1.247
5475.000 1.252
5480.000 1.250
5485.000 1.249
5490.000 1.249
5495.000 1.250
5500.000 1.252
5505.000 1.246
5510.000 1.247
5515.000 1.247
5520.000 1.248
5525.000 1.244
5530.000 1.243
5535.000 1.243
5540.000 1.243
5545.000 1.243
5550.000 1.244
5555.000 1.245
5560.000 1.245
5565.000 1.248
5570.000 1.247
5575.000 1.248
5580.000 1.245
5585.000 1.244
5590.000 1.242
5595.000 1.245
5600.000 1.244
5605.000 1.242
5610.000 1.247
5615.000 1.246
5620.000 1.250
5625.000 1.252
5630.000 1.251
5635.000 1.255
5640.000 1.258
5645.000 1.256
5650.000 1.263
5655.000 1.260
5660.000 1.264
5665.000 1.260
5670.000 1.261
5675.000 1.265
5680.000 1.267
5685.000 1.270
5690.000 1.276
5695.000 1.276
5700.000 1.286
5705.000 1.289
5710.000 1.290
5715.000 1.295
5720.000 1.297
5725.000 1.301
5730.000 1.307
5735.000 1.306
5740.000 1.313
5745.000 1.317
5750.000 1.322
5755.000 1.329
5760.000 1.338
5765.000 1.344
5770.000 1.349
5775.000 1.355
5780.000 1.358
5785.000 1.366
5790.000 1.373
5795.000 1.381
5800.000 1.388
5805.000 1.394
5810.000 1.403
5815.000 1.409
5820.000 1.423
5825.000 1.429
5830.000 1.438
5835.000 1.444
5840.000 1.457
5845.000 1.467
5850.000 1.476
5855.000 1.491
5860.000 1.503
5865.000 1.516
5870.000 1.528
5875.000 1.541
5880.000 1.553
5885.000 1.563
5890.000 1.581
5895.000 1.599
5900.000 1.608
5905.000 1.621
5910.000 1.638
5915.000 1.659
5920.000 1.682
5925.000 1.701
5930.000 1.720
5935.000 1.740
5940.000 1.763
5945.000 1.785
5950.000 1.803
5955.000 1.833
5960.000 1.840
5965.000 1.875
5970.000 1.888
5975.000 1.922
5980.000 1.952
5985.000 1.986
5990.000 2.022
5995.000 2.055
6000.000 2.100
6005.000 2.134
6010.000 2.169
6015.000 2.189
6020.000 2.226
6025.000 2.273
6030.000 2.326
6035.000 2.370
6040.000 2.421
6045.000 2.481
6050.000 2.538
6055.000 2.606
6060.000 2.680
6065.000 2.747
6070.000 2.819
6075.000 2.913
6080.000 2.956
6085.000 3.042
6090.000 3.147
6095.000 3.252
6100.000 3.367
6105.000 3.495
6110.000 3.626
6115.000 3.795
6120.000 3.960
6125.000 4.148
6130.000 4.356
6135.000 4.573
6140.000 4.724
6145.000 5.007
6150.000 5.295
6155.000 5.691
6160.000 6.119
6165.000 6.622
6170.000 7.209
6175.000 7.856
6180.000 8.800
6185.000 9.885
6190.000 11.284
6195.000 13.139
6200.000 15.324
6205.000 16.988
6210.000 21.229
6215.000 26.126
6220.000 31.879
6225.000 33.946
6230.000 28.840
6235.000 21.487
6240.000 17.060
6245.000 13.448
6250.000 11.245
6255.000 9.590
6260.000 9.020
6265.000 8.056
6270.000 7.298
6275.000 6.748
6280.000 6.318
6285.000 5.882
6290.000 5.535
6295.000 5.196
6300.000 4.885
6305.000 4.639
6310.000 4.375
6315.000 4.172
6320.000 3.952
6325.000 3.858
6330.000 3.687
6335.000 3.519
6340.000 3.371
6345.000 3.249
6350.000 3.115
6355.000 3.009
6360.000 2.894
6365.000 2.801
6370.000 2.717
6375.000 2.627
6380.000 2.557
6385.000 2.519
6390.000 2.450
6395.000 2.392
6400.000 2.333
6405.000 2.284
6410.000 2.240
6415.000 2.192
6420.000 2.154
6425.000 2.115
6430.000 2.083
6435.000 2.057
6440.000 2.021
6445.000 2.003
6450.000 1.990
6455.000 1.973
6460.000 1.960
6465.000 1.954
6470.000 1.946
6475.000 1.953
6480.000 1.959
6485.000 1.971
6490.000 1.997
6495.000 2.022
6500.000 2.065
6505.000 2.086
6510.000 2.150
6515.000 2.229
6520.000 2.350
6525.000 2.501
6530.000 2.766
6535.000 3.074
6540.000 3.570
6545.000 4.588
6550.000 6.409
6555.000 9.478
6560.000 13.367
6565.000 12.533
6570.000 1.153
6575.000 1.992
6580.000 1.088
6585.000 0.956
6590.000 0.713
6595.000 0.529
6600.000 0.488
6605.000 0.441
6610.000 0.435
6615.000 0.447
6620.000 0.458
6625.000 0.469
6630.000 0.476
6635.000 0.495
6640.000 0.508
6645.000 0.520
6650.000 0.534
6655.000 0.542
6660.000 0.548
6665.000 0.557
6670.000 0.561
6675.000 0.567
6680.000 0.572
6685.000 0.572
6690.000 0.576
6695.000 0.582
6700.000 0.586
6705.000 0.589
6710.000 0.596
6715.000 0.601
6720.000 0.608
6725.000 0.604
6730.000 0.606
6735.000 0.605
6740.000 0.605
6745.000 0.608
6750.000 0.608
6755.000 0.609
6760.000 0.607
6765.000 0.611
6770.000 0.611
6775.000 0.616
6780.000 0.615
6785.000 0.613
6790.000 0.610
6795.000 0.626
6800.000 0.621
6805.000 0.623
6810.000 0.627
6815.000 0.620
6820.000 0.622
6825.000 0.623
6830.000 0.621
6835.000 0.623
6840.000 0.626
6845.000 0.629
6850.000 0.632
6855.000 0.636
6860.000 0.635
6865.000 0.636
6870.000 0.639
6875.000 0.640
6880.000 0.637
6885.000 0.643
6890.000 0.639
6895.000 0.642
6900.000 0.641
6905.000 0.645
6910.000 0.648
6915.000 0.650
6920.000 0.657
6925.000 0.659
6930.000 0.665
6935.000 0.666
6940.000 0.667
6945.000 0.670
6950.000 0.674
6955.000 0.677
6960.000 0.680
6965.000 0.681
6970.000 0.683
6975.000 0.688
6980.000 0.688
6985.000 0.700
6990.000 0.689
6995.000 0.700
7000.000 0.714
7005.000 0.721
7010.000 0.726
7015.000 0.722
7020.000 0.726
7025.000 0.728
7030.000 0.746
7035.000 0.744
7040.000 0.753
7045.000 0.756
7050.000 0.757
7055.000 0.766
7060.000 0.783
7065.000 0.783
7070.000 0.794
7075.000 0.806
7080.000 0.817
7085.000 0.828
7090.000 0.835
7095.000 0.845
7100.000 0.854
7105.000 0.864
7110.000 0.873
7115.000 0.882
7120.000 0.891
7125.000 0.902
7130.000 0.922
7135.000 0.935
7140.000 0.957
7145.000 0.972
7150.000 0.986
7155.000 1.008
7160.000 1.021
7165.000 1.041
7170.000 1.060
7175.000 1.078
7180.000 1.092
7185.000 1.112
7190.000 1.130
7195.000 1.160
7200.000 1.187
7205.000 1.218
7210.000 1.249
7215.000 1.279
7220.000 1.322
7225.000 1.349
7230.000 1.385
7235.000 1.408
7240.000 1.442
7245.000 1.483
7250.000 1.532
7255.000 1.571
7260.000 1.630
7265.000 1.679
7270.000 1.744
7275.000 1.806
7280.000 1.868
7285.000 1.952
7290.000 2.022
7295.000 2.064
7300.000 2.157
7305.000 2.247
7310.000 2.350
7315.000 2.462
7320.000 2.570
7325.000 2.716
7330.000 2.845
7335.000 3.033
7340.000 3.212
7345.000 3.395
7350.000 3.652
7355.000 3.884
7360.000 4.021
7365.000 4.368
7370.000 4.691
7375.000 5.166
7380.000 5.667
7385.000 6.193
7390.000 6.989
7395.000 7.749
7400.000 9.006
7405.000 10.443
7410.000 12.091
7415.000 14.738
7420.000 16.202
7425.000 19.185
7430.000 23.172
7435.000 25.372
7440.000 24.409
7445.000 20.387
7450.000 16.916
7455.000 13.769
7460.000 11.856
7465.000 10.105
7470.000 8.917
7475.000 8.521
7480.000 7.582
7485.000 6.907
7490.000 6.373
7495.000 5.861
7500.000 5.495
7505.000 5.106
7510.000 4.802
7515.000 4.546
7520.000 4.309
7525.000 4.130
7530.000 3.925
7535.000 3.758
7540.000 3.702
7545.000 3.545
7550.000 3.413
7555.000 3.297
7560.000 3.185
7565.000 3.093
7570.000 2.988
7575.000 2.904
7580.000 2.820
7585.000 2.751
7590.000 2.692
7595.000 2.622
7600.000 2.591
7605.000 2.547
7610.000 2.485
7615.000 2.436
7620.000 2.392
7625.000 2.351
7630.000 2.307
7635.000 2.262
7640.000 2.227
7645.000 2.185
7650.000 2.148
7655.000 2.124
7660.000 2.091
7665.000 2.077
7670.000 2.057
7675.000 2.032
7680.000 2.008
7685.000 1.987
7690.000 1.965
7695.000 1.946
7700.000 1.924
7705.000 1.907
7710.000 1.886
7715.000 1.867
7720.000 1.857
7725.000 1.837
7730.000 1.822
7735.000 1.813
7740.000 1.801
7745.000 1.790
7750.000 1.784
7755.000 1.773
7760.000 1.764
7765.000 1.752
7770.000 1.749
7775.000 1.734
7780.000 1.729
7785.000 1.724
7790.000 1.711
7795.000 1.709
7800.000 1.701
7805.000 1.695
7810.000 1.691
7815.000 1.694
7820.000 1.691
7825.000 1.692
7830.000 1.690
7835.000 1.693
7840.000 1.688
7845.000 1.689
7850.000 1.689
7855.000 1.685
7860.000 1.686
7865.000 1.687
7870.000 1.689
7875.000 1.693
7880.000 1.699
7885.000 1.706
7890.000 1.719
7895.000 1.728
7900.000 1.738
7905.000 1.741
7910.000 1.760
7915.000 1.767
7920.000 1.787
7925.000 1.802
7930.000 1.813
7935.000 1.833
7940.000 1.850
7945.000 1.880
7950.000 1.917
7955.000 1.945
7960.000 1.970
7965.000 2.006
7970.000 2.065
7975.000 2.124
7980.000 2.178
7985.000 2.266
7990.000 2.360
7995.000 2.455
8000.000 2.598
8005.000 2.739
8010.000 2.998
8015.000 3.319
8020.000 3.714
8025.000 4.092
8030.000 4.977
8035.000 6.221
8040.000 9.166
8045.000 12.289
8050.000 10.059
8055.000 4.454
8060.000 2.820
8065.000 1.761
8070.000 1.159
8075.000 0.743
8080.000 0.523
8085.000 0.406
8090.000 0.385
8095.000 0.376
8100.000 0.409
8105.000 0.463
8110.000 0.507
8115.000 0.566
8120.000 0.613
8125.000 0.658
8130.000 0.694
8135.000 0.727
8140.000 0.762
8145.000 0.792
8150.000 0.799
8155.000 0.822
8160.000 0.854
8165.000 0.874
8170.000 0.900
8175.000 0.916
8180.000 0.943
8185.000 0.963
8190.000 0.988
8195.000 1.006
8200.000 1.023
8205.000 1.036
8210.000 1.050
8215.000 1.064
8220.000 1.078
8225.000 1.093
8230.000 1.102
8235.000 1.118
8240.000 1.130
8245.000 1.151
8250.000 1.164
8255.000 1.188
8260.000 1.206
8265.000 1.221
8270.000 1.231
8275.000 1.250
8280.000 1.260
8285.000 1.277
8290.000 1.291
8295.000 1.302
8300.000 1.321
8305.000 1.334
8310.000 1.353
8315.000 1.367
8320.000 1.395
8325.000 1.414
8330.000 1.420
8335.000 1.448
8340.000 1.471
8345.000 1.488
8350.000 1.512
8355.000 1.528
8360.000 1.556
8365.000 1.581
8370.000 1.599
8375.000 1.630
8380.000 1.647
8385.000 1.681
8390.000 1.710
8395.000 1.721
8400.000 1.763
8405.000 1.795
8410.000 1.832
8415.000 1.877
8420.000 1.908
8425.000 1.955
8430.000 1.998
8435.000 2.038
8440.000 2.089
8445.000 2.137
8450.000 2.200
8455.000 2.234
8460.000 2.288
8465.000 2.366
8470.000 2.442
8475.000 2.525
8480.000 2.629
8485.000 2.721
8490.000 2.866
8495.000 3.006
8500.000 3.154
8505.000 3.395
8510.000 3.521
8515.000 3.850
8520.000 4.421
8525.000 5.259
8530.000 5.759
8535.000 2.576
8540.000 3.255
8545.000 3.115
8550.000 3.446
8555.000 3.696
8560.000 4.091
8565.000 4.463
8570.000 4.925
8575.000 5.150
8580.000 5.670
8585.000 6.270
8590.000 6.885
8595.000 7.844
8600.000 8.893
8605.000 10.135
8610.000 11.743
8615.000 13.288
8620.000 15.328
8625.000 16.657
8630.000 16.849
8635.000 16.358
8640.000 14.599
8645.000 12.652
8650.000 10.622
8655.000 9.290
8660.000 7.892
8665.000 6.929
8670.000 6.177
8675.000 5.657
8680.000 5.248
8685.000 4.749
8690.000 4.395
8695.000 4.043
8700.000 3.879
8705.000 3.638
8710.000 3.383
8715.000 3.181
8720.000 3.023
8725.000 2.834
8730.000 2.708
8735.000 2.563
8740.000 2.443
8745.000 2.345
8750.000 2.231
8755.000 2.183
8760.000 2.104
8765.000 2.010
8770.000 1.939
8775.000 1.857
8780.000 1.790
8785.000 1.730
8790.000 1.666
8795.000 1.617
8800.000 1.562
8805.000 1.511
8810.000 1.468
8815.000 1.438
8820.000 1.433
8825.000 1.398
8830.000 1.322
8835.000 1.309
8840.000 1.253
8845.000 1.225
8850.000 1.193
8855.000 1.156
8860.000 1.132
8865.000 1.101
8870.000 1.076
8875.000 1.059
8880.000 1.044
8885.000 1.022
8890.000 1.008
8895.000 0.983
8900.000 0.967
8905.000 0.944
8910.000 0.925
8915.000 0.900
8920.000 0.885
8925.000 0.872
8930.000 0.851
8935.000 0.834
8940.000 0.828
8945.000 0.809
8950.000 0.795
8955.000 0.787
8960.000 0.774
8965.000 0.768
8970.000 0.756
8975.000 0.744
8980.000 0.736
8985.000 0.719
8990.000 0.707
8995.000 0.697
9000.000 0.686
9005.000 0.680
9010.000 0.666
9015.000 0.666
9020.000 0.661
9025.000 0.653
9030.000 0.648
9035.000 0.647
9040.000 0.637
9045.000 0.630
9050.000 0.626
9055.000 0.616
9060.000 0.618
9065.000 0.609
9070.000 0.600
9075.000 0.589
9080.000 0.589
9085.000 0.585
9090.000 0.583
9095.000 0.581
9100.000 0.578
9105.000 0.577
9110.000 0.579
9115.000 0.574
9120.000 0.576
9125.000 0.571
9130.000 0.569
9135.000 0.565
9140.000 0.559
9145.000 0.559
9150.000 0.557
9155.000 0.554
9160.000 0.555
9165.000 0.557
9170.000 0.559
9175.000 0.563
9180.000 0.562
9185.000 0.565
9190.000 0.570
9195.000 0.572
9200.000 0.572
9205.000 0.573
9210.000 0.573
9215.000 0.574
9220.000 0.575
9225.000 0.576
9230.000 0.583
9235.000 0.587
9240.000 0.592
9245.000 0.598
9250.000 0.606
9255.000 0.615
9260.000 0.622
9265.000 0.630
9270.000 0.636
9275.000 0.645
9280.000 0.650
9285.000 0.660
9290.000 0.668
9295.000 0.678
9300.000 0.688
9305.000 0.698
9310.000 0.711
9315.000 0.726
9320.000 0.748
9325.000 0.765
9330.000 0.789
9335.000 0.808
9340.000 0.829
9345.000 0.850
9350.000 0.881
9355.000 0.900
9360.000 0.935
9365.000 0.953
9370.000 0.986
9375.000 1.025
9380.000 1.066
9385.000 1.127
9390.000 1.185
9395.000 1.259
9400.000 1.333
9405.000 1.411
9410.000 1.530
9415.000 1.656
9420.000 1.817
9425.000 2.000
9430.000 2.120
9435.000 2.393
9440.000 2.793
9445.000 3.307
9450.000 4.290
9455.000 5.728
9460.000 7.715
9465.000 10.862
9470.000 10.801
9475.000 4.350
9480.000 4.266
9485.000 3.395
9490.000 2.447
9495.000 1.831
9500.000 1.423
9505.000 1.182
9510.000 1.008
9515.000 0.819
9520.000 0.696
9525.000 0.568
9530.000 0.463
9535.000 0.383
9540.000 0.293
9545.000 0.259
9550.000 0.198
9555.000 0.129
9560.000 0.086
9565.000 0.054
9570.000 0.066
9575.000 0.098
9580.000 0.137
9585.000 0.178
9590.000 0.224
9595.000 0.268
9600.000 0.309
9605.000 0.361
9610.000 0.384
9615.000 0.430
9620.000 0.479
9625.000 0.523
9630.000 0.582
9635.000 0.630
9640.000 0.672
9645.000 0.728
9650.000 0.774
9655.000 0.836
9660.000 0.901
9665.000 0.963
9670.000 1.000
9675.000 1.070
9680.000 1.144
9685.000 1.237
9690.000 1.324
9695.000 1.436
9700.000 1.540
9705.000 1.651
9710.000 1.776
9715.000 1.896
9720.000 2.067
9725.000 2.149
9730.000 2.303
9735.000 2.539
9740.000 2.778
9745.000 3.039
9750.000 3.370
9755.000 3.682
9760.000 4.179
9765.000 4.698
9770.000 5.284
9775.000 6.083
9780.000 6.847
9785.000 8.086
9790.000 8.694
9795.000 9.789
9800.000 11.174
9805.000 11.974
9810.000 11.987
9815.000 11.182
9820.000 10.170
9825.000 8.779
9830.000 7.779
9835.000 6.850
9840.000 6.151
9845.000 5.643
9850.000 5.073
9855.000 4.859
9860.000 4.543
9865.000 4.207
9870.000 4.008
9875.000 3.796
9880.000 3.598
9885.000 3.440
9890.000 3.248
9895.000 3.120
9900.000 2.960
9905.000 2.840
9910.000 2.740
9915.000 2.674
9920.000 2.581
9925.000 2.508
9930.000 2.419
9935.000 2.353
9940.000 2.277
9945.000 2.217
9950.000 2.166
9955.000 2.103
9960.000 2.062
9965.000 2.004
9970.000 1.981
9975.000 1.941
9980.000 1.892
9985.000 1.846
9990.000 1.811
9995.000 1.774
10000.000 1.749
10005.000 1.717
10010.000 1.681
10015.000 1.664
10020.000 1.631
10025.000 1.616
10030.000 1.578
10035.000 1.570
10040.000 1.546
10045.000 1.509
10050.000 1.494
10055.000 1.464
10060.000 1.438
10065.000 1.421
10070.000 1.394
10075.000 1.372
10080.000 1.359
10085.000 1.332
10090.000 1.316
10095.000 1.304
10100.000 1.281
10105.000 1.258
10110.000 1.219
10115.000 1.189
10120.000 1.144
10125.000 1.096
10130.000 1.038
10135.000 0.956
10140.000 0.834
10145.000 0.693
10150.000 0.544
10155.000 1.148
10160.000 1.861
10165.000 3.390
10170.000 1.760
10175.000 2.053
10180.000 1.673
10185.000 1.659
10190.000 1.600
10195.000 1.549
10200.000 1.506
10205.000 1.475
10210.000 1.450
10215.000 1.440
10220.000 1.424
10225.000 1.409
10230.000 1.392
10235.000 1.386
10240.000 1.372
10245.000 1.365
10250.000 1.352
10255.000 1.341
10260.000 1.329
10265.000 1.323
10270.000 1.313
10275.000 1.309
10280.000 1.296
10285.000 1.291
10290.000 1.286
10295.000 1.282
10300.000 1.281
10305.000 1.276
10310.000 1.275
10315.000 1.272
10320.000 1.266
10325.000 1.265
10330.000 1.256
10335.000 1.257
10340.000 1.249
10345.000 1.248
10350.000 1.242
10355.000 1.239
10360.000 1.237
10365.000 1.239
10370.000 1.235
10375.000 1.236
10380.000 1.239
10385.000 1.240
10390.000 1.239
10395.000 1.240
10400.000 1.239
10405.000 1.235
10410.000 1.233
10415.000 1.234
10420.000 1.231
10425.000 1.231
10430.000 1.231
10435.000 1.232
10440.000 1.234
10445.000 1.241
10450.000 1.244
10455.000 1.246
10460.000 1.251
10465.000 1.251
10470.000 1.253
10475.000 1.256
10480.000 1.258
10485.000 1.257
10490.000 1.258
10495.000 1.257
10500.000 1.260
10505.000 1.266
10510.000 1.271
10515.000 1.279
10520.000 1.281
10525.000 1.291
10530.000 1.293
10535.000 1.302
10540.000 1.309
10545.000 1.313
10550.000 1.320
10555.000 1.325
10560.000 1.326
10565.000 1.334
10570.000 1.337
10575.000 1.347
10580.000 1.352
10585.000 1.362
10590.000 1.372
10595.000 1.380
10600.000 1.399
10605.000 1.409
10610.000 1.420
10615.000 1.431
10620.000 1.442
10625.000 1.454
10630.000 1.466
10635.000 1.476
10640.000 1.490
10645.000 1.498
10650.000 1.515
10655.000 1.535
10660.000 1.552
10665.000 1.575
10670.000 1.599
10675.000 1.623
10680.000 1.649
10685.000 1.670
10690.000 1.699
10695.000 1.726
10700.000 1.734
10705.000 1.766
10710.000 1.799
10715.000 1.835
10720.000 1.872
10725.000 1.909
10730.000 1.965
10735.000 2.016
10740.000 2.076
10745.000 2.137
10750.000 2.195
10755.000 2.284
10760.000 2.365
10765.000 2.396
10770.000 2.507
10775.000 2.617
10780.000 2.752
10785.000 2.907
10790.000 3.055
10795.000 3.314
10800.000 3.565
10805.000 3.944
10810.000 4.369
10815.000 4.829
10820.000 5.693
10825.000 6.133
10830.000 7.008
10835.000 7.975
10840.000 7.958
10845.000 6.488
10850.000 4.163
10855.000 2.971
10860.000 1.911
10865.000 1.446
10870.000 0.846
10875.000 0.499
10880.000 0.293
10885.000 0.301
10890.000 0.390
10895.000 0.564
10900.000 0.812
10905.000 0.996
10910.000 1.229
10915.000 1.451
10920.000 1.642
10925.000 1.932
10930.000 2.175
10935.000 2.534
10940.000 2.893
10945.000 3.019
10950.000 3.542
10955.000 4.048
10960.000 4.514
10965.000 5.187
10970.000 5.634
10975.000 5.984
10980.000 5.954
10985.000 5.671
10990.000 5.047
10995.000 4.557
11000.000 3.949
11005.000 3.711
11010.000 3.369
11015.000 2.945
11020.000 2.655
11025.000 2.423
11030.000 2.193
11035.000 2.028
11040.000 1.836
11045.000 1.697
11050.000 1.576
11055.000 1.480
11060.000 1.405
11065.000 1.294
11070.000 1.252
11075.000 1.192
11080.000 1.110
11085.000 1.044
11090.000 0.986
11095.000 0.935
11100.000 0.891
11105.000 0.837
11110.000 0.799
11115.000 0.753
11120.000 0.718
11125.000 0.689
11130.000 0.670
11135.000 0.637
11140.000 0.619
11145.000 0.589
11150.000 0.569
11155.000 0.543
11160.000 0.523
11165.000 0.504
11170.000 0.483
11175.000 0.464
11180.000 0.438
11185.000 0.428
11190.000 0.417
11195.000 0.398
11200.000 0.383
11205.000 0.373
11210.000 0.356
11215.000 0.348
11220.000 0.335
11225.000 0.326
11230.000 0.321
11235.000 0.306
11240.000 0.298
11245.000 0.283
11250.000 0.276
11255.000 0.270
11260.000 0.255
11265.000 0.247
11270.000 0.237
11275.000 0.232
11280.000 0.227
11285.000 0.222
11290.000 0.215
11295.000 0.214
11300.000 0.204
11305.000 0.200
11310.000 0.197
11315.000 0.189
11320.000 0.182
11325.000 0.177
11330.000 0.166
11335.000 0.156
11340.000 0.153
11345.000 0.148
11350.000 0.148
11355.000 0.140
11360.000 0.140
11365.000 0.136
11370.000 0.135
11375.000 0.132
11380.000 0.125
11385.000 0.126
11390.000 0.118
11395.000 0.115
11400.000 0.108
11405.000 0.102
11410.000 0.097
11415.000 0.094
11420.000 0.091
11425.000 0.090
11430.000 0.089
11435.000 0.089
11440.000 0.089
11445.000 0.086
11450.000 0.086
11455.000 0.081
11460.000 0.083
11465.000 0.075
11470.000 0.071
11475.000 0.066
11480.000 0.064
11485.000 0.060
11490.000 0.064
11495.000 0.060
11500.000 0.059
11505.000 0.064
11510.000 0.061
11515.000 0.062
11520.000 0.061
11525.000 0.058
11530.000 0.056
11535.000 0.055
11540.000 0.052
11545.000 0.049
11550.000 0.048
11555.000 0.050
11560.000 0.050
11565.000 0.048
11570.000 0.051
11575.000 0.051
11580.000 0.053
11585.000 0.054
11590.000 0.054
11595.000 0.050
11600.000 0.052
11605.000 0.048
11610.000 0.049
11615.000 0.050
11620.000 0.050
11625.000 0.055
11630.000 0.057
11635.000 0.067
11640.000 0.073
11645.000 0.074
11650.000 0.088
11655.000 0.097
11660.000 0.110
11665.000 0.135
11670.000 0.167
11675.000 0.186
11680.000 0.238
11685.000 0.313
11690.000 0.448
11695.000 0.612
11700.000 1.006
11705.000 1.533
11710.000 1.797
11715.000 0.951
11720.000 0.790
11725.000 0.758
11730.000 0.587
11735.000 0.574
11740.000 0.501
11745.000 0.473
11750.000 0.442
11755.000 0.423
11760.000 0.410
11765.000 0.402
11770.000 0.392
11775.000 0.388
11780.000 0.385
11785.000 0.385
11790.000 0.389
11795.000 0.389
11800.000 0.392
11805.000 0.398
11810.000 0.402
11815.000 0.407
11820.000 0.414
11825.000 0.419
11830.000 0.425
11835.000 0.435
11840.000 0.438
11845.000 0.450
11850.000 0.463
11855.000 0.471
11860.000 0.478
11865.000 0.495
11870.000 0.511
11875.000 0.523
11880.000 0.542
11885.000 0.563
11890.000 0.577
11895.000 0.596
11900.000 0.610
11905.000 0.636
11910.000 0.658
11915.000 0.676
11920.000 0.693
11925.000 0.719
11930.000 0.747
11935.000 0.778
11940.000 0.809
11945.000 0.849
11950.000 0.887
11955.000 0.927
11960.000 0.972
11965.000 1.012
11970.000 1.074
11975.000 1.131
11980.000 1.148
11985.000 1.220
11990.000 1.284
11995.000 1.367
12000.000 1.463
