105.000 2.164
110.000 1.918
115.000 2.352
120.000 2.289
125.000 2.007
130.000 2.491
135.000 2.279
140.000 2.131
145.000 2.140
150.000 2.087
155.000 2.168
160.000 2.192
165.000 2.184
170.000 2.216
175.000 2.239
180.000 2.271
185.000 2.337
190.000 2.300
195.000 2.322
200.000 2.312
205.000 2.375
210.000 2.375
215.000 2.385
220.000 2.436
225.000 2.441
230.000 2.472
235.000 2.491
240.000 2.527
245.000 2.575
250.000 2.585
255.000 2.637
260.000 2.690
265.000 2.756
270.000 2.786
275.000 2.816
280.000 2.893
285.000 2.967
290.000 3.010
295.000 3.099
300.000 3.190
305.000 3.283
310.000 3.328
315.000 3.417
320.000 3.536
325.000 3.657
330.000 3.768
335.000 3.914
340.000 4.052
345.000 4.205
350.000 4.380
355.000 4.577
360.000 4.757
365.000 4.993
370.000 5.216
375.000 5.327
380.000 5.561
385.000 5.764
390.000 5.953
395.000 6.105
400.000 6.212
405.000 6.281
410.000 6.268
415.000 6.166
420.000 5.995
425.000 5.789
430.000 5.663
435.000 5.367
440.000 5.059
445.000 4.734
450.000 4.432
455.000 4.136
460.000 3.849
465.000 3.596
470.000 3.334
475.000 3.118
480.000 2.923
485.000 2.751
490.000 2.573
495.000 2.502
500.000 2.361
505.000 2.228
510.000 2.108
515.000 2.000
520.000 1.898
525.000 1.808
530.000 1.704
535.000 1.635
540.000 1.573
545.000 1.501
550.000 1.431
555.000 1.399
560.000 1.347
565.000 1.292
570.000 1.247
575.000 1.202
580.000 1.169
585.000 1.127
590.000 1.080
595.000 1.049
600.000 1.020
605.000 0.992
610.000 0.957
615.000 0.928
620.000 0.916
625.000 0.891
630.000 0.878
635.000 0.837
640.000 0.827
645.000 0.805
650.000 0.783
655.000 0.779
660.000 0.748
665.000 0.731
670.000 0.729
675.000 0.714
680.000 0.703
685.000 0.691
690.000 0.677
695.000 0.667
700.000 0.647
705.000 0.643
710.000 0.641
715.000 0.629
720.000 0.622
725.000 0.603
730.000 0.597
735.000 0.603
740.000 0.600
745.000 0.583
750.000 0.576
755.000 0.570
760.000 0.566
765.000 0.555
770.000 0.565
775.000 0.557
780.000 0.556
785.000 0.546
790.000 0.551
795.000 0.542
800.000 0.546
805.000 0.535
810.000 0.528
815.000 0.526
820.000 0.528
825.000 0.519
830.000 0.517
835.000 0.515
840.000 0.524
845.000 0.510
850.000 0.509
855.000 0.512
860.000 0.505
865.000 0.503
870.000 0.500
875.000 0.508
880.000 0.500
885.000 0.498
890.000 0.500
895.000 0.494
900.000 0.495
905.000 0.491
910.000 0.490
915.000 0.488
920.000 0.493
925.000 0.496
930.000 0.485
935.000 0.488
940.000 0.483
945.000 0.480
950.000 0.494
955.000 0.489
960.000 0.492
965.000 0.477
970.000 0.489
975.000 0.489
980.000 0.484
985.000 0.494
990.000 0.491
995.000 0.489
1000.000 0.487
1005.000 0.479
1010.000 0.481
1015.000 0.477
1020.000 0.493
1025.000 0.481
1030.000 0.483
1035.000 0.473
1040.000 0.483
1045.000 0.489
1050.000 0.482
1055.000 0.484
1060.000 0.484
1065.000 0.482
1070.000 0.482
1075.000 0.484
1080.000 0.487
1085.000 0.484
1090.000 0.482
1095.000 0.488
1100.000 0.491
1105.000 0.492
1110.000 0.488
1115.000 0.493
1120.000 0.492
1125.000 0.491
1130.000 0.487
1135.000 0.492
1140.000 0.502
1145.000 0.491
1150.000 0.496
1155.000 0.499
1160.000 0.493
1165.000 0.501
1170.000 0.504
1175.000 0.501
1180.000 0.499
1185.000 0.496
1190.000 0.499
1195.000 0.497
1200.000 0.501
1205.000 0.499
1210.000 0.503
1215.000 0.507
1220.000 0.501
1225.000 0.512
1230.000 0.507
1235.000 0.512
1240.000 0.511
1245.000 0.514
1250.000 0.519
1255.000 0.514
1260.000 0.519
1265.000 0.515
1270.000 0.519
1275.000 0.517
1280.000 0.519
1285.000 0.521
1290.000 0.523
1295.000 0.531
1300.000 0.528
1305.000 0.527
1310.000 0.528
1315.000 0.531
1320.000 0.528
1325.000 0.539
1330.000 0.535
1335.000 0.543
1340.000 0.540
1345.000 0.545
1350.000 0.542
1355.000 0.546
1360.000 0.542
1365.000 0.549
1370.000 0.550
1375.000 0.557
1380.000 0.558
1385.000 0.560
1390.000 0.554
1395.000 0.563
1400.000 0.558
1405.000 0.563
1410.000 0.564
1415.000 0.564
1420.000 0.563
1425.000 0.567
1430.000 0.563
1435.000 0.557
1440.000 0.559
1445.000 0.559
1450.000 0.557
1455.000 0.553
1460.000 0.556
1465.000 0.552
1470.000 0.555
1475.000 0.567
1480.000 0.567
1485.000 0.573
1490.000 0.584
1495.000 0.593
1500.000 0.602
1505.000 0.615
1510.000 0.620
1515.000 0.630
1520.000 0.639
1525.000 0.651
1530.000 0.650
1535.000 0.658
1540.000 0.668
1545.000 0.676
1550.000 0.689
1555.000 0.700
1560.000 0.705
1565.000 0.716
1570.000 0.724
1575.000 0.734
1580.000 0.747
1585.000 0.753
1590.000 0.762
1595.000 0.770
1600.000 0.777
1605.000 0.798
1610.000 0.813
1615.000 0.819
1620.000 0.839
1625.000 0.847
1630.000 0.866
1635.000 0.884
1640.000 0.880
1645.000 0.893
1650.000 0.913
1655.000 0.931
1660.000 0.948
1665.000 0.968
1670.000 0.986
1675.000 1.004
1680.000 1.022
1685.000 1.040
1690.000 1.064
1695.000 1.094
1700.000 1.108
1705.000 1.130
1710.000 1.143
1715.000 1.167
1720.000 1.193
1725.000 1.220
1730.000 1.246
1735.000 1.278
1740.000 1.309
1745.000 1.337
1750.000 1.364
1755.000 1.393
1760.000 1.425
1765.000 1.459
1770.000 1.479
1775.000 1.574
1780.000 1.529
1785.000 1.567
1790.000 1.609
1795.000 1.640
1800.000 1.675
1805.000 1.703
1810.000 1.750
1815.000 1.774
1820.000 1.802
1825.000 1.817
1830.000 1.862
1835.000 1.883
1840.000 1.894
1845.000 1.929
1850.000 1.948
1855.000 1.966
1860.000 1.992
1865.000 2.008
1870.000 2.024
1875.000 2.038
1880.000 2.037
1885.000 2.061
1890.000 2.055
1895.000 2.066
1900.000 2.069
1905.000 2.071
1910.000 2.066
1915.000 2.064
1920.000 2.057
1925.000 2.050
1930.000 2.042
1935.000 2.044
1940.000 2.033
1945.000 2.025
1950.000 2.024
1955.000 2.013
1960.000 2.007
1965.000 1.993
1970.000 1.987
1975.000 1.975
1980.000 1.956
1985.000 1.951
1990.000 1.943
1995.000 1.922
2000.000 1.915
2005.000 1.902
2010.000 1.906
2015.000 1.892
2020.000 1.897
2025.000 1.884
2030.000 1.864
2035.000 1.863
2040.000 1.859
2045.000 1.849
2050.000 1.842
2055.000 1.840
2060.000 1.842
2065.000 1.837
2070.000 1.839
2075.000 1.841
2080.000 1.846
2085.000 1.847
2090.000 1.850
2095.000 1.853
2100.000 1.863
2105.000 1.871
2110.000 1.882
2115.000 1.891
2120.000 1.901
2125.000 1.909
2130.000 1.913
2135.000 1.927
2140.000 1.949
2145.000 1.965
2150.000 1.990
2155.000 2.016
2160.000 2.042
2165.000 2.078
2170.000 2.107
2175.000 2.142
2180.000 2.184
2185.000 2.224
2190.000 2.280
2195.000 2.302
2200.000 2.360
2205.000 2.422
2210.000 2.495
2215.000 2.580
2220.000 2.668
2225.000 2.772
2230.000 2.890
2235.000 3.024
2240.000 3.193
2245.000 3.383
2250.000 3.600
2255.000 3.884
2260.000 4.043
2265.000 4.406
2270.000 4.898
2275.000 5.511
2280.000 6.389
2285.000 7.588
2290.000 9.307
2295.000 12.192
2300.000 16.168
2305.000 19.023
2310.000 17.294
2315.000 16.404
2320.000 10.844
2325.000 7.586
2330.000 5.862
2335.000 4.614
2340.000 3.770
2345.000 3.163
2350.000 2.710
2355.000 2.347
2360.000 2.049
2365.000 1.806
2370.000 1.596
2375.000 1.505
2380.000 1.349
2385.000 1.212
2390.000 1.092
2395.000 0.991
2400.000 0.900
2405.000 0.814
2410.000 0.743
2415.000 0.678
2420.000 0.623
2425.000 0.562
2430.000 0.516
2435.000 0.469
2440.000 0.445
2445.000 0.405
2450.000 0.369
2455.000 0.336
2460.000 0.307
2465.000 0.276
2470.000 0.249
2475.000 0.222
2480.000 0.200
2485.000 0.180
2490.000 0.160
2495.000 0.146
2500.000 0.141
2505.000 0.121
2510.000 0.110
2515.000 0.103
2520.000 0.094
2525.000 0.089
2530.000 0.082
2535.000 0.079
2540.000 0.085
2545.000 0.085
2550.000 0.085
2555.000 0.095
2560.000 0.099
2565.000 0.100
2570.000 0.112
2575.000 0.116
2580.000 0.126
2585.000 0.134
2590.000 0.142
2595.000 0.150
2600.000 0.151
2605.000 0.161
2610.000 0.165
2615.000 0.180
2620.000 0.182
2625.000 0.183
2630.000 0.193
2635.000 0.198
2640.000 0.204
2645.000 0.211
2650.000 0.217
2655.000 0.228
2660.000 0.228
2665.000 0.238
2670.000 0.243
2675.000 0.250
2680.000 0.253
2685.000 0.258
2690.000 0.265
2695.000 0.266
2700.000 0.272
2705.000 0.281
2710.000 0.287
2715.000 0.296
2720.000 0.299
2725.000 0.308
2730.000 0.311
2735.000 0.321
2740.000 0.326
2745.000 0.332
2750.000 0.333
2755.000 0.347
2760.000 0.350
2765.000 0.356
2770.000 0.366
2775.000 0.373
2780.000 0.381
2785.000 0.388
2790.000 0.394
2795.000 0.401
2800.000 0.415
2805.000 0.418
2810.000 0.426
2815.000 0.433
2820.000 0.438
2825.000 0.446
2830.000 0.458
2835.000 0.467
2840.000 0.473
2845.000 0.482
2850.000 0.492
2855.000 0.496
2860.000 0.505
2865.000 0.509
2870.000 0.520
2875.000 0.525
2880.000 0.540
2885.000 0.545
2890.000 0.553
2895.000 0.560
2900.000 0.568
2905.000 0.575
2910.000 0.582
2915.000 0.588
2920.000 0.596
2925.000 0.594
2930.000 0.604
2935.000 0.613
2940.000 0.617
2945.000 0.627
2950.000 0.632
2955.000 0.644
2960.000 0.648
2965.000 0.645
2970.000 0.653
2975.000 0.656
2980.000 0.659
2985.000 0.668
2990.000 0.666
2995.000 0.682
3000.000 0.666
3005.000 0.673
3010.000 0.679
3015.000 0.691
3020.000 0.700
3025.000 0.701
3030.000 0.690
3035.000 0.697
3040.000 0.698
3045.000 0.712
3050.000 0.700
3055.000 0.703
3060.000 0.703
3065.000 0.716
3070.000 0.715
3075.000 0.715
3080.000 0.721
3085.000 0.719
3090.000 0.726
3095.000 0.724
3100.000 0.725
3105.000 0.726
3110.000 0.728
3115.000 0.726
3120.000 0.728
3125.000 0.732
3130.000 0.733
3135.000 0.738
3140.000 0.736
3145.000 0.739
3150.000 0.739
3155.000 0.741
3160.000 0.743
3165.000 0.746
3170.000 0.746
3175.000 0.752
3180.000 0.749
3185.000 0.753
3190.000 0.755
3195.000 0.757
3200.000 0.755
3205.000 0.760
3210.000 0.765
3215.000 0.767
3220.000 0.766
3225.000 0.771
3230.000 0.770
3235.000 0.775
3240.000 0.775
3245.000 0.779
3250.000 0.782
3255.000 0.782
3260.000 0.784
3265.000 0.788
3270.000 0.794
3275.000 0.797
3280.000 0.802
3285.000 0.805
3290.000 0.807
3295.000 0.811
3300.000 0.811
3305.000 0.815
3310.000 0.817
3315.000 0.822
3320.000 0.829
3325.000 0.833
3330.000 0.838
3335.000 0.841
3340.000 0.847
3345.000 0.854
3350.000 0.852
3355.000 0.864
3360.000 0.868
3365.000 0.874
3370.000 0.885
3375.000 0.887
3380.000 0.897
3385.000 0.903
3390.000 0.911
3395.000 0.919
3400.000 0.925
3405.000 0.931
3410.000 0.939
3415.000 0.948
3420.000 0.959
3425.000 0.967
3430.000 0.980
3435.000 0.991
3440.000 1.000
3445.000 1.013
3450.000 1.025
3455.000 1.039
3460.000 1.059
3465.000 1.064
3470.000 1.086
3475.000 1.095
3480.000 1.111
3485.000 1.130
3490.000 1.149
3495.000 1.166
3500.000 1.191
3505.000 1.212
3510.000 1.235
3515.000 1.263
3520.000 1.291
3525.000 1.319
3530.000 1.348
3535.000 1.360
3540.000 1.400
3545.000 1.433
3550.000 1.472
3555.000 1.516
3560.000 1.561
3565.000 1.611
3570.000 1.665
3575.000 1.727
3580.000 1.788
3585.000 1.855
3590.000 1.940
3595.000 1.984
3600.000 2.068
3605.000 2.174
3610.000 2.287
3615.000 2.413
3620.000 2.559
3625.000 2.708
3630.000 2.911
3635.000 3.121
3640.000 3.385
3645.000 3.690
3650.000 4.035
3655.000 4.286
3660.000 4.783
3665.000 5.405
3670.000 6.272
3675.000 7.418
3680.000 8.978
3685.000 11.299
3690.000 14.848
3695.000 22.220
3700.000 28.578
3705.000 23.813
3710.000 14.514
3715.000 12.278
3720.000 9.345
3725.000 7.423
3730.000 6.257
3735.000 5.305
3740.000 4.640
3745.000 4.135
3750.000 3.700
3755.000 3.383
3760.000 3.083
3765.000 2.843
3770.000 2.644
3775.000 2.465
3780.000 2.389
3785.000 2.249
3790.000 2.121
3795.000 2.019
3800.000 1.909
3805.000 1.821
3810.000 1.734
3815.000 1.663
3820.000 1.601
3825.000 1.536
3830.000 1.477
3835.000 1.423
3840.000 1.400
3845.000 1.353
3850.000 1.310
3855.000 1.275
3860.000 1.239
3865.000 1.212
3870.000 1.173
3875.000 1.143
3880.000 1.119
3885.000 1.094
3890.000 1.066
3895.000 1.055
3900.000 1.037
3905.000 1.014
3910.000 0.994
3915.000 0.972
3920.000 0.959
3925.000 0.942
3930.000 0.927
3935.000 0.909
3940.000 0.895
3945.000 0.884
3950.000 0.868
3955.000 0.864
3960.000 0.851
3965.000 0.847
3970.000 0.825
3975.000 0.813
3980.000 0.814
3985.000 0.788
3990.000 0.781
3995.000 0.779
4000.000 0.767
4005.000 0.764
4010.000 0.750
4015.000 0.758
4020.000 0.751
4025.000 0.736
4030.000 0.743
4035.000 0.721
4040.000 0.720
4045.000 0.719
4050.000 0.708
4055.000 0.702
4060.000 0.699
4065.000 0.693
4070.000 0.684
4075.000 0.686
4080.000 0.676
4085.000 0.676
4090.000 0.668
4095.000 0.665
4100.000 0.662
4105.000 0.659
4110.000 0.651
4115.000 0.652
4120.000 0.640
4125.000 0.634
4130.000 0.630
4135.000 0.623
4140.000 0.622
4145.000 0.621
4150.000 0.615
4155.000 0.609
4160.000 0.604
4165.000 0.603
4170.000 0.602
4175.000 0.598
4180.000 0.593
4185.000 0.590
4190.000 0.585
4195.000 0.581
4200.000 0.574
4205.000 0.573
4210.000 0.570
4215.000 0.568
4220.000 0.568
4225.000 0.564
4230.000 0.564
4235.000 0.563
4240.000 0.563
4245.000 0.566
4250.000 0.565
4255.000 0.567
4260.000 0.572
4265.000 0.571
4270.000 0.567
4275.000 0.568
4280.000 0.570
4285.000 0.569
4290.000 0.569
4295.000 0.578
4300.000 0.576
4305.000 0.579
4310.000 0.579
4315.000 0.578
4320.000 0.579
4325.000 0.580
4330.000 0.580
4335.000 0.579
4340.000 0.577
4345.000 0.577
4350.000 0.576
4355.000 0.578
4360.000 0.572
4365.000 0.575
4370.000 0.576
4375.000 0.579
4380.000 0.574
4385.000 0.581
4390.000 0.577
4395.000 0.580
4400.000 0.580
4405.000 0.578
4410.000 0.577
4415.000 0.575
4420.000 0.569
4425.000 0.573
4430.000 0.570
4435.000 0.568
4440.000 0.572
4445.000 0.569
4450.000 0.573
4455.000 0.575
4460.000 0.572
4465.000 0.575
4470.000 0.570
4475.000 0.573
4480.000 0.569
4485.000 0.574
4490.000 0.566
4495.000 0.571
4500.000 0.567
4505.000 0.566
4510.000 0.569
4515.000 0.566
4520.000 0.565
4525.000 0.567
4530.000 0.571
4535.000 0.572
4540.000 0.566
4545.000 0.569
4550.000 0.573
4555.000 0.569
4560.000 0.570
4565.000 0.568
4570.000 0.566
4575.000 0.565
4580.000 0.565
4585.000 0.566
4590.000 0.565
4595.000 0.571
4600.000 0.566
4605.000 0.572
4610.000 0.571
4615.000 0.572
4620.000 0.573
4625.000 0.572
4630.000 0.570
4635.000 0.568
4640.000 0.569
4645.000 0.564
4650.000 0.570
4655.000 0.568
4660.000 0.570
4665.000 0.574
4670.000 0.569
4675.000 0.574
4680.000 0.575
4685.000 0.577
4690.000 0.578
4695.000 0.577
4700.000 0.578
4705.000 0.580
4710.000 0.574
4715.000 0.576
4720.000 0.575
4725.000 0.579
4730.000 0.576
4735.000 0.580
4740.000 0.584
4745.000 0.582
4750.000 0.585
4755.000 0.584
4760.000 0.589
4765.000 0.590
4770.000 0.590
4775.000 0.588
4780.000 0.588
4785.000 0.592
4790.000 0.587
4795.000 0.589
4800.000 0.589
4805.000 0.594
4810.000 0.598
4815.000 0.596
4820.000 0.600
4825.000 0.601
4830.000 0.606
4835.000 0.609
4840.000 0.612
4845.000 0.611
4850.000 0.617
4855.000 0.614
4860.000 0.615
4865.000 0.616
4870.000 0.617
4875.000 0.621
4880.000 0.623
4885.000 0.629
4890.000 0.632
4895.000 0.637
4900.000 0.638
4905.000 0.645
4910.000 0.649
4915.000 0.647
4920.000 0.635
4925.000 0.644
4930.000 0.623
4935.000 0.615
4940.000 0.594
4945.000 0.557
4950.000 0.474
4955.000 0.501
4960.000 1.050
4965.000 3.200
4970.000 7.315
4975.000 7.949
4980.000 5.227
4985.000 5.649
4990.000 7.025
4995.000 5.981
5000.000 3.307
5005.000 2.070
5010.000 1.523
5015.000 1.139
5020.000 0.908
5025.000 0.761
5030.000 0.680
5035.000 0.611
5040.000 0.565
5045.000 0.535
5050.000 0.518
5055.000 0.497
5060.000 0.483
5065.000 0.478
5070.000 0.477
5075.000 0.467
5080.000 0.466
5085.000 0.465
5090.000 0.459
5095.000 0.456
5100.000 0.455
5105.000 0.458
5110.000 0.460
5115.000 0.460
5120.000 0.462
5125.000 0.465
5130.000 0.470
5135.000 0.474
5140.000 0.477
5145.000 0.479
5150.000 0.482
5155.000 0.485
5160.000 0.487
5165.000 0.489
5170.000 0.490
5175.000 0.491
5180.000 0.490
5185.000 0.496
5190.000 0.497
5195.000 0.502
5200.000 0.501
5205.000 0.507
5210.000 0.505
5215.000 0.504
5220.000 0.503
5225.000 0.506
5230.000 0.502
5235.000 0.504
5240.000 0.501
5245.000 0.505
5250.000 0.505
5255.000 0.507
5260.000 0.511
5265.000 0.514
5270.000 0.513
5275.000 0.518
5280.000 0.517
5285.000 0.519
5290.000 0.519
5295.000 0.518
5300.000 0.518
5305.000 0.519
5310.000 0.519
5315.000 0.517
5320.000 0.517
5325.000 0.519
5330.000 0.520
5335.000 0.520
5340.000 0.524
5345.000 0.529
5350.000 0.527
5355.000 0.531
5360.000 0.531
5365.000 0.527
5370.000 0.527
5375.000 0.527
5380.000 0.527
5385.000 0.526
5390.000 0.529
5395.000 0.524
5400.000 0.529
5405.000 0.526
5410.000 0.533
5415.000 0.534
5420.000 0.530
5425.000 0.533
5430.000 0.534
5435.000 0.531
5440.000 0.534
5445.000 0.530
5450.000 0.529
5455.000 0.526
5460.000 0.525
5465.000 0.529
5470.000 0.525
5475.000 0.524
5480.000 0.526
5485.000 0.531
5490.000 0.525
5495.000 0.534
5500.000 0.533
5505.000 0.533
5510.000 0.532
5515.000 0.532
5520.000 0.522
5525.000 0.523
5530.000 0.522
5535.000 0.521
5540.000 0.521
5545.000 0.523
5550.000 0.519
5555.000 0.520
5560.000 0.520
5565.000 0.520
5570.000 0.524
5575.000 0.519
5580.000 0.517
5585.000 0.518
5590.000 0.514
5595.000 0.512
5600.000 0.512
5605.000 0.510
5610.000 0.514
5615.000 0.512
5620.000 0.510
5625.000 0.514
5630.000 0.517
5635.000 0.517
5640.000 0.521
5645.000 0.518
5650.000 0.520
5655.000 0.519
5660.000 0.519
5665.000 0.516
5670.000 0.516
5675.000 0.514
5680.000 0.510
5685.000 0.509
5690.000 0.511
5695.000 0.509
5700.000 0.512
5705.000 0.515
5710.000 0.516
5715.000 0.516
5720.000 0.515
5725.000 0.517
5730.000 0.514
5735.000 0.514
5740.000 0.513
5745.000 0.508
5750.000 0.512
5755.000 0.506
5760.000 0.507
5765.000 0.508
5770.000 0.507
5775.000 0.509
5780.000 0.516
5785.000 0.513
5790.000 0.512
5795.000 0.513
5800.000 0.513
5805.000 0.512
5810.000 0.510
5815.000 0.509
5820.000 0.506
5825.000 0.506
5830.000 0.507
5835.000 0.504
5840.000 0.504
5845.000 0.510
5850.000 0.513
5855.000 0.508
5860.000 0.517
5865.000 0.515
5870.000 0.514
5875.000 0.513
5880.000 0.514
5885.000 0.515
5890.000 0.511
5895.000 0.507
5900.000 0.507
5905.000 0.507
5910.000 0.508
5915.000 0.510
5920.000 0.514
5925.000 0.520
5930.000 0.522
5935.000 0.521
5940.000 0.522
5945.000 0.522
5950.000 0.527
5955.000 0.531
5960.000 0.530
5965.000 0.520
5970.000 0.518
5975.000 0.523
5980.000 0.523
5985.000 0.535
5990.000 0.541
5995.000 0.535
6000.000 0.550
6005.000 0.558
6010.000 0.560
6015.000 0.553
6020.000 0.555
6025.000 0.562
6030.000 0.559
6035.000 0.570
6040.000 0.573
6045.000 0.566
6050.000 0.579
6055.000 0.585
6060.000 0.584
6065.000 0.604
6070.000 0.611
6075.000 0.618
6080.000 0.634
6085.000 0.638
6090.000 0.654
6095.000 0.663
6100.000 0.679
6105.000 0.690
6110.000 0.710
6115.000 0.734
6120.000 0.756
6125.000 0.785
6130.000 0.816
6135.000 0.862
6140.000 0.900
6145.000 0.956
6150.000 0.987
6155.000 1.049
6160.000 1.130
6165.000 1.221
6170.000 1.324
6175.000 1.472
6180.000 1.639
6185.000 1.874
6190.000 2.153
6195.000 2.503
6200.000 3.050
6205.000 3.760
6210.000 4.151
6215.000 5.530
6220.000 7.369
6225.000 9.571
6230.000 11.712
6235.000 11.314
6240.000 8.537
6245.000 5.626
6250.000 3.906
6255.000 3.578
6260.000 3.230
6265.000 2.883
6270.000 2.594
6275.000 2.473
6280.000 2.182
6285.000 1.942
6290.000 1.712
6295.000 1.525
6300.000 1.381
6305.000 1.236
6310.000 1.114
6315.000 1.028
6320.000 0.963
6325.000 0.907
6330.000 0.874
6335.000 0.837
6340.000 0.801
6345.000 0.767
6350.000 0.746
6355.000 0.722
6360.000 0.699
6365.000 0.691
6370.000 0.673
6375.000 0.662
6380.000 0.650
6385.000 0.635
6390.000 0.634
6395.000 0.617
6400.000 0.612
6405.000 0.598
6410.000 0.584
6415.000 0.576
6420.000 0.567
6425.000 0.556
6430.000 0.548
6435.000 0.541
6440.000 0.531
6445.000 0.526
6450.000 0.518
6455.000 0.519
6460.000 0.509
6465.000 0.499
6470.000 0.491
6475.000 0.480
6480.000 0.469
6485.000 0.460
6490.000 0.455
6495.000 0.449
6500.000 0.452
6505.000 0.460
6510.000 0.482
6515.000 0.490
6520.000 0.525
6525.000 0.584
6530.000 0.674
6535.000 0.795
6540.000 1.014
6545.000 1.365
6550.000 1.925
6555.000 3.052
6560.000 5.112
6565.000 9.324
6570.000 10.849
6575.000 5.477
6580.000 4.844
6585.000 2.834
6590.000 1.815
6595.000 1.770
6600.000 1.591
6605.000 1.454
6610.000 1.360
6615.000 1.279
6620.000 1.221
6625.000 1.175
6630.000 1.126
6635.000 1.105
6640.000 1.073
6645.000 1.042
6650.000 1.020
6655.000 0.997
6660.000 0.975
6665.000 0.962
6670.000 0.948
6675.000 0.935
6680.000 0.921
6685.000 0.914
6690.000 0.904
6695.000 0.891
6700.000 0.889
6705.000 0.873
6710.000 0.864
6715.000 0.858
6720.000 0.850
6725.000 0.846
6730.000 0.842
6735.000 0.838
6740.000 0.832
6745.000 0.831
6750.000 0.829
6755.000 0.825
6760.000 0.826
6765.000 0.822
6770.000 0.813
6775.000 0.812
6780.000 0.805
6785.000 0.801
6790.000 0.800
6795.000 0.794
6800.000 0.793
6805.000 0.791
6810.000 0.794
6815.000 0.794
6820.000 0.792
6825.000 0.795
6830.000 0.794
6835.000 0.791
6840.000 0.791
6845.000 0.789
6850.000 0.785
6855.000 0.784
6860.000 0.777
6865.000 0.779
6870.000 0.782
6875.000 0.779
6880.000 0.780
6885.000 0.782
6890.000 0.787
6895.000 0.784
6900.000 0.786
6905.000 0.787
6910.000 0.784
6915.000 0.787
6920.000 0.787
6925.000 0.781
6930.000 0.778
6935.000 0.781
6940.000 0.778
6945.000 0.784
6950.000 0.777
6955.000 0.790
6960.000 0.789
6965.000 0.792
6970.000 0.795
6975.000 0.793
6980.000 0.797
6985.000 0.794
6990.000 0.794
6995.000 0.796
7000.000 0.795
7005.000 0.797
7010.000 0.796
7015.000 0.804
7020.000 0.800
7025.000 0.805
7030.000 0.821
7035.000 0.824
7040.000 0.826
7045.000 0.825
7050.000 0.833
7055.000 0.829
7060.000 0.834
7065.000 0.833
7070.000 0.830
7075.000 0.835
7080.000 0.838
7085.000 0.842
7090.000 0.843
7095.000 0.856
7100.000 0.858
7105.000 0.864
7110.000 0.872
7115.000 0.876
7120.000 0.879
7125.000 0.886
7130.000 0.892
7135.000 0.893
7140.000 0.900
7145.000 0.901
7150.000 0.906
7155.000 0.914
7160.000 0.920
7165.000 0.927
7170.000 0.935
7175.000 0.943
7180.000 0.957
7185.000 0.961
7190.000 0.974
7195.000 0.982
7200.000 0.996
7205.000 1.003
7210.000 1.011
7215.000 1.022
7220.000 1.032
7225.000 1.044
7230.000 1.053
7235.000 1.070
7240.000 1.085
7245.000 1.094
7250.000 1.110
7255.000 1.128
7260.000 1.149
7265.000 1.173
7270.000 1.192
7275.000 1.211
7280.000 1.238
7285.000 1.261
7290.000 1.285
7295.000 1.311
7300.000 1.338
7305.000 1.376
7310.000 1.396
7315.000 1.431
7320.000 1.480
7325.000 1.523
7330.000 1.580
7335.000 1.636
7340.000 1.688
7345.000 1.767
7350.000 1.843
7355.000 1.920
7360.000 2.019
7365.000 2.071
7370.000 2.185
7375.000 2.315
7380.000 2.451
7385.000 2.652
7390.000 2.870
7395.000 3.153
7400.000 3.468
7405.000 3.832
7410.000 4.397
7415.000 5.074
7420.000 5.884
7425.000 6.543
7430.000 7.939
7435.000 9.543
7440.000 11.508
7445.000 12.351
7450.000 11.015
7455.000 8.365
7460.000 6.052
7465.000 3.840
7470.000 2.679
7475.000 2.271
7480.000 2.213
7485.000 2.067
7490.000 1.984
7495.000 1.829
7500.000 1.665
7505.000 1.532
7510.000 1.428
7515.000 1.313
7520.000 1.232
7525.000 1.140
7530.000 1.072
7535.000 1.016
7540.000 0.949
7545.000 0.892
7550.000 0.873
7555.000 0.821
7560.000 0.784
7565.000 0.742
7570.000 0.708
7575.000 0.677
7580.000 0.645
7585.000 0.622
7590.000 0.599
7595.000 0.577
7600.000 0.560
7605.000 0.545
7610.000 0.536
7615.000 0.518
7620.000 0.505
7625.000 0.494
7630.000 0.479
7635.000 0.469
7640.000 0.457
7645.000 0.443
7650.000 0.435
7655.000 0.424
7660.000 0.416
7665.000 0.414
7670.000 0.408
7675.000 0.405
7680.000 0.404
7685.000 0.399
7690.000 0.396
7695.000 0.393
7700.000 0.391
7705.000 0.387
7710.000 0.380
7715.000 0.382
7720.000 0.373
7725.000 0.367
7730.000 0.367
7735.000 0.367
7740.000 0.362
7745.000 0.364
7750.000 0.363
7755.000 0.366
7760.000 0.366
7765.000 0.369
7770.000 0.369
7775.000 0.369
7780.000 0.371
7785.000 0.370
7790.000 0.369
7795.000 0.370
7800.000 0.364
7805.000 0.362
7810.000 0.364
7815.000 0.362
7820.000 0.365
7825.000 0.372
7830.000 0.370
7835.000 0.378
7840.000 0.378
7845.000 0.384
7850.000 0.384
7855.000 0.385
7860.000 0.385
7865.000 0.382
7870.000 0.388
7875.000 0.386
7880.000 0.384
7885.000 0.388
7890.000 0.387
7895.000 0.395
7900.000 0.402
7905.000 0.407
7910.000 0.413
7915.000 0.418
7920.000 0.428
7925.000 0.435
7930.000 0.440
7935.000 0.440
7940.000 0.441
7945.000 0.452
7950.000 0.466
7955.000 0.471
7960.000 0.481
7965.000 0.488
7970.000 0.518
7975.000 0.520
7980.000 0.540
7985.000 0.575
7990.000 0.600
7995.000 0.639
8000.000 0.669
8005.000 0.716
8010.000 0.785
8015.000 0.856
8020.000 0.968
8025.000 1.122
8030.000 1.310
8035.000 1.673
8040.000 1.929
8045.000 2.585
8050.000 4.124
8055.000 5.302
8060.000 3.676
8065.000 3.602
8070.000 1.797
8075.000 1.358
8080.000 0.953
8085.000 0.896
8090.000 0.743
8095.000 0.708
8100.000 0.621
8105.000 0.570
8110.000 0.525
8115.000 0.497
8120.000 0.472
8125.000 0.446
8130.000 0.426
8135.000 0.410
8140.000 0.399
8145.000 0.383
8150.000 0.374
8155.000 0.365
8160.000 0.359
8165.000 0.347
8170.000 0.339
8175.000 0.333
8180.000 0.329
8185.000 0.326
8190.000 0.326
8195.000 0.325
8200.000 0.324
8205.000 0.322
8210.000 0.320
8215.000 0.313
8220.000 0.313
8225.000 0.308
8230.000 0.305
8235.000 0.301
8240.000 0.296
8245.000 0.295
8250.000 0.293
8255.000 0.290
8260.000 0.292
8265.000 0.294
8270.000 0.296
8275.000 0.295
8280.000 0.296
8285.000 0.294
8290.000 0.291
8295.000 0.288
8300.000 0.286
8305.000 0.281
8310.000 0.281
8315.000 0.278
8320.000 0.278
8325.000 0.274
8330.000 0.281
8335.000 0.285
8340.000 0.280
8345.000 0.288
8350.000 0.288
8355.000 0.285
8360.000 0.291
8365.000 0.288
8370.000 0.284
8375.000 0.281
8380.000 0.283
8385.000 0.283
8390.000 0.286
8395.000 0.291
8400.000 0.292
8405.000 0.297
8410.000 0.303
8415.000 0.304
8420.000 0.310
8425.000 0.313
8430.000 0.315
8435.000 0.315
8440.000 0.321
8445.000 0.322
8450.000 0.327
8455.000 0.332
8460.000 0.339
8465.000 0.344
8470.000 0.351
8475.000 0.362
8480.000 0.369
8485.000 0.378
8490.000 0.381
8495.000 0.380
8500.000 0.374
8505.000 0.368
8510.000 0.343
8515.000 0.318
8520.000 0.271
8525.000 0.292
8530.000 0.660
8535.000 1.644
8540.000 3.364
8545.000 3.112
8550.000 2.098
8555.000 1.857
8560.000 1.658
8565.000 1.754
8570.000 1.825
8575.000 1.914
8580.000 2.004
8585.000 2.177
8590.000 2.364
8595.000 2.672
8600.000 2.959
8605.000 3.450
8610.000 4.001
8615.000 4.611
8620.000 5.602
8625.000 6.625
8630.000 7.791
8635.000 8.707
8640.000 8.845
8645.000 8.525
8650.000 7.444
8655.000 6.470
8660.000 5.388
8665.000 4.686
8670.000 3.862
8675.000 3.302
8680.000 3.034
8685.000 2.648
8690.000 2.350
8695.000 2.135
8700.000 2.029
8705.000 1.984
8710.000 1.893
8715.000 1.814
8720.000 1.757
8725.000 1.687
8730.000 1.640
8735.000 1.580
8740.000 1.531
8745.000 1.489
8750.000 1.444
8755.000 1.406
8760.000 1.362
8765.000 1.332
8770.000 1.315
8775.000 1.281
8780.000 1.256
8785.000 1.238
8790.000 1.209
8795.000 1.189
8800.000 1.172
8805.000 1.149
8810.000 1.130
8815.000 1.133
8820.000 1.121
8825.000 1.075
8830.000 1.061
8835.000 1.039
8840.000 1.036
8845.000 1.027
8850.000 1.014
8855.000 0.999
8860.000 0.996
8865.000 0.986
8870.000 0.976
8875.000 0.971
8880.000 0.960
8885.000 0.955
8890.000 0.945
8895.000 0.938
8900.000 0.928
8905.000 0.912
8910.000 0.905
8915.000 0.894
8920.000 0.890
8925.000 0.885
8930.000 0.878
8935.000 0.876
8940.000 0.875
8945.000 0.871
8950.000 0.868
8955.000 0.869
8960.000 0.862
8965.000 0.850
8970.000 0.848
8975.000 0.844
8980.000 0.824
8985.000 0.828
8990.000 0.824
8995.000 0.816
9000.000 0.812
9005.000 0.815
9010.000 0.815
9015.000 0.803
9020.000 0.814
9025.000 0.809
9030.000 0.803
9035.000 0.798
9040.000 0.792
9045.000 0.795
9050.000 0.784
9055.000 0.781
9060.000 0.775
9065.000 0.773
9070.000 0.769
9075.000 0.770
9080.000 0.766
9085.000 0.774
9090.000 0.770
9095.000 0.774
9100.000 0.769
9105.000 0.770
9110.000 0.762
9115.000 0.761
9120.000 0.754
9125.000 0.753
9130.000 0.750
9135.000 0.744
9140.000 0.742
9145.000 0.740
9150.000 0.744
9155.000 0.743
9160.000 0.748
9165.000 0.748
9170.000 0.741
9175.000 0.745
9180.000 0.741
9185.000 0.739
9190.000 0.736
9195.000 0.736
9200.000 0.730
9205.000 0.726
9210.000 0.724
9215.000 0.720
9220.000 0.723
9225.000 0.727
9230.000 0.726
9235.000 0.727
9240.000 0.736
9245.000 0.731
9250.000 0.730
9255.000 0.726
9260.000 0.727
9265.000 0.722
9270.000 0.719
9275.000 0.717
9280.000 0.711
9285.000 0.713
9290.000 0.712
9295.000 0.714
9300.000 0.714
9305.000 0.717
9310.000 0.716
9315.000 0.717
9320.000 0.720
9325.000 0.717
9330.000 0.717
9335.000 0.714
9340.000 0.710
9345.000 0.705
9350.000 0.704
9355.000 0.702
9360.000 0.699
9365.000 0.699
9370.000 0.698
9375.000 0.699
9380.000 0.703
9385.000 0.703
9390.000 0.700
9395.000 0.700
9400.000 0.696
9405.000 0.691
9410.000 0.678
9415.000 0.674
9420.000 0.664
9425.000 0.656
9430.000 0.645
9435.000 0.643
9440.000 0.627
9445.000 0.612
9450.000 0.587
9455.000 0.554
9460.000 0.515
9465.000 0.438
9470.000 0.361
9475.000 0.448
9480.000 0.808
9485.000 1.661
9490.000 1.368
9495.000 1.311
9500.000 1.062
9505.000 1.045
9510.000 1.013
9515.000 0.978
9520.000 0.961
9525.000 0.956
9530.000 0.946
9535.000 0.940
9540.000 0.939
9545.000 0.933
9550.000 0.932
9555.000 0.926
9560.000 0.928
9565.000 0.927
9570.000 0.924
9575.000 0.925
9580.000 0.929
9585.000 0.934
9590.000 0.943
9595.000 0.946
9600.000 0.955
9605.000 0.966
9610.000 0.972
9615.000 0.974
9620.000 0.981
9625.000 0.989
9630.000 0.994
9635.000 1.006
9640.000 1.009
9645.000 1.021
9650.000 1.034
9655.000 1.051
9660.000 1.062
9665.000 1.080
9670.000 1.105
9675.000 1.119
9680.000 1.130
9685.000 1.155
9690.000 1.176
9695.000 1.201
9700.000 1.227
9705.000 1.249
9710.000 1.282
9715.000 1.312
9720.000 1.355
9725.000 1.400
9730.000 1.442
9735.000 1.508
9740.000 1.537
9745.000 1.602
9750.000 1.692
9755.000 1.769
9760.000 1.889
9765.000 2.011
9770.000 2.131
9775.000 2.324
9780.000 2.516
9785.000 2.810
9790.000 3.126
9795.000 3.291
9800.000 3.699
9805.000 4.122
9810.000 4.447
9815.000 4.503
9820.000 4.153
9825.000 3.467
9830.000 2.767
9835.000 2.279
9840.000 1.768
9845.000 1.475
9850.000 1.170
9855.000 0.986
9860.000 0.942
9865.000 0.852
9870.000 0.863
9875.000 0.951
9880.000 0.961
9885.000 0.857
9890.000 0.740
9895.000 0.650
9900.000 0.579
9905.000 0.501
9910.000 0.450
9915.000 0.392
9920.000 0.371
9925.000 0.333
9930.000 0.295
9935.000 0.262
9940.000 0.245
9945.000 0.217
9950.000 0.196
9955.000 0.176
9960.000 0.158
9965.000 0.144
9970.000 0.126
9975.000 0.119
9980.000 0.108
9985.000 0.101
9990.000 0.097
9995.000 0.088
10000.000 0.092
10005.000 0.090
10010.000 0.089
10015.000 0.084
10020.000 0.092
10025.000 0.096
10030.000 0.106
10035.000 0.109
10040.000 0.111
10045.000 0.109
10050.000 0.120
10055.000 0.119
10060.000 0.114
10065.000 0.113
10070.000 0.104
10075.000 0.106
10080.000 0.104
10085.000 0.096
10090.000 0.094
10095.000 0.093
10100.000 0.091
10105.000 0.082
10110.000 0.080
10115.000 0.071
10120.000 0.062
10125.000 0.047
10130.000 0.044
10135.000 0.064
10140.000 0.117
10145.000 0.184
10150.000 0.327
10155.000 0.540
10160.000 0.845
10165.000 1.236
10170.000 2.229
10175.000 2.834
10180.000 0.930
10185.000 1.478
10190.000 0.825
10195.000 0.763
10200.000 0.691
10205.000 0.626
10210.000 0.585
10215.000 0.552
10220.000 0.529
10225.000 0.516
10230.000 0.493
10235.000 0.480
10240.000 0.470
10245.000 0.462
10250.000 0.456
10255.000 0.450
10260.000 0.444
10265.000 0.443
10270.000 0.436
10275.000 0.437
10280.000 0.429
10285.000 0.427
10290.000 0.422
10295.000 0.416
10300.000 0.412
10305.000 0.406
10310.000 0.402
10315.000 0.400
10320.000 0.402
10325.000 0.399
10330.000 0.407
10335.000 0.403
10340.000 0.406
10345.000 0.405
10350.000 0.406
10355.000 0.400
10360.000 0.401
10365.000 0.397
10370.000 0.389
10375.000 0.393
10380.000 0.386
10385.000 0.384
10390.000 0.384
10395.000 0.387
10400.000 0.389
10405.000 0.390
10410.000 0.395
10415.000 0.389
10420.000 0.391
10425.000 0.392
10430.000 0.389
10435.000 0.383
10440.000 0.385
10445.000 0.375
10450.000 0.376
10455.000 0.373
10460.000 0.375
10465.000 0.370
10470.000 0.373
10475.000 0.378
10480.000 0.377
10485.000 0.380
10490.000 0.382
10495.000 0.381
10500.000 0.379
10505.000 0.378
10510.000 0.374
10515.000 0.369
10520.000 0.367
10525.000 0.362
10530.000 0.363
10535.000 0.362
10540.000 0.362
10545.000 0.360
10550.000 0.367
10555.000 0.365
10560.000 0.365
10565.000 0.368
10570.000 0.362
10575.000 0.358
10580.000 0.359
10585.000 0.354
10590.000 0.350
10595.000 0.348
10600.000 0.345
10605.000 0.343
10610.000 0.343
10615.000 0.342
10620.000 0.342
10625.000 0.348
10630.000 0.347
10635.000 0.342
10640.000 0.339
10645.000 0.336
10650.000 0.340
10655.000 0.329
10660.000 0.325
10665.000 0.321
10670.000 0.313
10675.000 0.313
10680.000 0.311
10685.000 0.306
10690.000 0.303
10695.000 0.304
10700.000 0.297
10705.000 0.301
10710.000 0.296
10715.000 0.291
10720.000 0.286
10725.000 0.282
10730.000 0.270
10735.000 0.262
10740.000 0.256
10745.000 0.245
10750.000 0.237
10755.000 0.228
10760.000 0.221
10765.000 0.213
10770.000 0.203
10775.000 0.195
10780.000 0.185
10785.000 0.175
10790.000 0.163
10795.000 0.153
10800.000 0.146
10805.000 0.142
10810.000 0.175
10815.000 0.224
10820.000 0.288
10825.000 0.423
10830.000 0.509
10835.000 0.688
10840.000 1.069
10845.000 1.470
10850.000 1.765
10855.000 1.682
10860.000 1.445
10865.000 1.246
10870.000 1.071
10875.000 0.686
10880.000 0.255
10885.000 0.448
10890.000 0.443
10895.000 0.439
10900.000 0.432
10905.000 0.414
10910.000 0.395
10915.000 0.378
10920.000 0.356
10925.000 0.342
10930.000 0.317
10935.000 0.300
10940.000 0.284
10945.000 0.277
10950.000 0.270
10955.000 0.282
10960.000 0.320
10965.000 0.369
10970.000 0.484
10975.000 0.593
10980.000 0.760
10985.000 0.902
10990.000 0.987
10995.000 1.032
11000.000 1.005
11005.000 0.977
11010.000 0.945
11015.000 0.933
11020.000 0.921
11025.000 0.930
11030.000 0.949
11035.000 1.013
11040.000 1.076
11045.000 1.200
11050.000 1.323
11055.000 1.419
11060.000 1.496
11065.000 1.485
11070.000 1.395
11075.000 1.343
11080.000 1.262
11085.000 1.165
11090.000 1.091
11095.000 1.028
11100.000 0.975
11105.000 0.938
11110.000 0.896
11115.000 0.863
11120.000 0.840
11125.000 0.814
11130.000 0.801
11135.000 0.783
11140.000 0.774
11145.000 0.761
11150.000 0.746
11155.000 0.734
11160.000 0.717
11165.000 0.707
11170.000 0.701
11175.000 0.685
11180.000 0.677
11185.000 0.668
11190.000 0.660
11195.000 0.653
11200.000 0.655
11205.000 0.646
11210.000 0.645
11215.000 0.641
11220.000 0.636
11225.000 0.631
11230.000 0.630
11235.000 0.621
11240.000 0.615
11245.000 0.609
11250.000 0.601
11255.000 0.600
11260.000 0.599
11265.000 0.596
11270.000 0.590
11275.000 0.591
11280.000 0.588
11285.000 0.589
11290.000 0.586
11295.000 0.587
11300.000 0.584
11305.000 0.582
11310.000 0.576
11315.000 0.571
11320.000 0.569
11325.000 0.568
11330.000 0.562
11335.000 0.561
11340.000 0.559
11345.000 0.563
11350.000 0.560
11355.000 0.563
11360.000 0.561
11365.000 0.561
11370.000 0.566
11375.000 0.561
11380.000 0.559
11385.000 0.559
11390.000 0.557
11395.000 0.549
11400.000 0.550
11405.000 0.548
11410.000 0.549
11415.000 0.548
11420.000 0.548
11425.000 0.551
11430.000 0.553
11435.000 0.552
11440.000 0.559
11445.000 0.557
11450.000 0.556
11455.000 0.553
11460.000 0.552
11465.000 0.551
11470.000 0.550
11475.000 0.547
11480.000 0.547
11485.000 0.549
11490.000 0.547
11495.000 0.551
11500.000 0.554
11505.000 0.552
11510.000 0.557
11515.000 0.558
11520.000 0.558
11525.000 0.560
11530.000 0.558
11535.000 0.555
11540.000 0.559
11545.000 0.553
11550.000 0.558
11555.000 0.559
11560.000 0.559
11565.000 0.563
11570.000 0.564
11575.000 0.569
11580.000 0.573
11585.000 0.574
11590.000 0.580
11595.000 0.583
11600.000 0.582
11605.000 0.588
11610.000 0.585
11615.000 0.592
11620.000 0.594
11625.000 0.594
11630.000 0.603
11635.000 0.608
11640.000 0.616
11645.000 0.626
11650.000 0.631
11655.000 0.648
11660.000 0.662
11665.000 0.670
11670.000 0.695
11675.000 0.709
11680.000 0.740
11685.000 0.755
11690.000 0.789
11695.000 0.850
11700.000 0.934
11705.000 1.048
11710.000 1.244
11715.000 1.451
11720.000 1.398
11725.000 0.621
11730.000 0.469
11735.000 0.113
11740.000 0.077
11745.000 0.157
11750.000 0.192
11755.000 0.225
11760.000 0.268
11765.000 0.290
11770.000 0.313
11775.000 0.331
11780.000 0.343
11785.000 0.358
11790.000 0.368
11795.000 0.381
11800.000 0.387
11805.000 0.392
11810.000 0.400
11815.000 0.406
11820.000 0.410
11825.000 0.419
11830.000 0.420
11835.000 0.418
11840.000 0.426
11845.000 0.427
11850.000 0.432
11855.000 0.432
11860.000 0.436
11865.000 0.438
11870.000 0.441
11875.000 0.448
11880.000 0.452
11885.000 0.452
11890.000 0.456
11895.000 0.458
11900.000 0.456
11905.000 0.457
11910.000 0.459
11915.000 0.463
11920.000 0.463
11925.000 0.468
11930.000 0.471
11935.000 0.471
11940.000 0.478
11945.000 0.483
11950.000 0.486
11955.000 0.492
11960.000 0.493
11965.000 0.500
11970.000 0.507
11975.000 0.505
11980.000 0.519
11985.000 0.517
11990.000 0.528
11995.000 0.537
12000.000 0.546
