105.000 2.059
110.000 2.039
115.000 1.957
120.000 2.035
125.000 2.055
130.000 2.030
135.000 2.088
140.000 2.146
145.000 2.147
150.000 2.149
155.000 2.130
160.000 2.210
165.000 2.100
170.000 2.214
175.000 2.215
180.000 2.219
185.000 2.241
190.000 2.256
195.000 2.251
200.000 2.252
205.000 2.290
210.000 2.298
215.000 2.366
220.000 2.370
225.000 2.387
230.000 2.455
235.000 2.485
240.000 2.502
245.000 2.559
250.000 2.546
255.000 2.613
260.000 2.670
265.000 2.719
270.000 2.733
275.000 2.811
280.000 2.876
285.000 2.932
290.000 2.990
295.000 3.082
300.000 3.171
305.000 3.188
310.000 3.272
315.000 3.389
320.000 3.504
325.000 3.618
330.000 3.738
335.000 3.858
340.000 4.014
345.000 4.178
350.000 4.338
355.000 4.531
360.000 4.735
365.000 4.930
370.000 5.038
375.000 5.252
380.000 5.498
385.000 5.712
390.000 5.904
395.000 6.041
400.000 6.164
405.000 6.201
410.000 6.221
415.000 6.129
420.000 5.965
425.000 5.757
430.000 5.637
435.000 5.341
440.000 5.036
445.000 4.725
450.000 4.405
455.000 4.123
460.000 3.832
465.000 3.583
470.000 3.335
475.000 3.110
480.000 2.930
485.000 2.744
490.000 2.576
495.000 2.484
500.000 2.349
505.000 2.205
510.000 2.097
515.000 1.993
520.000 1.892
525.000 1.790
530.000 1.717
535.000 1.630
540.000 1.566
545.000 1.489
550.000 1.457
555.000 1.396
560.000 1.347
565.000 1.295
570.000 1.239
575.000 1.204
580.000 1.161
585.000 1.120
590.000 1.073
595.000 1.040
600.000 1.016
605.000 0.977
610.000 0.955
615.000 0.932
620.000 0.913
625.000 0.885
630.000 0.865
635.000 0.847
640.000 0.815
645.000 0.796
650.000 0.785
655.000 0.757
660.000 0.753
665.000 0.733
670.000 0.715
675.000 0.709
680.000 0.701
685.000 0.690
690.000 0.677
695.000 0.663
700.000 0.650
705.000 0.639
710.000 0.628
715.000 0.617
720.000 0.609
725.000 0.603
730.000 0.595
735.000 0.595
740.000 0.590
745.000 0.583
750.000 0.569
755.000 0.568
760.000 0.553
765.000 0.550
770.000 0.544
775.000 0.546
780.000 0.548
785.000 0.541
790.000 0.529
795.000 0.540
800.000 0.537
805.000 0.527
810.000 0.519
815.000 0.518
820.000 0.511
825.000 0.515
830.000 0.509
835.000 0.508
840.000 0.500
845.000 0.502
850.000 0.499
855.000 0.493
860.000 0.490
865.000 0.499
870.000 0.499
875.000 0.487
880.000 0.488
885.000 0.481
890.000 0.484
895.000 0.479
900.000 0.485
905.000 0.482
910.000 0.481
915.000 0.477
920.000 0.473
925.000 0.477
930.000 0.478
935.000 0.478
940.000 0.473
945.000 0.475
950.000 0.475
955.000 0.478
960.000 0.474
965.000 0.467
970.000 0.476
975.000 0.469
980.000 0.472
985.000 0.477
990.000 0.482
995.000 0.473
1000.000 0.464
1005.000 0.468
1010.000 0.472
1015.000 0.474
1020.000 0.477
1025.000 0.470
1030.000 0.472
1035.000 0.473
1040.000 0.474
1045.000 0.473
1050.000 0.478
1055.000 0.473
1060.000 0.477
1065.000 0.470
1070.000 0.471
1075.000 0.471
1080.000 0.469
1085.000 0.468
1090.000 0.470
1095.000 0.470
1100.000 0.480
1105.000 0.476
1110.000 0.476
1115.000 0.470
1120.000 0.482
1125.000 0.479
1130.000 0.478
1135.000 0.474
1140.000 0.486
1145.000 0.481
1150.000 0.477
1155.000 0.480
1160.000 0.487
1165.000 0.482
1170.000 0.482
1175.000 0.485
1180.000 0.492
1185.000 0.482
1190.000 0.485
1195.000 0.487
1200.000 0.490
1205.000 0.487
1210.000 0.490
1215.000 0.494
1220.000 0.492
1225.000 0.491
1230.000 0.495
1235.000 0.491
1240.000 0.495
1245.000 0.500
1250.000 0.501
1255.000 0.507
1260.000 0.504
1265.000 0.499
1270.000 0.506
1275.000 0.508
1280.000 0.508
1285.000 0.510
1290.000 0.510
1295.000 0.514
1300.000 0.514
1305.000 0.519
1310.000 0.521
1315.000 0.518
1320.000 0.522
1325.000 0.522
1330.000 0.524
1335.000 0.526
1340.000 0.529
1345.000 0.530
1350.000 0.532
1355.000 0.532
1360.000 0.536
1365.000 0.539
1370.000 0.541
1375.000 0.543
1380.000 0.544
1385.000 0.544
1390.000 0.549
1395.000 0.550
1400.000 0.554
1405.000 0.551
1410.000 0.553
1415.000 0.559
1420.000 0.561
1425.000 0.555
1430.000 0.554
1435.000 0.554
1440.000 0.550
1445.000 0.544
1450.000 0.546
1455.000 0.542
1460.000 0.542
1465.000 0.538
1470.000 0.549
1475.000 0.554
1480.000 0.560
1485.000 0.569
1490.000 0.576
1495.000 0.585
1500.000 0.600
1505.000 0.603
1510.000 0.615
1515.000 0.622
1520.000 0.631
1525.000 0.643
1530.000 0.650
1535.000 0.655
1540.000 0.668
1545.000 0.679
1550.000 0.691
1555.000 0.697
1560.000 0.710
1565.000 0.719
1570.000 0.731
1575.000 0.738
1580.000 0.750
1585.000 0.756
1590.000 0.770
1595.000 0.781
1600.000 0.794
1605.000 0.806
1610.000 0.820
1615.000 0.833
1620.000 0.851
1625.000 0.866
1630.000 0.878
1635.000 0.894
1640.000 0.909
1645.000 0.919
1650.000 0.937
1655.000 0.960
1660.000 0.971
1665.000 0.992
1670.000 1.015
1675.000 1.038
1680.000 1.061
1685.000 1.076
1690.000 1.104
1695.000 1.123
1700.000 1.152
1705.000 1.179
1710.000 1.191
1715.000 1.216
1720.000 1.249
1725.000 1.278
1730.000 1.305
1735.000 1.334
1740.000 1.366
1745.000 1.400
1750.000 1.433
1755.000 1.466
1760.000 1.500
1765.000 1.518
1770.000 1.556
1775.000 1.584
1780.000 1.627
1785.000 1.662
1790.000 1.696
1795.000 1.735
1800.000 1.768
1805.000 1.811
1810.000 1.846
1815.000 1.883
1820.000 1.916
1825.000 1.952
1830.000 1.965
1835.000 1.993
1840.000 2.022
1845.000 2.054
1850.000 2.075
1855.000 2.098
1860.000 2.121
1865.000 2.146
1870.000 2.173
1875.000 2.176
1880.000 2.189
1885.000 2.202
1890.000 2.205
1895.000 2.207
1900.000 2.215
1905.000 2.217
1910.000 2.220
1915.000 2.217
1920.000 2.210
1925.000 2.204
1930.000 2.201
1935.000 2.205
1940.000 2.192
1945.000 2.186
1950.000 2.173
1955.000 2.178
1960.000 2.168
1965.000 2.152
1970.000 2.150
1975.000 2.143
1980.000 2.116
1985.000 2.113
1990.000 2.104
1995.000 2.100
2000.000 2.082
2005.000 2.074
2010.000 2.077
2015.000 2.058
2020.000 2.067
2025.000 2.056
2030.000 2.042
2035.000 2.034
2040.000 2.028
2045.000 2.034
2050.000 2.029
2055.000 2.028
2060.000 2.035
2065.000 2.032
2070.000 2.034
2075.000 2.040
2080.000 2.035
2085.000 2.039
2090.000 2.042
2095.000 2.052
2100.000 2.072
2105.000 2.083
2110.000 2.088
2115.000 2.101
2120.000 2.115
2125.000 2.130
2130.000 2.147
2135.000 2.160
2140.000 2.185
2145.000 2.203
2150.000 2.234
2155.000 2.272
2160.000 2.295
2165.000 2.336
2170.000 2.377
2175.000 2.416
2180.000 2.465
2185.000 2.515
2190.000 2.575
2195.000 2.611
2200.000 2.679
2205.000 2.764
2210.000 2.845
2215.000 2.955
2220.000 3.068
2225.000 3.191
2230.000 3.348
2235.000 3.496
2240.000 3.721
2245.000 3.962
2250.000 4.077
2255.000 4.398
2260.000 4.784
2265.000 5.233
2270.000 5.847
2275.000 6.601
2280.000 7.740
2285.000 9.295
2290.000 11.545
2295.000 15.297
2300.000 20.035
2305.000 22.163
2310.000 23.354
2315.000 21.843
2320.000 12.438
2325.000 8.699
2330.000 6.746
2335.000 5.388
2340.000 4.469
2345.000 3.760
2350.000 3.257
2355.000 2.856
2360.000 2.501
2365.000 2.214
2370.000 1.973
2375.000 1.874
2380.000 1.695
2385.000 1.534
2390.000 1.391
2395.000 1.281
2400.000 1.166
2405.000 1.071
2410.000 0.980
2415.000 0.904
2420.000 0.836
2425.000 0.767
2430.000 0.710
2435.000 0.651
2440.000 0.624
2445.000 0.584
2450.000 0.545
2455.000 0.510
2460.000 0.466
2465.000 0.435
2470.000 0.408
2475.000 0.375
2480.000 0.351
2485.000 0.329
2490.000 0.312
2495.000 0.300
2500.000 0.287
2505.000 0.268
2510.000 0.257
2515.000 0.245
2520.000 0.239
2525.000 0.229
2530.000 0.227
2535.000 0.223
2540.000 0.226
2545.000 0.223
2550.000 0.219
2555.000 0.223
2560.000 0.221
2565.000 0.226
2570.000 0.235
2575.000 0.238
2580.000 0.246
2585.000 0.251
2590.000 0.260
2595.000 0.265
2600.000 0.276
2605.000 0.283
2610.000 0.290
2615.000 0.299
2620.000 0.305
2625.000 0.314
2630.000 0.323
2635.000 0.333
2640.000 0.339
2645.000 0.350
2650.000 0.359
2655.000 0.368
2660.000 0.380
2665.000 0.391
2670.000 0.402
2675.000 0.409
2680.000 0.413
2685.000 0.422
2690.000 0.440
2695.000 0.447
2700.000 0.458
2705.000 0.472
2710.000 0.482
2715.000 0.490
2720.000 0.502
2725.000 0.515
2730.000 0.531
2735.000 0.537
2740.000 0.546
2745.000 0.558
2750.000 0.567
2755.000 0.583
2760.000 0.592
2765.000 0.607
2770.000 0.624
2775.000 0.638
2780.000 0.646
2785.000 0.663
2790.000 0.673
2795.000 0.693
2800.000 0.693
2805.000 0.704
2810.000 0.722
2815.000 0.730
2820.000 0.748
2825.000 0.756
2830.000 0.772
2835.000 0.790
2840.000 0.801
2845.000 0.815
2850.000 0.829
2855.000 0.838
2860.000 0.847
2865.000 0.855
2870.000 0.867
2875.000 0.877
2880.000 0.893
2885.000 0.903
2890.000 0.915
2895.000 0.927
2900.000 0.932
2905.000 0.946
2910.000 0.955
2915.000 0.963
2920.000 0.974
2925.000 0.975
2930.000 0.983
2935.000 0.994
2940.000 1.000
2945.000 1.007
2950.000 1.010
2955.000 1.022
2960.000 1.027
2965.000 1.022
2970.000 1.036
2975.000 1.045
2980.000 1.041
2985.000 1.056
2990.000 1.057
2995.000 1.062
3000.000 1.049
3005.000 1.048
3010.000 1.061
3015.000 1.069
3020.000 1.074
3025.000 1.075
3030.000 1.064
3035.000 1.067
3040.000 1.069
3045.000 1.075
3050.000 1.070
3055.000 1.075
3060.000 1.079
3065.000 1.079
3070.000 1.084
3075.000 1.084
3080.000 1.087
3085.000 1.088
3090.000 1.086
3095.000 1.089
3100.000 1.093
3105.000 1.089
3110.000 1.090
3115.000 1.093
3120.000 1.098
3125.000 1.093
3130.000 1.099
3135.000 1.099
3140.000 1.102
3145.000 1.099
3150.000 1.104
3155.000 1.103
3160.000 1.108
3165.000 1.106
3170.000 1.107
3175.000 1.112
3180.000 1.115
3185.000 1.117
3190.000 1.121
3195.000 1.123
3200.000 1.129
3205.000 1.131
3210.000 1.135
3215.000 1.133
3220.000 1.139
3225.000 1.140
3230.000 1.143
3235.000 1.149
3240.000 1.151
3245.000 1.156
3250.000 1.163
3255.000 1.170
3260.000 1.174
3265.000 1.178
3270.000 1.187
3275.000 1.189
3280.000 1.197
3285.000 1.202
3290.000 1.205
3295.000 1.215
3300.000 1.219
3305.000 1.228
3310.000 1.236
3315.000 1.241
3320.000 1.251
3325.000 1.259
3330.000 1.273
3335.000 1.280
3340.000 1.288
3345.000 1.299
3350.000 1.306
3355.000 1.317
3360.000 1.330
3365.000 1.342
3370.000 1.354
3375.000 1.368
3380.000 1.383
3385.000 1.394
3390.000 1.409
3395.000 1.425
3400.000 1.439
3405.000 1.458
3410.000 1.469
3415.000 1.486
3420.000 1.506
3425.000 1.527
3430.000 1.545
3435.000 1.564
3440.000 1.588
3445.000 1.615
3450.000 1.638
3455.000 1.663
3460.000 1.692
3465.000 1.721
3470.000 1.739
3475.000 1.772
3480.000 1.805
3485.000 1.839
3490.000 1.877
3495.000 1.912
3500.000 1.956
3505.000 1.996
3510.000 2.045
3515.000 2.097
3520.000 2.145
3525.000 2.203
3530.000 2.233
3535.000 2.292
3540.000 2.363
3545.000 2.435
3550.000 2.504
3555.000 2.591
3560.000 2.673
3565.000 2.777
3570.000 2.876
3575.000 2.988
3580.000 3.118
3585.000 3.243
3590.000 3.398
3595.000 3.478
3600.000 3.651
3605.000 3.842
3610.000 4.061
3615.000 4.293
3620.000 4.583
3625.000 4.885
3630.000 5.270
3635.000 5.699
3640.000 6.175
3645.000 6.809
3650.000 7.509
3655.000 7.938
3660.000 9.025
3665.000 10.244
3670.000 12.161
3675.000 14.627
3680.000 17.972
3685.000 23.541
3690.000 31.163
3695.000 41.440
3700.000 48.303
3705.000 37.490
3710.000 22.723
3715.000 17.262
3720.000 15.211
3725.000 12.289
3730.000 10.514
3735.000 9.008
3740.000 7.921
3745.000 7.126
3750.000 6.406
3755.000 5.882
3760.000 5.371
3765.000 4.974
3770.000 4.650
3775.000 4.474
3780.000 4.196
3785.000 3.961
3790.000 3.727
3795.000 3.542
3800.000 3.356
3805.000 3.198
3810.000 3.065
3815.000 2.926
3820.000 2.815
3825.000 2.698
3830.000 2.600
3835.000 2.555
3840.000 2.462
3845.000 2.380
3850.000 2.307
3855.000 2.228
3860.000 2.167
3865.000 2.096
3870.000 2.042
3875.000 1.989
3880.000 1.937
3885.000 1.891
3890.000 1.843
3895.000 1.797
3900.000 1.781
3905.000 1.737
3910.000 1.699
3915.000 1.669
3920.000 1.631
3925.000 1.607
3930.000 1.568
3935.000 1.538
3940.000 1.510
3945.000 1.482
3950.000 1.460
3955.000 1.434
3960.000 1.419
3965.000 1.400
3970.000 1.372
3975.000 1.351
3980.000 1.342
3985.000 1.312
3990.000 1.297
3995.000 1.278
4000.000 1.268
4005.000 1.254
4010.000 1.225
4015.000 1.226
4020.000 1.203
4025.000 1.191
4030.000 1.190
4035.000 1.166
4040.000 1.160
4045.000 1.151
4050.000 1.141
4055.000 1.128
4060.000 1.113
4065.000 1.107
4070.000 1.097
4075.000 1.084
4080.000 1.074
4085.000 1.063
4090.000 1.053
4095.000 1.046
4100.000 1.035
4105.000 1.026
4110.000 1.016
4115.000 1.007
4120.000 0.991
4125.000 0.988
4130.000 0.976
4135.000 0.968
4140.000 0.959
4145.000 0.947
4150.000 0.938
4155.000 0.926
4160.000 0.917
4165.000 0.905
4170.000 0.899
4175.000 0.887
4180.000 0.880
4185.000 0.869
4190.000 0.861
4195.000 0.853
4200.000 0.845
4205.000 0.839
4210.000 0.828
4215.000 0.819
4220.000 0.806
4225.000 0.804
4230.000 0.791
4235.000 0.789
4240.000 0.782
4245.000 0.779
4250.000 0.776
4255.000 0.781
4260.000 0.778
4265.000 0.782
4270.000 0.784
4275.000 0.789
4280.000 0.791
4285.000 0.797
4290.000 0.801
4295.000 0.799
4300.000 0.800
4305.000 0.805
4310.000 0.804
4315.000 0.807
4320.000 0.809
4325.000 0.807
4330.000 0.811
4335.000 0.814
4340.000 0.813
4345.000 0.816
4350.000 0.818
4355.000 0.821
4360.000 0.819
4365.000 0.823
4370.000 0.825
4375.000 0.822
4380.000 0.823
4385.000 0.820
4390.000 0.820
4395.000 0.823
4400.000 0.823
4405.000 0.824
4410.000 0.825
4415.000 0.829
4420.000 0.830
4425.000 0.834
4430.000 0.834
4435.000 0.838
4440.000 0.835
4445.000 0.834
4450.000 0.838
4455.000 0.836
4460.000 0.839
4465.000 0.838
4470.000 0.841
4475.000 0.842
4480.000 0.843
4485.000 0.847
4490.000 0.851
4495.000 0.854
4500.000 0.860
4505.000 0.856
4510.000 0.858
4515.000 0.861
4520.000 0.863
4525.000 0.867
4530.000 0.865
4535.000 0.867
4540.000 0.873
4545.000 0.876
4550.000 0.878
4555.000 0.884
4560.000 0.889
4565.000 0.888
4570.000 0.897
4575.000 0.902
4580.000 0.903
4585.000 0.910
4590.000 0.913
4595.000 0.917
4600.000 0.922
4605.000 0.923
4610.000 0.928
4615.000 0.936
4620.000 0.943
4625.000 0.951
4630.000 0.952
4635.000 0.962
4640.000 0.970
4645.000 0.975
4650.000 0.988
4655.000 0.995
4660.000 0.998
4665.000 1.009
4670.000 1.018
4675.000 1.021
4680.000 1.032
4685.000 1.046
4690.000 1.052
4695.000 1.059
4700.000 1.073
4705.000 1.085
4710.000 1.098
4715.000 1.115
4720.000 1.129
4725.000 1.146
4730.000 1.160
4735.000 1.174
4740.000 1.192
4745.000 1.199
4750.000 1.212
4755.000 1.234
4760.000 1.255
4765.000 1.271
4770.000 1.301
4775.000 1.322
4780.000 1.346
4785.000 1.378
4790.000 1.404
4795.000 1.438
4800.000 1.464
4805.000 1.498
4810.000 1.512
4815.000 1.549
4820.000 1.589
4825.000 1.632
4830.000 1.669
4835.000 1.722
4840.000 1.769
4845.000 1.830
4850.000 1.890
4855.000 1.954
4860.000 2.021
4865.000 2.095
4870.000 2.141
4875.000 2.228
4880.000 2.315
4885.000 2.428
4890.000 2.537
4895.000 2.663
4900.000 2.817
4905.000 2.968
4910.000 3.171
4915.000 3.385
4920.000 3.628
4925.000 3.921
4930.000 4.242
4935.000 4.436
4940.000 4.898
4945.000 5.401
4950.000 6.008
4955.000 6.678
4960.000 7.212
4965.000 10.212
4970.000 20.229
4975.000 19.332
4980.000 25.856
4985.000 27.137
4990.000 25.857
4995.000 17.931
5000.000 13.101
5005.000 9.920
5010.000 8.265
5015.000 6.858
5020.000 5.906
5025.000 5.226
5030.000 4.668
5035.000 4.246
5040.000 3.859
5045.000 3.542
5050.000 3.436
5055.000 3.170
5060.000 2.969
5065.000 2.787
5070.000 2.628
5075.000 2.500
5080.000 2.367
5085.000 2.260
5090.000 2.163
5095.000 2.072
5100.000 2.004
5105.000 1.924
5110.000 1.863
5115.000 1.837
5120.000 1.779
5125.000 1.729
5130.000 1.680
5135.000 1.640
5140.000 1.604
5145.000 1.564
5150.000 1.531
5155.000 1.499
5160.000 1.466
5165.000 1.448
5170.000 1.418
5175.000 1.409
5180.000 1.393
5185.000 1.373
5190.000 1.355
5195.000 1.343
5200.000 1.326
5205.000 1.314
5210.000 1.303
5215.000 1.290
5220.000 1.277
5225.000 1.272
5230.000 1.266
5235.000 1.260
5240.000 1.254
5245.000 1.247
5250.000 1.239
5255.000 1.235
5260.000 1.234
5265.000 1.231
5270.000 1.226
5275.000 1.226
5280.000 1.223
5285.000 1.220
5290.000 1.217
5295.000 1.217
5300.000 1.214
5305.000 1.212
5310.000 1.209
5315.000 1.214
5320.000 1.212
5325.000 1.211
5330.000 1.213
5335.000 1.217
5340.000 1.212
5345.000 1.211
5350.000 1.212
5355.000 1.214
5360.000 1.212
5365.000 1.213
5370.000 1.213
5375.000 1.211
5380.000 1.212
5385.000 1.212
5390.000 1.209
5395.000 1.209
5400.000 1.213
5405.000 1.215
5410.000 1.215
5415.000 1.213
5420.000 1.213
5425.000 1.211
5430.000 1.209
5435.000 1.212
5440.000 1.208
5445.000 1.205
5450.000 1.205
5455.000 1.208
5460.000 1.211
5465.000 1.206
5470.000 1.208
5475.000 1.210
5480.000 1.210
5485.000 1.206
5490.000 1.208
5495.000 1.207
5500.000 1.203
5505.000 1.198
5510.000 1.201
5515.000 1.201
5520.000 1.198
5525.000 1.200
5530.000 1.203
5535.000 1.202
5540.000 1.202
5545.000 1.203
5550.000 1.199
5555.000 1.201
5560.000 1.199
5565.000 1.200
5570.000 1.198
5575.000 1.199
5580.000 1.200
5585.000 1.198
5590.000 1.199
5595.000 1.200
5600.000 1.198
5605.000 1.200
5610.000 1.202
5615.000 1.207
5620.000 1.206
5625.000 1.208
5630.000 1.206
5635.000 1.208
5640.000 1.212
5645.000 1.211
5650.000 1.210
5655.000 1.210
5660.000 1.210
5665.000 1.213
5670.000 1.218
5675.000 1.217
5680.000 1.225
5685.000 1.228
5690.000 1.231
5695.000 1.233
5700.000 1.239
5705.000 1.239
5710.000 1.242
5715.000 1.243
5720.000 1.245
5725.000 1.250
5730.000 1.248
5735.000 1.251
5740.000 1.259
5745.000 1.262
5750.000 1.266
5755.000 1.276
5760.000 1.281
5765.000 1.287
5770.000 1.293
5775.000 1.303
5780.000 1.303
5785.000 1.307
5790.000 1.315
5795.000 1.319
5800.000 1.323
5805.000 1.333
5810.000 1.341
5815.000 1.344
5820.000 1.359
5825.000 1.367
5830.000 1.379
5835.000 1.392
5840.000 1.398
5845.000 1.403
5850.000 1.414
5855.000 1.425
5860.000 1.433
5865.000 1.448
5870.000 1.457
5875.000 1.466
5880.000 1.477
5885.000 1.490
5890.000 1.507
5895.000 1.522
5900.000 1.540
5905.000 1.549
5910.000 1.565
5915.000 1.584
5920.000 1.598
5925.000 1.616
5930.000 1.633
5935.000 1.652
5940.000 1.671
5945.000 1.689
5950.000 1.719
5955.000 1.743
5960.000 1.740
5965.000 1.776
5970.000 1.794
5975.000 1.817
5980.000 1.858
5985.000 1.877
5990.000 1.914
5995.000 1.941
6000.000 1.981
6005.000 2.019
6010.000 2.041
6015.000 2.088
6020.000 2.123
6025.000 2.139
6030.000 2.187
6035.000 2.228
6040.000 2.272
6045.000 2.334
6050.000 2.378
6055.000 2.442
6060.000 2.509
6065.000 2.566
6070.000 2.642
6075.000 2.710
6080.000 2.793
6085.000 2.838
6090.000 2.918
6095.000 3.021
6100.000 3.126
6105.000 3.230
6110.000 3.365
6115.000 3.484
6120.000 3.652
6125.000 3.811
6130.000 3.983
6135.000 4.203
6140.000 4.412
6145.000 4.691
6150.000 4.830
6155.000 5.111
6160.000 5.505
6165.000 5.922
6170.000 6.365
6175.000 7.007
6180.000 7.627
6185.000 8.581
6190.000 9.700
6195.000 11.084
6200.000 13.182
6205.000 14.394
6210.000 17.183
6215.000 21.730
6220.000 26.759
6225.000 31.172
6230.000 30.289
6235.000 24.081
6240.000 18.217
6245.000 15.104
6250.000 11.947
6255.000 10.074
6260.000 8.804
6265.000 7.804
6270.000 7.426
6275.000 6.841
6280.000 6.305
6285.000 5.913
6290.000 5.505
6295.000 5.165
6300.000 4.870
6305.000 4.579
6310.000 4.358
6315.000 4.099
6320.000 3.894
6325.000 3.705
6330.000 3.618
6335.000 3.453
6340.000 3.306
6345.000 3.164
6350.000 3.051
6355.000 2.918
6360.000 2.816
6365.000 2.720
6370.000 2.632
6375.000 2.558
6380.000 2.473
6385.000 2.403
6390.000 2.342
6395.000 2.313
6400.000 2.253
6405.000 2.205
6410.000 2.159
6415.000 2.115
6420.000 2.069
6425.000 2.032
6430.000 1.995
6435.000 1.963
6440.000 1.939
6445.000 1.915
6450.000 1.905
6455.000 1.893
6460.000 1.875
6465.000 1.864
6470.000 1.863
6475.000 1.857
6480.000 1.862
6485.000 1.868
6490.000 1.885
6495.000 1.906
6500.000 1.939
6505.000 1.974
6510.000 2.012
6515.000 2.078
6520.000 2.155
6525.000 2.294
6530.000 2.461
6535.000 2.694
6540.000 3.068
6545.000 3.539
6550.000 4.705
6555.000 6.601
6560.000 9.702
6565.000 12.579
6570.000 6.376
6575.000 3.515
6580.000 1.826
6585.000 1.504
6590.000 0.945
6595.000 0.727
6600.000 0.566
6605.000 0.506
6610.000 0.458
6615.000 0.443
6620.000 0.437
6625.000 0.443
6630.000 0.453
6635.000 0.457
6640.000 0.466
6645.000 0.477
6650.000 0.485
6655.000 0.491
6660.000 0.497
6665.000 0.503
6670.000 0.509
6675.000 0.518
6680.000 0.526
6685.000 0.526
6690.000 0.533
6695.000 0.539
6700.000 0.543
6705.000 0.550
6710.000 0.550
6715.000 0.552
6720.000 0.558
6725.000 0.557
6730.000 0.553
6735.000 0.556
6740.000 0.556
6745.000 0.561
6750.000 0.559
6755.000 0.562
6760.000 0.565
6765.000 0.569
6770.000 0.569
6775.000 0.572
6780.000 0.574
6785.000 0.569
6790.000 0.562
6795.000 0.573
6800.000 0.572
6805.000 0.568
6810.000 0.571
6815.000 0.574
6820.000 0.573
6825.000 0.572
6830.000 0.575
6835.000 0.581
6840.000 0.582
6845.000 0.584
6850.000 0.584
6855.000 0.588
6860.000 0.587
6865.000 0.590
6870.000 0.585
6875.000 0.587
6880.000 0.587
6885.000 0.584
6890.000 0.590
6895.000 0.588
6900.000 0.595
6905.000 0.594
6910.000 0.597
6915.000 0.599
6920.000 0.605
6925.000 0.609
6930.000 0.605
6935.000 0.611
6940.000 0.610
6945.000 0.611
6950.000 0.612
6955.000 0.614
6960.000 0.617
6965.000 0.616
6970.000 0.629
6975.000 0.634
6980.000 0.631
6985.000 0.644
6990.000 0.647
6995.000 0.638
7000.000 0.653
7005.000 0.656
7010.000 0.660
7015.000 0.651
7020.000 0.654
7025.000 0.655
7030.000 0.676
7035.000 0.670
7040.000 0.683
7045.000 0.687
7050.000 0.696
7055.000 0.706
7060.000 0.705
7065.000 0.712
7070.000 0.720
7075.000 0.724
7080.000 0.735
7085.000 0.745
7090.000 0.747
7095.000 0.755
7100.000 0.764
7105.000 0.768
7110.000 0.783
7115.000 0.795
7120.000 0.800
7125.000 0.812
7130.000 0.825
7135.000 0.842
7140.000 0.854
7145.000 0.865
7150.000 0.879
7155.000 0.894
7160.000 0.907
7165.000 0.923
7170.000 0.940
7175.000 0.956
7180.000 0.975
7185.000 0.989
7190.000 1.011
7195.000 1.033
7200.000 1.060
7205.000 1.084
7210.000 1.109
7215.000 1.133
7220.000 1.157
7225.000 1.189
7230.000 1.219
7235.000 1.251
7240.000 1.267
7245.000 1.302
7250.000 1.347
7255.000 1.386
7260.000 1.427
7265.000 1.481
7270.000 1.529
7275.000 1.588
7280.000 1.639
7285.000 1.695
7290.000 1.764
7295.000 1.836
7300.000 1.907
7305.000 1.947
7310.000 2.029
7315.000 2.129
7320.000 2.232
7325.000 2.333
7330.000 2.469
7335.000 2.596
7340.000 2.760
7345.000 2.930
7350.000 3.093
7355.000 3.325
7360.000 3.565
7365.000 3.659
7370.000 3.976
7375.000 4.293
7380.000 4.698
7385.000 5.162
7390.000 5.645
7395.000 6.392
7400.000 7.159
7405.000 8.290
7410.000 9.592
7415.000 11.103
7420.000 13.581
7425.000 16.486
7430.000 17.779
7435.000 21.574
7440.000 23.292
7445.000 21.782
7450.000 17.523
7455.000 14.299
7460.000 11.607
7465.000 10.460
7470.000 9.440
7475.000 8.380
7480.000 7.583
7485.000 7.095
7490.000 6.448
7495.000 5.965
7500.000 5.456
7505.000 5.125
7510.000 4.756
7515.000 4.478
7520.000 4.261
7525.000 4.018
7530.000 3.848
7535.000 3.655
7540.000 3.500
7545.000 3.447
7550.000 3.292
7555.000 3.172
7560.000 3.072
7565.000 2.958
7570.000 2.877
7575.000 2.786
7580.000 2.704
7585.000 2.646
7590.000 2.575
7595.000 2.517
7600.000 2.452
7605.000 2.400
7610.000 2.379
7615.000 2.321
7620.000 2.275
7625.000 2.235
7630.000 2.189
7635.000 2.150
7640.000 2.113
7645.000 2.078
7650.000 2.053
7655.000 2.019
7660.000 1.997
7665.000 1.969
7670.000 1.955
7675.000 1.935
7680.000 1.907
7685.000 1.884
7690.000 1.864
7695.000 1.838
7700.000 1.824
7705.000 1.798
7710.000 1.779
7715.000 1.766
7720.000 1.750
7725.000 1.744
7730.000 1.739
7735.000 1.721
7740.000 1.716
7745.000 1.698
7750.000 1.692
7755.000 1.678
7760.000 1.668
7765.000 1.659
7770.000 1.646
7775.000 1.637
7780.000 1.630
7785.000 1.624
7790.000 1.618
7795.000 1.616
7800.000 1.611
7805.000 1.613
7810.000 1.610
7815.000 1.604
7820.000 1.605
7825.000 1.603
7830.000 1.601
7835.000 1.598
7840.000 1.594
7845.000 1.589
7850.000 1.592
7855.000 1.590
7860.000 1.593
7865.000 1.595
7870.000 1.600
7875.000 1.607
7880.000 1.611
7885.000 1.621
7890.000 1.627
7895.000 1.637
7900.000 1.643
7905.000 1.653
7910.000 1.657
7915.000 1.665
7920.000 1.676
7925.000 1.687
7930.000 1.706
7935.000 1.719
7940.000 1.743
7945.000 1.767
7950.000 1.807
7955.000 1.836
7960.000 1.872
7965.000 1.902
7970.000 1.934
7975.000 1.974
7980.000 2.023
7985.000 2.090
7990.000 2.164
7995.000 2.264
8000.000 2.353
8005.000 2.496
8010.000 2.681
8015.000 2.922
8020.000 3.230
8025.000 3.641
8030.000 4.013
8035.000 4.902
8040.000 6.191
8045.000 9.052
8050.000 12.344
8055.000 11.033
8060.000 4.098
8065.000 2.562
8070.000 1.739
8075.000 1.019
8080.000 0.718
8085.000 0.533
8090.000 0.432
8095.000 0.400
8100.000 0.376
8105.000 0.388
8110.000 0.436
8115.000 0.472
8120.000 0.517
8125.000 0.560
8130.000 0.591
8135.000 0.628
8140.000 0.655
8145.000 0.687
8150.000 0.720
8155.000 0.747
8160.000 0.760
8165.000 0.784
8170.000 0.815
8175.000 0.839
8180.000 0.857
8185.000 0.878
8190.000 0.896
8195.000 0.909
8200.000 0.927
8205.000 0.939
8210.000 0.953
8215.000 0.962
8220.000 0.975
8225.000 0.989
8230.000 1.006
8235.000 1.023
8240.000 1.038
8245.000 1.053
8250.000 1.073
8255.000 1.090
8260.000 1.103
8265.000 1.118
8270.000 1.130
8275.000 1.131
8280.000 1.148
8285.000 1.159
8290.000 1.173
8295.000 1.189
8300.000 1.203
8305.000 1.222
8310.000 1.236
8315.000 1.258
8320.000 1.274
8325.000 1.293
8330.000 1.314
8335.000 1.330
8340.000 1.332
8345.000 1.355
8350.000 1.370
8355.000 1.388
8360.000 1.411
8365.000 1.431
8370.000 1.452
8375.000 1.472
8380.000 1.502
8385.000 1.529
8390.000 1.560
8395.000 1.587
8400.000 1.605
8405.000 1.632
8410.000 1.665
8415.000 1.693
8420.000 1.726
8425.000 1.765
8430.000 1.798
8435.000 1.837
8440.000 1.878
8445.000 1.927
8450.000 1.978
8455.000 2.001
8460.000 2.067
8465.000 2.123
8470.000 2.199
8475.000 2.272
8480.000 2.342
8485.000 2.445
8490.000 2.551
8495.000 2.669
8500.000 2.819
8505.000 2.973
8510.000 3.232
8515.000 3.585
8520.000 3.753
8525.000 4.558
8530.000 5.576
8535.000 5.399
8540.000 0.949
8545.000 1.998
8550.000 2.441
8555.000 2.958
8560.000 3.266
8565.000 3.611
8570.000 3.918
8575.000 4.332
8580.000 4.544
8585.000 4.931
8590.000 5.527
8595.000 6.122
8600.000 6.950
8605.000 7.882
8610.000 8.878
8615.000 10.461
8620.000 12.031
8625.000 13.671
8630.000 14.927
8635.000 15.026
8640.000 13.595
8645.000 12.599
8650.000 10.815
8655.000 8.809
8660.000 7.497
8665.000 6.437
8670.000 5.883
8675.000 5.774
8680.000 5.475
8685.000 4.994
8690.000 4.445
8695.000 4.045
8700.000 3.915
8705.000 3.555
8710.000 3.294
8715.000 3.096
8720.000 2.871
8725.000 2.717
8730.000 2.544
8735.000 2.406
8740.000 2.293
8745.000 2.165
8750.000 2.073
8755.000 1.964
8760.000 1.917
8765.000 1.843
8770.000 1.753
8775.000 1.680
8780.000 1.621
8785.000 1.556
8790.000 1.506
8795.000 1.448
8800.000 1.400
8805.000 1.362
8810.000 1.301
8815.000 1.283
8820.000 1.239
8825.000 1.211
8830.000 1.167
8835.000 1.112
8840.000 1.096
8845.000 1.068
8850.000 1.037
8855.000 1.011
8860.000 0.983
8865.000 0.960
8870.000 0.940
8875.000 0.918
8880.000 0.899
8885.000 0.888
8890.000 0.866
8895.000 0.846
8900.000 0.824
8905.000 0.806
8910.000 0.782
8915.000 0.766
8920.000 0.749
8925.000 0.734
8930.000 0.718
8935.000 0.707
8940.000 0.697
8945.000 0.689
8950.000 0.680
8955.000 0.667
8960.000 0.659
8965.000 0.649
8970.000 0.632
8975.000 0.616
8980.000 0.618
8985.000 0.595
8990.000 0.588
8995.000 0.585
9000.000 0.568
9005.000 0.563
9010.000 0.554
9015.000 0.562
9020.000 0.548
9025.000 0.550
9030.000 0.541
9035.000 0.539
9040.000 0.529
9045.000 0.522
9050.000 0.513
9055.000 0.503
9060.000 0.499
9065.000 0.490
9070.000 0.492
9075.000 0.486
9080.000 0.485
9085.000 0.481
9090.000 0.483
9095.000 0.481
9100.000 0.477
9105.000 0.475
9110.000 0.472
9115.000 0.468
9120.000 0.465
9125.000 0.463
9130.000 0.460
9135.000 0.455
9140.000 0.453
9145.000 0.452
9150.000 0.453
9155.000 0.454
9160.000 0.457
9165.000 0.459
9170.000 0.461
9175.000 0.459
9180.000 0.462
9185.000 0.464
9190.000 0.463
9195.000 0.458
9200.000 0.459
9205.000 0.459
9210.000 0.457
9215.000 0.460
9220.000 0.467
9225.000 0.467
9230.000 0.475
9235.000 0.482
9240.000 0.486
9245.000 0.495
9250.000 0.496
9255.000 0.502
9260.000 0.504
9265.000 0.511
9270.000 0.514
9275.000 0.518
9280.000 0.529
9285.000 0.534
9290.000 0.543
9295.000 0.553
9300.000 0.567
9305.000 0.579
9310.000 0.587
9315.000 0.603
9320.000 0.617
9325.000 0.636
9330.000 0.651
9335.000 0.662
9340.000 0.682
9345.000 0.698
9350.000 0.721
9355.000 0.741
9360.000 0.765
9365.000 0.804
9370.000 0.830
9375.000 0.853
9380.000 0.899
9385.000 0.942
9390.000 0.994
9395.000 1.051
9400.000 1.102
9405.000 1.184
9410.000 1.267
9415.000 1.374
9420.000 1.494
9425.000 1.617
9430.000 1.740
9435.000 1.951
9440.000 2.203
9445.000 2.629
9450.000 3.167
9455.000 4.082
9460.000 5.523
9465.000 7.576
9470.000 10.566
9475.000 10.405
9480.000 4.919
9485.000 3.379
9490.000 3.009
9495.000 2.173
9500.000 1.751
9505.000 1.480
9510.000 1.202
9515.000 1.039
9520.000 0.863
9525.000 0.731
9530.000 0.636
9535.000 0.530
9540.000 0.463
9545.000 0.382
9550.000 0.321
9555.000 0.300
9560.000 0.241
9565.000 0.192
9570.000 0.151
9575.000 0.104
9580.000 0.071
9585.000 0.039
9590.000 0.053
9595.000 0.087
9600.000 0.134
9605.000 0.165
9610.000 0.212
9615.000 0.233
9620.000 0.268
9625.000 0.310
9630.000 0.348
9635.000 0.380
9640.000 0.430
9645.000 0.467
9650.000 0.514
9655.000 0.567
9660.000 0.624
9665.000 0.680
9670.000 0.710
9675.000 0.765
9680.000 0.834
9685.000 0.894
9690.000 0.972
9695.000 1.048
9700.000 1.116
9705.000 1.213
9710.000 1.294
9715.000 1.416
9720.000 1.534
9725.000 1.665
9730.000 1.817
9735.000 1.900
9740.000 2.090
9745.000 2.293
9750.000 2.492
9755.000 2.805
9760.000 3.117
9765.000 3.507
9770.000 3.956
9775.000 4.418
9780.000 5.171
9785.000 5.973
9790.000 6.944
9795.000 7.523
9800.000 8.667
9805.000 9.635
9810.000 10.234
9815.000 10.084
9820.000 9.101
9825.000 7.945
9830.000 6.896
9835.000 5.955
9840.000 5.317
9845.000 4.598
9850.000 4.121
9855.000 3.733
9860.000 3.610
9865.000 3.539
9870.000 3.625
9875.000 3.737
9880.000 3.650
9885.000 3.422
9890.000 3.229
9895.000 3.034
9900.000 2.876
9905.000 2.755
9910.000 2.606
9915.000 2.550
9920.000 2.467
9925.000 2.360
9930.000 2.294
9935.000 2.207
9940.000 2.140
9945.000 2.082
9950.000 2.014
9955.000 1.965
9960.000 1.899
9965.000 1.858
9970.000 1.812
9975.000 1.766
9980.000 1.750
9985.000 1.711
9990.000 1.671
9995.000 1.643
10000.000 1.620
10005.000 1.590
10010.000 1.564
10015.000 1.534
10020.000 1.506
10025.000 1.477
10030.000 1.452
10035.000 1.429
10040.000 1.415
10045.000 1.385
10050.000 1.367
10055.000 1.345
10060.000 1.326
10065.000 1.310
10070.000 1.291
10075.000 1.274
10080.000 1.253
10085.000 1.232
10090.000 1.211
10095.000 1.189
10100.000 1.159
10105.000 1.148
10110.000 1.126
10115.000 1.092
10120.000 1.060
10125.000 1.027
10130.000 0.978
10135.000 0.923
10140.000 0.865
10145.000 0.748
10150.000 0.618
10155.000 0.464
10160.000 0.603
10165.000 1.475
10170.000 2.682
10175.000 2.544
10180.000 1.889
10185.000 1.734
10190.000 1.602
10195.000 1.519
10200.000 1.455
10205.000 1.413
10210.000 1.382
10215.000 1.364
10220.000 1.353
10225.000 1.331
10230.000 1.315
10235.000 1.298
10240.000 1.282
10245.000 1.268
10250.000 1.255
10255.000 1.242
10260.000 1.226
10265.000 1.225
10270.000 1.212
10275.000 1.205
10280.000 1.203
10285.000 1.197
10290.000 1.195
10295.000 1.195
10300.000 1.190
10305.000 1.187
10310.000 1.177
10315.000 1.177
10320.000 1.167
10325.000 1.158
10330.000 1.157
10335.000 1.152
10340.000 1.147
10345.000 1.148
10350.000 1.144
10355.000 1.140
10360.000 1.147
10365.000 1.143
10370.000 1.146
10375.000 1.150
10380.000 1.142
10385.000 1.142
10390.000 1.141
10395.000 1.140
10400.000 1.133
10405.000 1.132
10410.000 1.132
10415.000 1.129
10420.000 1.131
10425.000 1.134
10430.000 1.135
10435.000 1.138
10440.000 1.140
10445.000 1.145
10450.000 1.147
10455.000 1.150
10460.000 1.150
10465.000 1.146
10470.000 1.150
10475.000 1.147
10480.000 1.144
10485.000 1.146
10490.000 1.152
10495.000 1.152
10500.000 1.158
10505.000 1.162
10510.000 1.167
10515.000 1.178
10520.000 1.182
10525.000 1.182
10530.000 1.184
10535.000 1.191
10540.000 1.193
10545.000 1.193
10550.000 1.200
10555.000 1.202
10560.000 1.209
10565.000 1.213
10570.000 1.218
10575.000 1.226
10580.000 1.239
10585.000 1.248
10590.000 1.251
10595.000 1.261
10600.000 1.268
10605.000 1.280
10610.000 1.285
10615.000 1.296
10620.000 1.298
10625.000 1.312
10630.000 1.317
10635.000 1.332
10640.000 1.345
10645.000 1.361
10650.000 1.370
10655.000 1.381
10660.000 1.403
10665.000 1.420
10670.000 1.437
10675.000 1.459
10680.000 1.476
10685.000 1.493
10690.000 1.516
10695.000 1.526
10700.000 1.558
10705.000 1.567
10710.000 1.591
10715.000 1.622
10720.000 1.653
10725.000 1.698
10730.000 1.734
10735.000 1.773
10740.000 1.822
10745.000 1.866
10750.000 1.925
10755.000 1.986
10760.000 2.034
10765.000 2.121
10770.000 2.159
10775.000 2.231
10780.000 2.349
10785.000 2.448
10790.000 2.607
10795.000 2.774
10800.000 2.950
10805.000 3.222
10810.000 3.462
10815.000 3.930
10820.000 4.440
10825.000 5.004
10830.000 5.971
10835.000 6.438
10840.000 7.121
10845.000 7.085
10850.000 5.753
10855.000 3.657
10860.000 2.467
10865.000 1.829
10870.000 1.391
10875.000 1.071
10880.000 0.500
10885.000 0.290
10890.000 0.238
10895.000 0.304
10900.000 0.461
10905.000 0.639
10910.000 0.811
10915.000 0.956
10920.000 1.161
10925.000 1.352
10930.000 1.557
10935.000 1.777
10940.000 1.983
10945.000 2.314
10950.000 2.473
10955.000 2.762
10960.000 3.229
10965.000 3.661
10970.000 4.111
10975.000 4.530
10980.000 4.729
10985.000 4.674
10990.000 4.344
10995.000 3.855
11000.000 3.365
11005.000 3.013
11010.000 2.616
11015.000 2.474
11020.000 2.288
11025.000 2.119
11030.000 2.069
11035.000 2.067
11040.000 2.147
11045.000 2.239
11050.000 2.337
11055.000 2.337
11060.000 2.196
11065.000 1.976
11070.000 1.790
11075.000 1.654
11080.000 1.478
11085.000 1.348
11090.000 1.198
11095.000 1.105
11100.000 0.991
11105.000 0.913
11110.000 0.850
11115.000 0.780
11120.000 0.735
11125.000 0.683
11130.000 0.636
11135.000 0.603
11140.000 0.579
11145.000 0.546
11150.000 0.516
11155.000 0.480
11160.000 0.450
11165.000 0.418
11170.000 0.397
11175.000 0.372
11180.000 0.347
11185.000 0.327
11190.000 0.310
11195.000 0.300
11200.000 0.289
11205.000 0.270
11210.000 0.254
11215.000 0.245
11220.000 0.229
11225.000 0.219
11230.000 0.199
11235.000 0.188
11240.000 0.175
11245.000 0.163
11250.000 0.152
11255.000 0.148
11260.000 0.137
11265.000 0.130
11270.000 0.126
11275.000 0.116
11280.000 0.111
11285.000 0.104
11290.000 0.100
11295.000 0.092
11300.000 0.084
11305.000 0.076
11310.000 0.072
11315.000 0.067
11320.000 0.064
11325.000 0.061
11330.000 0.061
11335.000 0.058
11340.000 0.062
11345.000 0.062
11350.000 0.060
11355.000 0.058
11360.000 0.057
11365.000 0.060
11370.000 0.054
11375.000 0.059
11380.000 0.056
11385.000 0.059
11390.000 0.061
11395.000 0.066
11400.000 0.069
11405.000 0.073
11410.000 0.077
11415.000 0.078
11420.000 0.079
11425.000 0.080
11430.000 0.078
11435.000 0.079
11440.000 0.081
11445.000 0.086
11450.000 0.082
11455.000 0.085
11460.000 0.093
11465.000 0.093
11470.000 0.100
11475.000 0.102
11480.000 0.105
11485.000 0.109
11490.000 0.110
11495.000 0.108
11500.000 0.108
11505.000 0.108
11510.000 0.112
11515.000 0.110
11520.000 0.113
11525.000 0.114
11530.000 0.119
11535.000 0.121
11540.000 0.128
11545.000 0.128
11550.000 0.136
11555.000 0.136
11560.000 0.136
11565.000 0.138
11570.000 0.139
11575.000 0.135
11580.000 0.140
11585.000 0.141
11590.000 0.146
11595.000 0.147
11600.000 0.151
11605.000 0.161
11610.000 0.163
11615.000 0.170
11620.000 0.174
11625.000 0.177
11630.000 0.183
11635.000 0.191
11640.000 0.196
11645.000 0.203
11650.000 0.215
11655.000 0.229
11660.000 0.244
11665.000 0.264
11670.000 0.295
11675.000 0.326
11680.000 0.344
11685.000 0.411
11690.000 0.481
11695.000 0.595
11700.000 0.785
11705.000 1.022
11710.000 1.534
11715.000 1.903
11720.000 1.457
11725.000 0.838
11730.000 0.627
11735.000 0.486
11740.000 0.417
11745.000 0.391
11750.000 0.339
11755.000 0.318
11760.000 0.285
11765.000 0.267
11770.000 0.262
11775.000 0.251
11780.000 0.248
11785.000 0.241
11790.000 0.243
11795.000 0.241
11800.000 0.243
11805.000 0.242
11810.000 0.241
11815.000 0.244
11820.000 0.245
11825.000 0.246
11830.000 0.249
11835.000 0.257
11840.000 0.264
11845.000 0.267
11850.000 0.280
11855.000 0.283
11860.000 0.298
11865.000 0.308
11870.000 0.311
11875.000 0.321
11880.000 0.333
11885.000 0.339
11890.000 0.355
11895.000 0.369
11900.000 0.380
11905.000 0.395
11910.000 0.408
11915.000 0.428
11920.000 0.445
11925.000 0.456
11930.000 0.479
11935.000 0.495
11940.000 0.526
11945.000 0.551
11950.000 0.574
11955.000 0.605
11960.000 0.631
11965.000 0.666
11970.000 0.704
11975.000 0.737
11980.000 0.789
11985.000 0.809
11990.000 0.849
11995.000 0.917
12000.000 0.975
