105.000 1.174
110.000 2.055
115.000 2.020
120.000 2.174
125.000 1.978
130.000 2.107
135.000 2.123
140.000 2.136
145.000 2.174
150.000 2.210
155.000 2.187
160.000 2.192
165.000 2.226
170.000 2.289
175.000 2.232
180.000 2.342
185.000 2.261
190.000 2.276
195.000 2.312
200.000 2.355
205.000 2.353
210.000 2.393
215.000 2.380
220.000 2.435
225.000 2.430
230.000 2.501
235.000 2.505
240.000 2.552
245.000 2.568
250.000 2.618
255.000 2.660
260.000 2.719
265.000 2.746
270.000 2.807
275.000 2.866
280.000 2.921
285.000 2.962
290.000 3.021
295.000 3.113
300.000 3.174
305.000 3.268
310.000 3.358
315.000 3.466
320.000 3.576
325.000 3.698
330.000 3.819
335.000 3.912
340.000 4.021
345.000 4.200
350.000 4.374
355.000 4.551
360.000 4.761
365.000 4.957
370.000 5.160
375.000 5.403
380.000 5.616
385.000 5.812
390.000 5.995
395.000 6.138
400.000 6.192
405.000 6.247
410.000 6.254
415.000 6.194
420.000 6.036
425.000 5.828
430.000 5.556
435.000 5.261
440.000 4.946
445.000 4.615
450.000 4.319
455.000 4.008
460.000 3.881
465.000 3.612
470.000 3.359
475.000 3.138
480.000 2.929
485.000 2.740
490.000 2.580
495.000 2.442
500.000 2.281
505.000 2.162
510.000 2.039
515.000 1.999
520.000 1.886
525.000 1.792
530.000 1.717
535.000 1.634
540.000 1.557
545.000 1.502
550.000 1.432
555.000 1.377
560.000 1.319
565.000 1.259
570.000 1.221
575.000 1.168
580.000 1.148
585.000 1.112
590.000 1.087
595.000 1.034
600.000 1.015
605.000 0.971
610.000 0.951
615.000 0.922
620.000 0.903
625.000 0.877
630.000 0.842
635.000 0.835
640.000 0.825
645.000 0.805
650.000 0.791
655.000 0.773
660.000 0.748
665.000 0.735
670.000 0.715
675.000 0.693
680.000 0.690
685.000 0.671
690.000 0.665
695.000 0.651
700.000 0.649
705.000 0.645
710.000 0.626
715.000 0.618
720.000 0.614
725.000 0.601
730.000 0.594
735.000 0.589
740.000 0.582
745.000 0.577
750.000 0.573
755.000 0.560
760.000 0.563
765.000 0.558
770.000 0.552
775.000 0.557
780.000 0.550
785.000 0.549
790.000 0.539
795.000 0.547
800.000 0.534
805.000 0.535
810.000 0.533
815.000 0.536
820.000 0.521
825.000 0.520
830.000 0.517
835.000 0.515
840.000 0.516
845.000 0.511
850.000 0.507
855.000 0.499
860.000 0.508
865.000 0.499
870.000 0.504
875.000 0.495
880.000 0.499
885.000 0.497
890.000 0.493
895.000 0.499
900.000 0.498
905.000 0.502
910.000 0.493
915.000 0.493
920.000 0.493
925.000 0.495
930.000 0.488
935.000 0.486
940.000 0.481
945.000 0.487
950.000 0.488
955.000 0.483
960.000 0.479
965.000 0.492
970.000 0.484
975.000 0.482
980.000 0.493
985.000 0.478
990.000 0.478
995.000 0.492
1000.000 0.477
1005.000 0.476
1010.000 0.474
1015.000 0.490
1020.000 0.491
1025.000 0.492
1030.000 0.481
1035.000 0.485
1040.000 0.481
1045.000 0.488
1050.000 0.483
1055.000 0.477
1060.000 0.488
1065.000 0.491
1070.000 0.482
1075.000 0.494
1080.000 0.486
1085.000 0.485
1090.000 0.488
1095.000 0.488
1100.000 0.491
1105.000 0.494
1110.000 0.492
1115.000 0.486
1120.000 0.491
1125.000 0.496
1130.000 0.491
1135.000 0.494
1140.000 0.498
1145.000 0.490
1150.000 0.496
1155.000 0.493
1160.000 0.496
1165.000 0.496
1170.000 0.495
1175.000 0.495
1180.000 0.501
1185.000 0.493
1190.000 0.500
1195.000 0.500
1200.000 0.501
1205.000 0.506
1210.000 0.501
1215.000 0.504
1220.000 0.506
1225.000 0.508
1230.000 0.507
1235.000 0.505
1240.000 0.511
1245.000 0.508
1250.000 0.511
1255.000 0.509
1260.000 0.513
1265.000 0.509
1270.000 0.516
1275.000 0.516
1280.000 0.516
1285.000 0.517
1290.000 0.523
1295.000 0.519
1300.000 0.523
1305.000 0.525
1310.000 0.528
1315.000 0.524
1320.000 0.523
1325.000 0.526
1330.000 0.532
1335.000 0.531
1340.000 0.530
1345.000 0.533
1350.000 0.536
1355.000 0.537
1360.000 0.538
1365.000 0.544
1370.000 0.543
1375.000 0.543
1380.000 0.549
1385.000 0.551
1390.000 0.550
1395.000 0.546
1400.000 0.554
1405.000 0.552
1410.000 0.553
1415.000 0.551
1420.000 0.553
1425.000 0.554
1430.000 0.551
1435.000 0.551
1440.000 0.542
1445.000 0.547
1450.000 0.543
1455.000 0.544
1460.000 0.544
1465.000 0.544
1470.000 0.551
1475.000 0.554
1480.000 0.557
1485.000 0.565
1490.000 0.567
1495.000 0.575
1500.000 0.575
1505.000 0.584
1510.000 0.594
1515.000 0.599
1520.000 0.607
1525.000 0.617
1530.000 0.623
1535.000 0.626
1540.000 0.639
1545.000 0.645
1550.000 0.649
1555.000 0.652
1560.000 0.663
1565.000 0.664
1570.000 0.675
1575.000 0.682
1580.000 0.693
1585.000 0.697
1590.000 0.710
1595.000 0.717
1600.000 0.724
1605.000 0.737
1610.000 0.743
1615.000 0.754
1620.000 0.760
1625.000 0.774
1630.000 0.782
1635.000 0.791
1640.000 0.806
1645.000 0.816
1650.000 0.828
1655.000 0.839
1660.000 0.851
1665.000 0.871
1670.000 0.881
1675.000 0.888
1680.000 0.901
1685.000 0.918
1690.000 0.937
1695.000 0.952
1700.000 0.965
1705.000 0.984
1710.000 1.004
1715.000 1.023
1720.000 1.042
1725.000 1.061
1730.000 1.080
1735.000 1.093
1740.000 1.113
1745.000 1.142
1750.000 1.161
1755.000 1.183
1760.000 1.203
1765.000 1.232
1770.000 1.256
1775.000 1.278
1780.000 1.303
1785.000 1.325
1790.000 1.352
1795.000 1.363
1800.000 1.388
1805.000 1.419
1810.000 1.441
1815.000 1.471
1820.000 1.492
1825.000 1.513
1830.000 1.532
1835.000 1.552
1840.000 1.573
1845.000 1.588
1850.000 1.603
1855.000 1.614
1860.000 1.626
1865.000 1.637
1870.000 1.652
1875.000 1.652
1880.000 1.659
1885.000 1.667
1890.000 1.670
1895.000 1.672
1900.000 1.671
1905.000 1.673
1910.000 1.673
1915.000 1.668
1920.000 1.656
1925.000 1.649
1930.000 1.648
1935.000 1.643
1940.000 1.632
1945.000 1.624
1950.000 1.621
1955.000 1.613
1960.000 1.598
1965.000 1.581
1970.000 1.574
1975.000 1.569
1980.000 1.550
1985.000 1.548
1990.000 1.543
1995.000 1.528
2000.000 1.517
2005.000 1.495
2010.000 1.503
2015.000 1.475
2020.000 1.471
2025.000 1.461
2030.000 1.468
2035.000 1.461
2040.000 1.458
2045.000 1.446
2050.000 1.443
2055.000 1.436
2060.000 1.430
2065.000 1.422
2070.000 1.414
2075.000 1.417
2080.000 1.413
2085.000 1.409
2090.000 1.414
2095.000 1.410
2100.000 1.409
2105.000 1.416
2110.000 1.413
2115.000 1.417
2120.000 1.419
2125.000 1.418
2130.000 1.423
2135.000 1.430
2140.000 1.441
2145.000 1.453
2150.000 1.457
2155.000 1.469
2160.000 1.478
2165.000 1.489
2170.000 1.504
2175.000 1.524
2180.000 1.546
2185.000 1.567
2190.000 1.589
2195.000 1.620
2200.000 1.650
2205.000 1.681
2210.000 1.719
2215.000 1.765
2220.000 1.789
2225.000 1.835
2230.000 1.905
2235.000 1.977
2240.000 2.052
2245.000 2.146
2250.000 2.254
2255.000 2.384
2260.000 2.540
2265.000 2.720
2270.000 2.960
2275.000 3.253
2280.000 3.416
2285.000 3.866
2290.000 4.432
2295.000 5.145
2300.000 6.148
2305.000 8.666
2310.000 16.894
2315.000 17.984
2320.000 9.186
2325.000 5.633
2330.000 3.790
2335.000 2.893
2340.000 2.346
2345.000 2.148
2350.000 1.751
2355.000 1.473
2360.000 1.263
2365.000 1.075
2370.000 0.928
2375.000 0.805
2380.000 0.703
2385.000 0.615
2390.000 0.541
2395.000 0.477
2400.000 0.419
2405.000 0.393
2410.000 0.350
2415.000 0.305
2420.000 0.269
2425.000 0.243
2430.000 0.216
2435.000 0.193
2440.000 0.175
2445.000 0.162
2450.000 0.151
2455.000 0.144
2460.000 0.142
2465.000 0.133
2470.000 0.136
2475.000 0.136
2480.000 0.137
2485.000 0.141
2490.000 0.146
2495.000 0.151
2500.000 0.155
2505.000 0.160
2510.000 0.166
2515.000 0.173
2520.000 0.178
2525.000 0.181
2530.000 0.182
2535.000 0.189
2540.000 0.191
2545.000 0.193
2550.000 0.202
2555.000 0.202
2560.000 0.207
2565.000 0.206
2570.000 0.214
2575.000 0.214
2580.000 0.217
2585.000 0.218
2590.000 0.220
2595.000 0.222
2600.000 0.226
2605.000 0.227
2610.000 0.224
2615.000 0.230
2620.000 0.229
2625.000 0.226
2630.000 0.227
2635.000 0.225
2640.000 0.227
2645.000 0.226
2650.000 0.227
2655.000 0.229
2660.000 0.224
2665.000 0.226
2670.000 0.227
2675.000 0.222
2680.000 0.221
2685.000 0.219
2690.000 0.218
2695.000 0.215
2700.000 0.214
2705.000 0.209
2710.000 0.209
2715.000 0.204
2720.000 0.206
2725.000 0.200
2730.000 0.200
2735.000 0.196
2740.000 0.192
2745.000 0.191
2750.000 0.186
2755.000 0.183
2760.000 0.178
2765.000 0.172
2770.000 0.167
2775.000 0.168
2780.000 0.161
2785.000 0.158
2790.000 0.154
2795.000 0.149
2800.000 0.145
2805.000 0.147
2810.000 0.140
2815.000 0.132
2820.000 0.131
2825.000 0.129
2830.000 0.126
2835.000 0.121
2840.000 0.121
2845.000 0.123
2850.000 0.120
2855.000 0.120
2860.000 0.119
2865.000 0.121
2870.000 0.127
2875.000 0.131
2880.000 0.130
2885.000 0.139
2890.000 0.145
2895.000 0.146
2900.000 0.149
2905.000 0.155
2910.000 0.164
2915.000 0.169
2920.000 0.174
2925.000 0.184
2930.000 0.192
2935.000 0.195
2940.000 0.211
2945.000 0.214
2950.000 0.214
2955.000 0.226
2960.000 0.232
2965.000 0.236
2970.000 0.248
2975.000 0.255
2980.000 0.258
2985.000 0.273
2990.000 0.282
2995.000 0.278
3000.000 0.295
3005.000 0.304
3010.000 0.305
3015.000 0.304
3020.000 0.307
3025.000 0.309
3030.000 0.333
3035.000 0.332
3040.000 0.342
3045.000 0.348
3050.000 0.352
3055.000 0.361
3060.000 0.355
3065.000 0.364
3070.000 0.366
3075.000 0.366
3080.000 0.371
3085.000 0.372
3090.000 0.378
3095.000 0.384
3100.000 0.391
3105.000 0.392
3110.000 0.394
3115.000 0.399
3120.000 0.404
3125.000 0.405
3130.000 0.408
3135.000 0.409
3140.000 0.413
3145.000 0.420
3150.000 0.419
3155.000 0.422
3160.000 0.424
3165.000 0.426
3170.000 0.430
3175.000 0.434
3180.000 0.430
3185.000 0.437
3190.000 0.439
3195.000 0.441
3200.000 0.444
3205.000 0.444
3210.000 0.445
3215.000 0.447
3220.000 0.447
3225.000 0.450
3230.000 0.453
3235.000 0.454
3240.000 0.456
3245.000 0.458
3250.000 0.465
3255.000 0.463
3260.000 0.465
3265.000 0.465
3270.000 0.467
3275.000 0.464
3280.000 0.468
3285.000 0.471
3290.000 0.468
3295.000 0.469
3300.000 0.474
3305.000 0.471
3310.000 0.476
3315.000 0.476
3320.000 0.476
3325.000 0.476
3330.000 0.480
3335.000 0.479
3340.000 0.479
3345.000 0.483
3350.000 0.478
3355.000 0.480
3360.000 0.475
3365.000 0.479
3370.000 0.480
3375.000 0.486
3380.000 0.483
3385.000 0.483
3390.000 0.487
3395.000 0.486
3400.000 0.487
3405.000 0.491
3410.000 0.489
3415.000 0.493
3420.000 0.496
3425.000 0.496
3430.000 0.496
3435.000 0.497
3440.000 0.496
3445.000 0.501
3450.000 0.500
3455.000 0.506
3460.000 0.505
3465.000 0.510
3470.000 0.509
3475.000 0.512
3480.000 0.517
3485.000 0.516
3490.000 0.518
3495.000 0.521
3500.000 0.520
3505.000 0.523
3510.000 0.524
3515.000 0.526
3520.000 0.531
3525.000 0.531
3530.000 0.534
3535.000 0.539
3540.000 0.538
3545.000 0.547
3550.000 0.551
3555.000 0.557
3560.000 0.556
3565.000 0.558
3570.000 0.567
3575.000 0.572
3580.000 0.578
3585.000 0.583
3590.000 0.590
3595.000 0.596
3600.000 0.606
3605.000 0.625
3610.000 0.633
3615.000 0.653
3620.000 0.669
3625.000 0.684
3630.000 0.705
3635.000 0.729
3640.000 0.767
3645.000 0.807
3650.000 0.855
3655.000 0.918
3660.000 0.993
3665.000 1.104
3670.000 1.252
3675.000 1.441
3680.000 1.777
3685.000 2.023
3690.000 2.621
3695.000 3.276
3700.000 3.949
3705.000 5.767
3710.000 4.753
3715.000 2.810
3720.000 2.048
3725.000 1.663
3730.000 1.379
3735.000 1.206
3740.000 1.140
3745.000 1.022
3750.000 0.943
3755.000 0.881
3760.000 0.828
3765.000 0.788
3770.000 0.753
3775.000 0.726
3780.000 0.707
3785.000 0.685
3790.000 0.672
3795.000 0.656
3800.000 0.644
3805.000 0.635
3810.000 0.626
3815.000 0.617
3820.000 0.609
3825.000 0.600
3830.000 0.598
3835.000 0.591
3840.000 0.588
3845.000 0.586
3850.000 0.585
3855.000 0.575
3860.000 0.576
3865.000 0.572
3870.000 0.572
3875.000 0.567
3880.000 0.562
3885.000 0.565
3890.000 0.557
3895.000 0.557
3900.000 0.554
3905.000 0.558
3910.000 0.554
3915.000 0.554
3920.000 0.555
3925.000 0.555
3930.000 0.551
3935.000 0.547
3940.000 0.548
3945.000 0.546
3950.000 0.554
3955.000 0.549
3960.000 0.548
3965.000 0.541
3970.000 0.550
3975.000 0.547
3980.000 0.533
3985.000 0.546
3990.000 0.543
3995.000 0.552
4000.000 0.537
4005.000 0.538
4010.000 0.536
4015.000 0.553
4020.000 0.550
4025.000 0.549
4030.000 0.534
4035.000 0.536
4040.000 0.536
4045.000 0.539
4050.000 0.536
4055.000 0.541
4060.000 0.540
4065.000 0.544
4070.000 0.545
4075.000 0.546
4080.000 0.549
4085.000 0.548
4090.000 0.548
4095.000 0.545
4100.000 0.548
4105.000 0.551
4110.000 0.546
4115.000 0.552
4120.000 0.549
4125.000 0.552
4130.000 0.553
4135.000 0.557
4140.000 0.556
4145.000 0.559
4150.000 0.559
4155.000 0.560
4160.000 0.557
4165.000 0.557
4170.000 0.554
4175.000 0.556
4180.000 0.553
4185.000 0.555
4190.000 0.552
4195.000 0.551
4200.000 0.552
4205.000 0.553
4210.000 0.553
4215.000 0.554
4220.000 0.551
4225.000 0.552
4230.000 0.549
4235.000 0.549
4240.000 0.542
4245.000 0.538
4250.000 0.537
4255.000 0.535
4260.000 0.530
4265.000 0.528
4270.000 0.529
4275.000 0.526
4280.000 0.528
4285.000 0.527
4290.000 0.525
4295.000 0.527
4300.000 0.526
4305.000 0.522
4310.000 0.526
4315.000 0.526
4320.000 0.525
4325.000 0.523
4330.000 0.517
4335.000 0.522
4340.000 0.520
4345.000 0.521
4350.000 0.522
4355.000 0.521
4360.000 0.522
4365.000 0.521
4370.000 0.525
4375.000 0.525
4380.000 0.527
4385.000 0.526
4390.000 0.526
4395.000 0.524
4400.000 0.524
4405.000 0.523
4410.000 0.522
4415.000 0.524
4420.000 0.522
4425.000 0.526
4430.000 0.526
4435.000 0.531
4440.000 0.531
4445.000 0.529
4450.000 0.530
4455.000 0.532
4460.000 0.532
4465.000 0.528
4470.000 0.530
4475.000 0.528
4480.000 0.529
4485.000 0.530
4490.000 0.529
4495.000 0.528
4500.000 0.531
4505.000 0.533
4510.000 0.531
4515.000 0.538
4520.000 0.537
4525.000 0.539
4530.000 0.540
4535.000 0.539
4540.000 0.536
4545.000 0.537
4550.000 0.535
4555.000 0.537
4560.000 0.539
4565.000 0.540
4570.000 0.540
4575.000 0.542
4580.000 0.546
4585.000 0.543
4590.000 0.545
4595.000 0.548
4600.000 0.548
4605.000 0.547
4610.000 0.551
4615.000 0.551
4620.000 0.548
4625.000 0.551
4630.000 0.551
4635.000 0.555
4640.000 0.555
4645.000 0.557
4650.000 0.561
4655.000 0.561
4660.000 0.564
4665.000 0.563
4670.000 0.568
4675.000 0.569
4680.000 0.571
4685.000 0.577
4690.000 0.578
4695.000 0.577
4700.000 0.576
4705.000 0.580
4710.000 0.588
4715.000 0.588
4720.000 0.594
4725.000 0.595
4730.000 0.599
4735.000 0.603
4740.000 0.612
4745.000 0.620
4750.000 0.621
4755.000 0.629
4760.000 0.635
4765.000 0.642
4770.000 0.648
4775.000 0.653
4780.000 0.658
4785.000 0.671
4790.000 0.679
4795.000 0.693
4800.000 0.703
4805.000 0.721
4810.000 0.734
4815.000 0.751
4820.000 0.771
4825.000 0.792
4830.000 0.812
4835.000 0.835
4840.000 0.845
4845.000 0.875
4850.000 0.904
4855.000 0.932
4860.000 0.975
4865.000 1.012
4870.000 1.057
4875.000 1.106
4880.000 1.155
4885.000 1.228
4890.000 1.292
4895.000 1.378
4900.000 1.422
4905.000 1.517
4910.000 1.628
4915.000 1.758
4920.000 1.904
4925.000 2.092
4930.000 2.287
4935.000 2.570
4940.000 2.900
4945.000 3.283
4950.000 3.879
4955.000 4.260
4960.000 5.172
4965.000 6.889
4970.000 9.157
4975.000 8.361
4980.000 6.085
4985.000 7.877
4990.000 12.410
4995.000 14.805
5000.000 9.865
5005.000 7.180
5010.000 5.950
5015.000 4.865
5020.000 4.489
5025.000 3.956
5030.000 3.509
5035.000 3.181
5040.000 2.908
5045.000 2.689
5050.000 2.526
5055.000 2.360
5060.000 2.228
5065.000 2.120
5070.000 2.021
5075.000 1.942
5080.000 1.896
5085.000 1.831
5090.000 1.776
5095.000 1.721
5100.000 1.671
5105.000 1.634
5110.000 1.587
5115.000 1.555
5120.000 1.520
5125.000 1.491
5130.000 1.462
5135.000 1.438
5140.000 1.417
5145.000 1.405
5150.000 1.385
5155.000 1.364
5160.000 1.350
5165.000 1.335
5170.000 1.326
5175.000 1.311
5180.000 1.294
5185.000 1.285
5190.000 1.278
5195.000 1.261
5200.000 1.259
5205.000 1.249
5210.000 1.235
5215.000 1.225
5220.000 1.217
5225.000 1.211
5230.000 1.207
5235.000 1.199
5240.000 1.192
5245.000 1.185
5250.000 1.183
5255.000 1.175
5260.000 1.173
5265.000 1.166
5270.000 1.160
5275.000 1.151
5280.000 1.146
5285.000 1.137
5290.000 1.129
5295.000 1.121
5300.000 1.118
5305.000 1.113
5310.000 1.107
5315.000 1.101
5320.000 1.096
5325.000 1.091
5330.000 1.089
5335.000 1.079
5340.000 1.071
5345.000 1.066
5350.000 1.059
5355.000 1.051
5360.000 1.045
5365.000 1.037
5370.000 1.031
5375.000 1.025
5380.000 1.016
5385.000 1.013
5390.000 1.009
5395.000 1.008
5400.000 1.003
5405.000 0.994
5410.000 0.985
5415.000 0.980
5420.000 0.970
5425.000 0.964
5430.000 0.958
5435.000 0.944
5440.000 0.938
5445.000 0.935
5450.000 0.929
5455.000 0.923
5460.000 0.919
5465.000 0.916
5470.000 0.906
5475.000 0.901
5480.000 0.894
5485.000 0.886
5490.000 0.881
5495.000 0.875
5500.000 0.866
5505.000 0.862
5510.000 0.854
5515.000 0.848
5520.000 0.843
5525.000 0.841
5530.000 0.835
5535.000 0.828
5540.000 0.828
5545.000 0.820
5550.000 0.817
5555.000 0.807
5560.000 0.805
5565.000 0.798
5570.000 0.793
5575.000 0.792
5580.000 0.783
5585.000 0.781
5590.000 0.774
5595.000 0.771
5600.000 0.766
5605.000 0.762
5610.000 0.760
5615.000 0.759
5620.000 0.755
5625.000 0.752
5630.000 0.747
5635.000 0.746
5640.000 0.742
5645.000 0.736
5650.000 0.734
5655.000 0.727
5660.000 0.724
5665.000 0.720
5670.000 0.717
5675.000 0.713
5680.000 0.719
5685.000 0.714
5690.000 0.709
5695.000 0.715
5700.000 0.708
5705.000 0.710
5710.000 0.703
5715.000 0.701
5720.000 0.695
5725.000 0.691
5730.000 0.691
5735.000 0.689
5740.000 0.684
5745.000 0.685
5750.000 0.687
5755.000 0.685
5760.000 0.687
5765.000 0.678
5770.000 0.683
5775.000 0.685
5780.000 0.680
5785.000 0.680
5790.000 0.676
5795.000 0.670
5800.000 0.673
5805.000 0.670
5810.000 0.670
5815.000 0.672
5820.000 0.673
5825.000 0.674
5830.000 0.670
5835.000 0.673
5840.000 0.676
5845.000 0.677
5850.000 0.675
5855.000 0.674
5860.000 0.675
5865.000 0.671
5870.000 0.669
5875.000 0.668
5880.000 0.669
5885.000 0.670
5890.000 0.671
5895.000 0.674
5900.000 0.674
5905.000 0.679
5910.000 0.679
5915.000 0.682
5920.000 0.682
5925.000 0.684
5930.000 0.684
5935.000 0.683
5940.000 0.692
5945.000 0.691
5950.000 0.683
5955.000 0.685
5960.000 0.689
5965.000 0.691
5970.000 0.690
5975.000 0.696
5980.000 0.711
5985.000 0.703
5990.000 0.719
5995.000 0.713
6000.000 0.718
6005.000 0.713
6010.000 0.719
6015.000 0.724
6020.000 0.734
6025.000 0.740
6030.000 0.738
6035.000 0.748
6040.000 0.752
6045.000 0.773
6050.000 0.785
6055.000 0.785
6060.000 0.795
6065.000 0.813
6070.000 0.827
6075.000 0.834
6080.000 0.853
6085.000 0.865
6090.000 0.885
6095.000 0.897
6100.000 0.925
6105.000 0.948
6110.000 0.977
6115.000 0.993
6120.000 1.023
6125.000 1.058
6130.000 1.101
6135.000 1.142
6140.000 1.194
6145.000 1.251
6150.000 1.305
6155.000 1.382
6160.000 1.462
6165.000 1.573
6170.000 1.689
6175.000 1.740
6180.000 1.902
6185.000 2.089
6190.000 2.292
6195.000 2.602
6200.000 2.922
6205.000 3.450
6210.000 4.093
6215.000 4.902
6220.000 6.304
6225.000 7.974
6230.000 9.524
6235.000 9.943
6240.000 8.436
6245.000 5.030
6250.000 4.024
6255.000 3.558
6260.000 2.835
6265.000 2.451
6270.000 2.159
6275.000 1.983
6280.000 1.866
6285.000 1.759
6290.000 1.691
6295.000 1.624
6300.000 1.572
6305.000 1.528
6310.000 1.451
6315.000 1.381
6320.000 1.331
6325.000 1.261
6330.000 1.216
6335.000 1.162
6340.000 1.116
6345.000 1.082
6350.000 1.038
6355.000 1.009
6360.000 0.996
6365.000 0.960
6370.000 0.938
6375.000 0.908
6380.000 0.884
6385.000 0.863
6390.000 0.837
6395.000 0.818
6400.000 0.792
6405.000 0.772
6410.000 0.757
6415.000 0.744
6420.000 0.729
6425.000 0.722
6430.000 0.702
6435.000 0.689
6440.000 0.679
6445.000 0.666
6450.000 0.652
6455.000 0.637
6460.000 0.626
6465.000 0.604
6470.000 0.589
6475.000 0.579
6480.000 0.570
6485.000 0.553
6490.000 0.542
6495.000 0.533
6500.000 0.516
6505.000 0.505
6510.000 0.490
6515.000 0.475
6520.000 0.459
6525.000 0.448
6530.000 0.438
6535.000 0.440
6540.000 0.450
6545.000 0.479
6550.000 0.583
6555.000 0.739
6560.000 1.173
6565.000 1.916
6570.000 3.515
6575.000 7.076
6580.000 6.490
6585.000 1.862
6590.000 1.517
6595.000 1.488
6600.000 1.275
6605.000 1.233
6610.000 1.153
6615.000 1.076
6620.000 1.023
6625.000 0.974
6630.000 0.935
6635.000 0.909
6640.000 0.882
6645.000 0.865
6650.000 0.845
6655.000 0.829
6660.000 0.824
6665.000 0.808
6670.000 0.796
6675.000 0.784
6680.000 0.776
6685.000 0.763
6690.000 0.750
6695.000 0.739
6700.000 0.733
6705.000 0.722
6710.000 0.721
6715.000 0.712
6720.000 0.713
6725.000 0.706
6730.000 0.704
6735.000 0.702
6740.000 0.695
6745.000 0.691
6750.000 0.692
6755.000 0.682
6760.000 0.680
6765.000 0.670
6770.000 0.664
6775.000 0.661
6780.000 0.656
6785.000 0.658
6790.000 0.655
6795.000 0.656
6800.000 0.652
6805.000 0.653
6810.000 0.651
6815.000 0.651
6820.000 0.646
6825.000 0.643
6830.000 0.638
6835.000 0.634
6840.000 0.631
6845.000 0.628
6850.000 0.627
6855.000 0.624
6860.000 0.623
6865.000 0.621
6870.000 0.627
6875.000 0.625
6880.000 0.624
6885.000 0.624
6890.000 0.620
6895.000 0.620
6900.000 0.619
6905.000 0.613
6910.000 0.607
6915.000 0.605
6920.000 0.605
6925.000 0.601
6930.000 0.600
6935.000 0.606
6940.000 0.597
6945.000 0.605
6950.000 0.604
6955.000 0.606
6960.000 0.605
6965.000 0.604
6970.000 0.594
6975.000 0.589
6980.000 0.594
6985.000 0.583
6990.000 0.583
6995.000 0.579
7000.000 0.585
7005.000 0.588
7010.000 0.582
7015.000 0.587
7020.000 0.585
7025.000 0.582
7030.000 0.582
7035.000 0.578
7040.000 0.581
7045.000 0.579
7050.000 0.576
7055.000 0.570
7060.000 0.573
7065.000 0.564
7070.000 0.565
7075.000 0.563
7080.000 0.567
7085.000 0.565
7090.000 0.565
7095.000 0.571
7100.000 0.571
7105.000 0.567
7110.000 0.566
7115.000 0.569
7120.000 0.561
7125.000 0.559
7130.000 0.557
7135.000 0.551
7140.000 0.547
7145.000 0.546
7150.000 0.542
7155.000 0.547
7160.000 0.546
7165.000 0.546
7170.000 0.548
7175.000 0.549
7180.000 0.548
7185.000 0.544
7190.000 0.542
7195.000 0.539
7200.000 0.534
7205.000 0.527
7210.000 0.526
7215.000 0.522
7220.000 0.519
7225.000 0.520
7230.000 0.519
7235.000 0.520
7240.000 0.521
7245.000 0.521
7250.000 0.517
7255.000 0.512
7260.000 0.510
7265.000 0.505
7270.000 0.503
7275.000 0.493
7280.000 0.489
7285.000 0.484
7290.000 0.478
7295.000 0.473
7300.000 0.471
7305.000 0.465
7310.000 0.460
7315.000 0.458
7320.000 0.456
7325.000 0.447
7330.000 0.441
7335.000 0.436
7340.000 0.425
7345.000 0.412
7350.000 0.405
7355.000 0.381
7360.000 0.372
7365.000 0.365
7370.000 0.344
7375.000 0.336
7380.000 0.321
7385.000 0.313
7390.000 0.300
7395.000 0.301
7400.000 0.298
7405.000 0.310
7410.000 0.360
7415.000 0.442
7420.000 0.605
7425.000 0.821
7430.000 1.114
7435.000 1.652
7440.000 2.296
7445.000 3.111
7450.000 3.475
7455.000 3.734
7460.000 3.473
7465.000 3.058
7470.000 2.599
7475.000 1.931
7480.000 1.491
7485.000 1.085
7490.000 0.864
7495.000 0.807
7500.000 0.791
7505.000 0.791
7510.000 0.785
7515.000 0.782
7520.000 0.780
7525.000 0.776
7530.000 0.778
7535.000 0.777
7540.000 0.771
7545.000 0.767
7550.000 0.764
7555.000 0.761
7560.000 0.754
7565.000 0.749
7570.000 0.744
7575.000 0.739
7580.000 0.734
7585.000 0.728
7590.000 0.723
7595.000 0.720
7600.000 0.724
7605.000 0.722
7610.000 0.721
7615.000 0.722
7620.000 0.721
7625.000 0.720
7630.000 0.715
7635.000 0.715
7640.000 0.707
7645.000 0.704
7650.000 0.702
7655.000 0.697
7660.000 0.693
7665.000 0.694
7670.000 0.693
7675.000 0.691
7680.000 0.695
7685.000 0.692
7690.000 0.696
7695.000 0.698
7700.000 0.694
7705.000 0.694
7710.000 0.692
7715.000 0.688
7720.000 0.684
7725.000 0.682
7730.000 0.680
7735.000 0.677
7740.000 0.678
7745.000 0.682
7750.000 0.678
7755.000 0.676
7760.000 0.684
7765.000 0.686
7770.000 0.687
7775.000 0.685
7780.000 0.680
7785.000 0.675
7790.000 0.677
7795.000 0.674
7800.000 0.671
7805.000 0.668
7810.000 0.667
7815.000 0.669
7820.000 0.667
7825.000 0.672
7830.000 0.672
7835.000 0.676
7840.000 0.678
7845.000 0.678
7850.000 0.678
7855.000 0.677
7860.000 0.671
7865.000 0.669
7870.000 0.666
7875.000 0.662
7880.000 0.661
7885.000 0.663
7890.000 0.666
7895.000 0.662
7900.000 0.669
7905.000 0.668
7910.000 0.668
7915.000 0.667
7920.000 0.669
7925.000 0.663
7930.000 0.661
7935.000 0.663
7940.000 0.658
7945.000 0.656
7950.000 0.649
7955.000 0.648
7960.000 0.648
7965.000 0.643
7970.000 0.640
7975.000 0.642
7980.000 0.643
7985.000 0.636
7990.000 0.635
7995.000 0.631
8000.000 0.623
8005.000 0.619
8010.000 0.603
8015.000 0.603
8020.000 0.571
8025.000 0.552
8030.000 0.521
8035.000 0.485
8040.000 0.412
8045.000 0.260
8050.000 0.047
8055.000 0.641
8060.000 1.831
8065.000 2.155
8070.000 0.862
8075.000 0.800
8080.000 0.841
8085.000 0.835
8090.000 0.861
8095.000 0.841
8100.000 0.827
8105.000 0.818
8110.000 0.812
8115.000 0.810
8120.000 0.805
8125.000 0.807
8130.000 0.805
8135.000 0.804
8140.000 0.801
8145.000 0.802
8150.000 0.799
8155.000 0.796
8160.000 0.796
8165.000 0.793
8170.000 0.792
8175.000 0.792
8180.000 0.788
8185.000 0.793
8190.000 0.797
8195.000 0.795
8200.000 0.804
8205.000 0.804
8210.000 0.809
8215.000 0.809
8220.000 0.812
8225.000 0.813
8230.000 0.812
8235.000 0.810
8240.000 0.808
8245.000 0.809
8250.000 0.814
8255.000 0.818
8260.000 0.820
8265.000 0.829
8270.000 0.833
8275.000 0.837
8280.000 0.845
8285.000 0.848
8290.000 0.854
8295.000 0.857
8300.000 0.857
8305.000 0.858
8310.000 0.857
8315.000 0.864
8320.000 0.865
8325.000 0.871
8330.000 0.878
8335.000 0.884
8340.000 0.889
8345.000 0.906
8350.000 0.912
8355.000 0.922
8360.000 0.928
8365.000 0.937
8370.000 0.938
8375.000 0.943
8380.000 0.949
8385.000 0.956
8390.000 0.965
8395.000 0.971
8400.000 0.985
8405.000 0.992
8410.000 1.012
8415.000 1.023
8420.000 1.042
8425.000 1.053
8430.000 1.064
8435.000 1.082
8440.000 1.102
8445.000 1.118
8450.000 1.134
8455.000 1.152
8460.000 1.171
8465.000 1.195
8470.000 1.222
8475.000 1.258
8480.000 1.291
8485.000 1.305
8490.000 1.357
8495.000 1.407
8500.000 1.459
8505.000 1.538
8510.000 1.609
8515.000 1.739
8520.000 1.881
8525.000 2.057
8530.000 2.488
8535.000 3.132
8540.000 3.997
8545.000 3.842
8550.000 2.382
8555.000 1.386
8560.000 1.226
8565.000 1.103
8570.000 1.378
8575.000 1.511
8580.000 1.674
8585.000 1.836
8590.000 1.990
8595.000 2.222
8600.000 2.447
8605.000 2.747
8610.000 2.909
8615.000 3.247
8620.000 3.786
8625.000 4.384
8630.000 5.016
8635.000 5.982
8640.000 6.659
8645.000 6.835
8650.000 6.256
8655.000 5.375
8660.000 4.267
8665.000 3.862
8670.000 3.272
8675.000 2.713
8680.000 2.296
8685.000 1.684
8690.000 1.046
8695.000 0.950
8700.000 0.976
8705.000 0.975
8710.000 0.922
8715.000 0.872
8720.000 0.820
8725.000 0.762
8730.000 0.737
8735.000 0.695
8740.000 0.646
8745.000 0.613
8750.000 0.570
8755.000 0.537
8760.000 0.515
8765.000 0.483
8770.000 0.461
8775.000 0.439
8780.000 0.414
8785.000 0.400
8790.000 0.386
8795.000 0.366
8800.000 0.350
8805.000 0.333
8810.000 0.328
8815.000 0.299
8820.000 0.316
8825.000 0.269
8830.000 0.267
8835.000 0.281
8840.000 0.267
8845.000 0.260
8850.000 0.263
8855.000 0.256
8860.000 0.252
8865.000 0.250
8870.000 0.249
8875.000 0.243
8880.000 0.240
8885.000 0.237
8890.000 0.234
8895.000 0.233
8900.000 0.233
8905.000 0.231
8910.000 0.231
8915.000 0.228
8920.000 0.239
8925.000 0.242
8930.000 0.247
8935.000 0.247
8940.000 0.250
8945.000 0.250
8950.000 0.254
8955.000 0.249
8960.000 0.256
8965.000 0.249
8970.000 0.252
8975.000 0.255
8980.000 0.250
8985.000 0.255
8990.000 0.255
8995.000 0.266
9000.000 0.261
9005.000 0.264
9010.000 0.275
9015.000 0.280
9020.000 0.286
9025.000 0.282
9030.000 0.282
9035.000 0.277
9040.000 0.279
9045.000 0.283
9050.000 0.278
9055.000 0.281
9060.000 0.286
9065.000 0.285
9070.000 0.290
9075.000 0.298
9080.000 0.298
9085.000 0.305
9090.000 0.306
9095.000 0.310
9100.000 0.308
9105.000 0.310
9110.000 0.309
9115.000 0.307
9120.000 0.305
9125.000 0.307
9130.000 0.307
9135.000 0.310
9140.000 0.316
9145.000 0.318
9150.000 0.326
9155.000 0.329
9160.000 0.326
9165.000 0.332
9170.000 0.332
9175.000 0.332
9180.000 0.332
9185.000 0.333
9190.000 0.330
9195.000 0.334
9200.000 0.332
9205.000 0.335
9210.000 0.335
9215.000 0.335
9220.000 0.344
9225.000 0.347
9230.000 0.356
9235.000 0.358
9240.000 0.358
9245.000 0.359
9250.000 0.358
9255.000 0.358
9260.000 0.358
9265.000 0.356
9270.000 0.358
9275.000 0.361
9280.000 0.362
9285.000 0.366
9290.000 0.366
9295.000 0.375
9300.000 0.381
9305.000 0.384
9310.000 0.393
9315.000 0.397
9320.000 0.394
9325.000 0.401
9330.000 0.401
9335.000 0.401
9340.000 0.404
9345.000 0.401
9350.000 0.407
9355.000 0.411
9360.000 0.423
9365.000 0.430
9370.000 0.439
9375.000 0.454
9380.000 0.460
9385.000 0.472
9390.000 0.488
9395.000 0.495
9400.000 0.500
9405.000 0.516
9410.000 0.529
9415.000 0.546
9420.000 0.567
9425.000 0.595
9430.000 0.633
9435.000 0.672
9440.000 0.730
9445.000 0.802
9450.000 0.885
9455.000 1.017
9460.000 1.096
9465.000 1.285
9470.000 1.668
9475.000 2.169
9480.000 2.989
9485.000 3.325
9490.000 2.060
9495.000 1.816
9500.000 1.563
9505.000 0.821
9510.000 0.617
9515.000 0.501
9520.000 0.442
9525.000 0.363
9530.000 0.306
9535.000 0.259
9540.000 0.224
9545.000 0.195
9550.000 0.171
9555.000 0.154
9560.000 0.140
9565.000 0.133
9570.000 0.125
9575.000 0.116
9580.000 0.110
9585.000 0.108
9590.000 0.104
9595.000 0.096
9600.000 0.093
9605.000 0.087
9610.000 0.081
9615.000 0.080
9620.000 0.072
9625.000 0.073
9630.000 0.075
9635.000 0.078
9640.000 0.074
9645.000 0.079
9650.000 0.083
9655.000 0.086
9660.000 0.087
9665.000 0.093
9670.000 0.097
9675.000 0.099
9680.000 0.107
9685.000 0.117
9690.000 0.129
9695.000 0.146
9700.000 0.156
9705.000 0.176
9710.000 0.195
9715.000 0.221
9720.000 0.246
9725.000 0.270
9730.000 0.304
9735.000 0.326
9740.000 0.365
9745.000 0.411
9750.000 0.459
9755.000 0.516
9760.000 0.574
9765.000 0.627
9770.000 0.713
9775.000 0.806
9780.000 0.953
9785.000 1.101
9790.000 1.290
9795.000 1.539
9800.000 1.789
9805.000 2.189
9810.000 2.587
9815.000 2.945
9820.000 3.192
9825.000 3.142
9830.000 3.009
9835.000 2.588
9840.000 2.269
9845.000 1.898
9850.000 1.643
9855.000 1.434
9860.000 1.265
9865.000 1.173
9870.000 1.163
9875.000 1.275
9880.000 1.407
9885.000 1.443
9890.000 1.392
9895.000 1.317
9900.000 1.242
9905.000 1.194
9910.000 1.126
9915.000 1.082
9920.000 1.028
9925.000 0.998
9930.000 0.961
9935.000 0.928
9940.000 0.902
9945.000 0.893
9950.000 0.865
9955.000 0.847
9960.000 0.832
9965.000 0.809
9970.000 0.806
9975.000 0.788
9980.000 0.774
9985.000 0.761
9990.000 0.746
9995.000 0.727
10000.000 0.716
10005.000 0.703
10010.000 0.701
10015.000 0.678
10020.000 0.675
10025.000 0.670
10030.000 0.659
10035.000 0.653
10040.000 0.645
10045.000 0.644
10050.000 0.632
10055.000 0.628
10060.000 0.621
10065.000 0.608
10070.000 0.602
10075.000 0.594
10080.000 0.578
10085.000 0.576
10090.000 0.563
10095.000 0.558
10100.000 0.554
10105.000 0.547
10110.000 0.541
10115.000 0.534
10120.000 0.518
10125.000 0.515
10130.000 0.501
10135.000 0.487
10140.000 0.463
10145.000 0.434
10150.000 0.411
10155.000 0.360
10160.000 0.312
10165.000 0.250
10170.000 0.139
10175.000 0.272
10180.000 0.928
10185.000 2.309
10190.000 2.352
10195.000 0.831
10200.000 0.853
10205.000 0.846
10210.000 0.786
10215.000 0.760
10220.000 0.722
10225.000 0.702
10230.000 0.687
10235.000 0.668
10240.000 0.660
10245.000 0.652
10250.000 0.647
10255.000 0.643
10260.000 0.634
10265.000 0.632
10270.000 0.628
10275.000 0.623
10280.000 0.615
10285.000 0.608
10290.000 0.603
10295.000 0.596
10300.000 0.589
10305.000 0.585
10310.000 0.586
10315.000 0.579
10320.000 0.581
10325.000 0.583
10330.000 0.577
10335.000 0.580
10340.000 0.578
10345.000 0.578
10350.000 0.573
10355.000 0.568
10360.000 0.562
10365.000 0.559
10370.000 0.556
10375.000 0.549
10380.000 0.551
10385.000 0.547
10390.000 0.548
10395.000 0.549
10400.000 0.548
10405.000 0.549
10410.000 0.551
10415.000 0.551
10420.000 0.547
10425.000 0.543
10430.000 0.540
10435.000 0.539
10440.000 0.530
10445.000 0.529
10450.000 0.527
10455.000 0.523
10460.000 0.524
10465.000 0.526
10470.000 0.523
10475.000 0.526
10480.000 0.528
10485.000 0.526
10490.000 0.524
10495.000 0.522
10500.000 0.521
10505.000 0.517
10510.000 0.514
10515.000 0.513
10520.000 0.507
10525.000 0.504
10530.000 0.501
10535.000 0.502
10540.000 0.502
10545.000 0.506
10550.000 0.504
10555.000 0.504
10560.000 0.506
10565.000 0.506
10570.000 0.501
10575.000 0.499
10580.000 0.496
10585.000 0.490
10590.000 0.487
10595.000 0.484
10600.000 0.480
10605.000 0.481
10610.000 0.479
10615.000 0.478
10620.000 0.479
10625.000 0.478
10630.000 0.481
10635.000 0.479
10640.000 0.474
10645.000 0.478
10650.000 0.468
10655.000 0.465
10660.000 0.459
10665.000 0.453
10670.000 0.450
10675.000 0.446
10680.000 0.443
10685.000 0.447
10690.000 0.442
10695.000 0.438
10700.000 0.442
10705.000 0.438
10710.000 0.436
10715.000 0.429
10720.000 0.425
10725.000 0.412
10730.000 0.410
10735.000 0.401
10740.000 0.397
10745.000 0.389
10750.000 0.382
10755.000 0.374
10760.000 0.365
10765.000 0.360
10770.000 0.348
10775.000 0.346
10780.000 0.325
10785.000 0.315
10790.000 0.293
10795.000 0.274
10800.000 0.265
10805.000 0.238
10810.000 0.213
10815.000 0.195
10820.000 0.179
10825.000 0.201
10830.000 0.272
10835.000 0.404
10840.000 0.574
10845.000 0.950
10850.000 1.365
10855.000 1.712
10860.000 1.690
10865.000 1.521
10870.000 1.271
10875.000 1.049
10880.000 0.920
10885.000 1.098
10890.000 1.174
10895.000 0.953
10900.000 0.897
10905.000 0.855
10910.000 0.812
10915.000 0.784
10920.000 0.775
10925.000 0.748
10930.000 0.730
10935.000 0.705
10940.000 0.688
10945.000 0.667
10950.000 0.649
10955.000 0.628
10960.000 0.602
10965.000 0.593
10970.000 0.576
10975.000 0.562
10980.000 0.559
10985.000 0.562
10990.000 0.597
10995.000 0.648
11000.000 0.704
11005.000 0.742
11010.000 0.748
11015.000 0.748
11020.000 0.736
11025.000 0.720
11030.000 0.699
11035.000 0.682
11040.000 0.650
11045.000 0.633
11050.000 0.608
11055.000 0.565
11060.000 0.525
11065.000 0.434
11070.000 0.290
11075.000 0.198
11080.000 0.228
11085.000 0.302
11090.000 0.377
11095.000 0.419
11100.000 0.446
11105.000 0.467
11110.000 0.491
11115.000 0.503
11120.000 0.521
11125.000 0.529
11130.000 0.545
11135.000 0.551
11140.000 0.557
11145.000 0.565
11150.000 0.570
11155.000 0.573
11160.000 0.575
11165.000 0.578
11170.000 0.579
11175.000 0.577
11180.000 0.574
11185.000 0.576
11190.000 0.579
11195.000 0.582
11200.000 0.581
11205.000 0.586
11210.000 0.587
11215.000 0.590
11220.000 0.591
11225.000 0.593
11230.000 0.594
11235.000 0.593
11240.000 0.591
11245.000 0.590
11250.000 0.590
11255.000 0.589
11260.000 0.587
11265.000 0.586
11270.000 0.590
11275.000 0.590
11280.000 0.591
11285.000 0.594
11290.000 0.597
11295.000 0.600
11300.000 0.596
11305.000 0.598
11310.000 0.597
11315.000 0.595
11320.000 0.594
11325.000 0.592
11330.000 0.587
11335.000 0.591
11340.000 0.591
11345.000 0.590
11350.000 0.593
11355.000 0.597
11360.000 0.597
11365.000 0.599
11370.000 0.600
11375.000 0.597
11380.000 0.599
11385.000 0.594
11390.000 0.595
11395.000 0.595
11400.000 0.590
11405.000 0.591
11410.000 0.591
11415.000 0.587
11420.000 0.592
11425.000 0.589
11430.000 0.596
11435.000 0.593
11440.000 0.598
11445.000 0.598
11450.000 0.596
11455.000 0.594
11460.000 0.598
11465.000 0.591
11470.000 0.590
11475.000 0.589
11480.000 0.588
11485.000 0.587
11490.000 0.587
11495.000 0.589
11500.000 0.590
11505.000 0.597
11510.000 0.594
11515.000 0.594
11520.000 0.595
11525.000 0.595
11530.000 0.592
11535.000 0.590
11540.000 0.590
11545.000 0.582
11550.000 0.587
11555.000 0.584
11560.000 0.586
11565.000 0.587
11570.000 0.591
11575.000 0.590
11580.000 0.591
11585.000 0.593
11590.000 0.594
11595.000 0.593
11600.000 0.590
11605.000 0.589
11610.000 0.588
11615.000 0.585
11620.000 0.581
11625.000 0.585
11630.000 0.583
11635.000 0.588
11640.000 0.588
11645.000 0.585
11650.000 0.585
11655.000 0.590
11660.000 0.589
11665.000 0.586
11670.000 0.587
11675.000 0.585
11680.000 0.583
11685.000 0.574
11690.000 0.577
11695.000 0.570
11700.000 0.560
11705.000 0.555
11710.000 0.550
11715.000 0.536
11720.000 0.513
11725.000 0.512
11730.000 0.624
11735.000 0.637
11740.000 0.574
11745.000 0.767
11750.000 0.682
11755.000 0.664
11760.000 0.654
11765.000 0.650
11770.000 0.644
11775.000 0.643
11780.000 0.646
11785.000 0.641
11790.000 0.646
11795.000 0.647
11800.000 0.644
11805.000 0.652
11810.000 0.649
11815.000 0.650
11820.000 0.649
11825.000 0.654
11830.000 0.654
11835.000 0.651
11840.000 0.651
11845.000 0.654
11850.000 0.657
11855.000 0.659
11860.000 0.662
11865.000 0.664
11870.000 0.672
11875.000 0.673
11880.000 0.678
11885.000 0.684
11890.000 0.685
11895.000 0.686
11900.000 0.689
11905.000 0.693
11910.000 0.698
11915.000 0.704
11920.000 0.703
11925.000 0.717
11930.000 0.716
11935.000 0.729
11940.000 0.734
11945.000 0.745
11950.000 0.755
11955.000 0.759
11960.000 0.767
11965.000 0.780
11970.000 0.785
11975.000 0.795
11980.000 0.816
11985.000 0.821
11990.000 0.840
11995.000 0.860
12000.000 0.886
