105.000 1.060
110.000 1.993
115.000 1.984
120.000 2.071
125.000 2.038
130.000 2.112
135.000 2.144
140.000 2.241
145.000 2.301
150.000 2.296
155.000 2.296
160.000 2.247
165.000 2.230
170.000 2.198
175.000 2.234
180.000 2.328
185.000 2.277
190.000 2.326
195.000 2.323
200.000 2.329
205.000 2.345
210.000 2.397
215.000 2.391
220.000 2.430
225.000 2.446
230.000 2.494
235.000 2.492
240.000 2.536
245.000 2.577
250.000 2.622
255.000 2.654
260.000 2.710
265.000 2.751
270.000 2.776
275.000 2.832
280.000 2.901
285.000 2.927
290.000 3.002
295.000 3.107
300.000 3.171
305.000 3.250
310.000 3.356
315.000 3.448
320.000 3.543
325.000 3.671
330.000 3.728
335.000 3.878
340.000 4.004
345.000 4.180
350.000 4.342
355.000 4.513
360.000 4.715
365.000 4.913
370.000 5.120
375.000 5.334
380.000 5.548
385.000 5.752
390.000 5.925
395.000 5.996
400.000 6.104
405.000 6.168
410.000 6.158
415.000 6.090
420.000 5.943
425.000 5.738
430.000 5.450
435.000 5.154
440.000 4.830
445.000 4.511
450.000 4.386
455.000 4.069
460.000 3.801
465.000 3.521
470.000 3.290
475.000 3.077
480.000 2.863
485.000 2.674
490.000 2.531
495.000 2.376
500.000 2.229
505.000 2.110
510.000 2.056
515.000 1.943
520.000 1.847
525.000 1.743
530.000 1.674
535.000 1.596
540.000 1.505
545.000 1.445
550.000 1.376
555.000 1.329
560.000 1.275
565.000 1.224
570.000 1.179
575.000 1.159
580.000 1.114
585.000 1.084
590.000 1.043
595.000 1.012
600.000 0.976
605.000 0.954
610.000 0.909
615.000 0.891
620.000 0.868
625.000 0.848
630.000 0.825
635.000 0.824
640.000 0.772
645.000 0.786
650.000 0.756
655.000 0.749
660.000 0.722
665.000 0.705
670.000 0.698
675.000 0.675
680.000 0.672
685.000 0.661
690.000 0.652
695.000 0.649
700.000 0.641
705.000 0.625
710.000 0.617
715.000 0.602
720.000 0.591
725.000 0.590
730.000 0.583
735.000 0.576
740.000 0.571
745.000 0.563
750.000 0.560
755.000 0.554
760.000 0.551
765.000 0.548
770.000 0.552
775.000 0.552
780.000 0.544
785.000 0.549
790.000 0.546
795.000 0.547
800.000 0.539
805.000 0.535
810.000 0.537
815.000 0.536
820.000 0.525
825.000 0.526
830.000 0.513
835.000 0.512
840.000 0.515
845.000 0.501
850.000 0.516
855.000 0.501
860.000 0.505
865.000 0.504
870.000 0.498
875.000 0.496
880.000 0.491
885.000 0.497
890.000 0.496
895.000 0.497
900.000 0.494
905.000 0.492
910.000 0.486
915.000 0.489
920.000 0.492
925.000 0.488
930.000 0.492
935.000 0.482
940.000 0.489
945.000 0.484
950.000 0.483
955.000 0.481
960.000 0.478
965.000 0.489
970.000 0.482
975.000 0.484
980.000 0.493
985.000 0.481
990.000 0.481
995.000 0.482
1000.000 0.480
1005.000 0.487
1010.000 0.484
1015.000 0.486
1020.000 0.490
1025.000 0.491
1030.000 0.480
1035.000 0.489
1040.000 0.481
1045.000 0.482
1050.000 0.481
1055.000 0.484
1060.000 0.488
1065.000 0.482
1070.000 0.485
1075.000 0.494
1080.000 0.486
1085.000 0.487
1090.000 0.489
1095.000 0.486
1100.000 0.487
1105.000 0.487
1110.000 0.494
1115.000 0.484
1120.000 0.490
1125.000 0.492
1130.000 0.486
1135.000 0.497
1140.000 0.492
1145.000 0.490
1150.000 0.493
1155.000 0.493
1160.000 0.491
1165.000 0.492
1170.000 0.499
1175.000 0.497
1180.000 0.492
1185.000 0.494
1190.000 0.495
1195.000 0.501
1200.000 0.497
1205.000 0.498
1210.000 0.495
1215.000 0.501
1220.000 0.503
1225.000 0.500
1230.000 0.503
1235.000 0.505
1240.000 0.501
1245.000 0.507
1250.000 0.505
1255.000 0.501
1260.000 0.508
1265.000 0.504
1270.000 0.508
1275.000 0.509
1280.000 0.508
1285.000 0.513
1290.000 0.509
1295.000 0.510
1300.000 0.513
1305.000 0.511
1310.000 0.512
1315.000 0.511
1320.000 0.509
1325.000 0.514
1330.000 0.519
1335.000 0.515
1340.000 0.520
1345.000 0.518
1350.000 0.520
1355.000 0.525
1360.000 0.524
1365.000 0.523
1370.000 0.524
1375.000 0.526
1380.000 0.529
1385.000 0.528
1390.000 0.528
1395.000 0.529
1400.000 0.527
1405.000 0.529
1410.000 0.526
1415.000 0.524
1420.000 0.528
1425.000 0.527
1430.000 0.527
1435.000 0.524
1440.000 0.527
1445.000 0.519
1450.000 0.524
1455.000 0.518
1460.000 0.513
1465.000 0.516
1470.000 0.514
1475.000 0.514
1480.000 0.523
1485.000 0.525
1490.000 0.529
1495.000 0.531
1500.000 0.535
1505.000 0.539
1510.000 0.544
1515.000 0.546
1520.000 0.548
1525.000 0.552
1530.000 0.556
1535.000 0.564
1540.000 0.562
1545.000 0.569
1550.000 0.570
1555.000 0.575
1560.000 0.576
1565.000 0.585
1570.000 0.580
1575.000 0.587
1580.000 0.590
1585.000 0.595
1590.000 0.602
1595.000 0.608
1600.000 0.607
1605.000 0.613
1610.000 0.615
1615.000 0.619
1620.000 0.627
1625.000 0.631
1630.000 0.632
1635.000 0.642
1640.000 0.646
1645.000 0.651
1650.000 0.655
1655.000 0.664
1660.000 0.668
1665.000 0.674
1670.000 0.674
1675.000 0.684
1680.000 0.690
1685.000 0.699
1690.000 0.704
1695.000 0.714
1700.000 0.720
1705.000 0.726
1710.000 0.734
1715.000 0.748
1720.000 0.754
1725.000 0.757
1730.000 0.765
1735.000 0.777
1740.000 0.782
1745.000 0.794
1750.000 0.801
1755.000 0.814
1760.000 0.822
1765.000 0.836
1770.000 0.845
1775.000 0.850
1780.000 0.860
1785.000 0.871
1790.000 0.877
1795.000 0.887
1800.000 0.892
1805.000 0.904
1810.000 0.916
1815.000 0.927
1820.000 0.931
1825.000 0.939
1830.000 0.947
1835.000 0.952
1840.000 0.963
1845.000 0.965
1850.000 0.967
1855.000 0.972
1860.000 0.969
1865.000 0.972
1870.000 0.971
1875.000 0.969
1880.000 0.972
1885.000 0.970
1890.000 0.969
1895.000 0.968
1900.000 0.959
1905.000 0.951
1910.000 0.945
1915.000 0.945
1920.000 0.934
1925.000 0.922
1930.000 0.912
1935.000 0.908
1940.000 0.900
1945.000 0.894
1950.000 0.876
1955.000 0.879
1960.000 0.867
1965.000 0.850
1970.000 0.847
1975.000 0.839
1980.000 0.825
1985.000 0.826
1990.000 0.819
1995.000 0.806
2000.000 0.801
2005.000 0.782
2010.000 0.784
2015.000 0.764
2020.000 0.757
2025.000 0.745
2030.000 0.751
2035.000 0.745
2040.000 0.736
2045.000 0.728
2050.000 0.723
2055.000 0.714
2060.000 0.708
2065.000 0.699
2070.000 0.693
2075.000 0.686
2080.000 0.679
2085.000 0.674
2090.000 0.670
2095.000 0.666
2100.000 0.660
2105.000 0.655
2110.000 0.646
2115.000 0.647
2120.000 0.638
2125.000 0.640
2130.000 0.632
2135.000 0.635
2140.000 0.630
2145.000 0.621
2150.000 0.607
2155.000 0.612
2160.000 0.606
2165.000 0.605
2170.000 0.601
2175.000 0.598
2180.000 0.590
2185.000 0.586
2190.000 0.583
2195.000 0.575
2200.000 0.568
2205.000 0.561
2210.000 0.557
2215.000 0.550
2220.000 0.544
2225.000 0.535
2230.000 0.525
2235.000 0.518
2240.000 0.501
2245.000 0.493
2250.000 0.465
2255.000 0.447
2260.000 0.421
2265.000 0.367
2270.000 0.319
2275.000 0.341
2280.000 0.383
2285.000 0.570
2290.000 0.968
2295.000 1.934
2300.000 3.990
2305.000 8.854
2310.000 16.087
2315.000 15.072
2320.000 0.931
2325.000 0.662
2330.000 0.348
2335.000 0.077
2340.000 0.157
2345.000 0.286
2350.000 0.359
2355.000 0.419
2360.000 0.446
2365.000 0.470
2370.000 0.493
2375.000 0.501
2380.000 0.514
2385.000 0.523
2390.000 0.534
2395.000 0.536
2400.000 0.536
2405.000 0.547
2410.000 0.549
2415.000 0.553
2420.000 0.558
2425.000 0.558
2430.000 0.561
2435.000 0.562
2440.000 0.563
2445.000 0.567
2450.000 0.567
2455.000 0.567
2460.000 0.569
2465.000 0.570
2470.000 0.568
2475.000 0.575
2480.000 0.571
2485.000 0.580
2490.000 0.577
2495.000 0.579
2500.000 0.579
2505.000 0.586
2510.000 0.589
2515.000 0.591
2520.000 0.589
2525.000 0.589
2530.000 0.590
2535.000 0.591
2540.000 0.593
2545.000 0.597
2550.000 0.597
2555.000 0.602
2560.000 0.603
2565.000 0.605
2570.000 0.609
2575.000 0.606
2580.000 0.611
2585.000 0.613
2590.000 0.616
2595.000 0.615
2600.000 0.622
2605.000 0.624
2610.000 0.624
2615.000 0.626
2620.000 0.631
2625.000 0.636
2630.000 0.638
2635.000 0.642
2640.000 0.645
2645.000 0.647
2650.000 0.653
2655.000 0.654
2660.000 0.662
2665.000 0.668
2670.000 0.668
2675.000 0.673
2680.000 0.674
2685.000 0.681
2690.000 0.687
2695.000 0.690
2700.000 0.697
2705.000 0.701
2710.000 0.713
2715.000 0.711
2720.000 0.719
2725.000 0.728
2730.000 0.734
2735.000 0.736
2740.000 0.744
2745.000 0.750
2750.000 0.756
2755.000 0.762
2760.000 0.766
2765.000 0.772
2770.000 0.779
2775.000 0.787
2780.000 0.794
2785.000 0.801
2790.000 0.811
2795.000 0.823
2800.000 0.823
2805.000 0.838
2810.000 0.843
2815.000 0.850
2820.000 0.858
2825.000 0.861
2830.000 0.871
2835.000 0.870
2840.000 0.879
2845.000 0.893
2850.000 0.895
2855.000 0.911
2860.000 0.912
2865.000 0.919
2870.000 0.928
2875.000 0.932
2880.000 0.936
2885.000 0.943
2890.000 0.945
2895.000 0.951
2900.000 0.956
2905.000 0.961
2910.000 0.966
2915.000 0.969
2920.000 0.969
2925.000 0.975
2930.000 0.977
2935.000 0.984
2940.000 0.987
2945.000 0.988
2950.000 0.984
2955.000 0.989
2960.000 0.994
2965.000 0.981
2970.000 0.997
2975.000 0.994
2980.000 0.985
2985.000 0.995
2990.000 0.996
2995.000 0.985
3000.000 1.002
3005.000 1.001
3010.000 0.996
3015.000 0.981
3020.000 0.990
3025.000 0.983
3030.000 0.988
3035.000 0.979
3040.000 0.974
3045.000 0.986
3050.000 0.974
3055.000 0.973
3060.000 0.975
3065.000 0.971
3070.000 0.970
3075.000 0.970
3080.000 0.965
3085.000 0.965
3090.000 0.965
3095.000 0.959
3100.000 0.959
3105.000 0.955
3110.000 0.953
3115.000 0.952
3120.000 0.943
3125.000 0.948
3130.000 0.945
3135.000 0.939
3140.000 0.937
3145.000 0.935
3150.000 0.933
3155.000 0.931
3160.000 0.930
3165.000 0.927
3170.000 0.924
3175.000 0.921
3180.000 0.925
3185.000 0.919
3190.000 0.918
3195.000 0.915
3200.000 0.918
3205.000 0.912
3210.000 0.913
3215.000 0.915
3220.000 0.916
3225.000 0.915
3230.000 0.917
3235.000 0.915
3240.000 0.917
3245.000 0.919
3250.000 0.914
3255.000 0.917
3260.000 0.919
3265.000 0.916
3270.000 0.919
3275.000 0.919
3280.000 0.917
3285.000 0.921
3290.000 0.922
3295.000 0.922
3300.000 0.927
3305.000 0.933
3310.000 0.934
3315.000 0.937
3320.000 0.941
3325.000 0.941
3330.000 0.942
3335.000 0.948
3340.000 0.950
3345.000 0.952
3350.000 0.955
3355.000 0.962
3360.000 0.963
3365.000 0.969
3370.000 0.971
3375.000 0.978
3380.000 0.982
3385.000 0.987
3390.000 0.993
3395.000 1.004
3400.000 1.007
3405.000 1.015
3410.000 1.019
3415.000 1.028
3420.000 1.033
3425.000 1.039
3430.000 1.042
3435.000 1.052
3440.000 1.061
3445.000 1.071
3450.000 1.081
3455.000 1.091
3460.000 1.105
3465.000 1.117
3470.000 1.129
3475.000 1.142
3480.000 1.156
3485.000 1.167
3490.000 1.178
3495.000 1.193
3500.000 1.207
3505.000 1.223
3510.000 1.242
3515.000 1.265
3520.000 1.286
3525.000 1.308
3530.000 1.339
3535.000 1.362
3540.000 1.391
3545.000 1.419
3550.000 1.453
3555.000 1.465
3560.000 1.502
3565.000 1.542
3570.000 1.585
3575.000 1.631
3580.000 1.674
3585.000 1.731
3590.000 1.787
3595.000 1.858
3600.000 1.931
3605.000 2.008
3610.000 2.102
3615.000 2.194
3620.000 2.247
3625.000 2.370
3630.000 2.499
3635.000 2.663
3640.000 2.841
3645.000 3.043
3650.000 3.313
3655.000 3.596
3660.000 3.978
3665.000 4.422
3670.000 4.955
3675.000 5.351
3680.000 6.141
3685.000 7.142
3690.000 8.894
3695.000 12.457
3700.000 21.644
3705.000 32.049
3710.000 24.773
3715.000 14.971
3720.000 10.376
3725.000 7.899
3730.000 6.346
3735.000 5.781
3740.000 4.913
3745.000 4.242
3750.000 3.761
3755.000 3.339
3760.000 3.023
3765.000 2.754
3770.000 2.529
3775.000 2.349
3780.000 2.175
3785.000 2.036
3790.000 1.918
3795.000 1.802
3800.000 1.755
3805.000 1.666
3810.000 1.579
3815.000 1.511
3820.000 1.439
3825.000 1.383
3830.000 1.331
3835.000 1.275
3840.000 1.234
3845.000 1.189
3850.000 1.152
3855.000 1.120
3860.000 1.097
3865.000 1.067
3870.000 1.038
3875.000 1.009
3880.000 0.987
3885.000 0.962
3890.000 0.942
3895.000 0.920
3900.000 0.900
3905.000 0.883
3910.000 0.867
3915.000 0.859
3920.000 0.841
3925.000 0.827
3930.000 0.812
3935.000 0.805
3940.000 0.791
3945.000 0.779
3950.000 0.771
3955.000 0.765
3960.000 0.755
3965.000 0.736
3970.000 0.734
3975.000 0.727
3980.000 0.715
3985.000 0.723
3990.000 0.711
3995.000 0.711
4000.000 0.689
4005.000 0.686
4010.000 0.676
4015.000 0.689
4020.000 0.682
4025.000 0.677
4030.000 0.659
4035.000 0.657
4040.000 0.657
4045.000 0.654
4050.000 0.651
4055.000 0.651
4060.000 0.644
4065.000 0.654
4070.000 0.647
4075.000 0.641
4080.000 0.639
4085.000 0.635
4090.000 0.638
4095.000 0.632
4100.000 0.632
4105.000 0.630
4110.000 0.629
4115.000 0.627
4120.000 0.626
4125.000 0.623
4130.000 0.621
4135.000 0.624
4140.000 0.621
4145.000 0.623
4150.000 0.616
4155.000 0.618
4160.000 0.613
4165.000 0.611
4170.000 0.609
4175.000 0.608
4180.000 0.605
4185.000 0.602
4190.000 0.600
4195.000 0.597
4200.000 0.599
4205.000 0.594
4210.000 0.594
4215.000 0.594
4220.000 0.593
4225.000 0.586
4230.000 0.582
4235.000 0.578
4240.000 0.568
4245.000 0.564
4250.000 0.560
4255.000 0.560
4260.000 0.551
4265.000 0.549
4270.000 0.547
4275.000 0.548
4280.000 0.546
4285.000 0.542
4290.000 0.541
4295.000 0.541
4300.000 0.539
4305.000 0.539
4310.000 0.533
4315.000 0.533
4320.000 0.533
4325.000 0.534
4330.000 0.531
4335.000 0.528
4340.000 0.533
4345.000 0.532
4350.000 0.531
4355.000 0.530
4360.000 0.530
4365.000 0.532
4370.000 0.530
4375.000 0.532
4380.000 0.532
4385.000 0.529
4390.000 0.528
4395.000 0.528
4400.000 0.527
4405.000 0.527
4410.000 0.525
4415.000 0.530
4420.000 0.526
4425.000 0.526
4430.000 0.526
4435.000 0.529
4440.000 0.531
4445.000 0.528
4450.000 0.529
4455.000 0.527
4460.000 0.528
4465.000 0.526
4470.000 0.526
4475.000 0.527
4480.000 0.526
4485.000 0.527
4490.000 0.527
4495.000 0.529
4500.000 0.524
4505.000 0.527
4510.000 0.523
4515.000 0.534
4520.000 0.530
4525.000 0.525
4530.000 0.525
4535.000 0.527
4540.000 0.524
4545.000 0.524
4550.000 0.521
4555.000 0.522
4560.000 0.523
4565.000 0.523
4570.000 0.523
4575.000 0.523
4580.000 0.526
4585.000 0.523
4590.000 0.525
4595.000 0.527
4600.000 0.526
4605.000 0.524
4610.000 0.523
4615.000 0.519
4620.000 0.518
4625.000 0.521
4630.000 0.519
4635.000 0.523
4640.000 0.518
4645.000 0.522
4650.000 0.522
4655.000 0.525
4660.000 0.525
4665.000 0.524
4670.000 0.524
4675.000 0.522
4680.000 0.520
4685.000 0.519
4690.000 0.521
4695.000 0.519
4700.000 0.520
4705.000 0.520
4710.000 0.519
4715.000 0.517
4720.000 0.518
4725.000 0.522
4730.000 0.522
4735.000 0.521
4740.000 0.523
4745.000 0.522
4750.000 0.519
4755.000 0.522
4760.000 0.518
4765.000 0.518
4770.000 0.516
4775.000 0.516
4780.000 0.515
4785.000 0.517
4790.000 0.517
4795.000 0.516
4800.000 0.518
4805.000 0.521
4810.000 0.522
4815.000 0.523
4820.000 0.523
4825.000 0.522
4830.000 0.519
4835.000 0.518
4840.000 0.524
4845.000 0.519
4850.000 0.521
4855.000 0.522
4860.000 0.523
4865.000 0.526
4870.000 0.529
4875.000 0.529
4880.000 0.533
4885.000 0.540
4890.000 0.541
4895.000 0.542
4900.000 0.543
4905.000 0.553
4910.000 0.558
4915.000 0.562
4920.000 0.569
4925.000 0.579
4930.000 0.598
4935.000 0.612
4940.000 0.652
4945.000 0.688
4950.000 0.723
4955.000 0.817
4960.000 1.002
4965.000 1.373
4970.000 2.390
4975.000 4.248
4980.000 5.142
4985.000 1.401
4990.000 1.016
4995.000 2.449
5000.000 3.080
5005.000 1.872
5010.000 1.003
5015.000 0.900
5020.000 0.723
5025.000 0.642
5030.000 0.616
5035.000 0.569
5040.000 0.543
5045.000 0.525
5050.000 0.521
5055.000 0.504
5060.000 0.494
5065.000 0.490
5070.000 0.483
5075.000 0.483
5080.000 0.476
5085.000 0.478
5090.000 0.474
5095.000 0.480
5100.000 0.475
5105.000 0.474
5110.000 0.474
5115.000 0.470
5120.000 0.467
5125.000 0.465
5130.000 0.464
5135.000 0.462
5140.000 0.461
5145.000 0.459
5150.000 0.457
5155.000 0.456
5160.000 0.458
5165.000 0.459
5170.000 0.458
5175.000 0.459
5180.000 0.459
5185.000 0.459
5190.000 0.459
5195.000 0.458
5200.000 0.452
5205.000 0.453
5210.000 0.452
5215.000 0.449
5220.000 0.446
5225.000 0.447
5230.000 0.448
5235.000 0.448
5240.000 0.456
5245.000 0.454
5250.000 0.455
5255.000 0.458
5260.000 0.455
5265.000 0.459
5270.000 0.460
5275.000 0.456
5280.000 0.456
5285.000 0.455
5290.000 0.456
5295.000 0.457
5300.000 0.459
5305.000 0.462
5310.000 0.463
5315.000 0.465
5320.000 0.470
5325.000 0.469
5330.000 0.472
5335.000 0.476
5340.000 0.477
5345.000 0.480
5350.000 0.480
5355.000 0.481
5360.000 0.483
5365.000 0.485
5370.000 0.483
5375.000 0.490
5380.000 0.491
5385.000 0.496
5390.000 0.498
5395.000 0.503
5400.000 0.509
5405.000 0.511
5410.000 0.511
5415.000 0.518
5420.000 0.522
5425.000 0.523
5430.000 0.524
5435.000 0.528
5440.000 0.528
5445.000 0.535
5450.000 0.536
5455.000 0.536
5460.000 0.539
5465.000 0.548
5470.000 0.552
5475.000 0.555
5480.000 0.560
5485.000 0.564
5490.000 0.565
5495.000 0.566
5500.000 0.571
5505.000 0.569
5510.000 0.573
5515.000 0.571
5520.000 0.578
5525.000 0.580
5530.000 0.584
5535.000 0.589
5540.000 0.594
5545.000 0.600
5550.000 0.598
5555.000 0.607
5560.000 0.609
5565.000 0.607
5570.000 0.611
5575.000 0.615
5580.000 0.612
5585.000 0.614
5590.000 0.618
5595.000 0.624
5600.000 0.623
5605.000 0.628
5610.000 0.631
5615.000 0.634
5620.000 0.641
5625.000 0.638
5630.000 0.644
5635.000 0.649
5640.000 0.649
5645.000 0.650
5650.000 0.654
5655.000 0.654
5660.000 0.653
5665.000 0.658
5670.000 0.661
5675.000 0.662
5680.000 0.667
5685.000 0.671
5690.000 0.674
5695.000 0.680
5700.000 0.681
5705.000 0.686
5710.000 0.689
5715.000 0.691
5720.000 0.695
5725.000 0.692
5730.000 0.696
5735.000 0.703
5740.000 0.700
5745.000 0.704
5750.000 0.707
5755.000 0.711
5760.000 0.714
5765.000 0.723
5770.000 0.732
5775.000 0.736
5780.000 0.738
5785.000 0.742
5790.000 0.743
5795.000 0.750
5800.000 0.751
5805.000 0.752
5810.000 0.756
5815.000 0.761
5820.000 0.764
5825.000 0.770
5830.000 0.775
5835.000 0.784
5840.000 0.790
5845.000 0.798
5850.000 0.804
5855.000 0.807
5860.000 0.814
5865.000 0.817
5870.000 0.823
5875.000 0.827
5880.000 0.835
5885.000 0.838
5890.000 0.846
5895.000 0.854
5900.000 0.859
5905.000 0.869
5910.000 0.882
5915.000 0.894
5920.000 0.899
5925.000 0.905
5930.000 0.912
5935.000 0.920
5940.000 0.928
5945.000 0.935
5950.000 0.951
5955.000 0.952
5960.000 0.964
5965.000 0.977
5970.000 0.983
5975.000 1.000
5980.000 1.007
5985.000 1.006
5990.000 1.027
5995.000 1.035
6000.000 1.070
6005.000 1.076
6010.000 1.092
6015.000 1.089
6020.000 1.108
6025.000 1.116
6030.000 1.141
6035.000 1.146
6040.000 1.162
6045.000 1.181
6050.000 1.185
6055.000 1.205
6060.000 1.226
6065.000 1.247
6070.000 1.271
6075.000 1.287
6080.000 1.312
6085.000 1.332
6090.000 1.350
6095.000 1.374
6100.000 1.401
6105.000 1.425
6110.000 1.440
6115.000 1.470
6120.000 1.500
6125.000 1.542
6130.000 1.577
6135.000 1.618
6140.000 1.662
6145.000 1.713
6150.000 1.762
6155.000 1.819
6160.000 1.877
6165.000 1.911
6170.000 1.977
6175.000 2.057
6180.000 2.144
6185.000 2.232
6190.000 2.345
6195.000 2.460
6200.000 2.613
6205.000 2.769
6210.000 2.945
6215.000 3.172
6220.000 3.388
6225.000 3.677
6230.000 3.804
6235.000 4.044
6240.000 4.563
6245.000 5.804
6250.000 6.169
6255.000 4.422
6260.000 3.229
6265.000 3.108
6270.000 3.223
6275.000 3.311
6280.000 3.353
6285.000 3.323
6290.000 3.220
6295.000 3.153
6300.000 3.020
6305.000 2.813
6310.000 2.637
6315.000 2.495
6320.000 2.314
6325.000 2.173
6330.000 2.034
6335.000 1.910
6340.000 1.808
6345.000 1.697
6350.000 1.611
6355.000 1.571
6360.000 1.479
6365.000 1.411
6370.000 1.341
6375.000 1.275
6380.000 1.220
6385.000 1.167
6390.000 1.120
6395.000 1.074
6400.000 1.033
6405.000 1.002
6410.000 0.982
6415.000 0.950
6420.000 0.926
6425.000 0.896
6430.000 0.871
6435.000 0.842
6440.000 0.819
6445.000 0.800
6450.000 0.776
6455.000 0.758
6460.000 0.734
6465.000 0.720
6470.000 0.705
6475.000 0.702
6480.000 0.687
6485.000 0.674
6490.000 0.663
6495.000 0.655
6500.000 0.647
6505.000 0.637
6510.000 0.629
6515.000 0.614
6520.000 0.610
6525.000 0.601
6530.000 0.593
6535.000 0.587
6540.000 0.580
6545.000 0.575
6550.000 0.570
6555.000 0.582
6560.000 0.612
6565.000 0.736
6570.000 1.346
6575.000 2.760
6580.000 5.042
6585.000 4.726
6590.000 0.560
6595.000 0.636
6600.000 0.614
6605.000 0.377
6610.000 0.467
6615.000 0.456
6620.000 0.464
6625.000 0.465
6630.000 0.469
6635.000 0.474
6640.000 0.473
6645.000 0.476
6650.000 0.476
6655.000 0.474
6660.000 0.475
6665.000 0.476
6670.000 0.472
6675.000 0.471
6680.000 0.471
6685.000 0.462
6690.000 0.461
6695.000 0.459
6700.000 0.457
6705.000 0.455
6710.000 0.455
6715.000 0.462
6720.000 0.463
6725.000 0.464
6730.000 0.464
6735.000 0.466
6740.000 0.463
6745.000 0.464
6750.000 0.457
6755.000 0.456
6760.000 0.455
6765.000 0.450
6770.000 0.452
6775.000 0.453
6780.000 0.450
6785.000 0.448
6790.000 0.450
6795.000 0.451
6800.000 0.457
6805.000 0.456
6810.000 0.453
6815.000 0.455
6820.000 0.456
6825.000 0.450
6830.000 0.448
6835.000 0.449
6840.000 0.446
6845.000 0.440
6850.000 0.444
6855.000 0.447
6860.000 0.444
6865.000 0.450
6870.000 0.450
6875.000 0.452
6880.000 0.451
6885.000 0.452
6890.000 0.452
6895.000 0.446
6900.000 0.449
6905.000 0.446
6910.000 0.444
6915.000 0.444
6920.000 0.442
6925.000 0.438
6930.000 0.443
6935.000 0.444
6940.000 0.442
6945.000 0.450
6950.000 0.448
6955.000 0.450
6960.000 0.449
6965.000 0.455
6970.000 0.443
6975.000 0.437
6980.000 0.446
6985.000 0.437
6990.000 0.439
6995.000 0.430
7000.000 0.439
7005.000 0.444
7010.000 0.443
7015.000 0.440
7020.000 0.446
7025.000 0.447
7030.000 0.441
7035.000 0.447
7040.000 0.445
7045.000 0.440
7050.000 0.440
7055.000 0.442
7060.000 0.429
7065.000 0.435
7070.000 0.435
7075.000 0.432
7080.000 0.439
7085.000 0.430
7090.000 0.438
7095.000 0.441
7100.000 0.442
7105.000 0.442
7110.000 0.445
7115.000 0.443
7120.000 0.444
7125.000 0.439
7130.000 0.435
7135.000 0.434
7140.000 0.431
7145.000 0.430
7150.000 0.432
7155.000 0.436
7160.000 0.435
7165.000 0.437
7170.000 0.440
7175.000 0.438
7180.000 0.439
7185.000 0.441
7190.000 0.437
7195.000 0.437
7200.000 0.437
7205.000 0.435
7210.000 0.429
7215.000 0.425
7220.000 0.426
7225.000 0.425
7230.000 0.429
7235.000 0.432
7240.000 0.434
7245.000 0.435
7250.000 0.434
7255.000 0.435
7260.000 0.432
7265.000 0.431
7270.000 0.428
7275.000 0.422
7280.000 0.423
7285.000 0.415
7290.000 0.415
7295.000 0.417
7300.000 0.416
7305.000 0.416
7310.000 0.417
7315.000 0.414
7320.000 0.417
7325.000 0.415
7330.000 0.418
7335.000 0.411
7340.000 0.405
7345.000 0.403
7350.000 0.396
7355.000 0.389
7360.000 0.384
7365.000 0.383
7370.000 0.376
7375.000 0.378
7380.000 0.372
7385.000 0.366
7390.000 0.369
7395.000 0.361
7400.000 0.357
7405.000 0.342
7410.000 0.325
7415.000 0.307
7420.000 0.279
7425.000 0.251
7430.000 0.195
7435.000 0.148
7440.000 0.140
7445.000 0.186
7450.000 0.420
7455.000 0.741
7460.000 1.275
7465.000 1.653
7470.000 1.592
7475.000 1.297
7480.000 1.229
7485.000 1.032
7490.000 0.768
7495.000 0.573
7500.000 0.494
7505.000 0.454
7510.000 0.436
7515.000 0.427
7520.000 0.421
7525.000 0.418
7530.000 0.416
7535.000 0.420
7540.000 0.421
7545.000 0.421
7550.000 0.423
7555.000 0.421
7560.000 0.418
7565.000 0.416
7570.000 0.416
7575.000 0.408
7580.000 0.409
7585.000 0.409
7590.000 0.410
7595.000 0.409
7600.000 0.411
7605.000 0.411
7610.000 0.416
7615.000 0.416
7620.000 0.414
7625.000 0.416
7630.000 0.416
7635.000 0.415
7640.000 0.408
7645.000 0.407
7650.000 0.404
7655.000 0.400
7660.000 0.401
7665.000 0.398
7670.000 0.400
7675.000 0.402
7680.000 0.403
7685.000 0.400
7690.000 0.404
7695.000 0.408
7700.000 0.407
7705.000 0.405
7710.000 0.402
7715.000 0.397
7720.000 0.391
7725.000 0.392
7730.000 0.386
7735.000 0.386
7740.000 0.384
7745.000 0.390
7750.000 0.388
7755.000 0.387
7760.000 0.390
7765.000 0.387
7770.000 0.390
7775.000 0.387
7780.000 0.387
7785.000 0.384
7790.000 0.382
7795.000 0.375
7800.000 0.373
7805.000 0.370
7810.000 0.370
7815.000 0.367
7820.000 0.367
7825.000 0.369
7830.000 0.364
7835.000 0.372
7840.000 0.373
7845.000 0.369
7850.000 0.368
7855.000 0.366
7860.000 0.359
7865.000 0.353
7870.000 0.354
7875.000 0.345
7880.000 0.342
7885.000 0.344
7890.000 0.340
7895.000 0.338
7900.000 0.341
7905.000 0.341
7910.000 0.335
7915.000 0.340
7920.000 0.332
7925.000 0.332
7930.000 0.327
7935.000 0.325
7940.000 0.319
7945.000 0.320
7950.000 0.308
7955.000 0.311
7960.000 0.308
7965.000 0.303
7970.000 0.309
7975.000 0.314
7980.000 0.309
7985.000 0.316
7990.000 0.319
7995.000 0.322
8000.000 0.325
8005.000 0.337
8010.000 0.355
8015.000 0.364
8020.000 0.397
8025.000 0.473
8030.000 0.539
8035.000 0.658
8040.000 0.813
8045.000 1.064
8050.000 1.463
8055.000 2.030
8060.000 2.581
8065.000 3.685
8070.000 3.873
8075.000 5.287
8080.000 1.545
8085.000 1.593
8090.000 1.352
8095.000 1.200
8100.000 1.057
8105.000 0.960
8110.000 0.883
8115.000 0.852
8120.000 0.805
8125.000 0.766
8130.000 0.729
8135.000 0.709
8140.000 0.680
8145.000 0.663
8150.000 0.640
8155.000 0.622
8160.000 0.604
8165.000 0.586
8170.000 0.574
8175.000 0.564
8180.000 0.554
8185.000 0.541
8190.000 0.531
8195.000 0.520
8200.000 0.526
8205.000 0.517
8210.000 0.512
8215.000 0.506
8220.000 0.499
8225.000 0.494
8230.000 0.482
8235.000 0.477
8240.000 0.472
8245.000 0.461
8250.000 0.457
8255.000 0.451
8260.000 0.445
8265.000 0.441
8270.000 0.439
8275.000 0.436
8280.000 0.438
8285.000 0.433
8290.000 0.432
8295.000 0.429
8300.000 0.422
8305.000 0.415
8310.000 0.409
8315.000 0.404
8320.000 0.390
8325.000 0.387
8330.000 0.384
8335.000 0.383
8340.000 0.376
8345.000 0.380
8350.000 0.375
8355.000 0.373
8360.000 0.374
8365.000 0.368
8370.000 0.364
8375.000 0.355
8380.000 0.351
8385.000 0.338
8390.000 0.336
8395.000 0.329
8400.000 0.320
8405.000 0.319
8410.000 0.318
8415.000 0.312
8420.000 0.310
8425.000 0.310
8430.000 0.304
8435.000 0.301
8440.000 0.297
8445.000 0.293
8450.000 0.282
8455.000 0.272
8460.000 0.269
8465.000 0.259
8470.000 0.251
8475.000 0.249
8480.000 0.248
8485.000 0.244
8490.000 0.248
8495.000 0.241
8500.000 0.242
8505.000 0.249
8510.000 0.248
8515.000 0.258
8520.000 0.281
8525.000 0.318
8530.000 0.434
8535.000 0.651
8540.000 1.026
8545.000 1.527
8550.000 2.962
8555.000 3.569
8560.000 0.553
8565.000 0.808
8570.000 1.003
8575.000 0.981
8580.000 1.018
8585.000 1.063
8590.000 1.134
8595.000 1.239
8600.000 1.363
8605.000 1.432
8610.000 1.626
8615.000 1.854
8620.000 2.106
8625.000 2.494
8630.000 2.884
8635.000 3.525
8640.000 4.215
8645.000 4.875
8650.000 5.534
8655.000 5.622
8660.000 5.453
8665.000 4.614
8670.000 3.836
8675.000 3.001
8680.000 2.425
8685.000 2.059
8690.000 1.905
8695.000 1.971
8700.000 2.000
8705.000 1.953
8710.000 1.894
8715.000 1.806
8720.000 1.744
8725.000 1.702
8730.000 1.630
8735.000 1.577
8740.000 1.514
8745.000 1.461
8750.000 1.414
8755.000 1.371
8760.000 1.333
8765.000 1.290
8770.000 1.256
8775.000 1.230
8780.000 1.197
8785.000 1.189
8790.000 1.170
8795.000 1.148
8800.000 1.129
8805.000 1.108
8810.000 1.094
8815.000 1.075
8820.000 1.039
8825.000 1.045
8830.000 1.001
8835.000 1.004
8840.000 0.985
8845.000 0.978
8850.000 0.971
8855.000 0.960
8860.000 0.948
8865.000 0.942
8870.000 0.938
8875.000 0.927
8880.000 0.920
8885.000 0.913
8890.000 0.904
8895.000 0.891
8900.000 0.882
8905.000 0.878
8910.000 0.865
8915.000 0.861
8920.000 0.850
8925.000 0.846
8930.000 0.838
8935.000 0.836
8940.000 0.828
8945.000 0.833
8950.000 0.832
8955.000 0.828
8960.000 0.826
8965.000 0.814
8970.000 0.805
8975.000 0.799
8980.000 0.789
8985.000 0.793
8990.000 0.786
8995.000 0.782
9000.000 0.775
9005.000 0.769
9010.000 0.776
9015.000 0.765
9020.000 0.774
9025.000 0.773
9030.000 0.774
9035.000 0.763
9040.000 0.761
9045.000 0.762
9050.000 0.744
9055.000 0.741
9060.000 0.740
9065.000 0.735
9070.000 0.733
9075.000 0.733
9080.000 0.734
9085.000 0.736
9090.000 0.728
9095.000 0.733
9100.000 0.734
9105.000 0.732
9110.000 0.729
9115.000 0.722
9120.000 0.721
9125.000 0.714
9130.000 0.708
9135.000 0.705
9140.000 0.707
9145.000 0.704
9150.000 0.702
9155.000 0.701
9160.000 0.704
9165.000 0.704
9170.000 0.708
9175.000 0.708
9180.000 0.705
9185.000 0.706
9190.000 0.702
9195.000 0.692
9200.000 0.694
9205.000 0.686
9210.000 0.682
9215.000 0.680
9220.000 0.681
9225.000 0.683
9230.000 0.683
9235.000 0.687
9240.000 0.687
9245.000 0.688
9250.000 0.687
9255.000 0.686
9260.000 0.681
9265.000 0.684
9270.000 0.672
9275.000 0.676
9280.000 0.673
9285.000 0.667
9290.000 0.667
9295.000 0.666
9300.000 0.669
9305.000 0.669
9310.000 0.671
9315.000 0.673
9320.000 0.673
9325.000 0.674
9330.000 0.673
9335.000 0.672
9340.000 0.667
9345.000 0.669
9350.000 0.663
9355.000 0.658
9360.000 0.656
9365.000 0.656
9370.000 0.657
9375.000 0.658
9380.000 0.662
9385.000 0.662
9390.000 0.668
9395.000 0.673
9400.000 0.667
9405.000 0.666
9410.000 0.668
9415.000 0.663
9420.000 0.664
9425.000 0.664
9430.000 0.665
9435.000 0.663
9440.000 0.667
9445.000 0.670
9450.000 0.676
9455.000 0.681
9460.000 0.695
9465.000 0.708
9470.000 0.729
9475.000 0.764
9480.000 0.790
9485.000 0.829
9490.000 0.760
9495.000 0.680
9500.000 0.758
9505.000 1.391
9510.000 0.750
9515.000 0.655
9520.000 0.686
9525.000 0.660
9530.000 0.651
9535.000 0.653
9540.000 0.648
9545.000 0.648
9550.000 0.644
9555.000 0.643
9560.000 0.636
9565.000 0.636
9570.000 0.632
9575.000 0.628
9580.000 0.628
9585.000 0.627
9590.000 0.629
9595.000 0.627
9600.000 0.631
9605.000 0.634
9610.000 0.636
9615.000 0.636
9620.000 0.640
9625.000 0.639
9630.000 0.638
9635.000 0.636
9640.000 0.633
9645.000 0.632
9650.000 0.627
9655.000 0.627
9660.000 0.626
9665.000 0.632
9670.000 0.630
9675.000 0.632
9680.000 0.637
9685.000 0.637
9690.000 0.645
9695.000 0.645
9700.000 0.645
9705.000 0.643
9710.000 0.641
9715.000 0.637
9720.000 0.639
9725.000 0.640
9730.000 0.639
9735.000 0.640
9740.000 0.642
9745.000 0.651
9750.000 0.655
9755.000 0.665
9760.000 0.662
9765.000 0.670
9770.000 0.673
9775.000 0.679
9780.000 0.682
9785.000 0.685
9790.000 0.697
9795.000 0.699
9800.000 0.709
9805.000 0.719
9810.000 0.730
9815.000 0.728
9820.000 0.731
9825.000 0.685
9830.000 0.595
9835.000 0.477
9840.000 0.351
9845.000 0.305
9850.000 0.297
9855.000 0.319
9860.000 0.344
9865.000 0.373
9870.000 0.384
9875.000 0.345
9880.000 0.305
9885.000 0.232
9890.000 0.410
9895.000 0.633
9900.000 0.743
9905.000 0.755
9910.000 0.750
9915.000 0.735
9920.000 0.713
9925.000 0.701
9930.000 0.691
9935.000 0.679
9940.000 0.671
9945.000 0.665
9950.000 0.656
9955.000 0.651
9960.000 0.647
9965.000 0.648
9970.000 0.646
9975.000 0.650
9980.000 0.643
9985.000 0.647
9990.000 0.651
9995.000 0.644
10000.000 0.644
10005.000 0.637
10010.000 0.635
10015.000 0.625
10020.000 0.628
10025.000 0.627
10030.000 0.621
10035.000 0.625
10040.000 0.624
10045.000 0.631
10050.000 0.627
10055.000 0.632
10060.000 0.639
10065.000 0.635
10070.000 0.633
10075.000 0.637
10080.000 0.631
10085.000 0.628
10090.000 0.627
10095.000 0.625
10100.000 0.624
10105.000 0.628
10110.000 0.631
10115.000 0.631
10120.000 0.638
10125.000 0.646
10130.000 0.646
10135.000 0.656
10140.000 0.655
10145.000 0.661
10150.000 0.666
10155.000 0.676
10160.000 0.689
10165.000 0.730
10170.000 0.780
10175.000 0.901
10180.000 1.023
10185.000 0.919
10190.000 1.097
10195.000 1.353
10200.000 0.531
10205.000 0.810
10210.000 0.705
10215.000 0.636
10220.000 0.640
10225.000 0.633
10230.000 0.629
10235.000 0.622
10240.000 0.619
10245.000 0.619
10250.000 0.618
10255.000 0.617
10260.000 0.624
10265.000 0.627
10270.000 0.626
10275.000 0.629
10280.000 0.631
10285.000 0.630
10290.000 0.628
10295.000 0.628
10300.000 0.627
10305.000 0.622
10310.000 0.623
10315.000 0.618
10320.000 0.623
10325.000 0.625
10330.000 0.628
10335.000 0.627
10340.000 0.628
10345.000 0.639
10350.000 0.636
10355.000 0.640
10360.000 0.641
10365.000 0.640
10370.000 0.636
10375.000 0.639
10380.000 0.632
10385.000 0.632
10390.000 0.633
10395.000 0.635
10400.000 0.635
10405.000 0.635
10410.000 0.642
10415.000 0.646
10420.000 0.647
10425.000 0.652
10430.000 0.654
10435.000 0.650
10440.000 0.655
10445.000 0.652
10450.000 0.650
10455.000 0.648
10460.000 0.648
10465.000 0.648
10470.000 0.649
10475.000 0.656
10480.000 0.656
10485.000 0.661
10490.000 0.663
10495.000 0.669
10500.000 0.673
10505.000 0.672
10510.000 0.669
10515.000 0.671
10520.000 0.672
10525.000 0.665
10530.000 0.667
10535.000 0.668
10540.000 0.670
10545.000 0.671
10550.000 0.675
10555.000 0.680
10560.000 0.683
10565.000 0.691
10570.000 0.691
10575.000 0.698
10580.000 0.697
10585.000 0.700
10590.000 0.698
10595.000 0.702
10600.000 0.704
10605.000 0.702
10610.000 0.705
10615.000 0.709
10620.000 0.710
10625.000 0.715
10630.000 0.720
10635.000 0.725
10640.000 0.734
10645.000 0.740
10650.000 0.743
10655.000 0.744
10660.000 0.751
10665.000 0.751
10670.000 0.756
10675.000 0.759
10680.000 0.762
10685.000 0.768
10690.000 0.768
10695.000 0.774
10700.000 0.784
10705.000 0.793
10710.000 0.805
10715.000 0.814
10720.000 0.825
10725.000 0.834
10730.000 0.840
10735.000 0.850
10740.000 0.862
10745.000 0.868
10750.000 0.880
10755.000 0.890
10760.000 0.898
10765.000 0.916
10770.000 0.932
10775.000 0.959
10780.000 0.981
10785.000 1.010
10790.000 1.044
10795.000 1.068
10800.000 1.110
10805.000 1.152
10810.000 1.189
10815.000 1.225
10820.000 1.290
10825.000 1.363
10830.000 1.474
10835.000 1.576
10840.000 1.780
10845.000 2.003
10850.000 2.235
10855.000 2.564
10860.000 2.643
10865.000 2.079
10870.000 1.611
10875.000 0.900
10880.000 0.502
10885.000 0.616
10890.000 0.326
10895.000 0.249
10900.000 0.150
10905.000 0.218
10910.000 0.294
10915.000 0.362
10920.000 0.432
10925.000 0.488
10930.000 0.557
10935.000 0.584
10940.000 0.638
10945.000 0.708
10950.000 0.774
10955.000 0.829
10960.000 0.913
10965.000 0.982
10970.000 1.089
10975.000 1.199
10980.000 1.299
10985.000 1.440
10990.000 1.532
10995.000 1.558
11000.000 1.576
11005.000 1.495
11010.000 1.274
11015.000 1.038
11020.000 0.848
11025.000 0.641
11030.000 0.515
11035.000 0.362
11040.000 0.260
11045.000 0.196
11050.000 0.185
11055.000 0.246
11060.000 0.300
11065.000 0.417
11070.000 0.473
11075.000 0.464
11080.000 0.393
11085.000 0.316
11090.000 0.243
11095.000 0.206
11100.000 0.162
11105.000 0.143
11110.000 0.134
11115.000 0.134
11120.000 0.130
11125.000 0.132
11130.000 0.137
11135.000 0.143
11140.000 0.154
11145.000 0.162
11150.000 0.171
11155.000 0.179
11160.000 0.187
11165.000 0.194
11170.000 0.201
11175.000 0.202
11180.000 0.203
11185.000 0.206
11190.000 0.211
11195.000 0.215
11200.000 0.219
11205.000 0.221
11210.000 0.230
11215.000 0.235
11220.000 0.239
11225.000 0.246
11230.000 0.253
11235.000 0.255
11240.000 0.260
11245.000 0.262
11250.000 0.264
11255.000 0.265
11260.000 0.261
11265.000 0.268
11270.000 0.270
11275.000 0.271
11280.000 0.270
11285.000 0.277
11290.000 0.280
11295.000 0.284
11300.000 0.287
11305.000 0.289
11310.000 0.293
11315.000 0.294
11320.000 0.294
11325.000 0.298
11330.000 0.296
11335.000 0.293
11340.000 0.296
11345.000 0.297
11350.000 0.299
11355.000 0.297
11360.000 0.301
11365.000 0.303
11370.000 0.305
11375.000 0.310
11380.000 0.313
11385.000 0.313
11390.000 0.316
11395.000 0.319
11400.000 0.316
11405.000 0.315
11410.000 0.312
11415.000 0.312
11420.000 0.313
11425.000 0.312
11430.000 0.313
11435.000 0.313
11440.000 0.321
11445.000 0.319
11450.000 0.323
11455.000 0.327
11460.000 0.327
11465.000 0.322
11470.000 0.329
11475.000 0.323
11480.000 0.323
11485.000 0.325
11490.000 0.320
11495.000 0.319
11500.000 0.320
11505.000 0.323
11510.000 0.324
11515.000 0.324
11520.000 0.323
11525.000 0.324
11530.000 0.328
11535.000 0.326
11540.000 0.324
11545.000 0.322
11550.000 0.324
11555.000 0.321
11560.000 0.321
11565.000 0.321
11570.000 0.316
11575.000 0.314
11580.000 0.316
11585.000 0.310
11590.000 0.315
11595.000 0.315
11600.000 0.314
11605.000 0.314
11610.000 0.312
11615.000 0.308
11620.000 0.302
11625.000 0.298
11630.000 0.294
11635.000 0.288
11640.000 0.283
11645.000 0.277
11650.000 0.272
11655.000 0.266
11660.000 0.261
11665.000 0.256
11670.000 0.248
11675.000 0.244
11680.000 0.231
11685.000 0.212
11690.000 0.197
11695.000 0.183
11700.000 0.163
11705.000 0.164
11710.000 0.194
11715.000 0.293
11720.000 0.449
11725.000 0.580
11730.000 1.051
11735.000 1.323
11740.000 0.888
11745.000 1.093
11750.000 1.355
11755.000 0.909
11760.000 0.820
11765.000 0.730
11770.000 0.678
11775.000 0.643
11780.000 0.609
11785.000 0.592
11790.000 0.582
11795.000 0.566
11800.000 0.553
11805.000 0.539
11810.000 0.531
11815.000 0.525
11820.000 0.519
11825.000 0.516
11830.000 0.509
11835.000 0.500
11840.000 0.498
11845.000 0.494
11850.000 0.491
11855.000 0.484
11860.000 0.481
11865.000 0.477
11870.000 0.478
11875.000 0.474
11880.000 0.477
11885.000 0.472
11890.000 0.470
11895.000 0.471
11900.000 0.473
11905.000 0.471
11910.000 0.470
11915.000 0.467
11920.000 0.462
11925.000 0.464
11930.000 0.459
11935.000 0.460
11940.000 0.463
11945.000 0.462
11950.000 0.458
11955.000 0.462
11960.000 0.462
11965.000 0.469
11970.000 0.468
11975.000 0.470
11980.000 0.475
11985.000 0.471
11990.000 0.473
11995.000 0.478
12000.000 0.480
