105.000 2.013
110.000 2.026
115.000 2.009
120.000 2.214
125.000 2.227
130.000 2.193
135.000 2.114
140.000 2.352
145.000 2.247
150.000 2.237
155.000 2.295
160.000 2.244
165.000 2.199
170.000 2.277
175.000 2.248
180.000 2.310
185.000 2.253
190.000 2.329
195.000 2.288
200.000 2.365
205.000 2.343
210.000 2.368
215.000 2.404
220.000 2.465
225.000 2.462
230.000 2.509
235.000 2.517
240.000 2.568
245.000 2.604
250.000 2.620
255.000 2.644
260.000 2.722
265.000 2.750
270.000 2.803
275.000 2.863
280.000 2.893
285.000 2.993
290.000 3.063
295.000 3.090
300.000 3.198
305.000 3.243
310.000 3.346
315.000 3.433
320.000 3.535
325.000 3.691
330.000 3.789
335.000 3.938
340.000 4.071
345.000 4.229
350.000 4.411
355.000 4.576
360.000 4.694
365.000 4.914
370.000 5.108
375.000 5.307
380.000 5.533
385.000 5.731
390.000 5.918
395.000 6.064
400.000 6.155
405.000 6.192
410.000 6.152
415.000 6.110
420.000 5.975
425.000 5.752
430.000 5.503
435.000 5.190
440.000 4.879
445.000 4.563
450.000 4.247
455.000 3.973
460.000 3.680
465.000 3.436
470.000 3.219
475.000 2.990
480.000 2.906
485.000 2.710
490.000 2.548
495.000 2.394
500.000 2.251
505.000 2.130
510.000 2.015
515.000 1.905
520.000 1.792
525.000 1.726
530.000 1.628
535.000 1.550
540.000 1.525
545.000 1.459
550.000 1.386
555.000 1.339
560.000 1.281
565.000 1.238
570.000 1.188
575.000 1.142
580.000 1.110
585.000 1.065
590.000 1.035
595.000 0.996
600.000 0.973
605.000 0.941
610.000 0.926
615.000 0.905
620.000 0.880
625.000 0.850
630.000 0.830
635.000 0.808
640.000 0.781
645.000 0.768
650.000 0.762
655.000 0.733
660.000 0.723
665.000 0.716
670.000 0.699
675.000 0.684
680.000 0.669
685.000 0.658
690.000 0.654
695.000 0.639
700.000 0.632
705.000 0.622
710.000 0.616
715.000 0.608
720.000 0.600
725.000 0.588
730.000 0.574
735.000 0.581
740.000 0.565
745.000 0.566
750.000 0.559
755.000 0.559
760.000 0.557
765.000 0.548
770.000 0.543
775.000 0.547
780.000 0.546
785.000 0.546
790.000 0.553
795.000 0.554
800.000 0.538
805.000 0.543
810.000 0.532
815.000 0.531
820.000 0.529
825.000 0.524
830.000 0.515
835.000 0.517
840.000 0.507
845.000 0.511
850.000 0.504
855.000 0.501
860.000 0.510
865.000 0.504
870.000 0.500
875.000 0.497
880.000 0.504
885.000 0.497
890.000 0.494
895.000 0.499
900.000 0.497
905.000 0.492
910.000 0.493
915.000 0.498
920.000 0.491
925.000 0.490
930.000 0.489
935.000 0.491
940.000 0.490
945.000 0.500
950.000 0.482
955.000 0.491
960.000 0.482
965.000 0.487
970.000 0.487
975.000 0.487
980.000 0.497
985.000 0.483
990.000 0.492
995.000 0.494
1000.000 0.479
1005.000 0.479
1010.000 0.487
1015.000 0.482
1020.000 0.488
1025.000 0.493
1030.000 0.489
1035.000 0.493
1040.000 0.491
1045.000 0.486
1050.000 0.495
1055.000 0.492
1060.000 0.488
1065.000 0.489
1070.000 0.485
1075.000 0.491
1080.000 0.495
1085.000 0.487
1090.000 0.498
1095.000 0.491
1100.000 0.486
1105.000 0.490
1110.000 0.495
1115.000 0.493
1120.000 0.494
1125.000 0.489
1130.000 0.493
1135.000 0.492
1140.000 0.492
1145.000 0.495
1150.000 0.496
1155.000 0.494
1160.000 0.494
1165.000 0.500
1170.000 0.497
1175.000 0.495
1180.000 0.490
1185.000 0.496
1190.000 0.501
1195.000 0.502
1200.000 0.497
1205.000 0.500
1210.000 0.501
1215.000 0.507
1220.000 0.502
1225.000 0.505
1230.000 0.508
1235.000 0.503
1240.000 0.507
1245.000 0.502
1250.000 0.506
1255.000 0.510
1260.000 0.509
1265.000 0.510
1270.000 0.510
1275.000 0.512
1280.000 0.515
1285.000 0.514
1290.000 0.514
1295.000 0.509
1300.000 0.512
1305.000 0.513
1310.000 0.514
1315.000 0.516
1320.000 0.516
1325.000 0.521
1330.000 0.523
1335.000 0.519
1340.000 0.522
1345.000 0.526
1350.000 0.526
1355.000 0.523
1360.000 0.523
1365.000 0.531
1370.000 0.521
1375.000 0.528
1380.000 0.529
1385.000 0.529
1390.000 0.529
1395.000 0.527
1400.000 0.529
1405.000 0.536
1410.000 0.531
1415.000 0.532
1420.000 0.527
1425.000 0.528
1430.000 0.524
1435.000 0.530
1440.000 0.522
1445.000 0.519
1450.000 0.518
1455.000 0.515
1460.000 0.516
1465.000 0.516
1470.000 0.515
1475.000 0.519
1480.000 0.523
1485.000 0.523
1490.000 0.532
1495.000 0.533
1500.000 0.541
1505.000 0.541
1510.000 0.544
1515.000 0.548
1520.000 0.549
1525.000 0.555
1530.000 0.557
1535.000 0.560
1540.000 0.562
1545.000 0.566
1550.000 0.571
1555.000 0.577
1560.000 0.584
1565.000 0.584
1570.000 0.585
1575.000 0.589
1580.000 0.591
1585.000 0.599
1590.000 0.596
1595.000 0.602
1600.000 0.608
1605.000 0.614
1610.000 0.619
1615.000 0.624
1620.000 0.626
1625.000 0.629
1630.000 0.639
1635.000 0.637
1640.000 0.640
1645.000 0.647
1650.000 0.655
1655.000 0.659
1660.000 0.664
1665.000 0.672
1670.000 0.676
1675.000 0.684
1680.000 0.690
1685.000 0.700
1690.000 0.705
1695.000 0.711
1700.000 0.714
1705.000 0.728
1710.000 0.732
1715.000 0.742
1720.000 0.748
1725.000 0.755
1730.000 0.763
1735.000 0.771
1740.000 0.780
1745.000 0.792
1750.000 0.806
1755.000 0.809
1760.000 0.819
1765.000 0.828
1770.000 0.831
1775.000 0.842
1780.000 0.852
1785.000 0.866
1790.000 0.879
1795.000 0.884
1800.000 0.895
1805.000 0.906
1810.000 0.916
1815.000 0.919
1820.000 0.928
1825.000 0.930
1830.000 0.934
1835.000 0.945
1840.000 0.951
1845.000 0.959
1850.000 0.958
1855.000 0.961
1860.000 0.962
1865.000 0.971
1870.000 0.968
1875.000 0.965
1880.000 0.965
1885.000 0.963
1890.000 0.955
1895.000 0.952
1900.000 0.949
1905.000 0.940
1910.000 0.936
1915.000 0.927
1920.000 0.920
1925.000 0.912
1930.000 0.906
1935.000 0.904
1940.000 0.898
1945.000 0.885
1950.000 0.875
1955.000 0.867
1960.000 0.856
1965.000 0.856
1970.000 0.836
1975.000 0.827
1980.000 0.825
1985.000 0.809
1990.000 0.806
1995.000 0.800
2000.000 0.801
2005.000 0.783
2010.000 0.782
2015.000 0.755
2020.000 0.758
2025.000 0.744
2030.000 0.739
2035.000 0.725
2040.000 0.721
2045.000 0.718
2050.000 0.712
2055.000 0.705
2060.000 0.694
2065.000 0.687
2070.000 0.686
2075.000 0.680
2080.000 0.677
2085.000 0.669
2090.000 0.663
2095.000 0.658
2100.000 0.646
2105.000 0.648
2110.000 0.637
2115.000 0.636
2120.000 0.630
2125.000 0.627
2130.000 0.622
2135.000 0.618
2140.000 0.613
2145.000 0.606
2150.000 0.605
2155.000 0.598
2160.000 0.594
2165.000 0.593
2170.000 0.589
2175.000 0.585
2180.000 0.574
2185.000 0.571
2190.000 0.569
2195.000 0.560
2200.000 0.552
2205.000 0.549
2210.000 0.542
2215.000 0.535
2220.000 0.525
2225.000 0.518
2230.000 0.505
2235.000 0.496
2240.000 0.482
2245.000 0.478
2250.000 0.460
2255.000 0.432
2260.000 0.417
2265.000 0.406
2270.000 0.368
2275.000 0.390
2280.000 0.508
2285.000 0.764
2290.000 1.404
2295.000 2.691
2300.000 5.912
2305.000 8.583
2310.000 15.969
2315.000 16.835
2320.000 1.503
2325.000 0.407
2330.000 0.362
2335.000 0.112
2340.000 0.238
2345.000 0.326
2350.000 0.398
2355.000 0.441
2360.000 0.468
2365.000 0.488
2370.000 0.496
2375.000 0.512
2380.000 0.526
2385.000 0.534
2390.000 0.538
2395.000 0.541
2400.000 0.548
2405.000 0.552
2410.000 0.559
2415.000 0.559
2420.000 0.562
2425.000 0.567
2430.000 0.566
2435.000 0.569
2440.000 0.571
2445.000 0.573
2450.000 0.575
2455.000 0.577
2460.000 0.581
2465.000 0.583
2470.000 0.578
2475.000 0.581
2480.000 0.582
2485.000 0.586
2490.000 0.583
2495.000 0.588
2500.000 0.585
2505.000 0.588
2510.000 0.590
2515.000 0.589
2520.000 0.592
2525.000 0.596
2530.000 0.599
2535.000 0.601
2540.000 0.601
2545.000 0.604
2550.000 0.606
2555.000 0.610
2560.000 0.609
2565.000 0.608
2570.000 0.615
2575.000 0.616
2580.000 0.616
2585.000 0.624
2590.000 0.625
2595.000 0.627
2600.000 0.628
2605.000 0.634
2610.000 0.633
2615.000 0.640
2620.000 0.637
2625.000 0.644
2630.000 0.647
2635.000 0.651
2640.000 0.650
2645.000 0.657
2650.000 0.661
2655.000 0.668
2660.000 0.671
2665.000 0.678
2670.000 0.679
2675.000 0.683
2680.000 0.691
2685.000 0.690
2690.000 0.696
2695.000 0.703
2700.000 0.708
2705.000 0.708
2710.000 0.719
2715.000 0.721
2720.000 0.727
2725.000 0.733
2730.000 0.737
2735.000 0.740
2740.000 0.753
2745.000 0.761
2750.000 0.761
2755.000 0.768
2760.000 0.776
2765.000 0.778
2770.000 0.790
2775.000 0.792
2780.000 0.803
2785.000 0.808
2790.000 0.814
2795.000 0.817
2800.000 0.826
2805.000 0.837
2810.000 0.841
2815.000 0.846
2820.000 0.851
2825.000 0.863
2830.000 0.874
2835.000 0.877
2840.000 0.882
2845.000 0.891
2850.000 0.894
2855.000 0.899
2860.000 0.902
2865.000 0.912
2870.000 0.917
2875.000 0.924
2880.000 0.926
2885.000 0.935
2890.000 0.939
2895.000 0.944
2900.000 0.947
2905.000 0.960
2910.000 0.958
2915.000 0.967
2920.000 0.967
2925.000 0.975
2930.000 0.971
2935.000 0.973
2940.000 0.974
2945.000 0.984
2950.000 0.979
2955.000 0.989
2960.000 0.990
2965.000 0.981
2970.000 0.984
2975.000 0.984
2980.000 0.987
2985.000 0.986
2990.000 0.989
2995.000 0.980
3000.000 0.994
3005.000 0.994
3010.000 0.989
3015.000 0.993
3020.000 0.981
3025.000 0.991
3030.000 0.977
3035.000 0.982
3040.000 0.977
3045.000 0.978
3050.000 0.976
3055.000 0.973
3060.000 0.975
3065.000 0.971
3070.000 0.969
3075.000 0.969
3080.000 0.966
3085.000 0.966
3090.000 0.957
3095.000 0.963
3100.000 0.956
3105.000 0.961
3110.000 0.954
3115.000 0.954
3120.000 0.955
3125.000 0.954
3130.000 0.955
3135.000 0.953
3140.000 0.946
3145.000 0.944
3150.000 0.945
3155.000 0.940
3160.000 0.941
3165.000 0.939
3170.000 0.941
3175.000 0.936
3180.000 0.936
3185.000 0.938
3190.000 0.936
3195.000 0.941
3200.000 0.937
3205.000 0.934
3210.000 0.935
3215.000 0.943
3220.000 0.932
3225.000 0.937
3230.000 0.934
3235.000 0.933
3240.000 0.933
3245.000 0.936
3250.000 0.937
3255.000 0.938
3260.000 0.940
3265.000 0.939
3270.000 0.939
3275.000 0.939
3280.000 0.942
3285.000 0.942
3290.000 0.946
3295.000 0.949
3300.000 0.948
3305.000 0.951
3310.000 0.950
3315.000 0.955
3320.000 0.959
3325.000 0.961
3330.000 0.964
3335.000 0.967
3340.000 0.970
3345.000 0.973
3350.000 0.978
3355.000 0.978
3360.000 0.983
3365.000 0.989
3370.000 0.992
3375.000 0.992
3380.000 1.004
3385.000 1.004
3390.000 1.011
3395.000 1.008
3400.000 1.018
3405.000 1.031
3410.000 1.033
3415.000 1.041
3420.000 1.054
3425.000 1.060
3430.000 1.065
3435.000 1.074
3440.000 1.082
3445.000 1.094
3450.000 1.105
3455.000 1.111
3460.000 1.118
3465.000 1.130
3470.000 1.144
3475.000 1.159
3480.000 1.168
3485.000 1.188
3490.000 1.202
3495.000 1.214
3500.000 1.235
3505.000 1.252
3510.000 1.273
3515.000 1.293
3520.000 1.300
3525.000 1.324
3530.000 1.348
3535.000 1.375
3540.000 1.404
3545.000 1.435
3550.000 1.463
3555.000 1.498
3560.000 1.534
3565.000 1.577
3570.000 1.619
3575.000 1.669
3580.000 1.718
3585.000 1.746
3590.000 1.805
3595.000 1.873
3600.000 1.938
3605.000 2.019
3610.000 2.109
3615.000 2.209
3620.000 2.318
3625.000 2.448
3630.000 2.596
3635.000 2.759
3640.000 2.847
3645.000 3.062
3650.000 3.307
3655.000 3.607
3660.000 3.951
3665.000 4.367
3670.000 4.930
3675.000 5.620
3680.000 6.460
3685.000 7.710
3690.000 9.580
3695.000 15.813
3700.000 21.917
3705.000 33.836
3710.000 26.853
3715.000 15.852
3720.000 10.960
3725.000 8.141
3730.000 6.611
3735.000 5.433
3740.000 4.651
3745.000 4.090
3750.000 3.594
3755.000 3.254
3760.000 2.935
3765.000 2.798
3770.000 2.574
3775.000 2.371
3780.000 2.204
3785.000 2.065
3790.000 1.931
3795.000 1.830
3800.000 1.719
3805.000 1.637
3810.000 1.560
3815.000 1.483
3820.000 1.427
3825.000 1.392
3830.000 1.335
3835.000 1.290
3840.000 1.242
3845.000 1.198
3850.000 1.157
3855.000 1.118
3860.000 1.089
3865.000 1.055
3870.000 1.028
3875.000 1.004
3880.000 0.992
3885.000 0.966
3890.000 0.944
3895.000 0.927
3900.000 0.903
3905.000 0.885
3910.000 0.868
3915.000 0.852
3920.000 0.834
3925.000 0.826
3930.000 0.812
3935.000 0.798
3940.000 0.790
3945.000 0.781
3950.000 0.772
3955.000 0.759
3960.000 0.752
3965.000 0.750
3970.000 0.728
3975.000 0.724
3980.000 0.727
3985.000 0.703
3990.000 0.700
3995.000 0.705
4000.000 0.685
4005.000 0.683
4010.000 0.685
4015.000 0.692
4020.000 0.683
4025.000 0.681
4030.000 0.660
4035.000 0.666
4040.000 0.662
4045.000 0.656
4050.000 0.648
4055.000 0.647
4060.000 0.650
4065.000 0.639
4070.000 0.640
4075.000 0.638
4080.000 0.641
4085.000 0.641
4090.000 0.636
4095.000 0.636
4100.000 0.633
4105.000 0.631
4110.000 0.630
4115.000 0.626
4120.000 0.624
4125.000 0.626
4130.000 0.623
4135.000 0.620
4140.000 0.620
4145.000 0.617
4150.000 0.614
4155.000 0.613
4160.000 0.615
4165.000 0.610
4170.000 0.610
4175.000 0.609
4180.000 0.609
4185.000 0.609
4190.000 0.606
4195.000 0.600
4200.000 0.599
4205.000 0.596
4210.000 0.590
4215.000 0.588
4220.000 0.587
4225.000 0.578
4230.000 0.581
4235.000 0.574
4240.000 0.572
4245.000 0.569
4250.000 0.567
4255.000 0.564
4260.000 0.558
4265.000 0.554
4270.000 0.548
4275.000 0.547
4280.000 0.544
4285.000 0.544
4290.000 0.542
4295.000 0.541
4300.000 0.541
4305.000 0.540
4310.000 0.539
4315.000 0.540
4320.000 0.535
4325.000 0.534
4330.000 0.538
4335.000 0.532
4340.000 0.533
4345.000 0.535
4350.000 0.530
4355.000 0.528
4360.000 0.527
4365.000 0.528
4370.000 0.528
4375.000 0.529
4380.000 0.527
4385.000 0.529
4390.000 0.530
4395.000 0.530
4400.000 0.533
4405.000 0.529
4410.000 0.531
4415.000 0.526
4420.000 0.525
4425.000 0.527
4430.000 0.523
4435.000 0.525
4440.000 0.525
4445.000 0.528
4450.000 0.530
4455.000 0.527
4460.000 0.524
4465.000 0.524
4470.000 0.526
4475.000 0.527
4480.000 0.524
4485.000 0.526
4490.000 0.528
4495.000 0.524
4500.000 0.527
4505.000 0.524
4510.000 0.522
4515.000 0.522
4520.000 0.524
4525.000 0.523
4530.000 0.526
4535.000 0.525
4540.000 0.526
4545.000 0.530
4550.000 0.525
4555.000 0.526
4560.000 0.524
4565.000 0.523
4570.000 0.525
4575.000 0.520
4580.000 0.522
4585.000 0.522
4590.000 0.522
4595.000 0.523
4600.000 0.524
4605.000 0.525
4610.000 0.522
4615.000 0.527
4620.000 0.523
4625.000 0.525
4630.000 0.524
4635.000 0.523
4640.000 0.520
4645.000 0.520
4650.000 0.519
4655.000 0.519
4660.000 0.518
4665.000 0.519
4670.000 0.521
4675.000 0.520
4680.000 0.520
4685.000 0.524
4690.000 0.521
4695.000 0.521
4700.000 0.522
4705.000 0.518
4710.000 0.518
4715.000 0.520
4720.000 0.517
4725.000 0.520
4730.000 0.515
4735.000 0.516
4740.000 0.516
4745.000 0.515
4750.000 0.521
4755.000 0.518
4760.000 0.521
4765.000 0.523
4770.000 0.521
4775.000 0.519
4780.000 0.520
4785.000 0.520
4790.000 0.517
4795.000 0.516
4800.000 0.514
4805.000 0.518
4810.000 0.515
4815.000 0.518
4820.000 0.516
4825.000 0.516
4830.000 0.521
4835.000 0.519
4840.000 0.521
4845.000 0.524
4850.000 0.522
4855.000 0.521
4860.000 0.525
4865.000 0.521
4870.000 0.525
4875.000 0.522
4880.000 0.524
4885.000 0.527
4890.000 0.532
4895.000 0.534
4900.000 0.538
4905.000 0.538
4910.000 0.549
4915.000 0.555
4920.000 0.559
4925.000 0.569
4930.000 0.574
4935.000 0.595
4940.000 0.612
4945.000 0.656
4950.000 0.712
4955.000 0.823
4960.000 1.060
4965.000 1.595
4970.000 2.767
4975.000 4.873
4980.000 5.181
4985.000 1.103
4990.000 0.914
4995.000 1.030
5000.000 2.400
5005.000 1.606
5010.000 0.901
5015.000 0.615
5020.000 0.557
5025.000 0.517
5030.000 0.512
5035.000 0.491
5040.000 0.493
5045.000 0.483
5050.000 0.480
5055.000 0.475
5060.000 0.476
5065.000 0.474
5070.000 0.471
5075.000 0.470
5080.000 0.465
5085.000 0.463
5090.000 0.465
5095.000 0.461
5100.000 0.460
5105.000 0.462
5110.000 0.459
5115.000 0.463
5120.000 0.461
5125.000 0.458
5130.000 0.465
5135.000 0.467
5140.000 0.461
5145.000 0.459
5150.000 0.460
5155.000 0.456
5160.000 0.457
5165.000 0.452
5170.000 0.452
5175.000 0.452
5180.000 0.452
5185.000 0.452
5190.000 0.451
5195.000 0.456
5200.000 0.452
5205.000 0.454
5210.000 0.456
5215.000 0.455
5220.000 0.454
5225.000 0.456
5230.000 0.452
5235.000 0.450
5240.000 0.451
5245.000 0.447
5250.000 0.446
5255.000 0.449
5260.000 0.455
5265.000 0.455
5270.000 0.458
5275.000 0.460
5280.000 0.459
5285.000 0.463
5290.000 0.468
5295.000 0.463
5300.000 0.464
5305.000 0.466
5310.000 0.466
5315.000 0.466
5320.000 0.468
5325.000 0.475
5330.000 0.473
5335.000 0.473
5340.000 0.476
5345.000 0.480
5350.000 0.481
5355.000 0.490
5360.000 0.490
5365.000 0.491
5370.000 0.495
5375.000 0.496
5380.000 0.500
5385.000 0.497
5390.000 0.503
5395.000 0.505
5400.000 0.507
5405.000 0.510
5410.000 0.513
5415.000 0.517
5420.000 0.523
5425.000 0.527
5430.000 0.534
5435.000 0.536
5440.000 0.537
5445.000 0.543
5450.000 0.546
5455.000 0.545
5460.000 0.550
5465.000 0.551
5470.000 0.552
5475.000 0.555
5480.000 0.560
5485.000 0.563
5490.000 0.568
5495.000 0.573
5500.000 0.580
5505.000 0.579
5510.000 0.587
5515.000 0.589
5520.000 0.588
5525.000 0.594
5530.000 0.591
5535.000 0.596
5540.000 0.596
5545.000 0.595
5550.000 0.600
5555.000 0.601
5560.000 0.609
5565.000 0.609
5570.000 0.613
5575.000 0.621
5580.000 0.620
5585.000 0.626
5590.000 0.628
5595.000 0.629
5600.000 0.635
5605.000 0.636
5610.000 0.634
5615.000 0.636
5620.000 0.642
5625.000 0.641
5630.000 0.643
5635.000 0.650
5640.000 0.655
5645.000 0.656
5650.000 0.659
5655.000 0.665
5660.000 0.670
5665.000 0.668
5670.000 0.674
5675.000 0.674
5680.000 0.674
5685.000 0.678
5690.000 0.678
5695.000 0.682
5700.000 0.682
5705.000 0.690
5710.000 0.692
5715.000 0.692
5720.000 0.699
5725.000 0.704
5730.000 0.710
5735.000 0.712
5740.000 0.717
5745.000 0.716
5750.000 0.723
5755.000 0.722
5760.000 0.723
5765.000 0.730
5770.000 0.728
5775.000 0.731
5780.000 0.736
5785.000 0.747
5790.000 0.748
5795.000 0.755
5800.000 0.759
5805.000 0.764
5810.000 0.773
5815.000 0.775
5820.000 0.779
5825.000 0.780
5830.000 0.786
5835.000 0.786
5840.000 0.793
5845.000 0.800
5850.000 0.802
5855.000 0.813
5860.000 0.816
5865.000 0.827
5870.000 0.832
5875.000 0.843
5880.000 0.852
5885.000 0.855
5890.000 0.860
5895.000 0.866
5900.000 0.874
5905.000 0.877
5910.000 0.887
5915.000 0.892
5920.000 0.900
5925.000 0.908
5930.000 0.919
5935.000 0.936
5940.000 0.948
5945.000 0.954
5950.000 0.965
5955.000 0.974
5960.000 0.984
5965.000 0.987
5970.000 1.004
5975.000 1.016
5980.000 1.013
5985.000 1.036
5990.000 1.047
5995.000 1.047
6000.000 1.079
6005.000 1.096
6010.000 1.096
6015.000 1.102
6020.000 1.121
6025.000 1.133
6030.000 1.158
6035.000 1.168
6040.000 1.183
6045.000 1.204
6050.000 1.215
6055.000 1.230
6060.000 1.250
6065.000 1.268
6070.000 1.291
6075.000 1.306
6080.000 1.317
6085.000 1.340
6090.000 1.365
6095.000 1.390
6100.000 1.419
6105.000 1.442
6110.000 1.474
6115.000 1.502
6120.000 1.533
6125.000 1.567
6130.000 1.605
6135.000 1.621
6140.000 1.664
6145.000 1.710
6150.000 1.756
6155.000 1.813
6160.000 1.865
6165.000 1.938
6170.000 2.008
6175.000 2.079
6180.000 2.167
6185.000 2.251
6190.000 2.361
6195.000 2.417
6200.000 2.536
6205.000 2.681
6210.000 2.841
6215.000 3.007
6220.000 3.242
6225.000 3.475
6230.000 3.758
6235.000 4.047
6240.000 4.427
6245.000 4.928
6250.000 4.234
6255.000 3.178
6260.000 2.963
6265.000 3.188
6270.000 3.351
6275.000 3.475
6280.000 3.500
6285.000 3.440
6290.000 3.325
6295.000 3.170
6300.000 2.997
6305.000 2.829
6310.000 2.632
6315.000 2.463
6320.000 2.388
6325.000 2.218
6330.000 2.078
6335.000 1.946
6340.000 1.832
6345.000 1.731
6350.000 1.620
6355.000 1.531
6360.000 1.463
6365.000 1.384
6370.000 1.325
6375.000 1.290
6380.000 1.236
6385.000 1.186
6390.000 1.130
6395.000 1.091
6400.000 1.047
6405.000 1.004
6410.000 0.972
6415.000 0.938
6420.000 0.906
6425.000 0.880
6430.000 0.850
6435.000 0.832
6440.000 0.822
6445.000 0.796
6450.000 0.781
6455.000 0.762
6460.000 0.744
6465.000 0.729
6470.000 0.711
6475.000 0.696
6480.000 0.678
6485.000 0.665
6490.000 0.652
6495.000 0.639
6500.000 0.634
6505.000 0.630
6510.000 0.618
6515.000 0.613
6520.000 0.605
6525.000 0.596
6530.000 0.592
6535.000 0.588
6540.000 0.576
6545.000 0.574
6550.000 0.578
6555.000 0.592
6560.000 0.656
6565.000 0.763
6570.000 1.176
6575.000 2.585
6580.000 5.010
6585.000 5.333
6590.000 1.043
6595.000 0.503
6600.000 0.322
6605.000 0.485
6610.000 0.472
6615.000 0.471
6620.000 0.478
6625.000 0.477
6630.000 0.475
6635.000 0.473
6640.000 0.473
6645.000 0.469
6650.000 0.466
6655.000 0.468
6660.000 0.471
6665.000 0.468
6670.000 0.471
6675.000 0.473
6680.000 0.472
6685.000 0.471
6690.000 0.472
6695.000 0.468
6700.000 0.466
6705.000 0.468
6710.000 0.464
6715.000 0.459
6720.000 0.455
6725.000 0.455
6730.000 0.457
6735.000 0.458
6740.000 0.461
6745.000 0.458
6750.000 0.459
6755.000 0.462
6760.000 0.460
6765.000 0.462
6770.000 0.460
6775.000 0.456
6780.000 0.455
6785.000 0.456
6790.000 0.445
6795.000 0.449
6800.000 0.447
6805.000 0.448
6810.000 0.448
6815.000 0.448
6820.000 0.453
6825.000 0.453
6830.000 0.457
6835.000 0.456
6840.000 0.455
6845.000 0.453
6850.000 0.451
6855.000 0.448
6860.000 0.447
6865.000 0.441
6870.000 0.446
6875.000 0.446
6880.000 0.445
6885.000 0.450
6890.000 0.444
6895.000 0.447
6900.000 0.451
6905.000 0.448
6910.000 0.452
6915.000 0.452
6920.000 0.446
6925.000 0.450
6930.000 0.448
6935.000 0.441
6940.000 0.441
6945.000 0.439
6950.000 0.441
6955.000 0.435
6960.000 0.439
6965.000 0.450
6970.000 0.452
6975.000 0.454
6980.000 0.446
6985.000 0.454
6990.000 0.444
6995.000 0.451
7000.000 0.446
7005.000 0.445
7010.000 0.440
7015.000 0.442
7020.000 0.434
7025.000 0.439
7030.000 0.438
7035.000 0.442
7040.000 0.449
7045.000 0.444
7050.000 0.448
7055.000 0.454
7060.000 0.448
7065.000 0.454
7070.000 0.446
7075.000 0.447
7080.000 0.440
7085.000 0.437
7090.000 0.440
7095.000 0.438
7100.000 0.438
7105.000 0.438
7110.000 0.442
7115.000 0.440
7120.000 0.447
7125.000 0.445
7130.000 0.450
7135.000 0.447
7140.000 0.447
7145.000 0.446
7150.000 0.441
7155.000 0.441
7160.000 0.437
7165.000 0.436
7170.000 0.438
7175.000 0.439
7180.000 0.436
7185.000 0.438
7190.000 0.443
7195.000 0.442
7200.000 0.446
7205.000 0.446
7210.000 0.449
7215.000 0.443
7220.000 0.445
7225.000 0.438
7230.000 0.439
7235.000 0.438
7240.000 0.432
7245.000 0.431
7250.000 0.435
7255.000 0.434
7260.000 0.433
7265.000 0.438
7270.000 0.440
7275.000 0.442
7280.000 0.441
7285.000 0.443
7290.000 0.438
7295.000 0.435
7300.000 0.437
7305.000 0.432
7310.000 0.429
7315.000 0.428
7320.000 0.427
7325.000 0.426
7330.000 0.432
7335.000 0.426
7340.000 0.433
7345.000 0.434
7350.000 0.435
7355.000 0.434
7360.000 0.434
7365.000 0.431
7370.000 0.423
7375.000 0.423
7380.000 0.418
7385.000 0.410
7390.000 0.407
7395.000 0.404
7400.000 0.399
7405.000 0.397
7410.000 0.395
7415.000 0.383
7420.000 0.376
7425.000 0.360
7430.000 0.330
7435.000 0.282
7440.000 0.215
7445.000 0.120
7450.000 0.078
7455.000 0.359
7460.000 0.715
7465.000 1.004
7470.000 0.955
7475.000 1.011
7480.000 1.367
7485.000 1.254
7490.000 0.851
7495.000 0.643
7500.000 0.539
7505.000 0.485
7510.000 0.456
7515.000 0.432
7520.000 0.424
7525.000 0.412
7530.000 0.408
7535.000 0.408
7540.000 0.402
7545.000 0.402
7550.000 0.405
7555.000 0.406
7560.000 0.406
7565.000 0.410
7570.000 0.411
7575.000 0.413
7580.000 0.411
7585.000 0.412
7590.000 0.403
7595.000 0.403
7600.000 0.403
7605.000 0.398
7610.000 0.399
7615.000 0.395
7620.000 0.398
7625.000 0.396
7630.000 0.402
7635.000 0.400
7640.000 0.405
7645.000 0.404
7650.000 0.403
7655.000 0.408
7660.000 0.401
7665.000 0.397
7670.000 0.390
7675.000 0.392
7680.000 0.389
7685.000 0.387
7690.000 0.386
7695.000 0.391
7700.000 0.390
7705.000 0.393
7710.000 0.392
7715.000 0.392
7720.000 0.393
7725.000 0.392
7730.000 0.394
7735.000 0.388
7740.000 0.389
7745.000 0.385
7750.000 0.379
7755.000 0.378
7760.000 0.376
7765.000 0.374
7770.000 0.374
7775.000 0.376
7780.000 0.376
7785.000 0.378
7790.000 0.380
7795.000 0.381
7800.000 0.375
7805.000 0.377
7810.000 0.375
7815.000 0.367
7820.000 0.366
7825.000 0.358
7830.000 0.355
7835.000 0.355
7840.000 0.356
7845.000 0.355
7850.000 0.355
7855.000 0.357
7860.000 0.354
7865.000 0.359
7870.000 0.354
7875.000 0.353
7880.000 0.348
7885.000 0.347
7890.000 0.338
7895.000 0.333
7900.000 0.334
7905.000 0.326
7910.000 0.327
7915.000 0.325
7920.000 0.327
7925.000 0.326
7930.000 0.327
7935.000 0.324
7940.000 0.325
7945.000 0.320
7950.000 0.313
7955.000 0.315
7960.000 0.308
7965.000 0.310
7970.000 0.302
7975.000 0.301
7980.000 0.308
7985.000 0.302
7990.000 0.307
7995.000 0.324
8000.000 0.336
8005.000 0.343
8010.000 0.361
8015.000 0.395
8020.000 0.450
8025.000 0.470
8030.000 0.530
8035.000 0.600
8040.000 0.757
8045.000 0.960
8050.000 1.321
8055.000 1.886
8060.000 2.679
8065.000 3.847
8070.000 5.079
8075.000 5.000
8080.000 2.132
8085.000 1.655
8090.000 1.354
8095.000 1.229
8100.000 1.091
8105.000 0.980
8110.000 0.907
8115.000 0.835
8120.000 0.789
8125.000 0.748
8130.000 0.709
8135.000 0.687
8140.000 0.672
8145.000 0.649
8150.000 0.631
8155.000 0.617
8160.000 0.603
8165.000 0.592
8170.000 0.578
8175.000 0.571
8180.000 0.553
8185.000 0.542
8190.000 0.532
8195.000 0.516
8200.000 0.510
8205.000 0.503
8210.000 0.497
8215.000 0.490
8220.000 0.487
8225.000 0.481
8230.000 0.479
8235.000 0.475
8240.000 0.469
8245.000 0.467
8250.000 0.460
8255.000 0.454
8260.000 0.444
8265.000 0.441
8270.000 0.432
8275.000 0.427
8280.000 0.422
8285.000 0.419
8290.000 0.410
8295.000 0.414
8300.000 0.413
8305.000 0.407
8310.000 0.409
8315.000 0.403
8320.000 0.399
8325.000 0.394
8330.000 0.389
8335.000 0.380
8340.000 0.375
8345.000 0.370
8350.000 0.363
8355.000 0.358
8360.000 0.354
8365.000 0.354
8370.000 0.349
8375.000 0.352
8380.000 0.348
8385.000 0.345
8390.000 0.341
8395.000 0.336
8400.000 0.332
8405.000 0.324
8410.000 0.315
8415.000 0.307
8420.000 0.298
8425.000 0.294
8430.000 0.288
8435.000 0.284
8440.000 0.288
8445.000 0.283
8450.000 0.278
8455.000 0.279
8460.000 0.275
8465.000 0.266
8470.000 0.261
8475.000 0.255
8480.000 0.246
8485.000 0.239
8490.000 0.233
8495.000 0.230
8500.000 0.228
8505.000 0.232
8510.000 0.239
8515.000 0.248
8520.000 0.277
8525.000 0.321
8530.000 0.387
8535.000 0.622
8540.000 1.031
8545.000 1.840
8550.000 3.320
8555.000 2.696
8560.000 1.362
8565.000 1.139
8570.000 1.006
8575.000 1.020
8580.000 1.013
8585.000 1.035
8590.000 1.100
8595.000 1.168
8600.000 1.291
8605.000 1.432
8610.000 1.581
8615.000 1.818
8620.000 2.042
8625.000 2.441
8630.000 2.644
8635.000 3.060
8640.000 3.752
8645.000 4.441
8650.000 5.015
8655.000 5.394
8660.000 5.136
8665.000 4.321
8670.000 3.452
8675.000 2.837
8680.000 2.396
8685.000 2.279
8690.000 2.228
8695.000 2.191
8700.000 2.144
8705.000 2.045
8710.000 1.954
8715.000 1.869
8720.000 1.773
8725.000 1.702
8730.000 1.627
8735.000 1.556
8740.000 1.515
8745.000 1.458
8750.000 1.412
8755.000 1.391
8760.000 1.350
8765.000 1.320
8770.000 1.283
8775.000 1.249
8780.000 1.216
8785.000 1.186
8790.000 1.165
8795.000 1.136
8800.000 1.111
8805.000 1.098
8810.000 1.071
8815.000 1.056
8820.000 1.080
8825.000 1.068
8830.000 1.053
8835.000 1.004
8840.000 0.996
8845.000 0.986
8850.000 0.972
8855.000 0.956
8860.000 0.943
8865.000 0.930
8870.000 0.926
8875.000 0.913
8880.000 0.907
8885.000 0.900
8890.000 0.894
8895.000 0.889
8900.000 0.885
8905.000 0.878
8910.000 0.871
8915.000 0.862
8920.000 0.856
8925.000 0.842
8930.000 0.838
8935.000 0.833
8940.000 0.823
8945.000 0.818
8950.000 0.813
8955.000 0.804
8960.000 0.804
8965.000 0.809
8970.000 0.797
8975.000 0.805
8980.000 0.800
8985.000 0.794
8990.000 0.788
8995.000 0.780
9000.000 0.785
9005.000 0.774
9010.000 0.769
9015.000 0.754
9020.000 0.757
9025.000 0.749
9030.000 0.756
9035.000 0.748
9040.000 0.749
9045.000 0.751
9050.000 0.755
9055.000 0.751
9060.000 0.745
9065.000 0.743
9070.000 0.735
9075.000 0.733
9080.000 0.725
9085.000 0.719
9090.000 0.717
9095.000 0.714
9100.000 0.712
9105.000 0.715
9110.000 0.716
9115.000 0.717
9120.000 0.717
9125.000 0.717
9130.000 0.714
9135.000 0.712
9140.000 0.709
9145.000 0.704
9150.000 0.699
9155.000 0.697
9160.000 0.690
9165.000 0.690
9170.000 0.688
9175.000 0.688
9180.000 0.684
9185.000 0.691
9190.000 0.690
9195.000 0.693
9200.000 0.690
9205.000 0.691
9210.000 0.688
9215.000 0.681
9220.000 0.681
9225.000 0.673
9230.000 0.673
9235.000 0.671
9240.000 0.669
9245.000 0.665
9250.000 0.668
9255.000 0.670
9260.000 0.667
9265.000 0.677
9270.000 0.672
9275.000 0.675
9280.000 0.670
9285.000 0.673
9290.000 0.665
9295.000 0.665
9300.000 0.662
9305.000 0.656
9310.000 0.651
9315.000 0.653
9320.000 0.655
9325.000 0.652
9330.000 0.662
9335.000 0.658
9340.000 0.661
9345.000 0.662
9350.000 0.663
9355.000 0.663
9360.000 0.659
9365.000 0.658
9370.000 0.649
9375.000 0.649
9380.000 0.642
9385.000 0.646
9390.000 0.641
9395.000 0.643
9400.000 0.645
9405.000 0.653
9410.000 0.653
9415.000 0.653
9420.000 0.656
9425.000 0.659
9430.000 0.657
9435.000 0.658
9440.000 0.660
9445.000 0.656
9450.000 0.663
9455.000 0.667
9460.000 0.673
9465.000 0.687
9470.000 0.710
9475.000 0.761
9480.000 0.823
9485.000 0.854
9490.000 0.768
9495.000 0.354
9500.000 0.396
9505.000 1.377
9510.000 0.845
9515.000 0.749
9520.000 0.690
9525.000 0.665
9530.000 0.652
9535.000 0.639
9540.000 0.639
9545.000 0.640
9550.000 0.639
9555.000 0.634
9560.000 0.635
9565.000 0.639
9570.000 0.638
9575.000 0.636
9580.000 0.635
9585.000 0.633
9590.000 0.625
9595.000 0.624
9600.000 0.626
9605.000 0.621
9610.000 0.623
9615.000 0.621
9620.000 0.622
9625.000 0.622
9630.000 0.627
9635.000 0.628
9640.000 0.629
9645.000 0.629
9650.000 0.627
9655.000 0.623
9660.000 0.626
9665.000 0.624
9670.000 0.616
9675.000 0.618
9680.000 0.616
9685.000 0.618
9690.000 0.614
9695.000 0.622
9700.000 0.623
9705.000 0.627
9710.000 0.630
9715.000 0.630
9720.000 0.633
9725.000 0.629
9730.000 0.629
9735.000 0.625
9740.000 0.629
9745.000 0.623
9750.000 0.625
9755.000 0.630
9760.000 0.632
9765.000 0.636
9770.000 0.640
9775.000 0.649
9780.000 0.655
9785.000 0.665
9790.000 0.667
9795.000 0.676
9800.000 0.686
9805.000 0.690
9810.000 0.690
9815.000 0.698
9820.000 0.680
9825.000 0.633
9830.000 0.535
9835.000 0.423
9840.000 0.277
9845.000 0.231
9850.000 0.188
9855.000 0.191
9860.000 0.229
9865.000 0.279
9870.000 0.331
9875.000 0.361
9880.000 0.381
9885.000 0.451
9890.000 0.640
9895.000 0.830
9900.000 0.863
9905.000 0.868
9910.000 0.834
9915.000 0.814
9920.000 0.789
9925.000 0.766
9930.000 0.757
9935.000 0.743
9940.000 0.729
9945.000 0.719
9950.000 0.715
9955.000 0.701
9960.000 0.694
9965.000 0.682
9970.000 0.677
9975.000 0.667
9980.000 0.672
9985.000 0.665
9990.000 0.665
9995.000 0.665
10000.000 0.666
10005.000 0.671
10010.000 0.666
10015.000 0.666
10020.000 0.660
10025.000 0.661
10030.000 0.657
10035.000 0.651
10040.000 0.647
10045.000 0.642
10050.000 0.642
10055.000 0.641
10060.000 0.648
10065.000 0.640
10070.000 0.646
10075.000 0.655
10080.000 0.654
10085.000 0.657
10090.000 0.656
10095.000 0.655
10100.000 0.650
10105.000 0.654
10110.000 0.650
10115.000 0.648
10120.000 0.651
10125.000 0.653
10130.000 0.654
10135.000 0.659
10140.000 0.670
10145.000 0.677
10150.000 0.679
10155.000 0.699
10160.000 0.721
10165.000 0.755
10170.000 0.817
10175.000 0.937
10180.000 1.024
10185.000 0.951
10190.000 0.986
10195.000 1.414
10200.000 0.613
10205.000 0.679
10210.000 0.702
10215.000 0.663
10220.000 0.655
10225.000 0.642
10230.000 0.641
10235.000 0.640
10240.000 0.638
10245.000 0.637
10250.000 0.636
10255.000 0.628
10260.000 0.631
10265.000 0.625
10270.000 0.627
10275.000 0.624
10280.000 0.627
10285.000 0.629
10290.000 0.632
10295.000 0.639
10300.000 0.638
10305.000 0.641
10310.000 0.642
10315.000 0.640
10320.000 0.635
10325.000 0.638
10330.000 0.638
10335.000 0.631
10340.000 0.634
10345.000 0.633
10350.000 0.634
10355.000 0.634
10360.000 0.640
10365.000 0.642
10370.000 0.644
10375.000 0.651
10380.000 0.649
10385.000 0.651
10390.000 0.652
10395.000 0.654
10400.000 0.643
10405.000 0.644
10410.000 0.647
10415.000 0.641
10420.000 0.641
10425.000 0.647
10430.000 0.647
10435.000 0.651
10440.000 0.657
10445.000 0.659
10450.000 0.661
10455.000 0.667
10460.000 0.663
10465.000 0.661
10470.000 0.664
10475.000 0.662
10480.000 0.662
10485.000 0.662
10490.000 0.665
10495.000 0.661
10500.000 0.665
10505.000 0.669
10510.000 0.670
10515.000 0.677
10520.000 0.681
10525.000 0.682
10530.000 0.686
10535.000 0.687
10540.000 0.685
10545.000 0.683
10550.000 0.684
10555.000 0.682
10560.000 0.683
10565.000 0.681
10570.000 0.689
10575.000 0.693
10580.000 0.695
10585.000 0.701
10590.000 0.703
10595.000 0.713
10600.000 0.716
10605.000 0.720
10610.000 0.719
10615.000 0.722
10620.000 0.719
10625.000 0.718
10630.000 0.724
10635.000 0.722
10640.000 0.728
10645.000 0.731
10650.000 0.736
10655.000 0.746
10660.000 0.750
10665.000 0.757
10670.000 0.760
10675.000 0.772
10680.000 0.779
10685.000 0.780
10690.000 0.785
10695.000 0.787
10700.000 0.786
10705.000 0.798
10710.000 0.798
10715.000 0.810
10720.000 0.819
10725.000 0.832
10730.000 0.838
10735.000 0.852
10740.000 0.864
10745.000 0.877
10750.000 0.895
10755.000 0.906
10760.000 0.912
10765.000 0.922
10770.000 0.940
10775.000 0.957
10780.000 0.978
10785.000 1.000
10790.000 1.027
10795.000 1.061
10800.000 1.087
10805.000 1.142
10810.000 1.192
10815.000 1.213
10820.000 1.285
10825.000 1.366
10830.000 1.451
10835.000 1.579
10840.000 1.703
10845.000 1.948
10850.000 2.214
10855.000 2.453
10860.000 2.646
10865.000 2.377
10870.000 1.446
10875.000 0.722
10880.000 0.592
10885.000 0.507
10890.000 0.323
10895.000 0.235
10900.000 0.158
10905.000 0.212
10910.000 0.296
10915.000 0.369
10920.000 0.417
10925.000 0.491
10930.000 0.540
10935.000 0.606
10940.000 0.635
10945.000 0.688
10950.000 0.765
10955.000 0.834
10960.000 0.900
10965.000 0.995
10970.000 1.072
10975.000 1.193
10980.000 1.304
10985.000 1.404
10990.000 1.534
10995.000 1.604
11000.000 1.598
11005.000 1.559
11010.000 1.427
11015.000 1.178
11020.000 0.954
11025.000 0.786
11030.000 0.594
11035.000 0.472
11040.000 0.319
11045.000 0.210
11050.000 0.139
11055.000 0.167
11060.000 0.221
11065.000 0.308
11070.000 0.398
11075.000 0.400
11080.000 0.353
11085.000 0.293
11090.000 0.247
11095.000 0.201
11100.000 0.180
11105.000 0.164
11110.000 0.154
11115.000 0.146
11120.000 0.148
11125.000 0.155
11130.000 0.149
11135.000 0.155
11140.000 0.161
11145.000 0.166
11150.000 0.173
11155.000 0.178
11160.000 0.184
11165.000 0.195
11170.000 0.206
11175.000 0.209
11180.000 0.215
11185.000 0.225
11190.000 0.222
11195.000 0.228
11200.000 0.234
11205.000 0.238
11210.000 0.239
11215.000 0.242
11220.000 0.242
11225.000 0.247
11230.000 0.249
11235.000 0.254
11240.000 0.257
11245.000 0.265
11250.000 0.265
11255.000 0.269
11260.000 0.279
11265.000 0.276
11270.000 0.281
11275.000 0.281
11280.000 0.283
11285.000 0.280
11290.000 0.284
11295.000 0.283
11300.000 0.284
11305.000 0.283
11310.000 0.288
11315.000 0.292
11320.000 0.294
11325.000 0.301
11330.000 0.303
11335.000 0.307
11340.000 0.310
11345.000 0.312
11350.000 0.307
11355.000 0.306
11360.000 0.306
11365.000 0.303
11370.000 0.306
11375.000 0.305
11380.000 0.309
11385.000 0.309
11390.000 0.313
11395.000 0.316
11400.000 0.319
11405.000 0.321
11410.000 0.323
11415.000 0.324
11420.000 0.323
11425.000 0.325
11430.000 0.321
11435.000 0.324
11440.000 0.318
11445.000 0.321
11450.000 0.320
11455.000 0.320
11460.000 0.325
11465.000 0.322
11470.000 0.328
11475.000 0.328
11480.000 0.334
11485.000 0.333
11490.000 0.331
11495.000 0.330
11500.000 0.329
11505.000 0.329
11510.000 0.325
11515.000 0.327
11520.000 0.324
11525.000 0.326
11530.000 0.324
11535.000 0.326
11540.000 0.324
11545.000 0.328
11550.000 0.329
11555.000 0.325
11560.000 0.328
11565.000 0.326
11570.000 0.327
11575.000 0.325
11580.000 0.322
11585.000 0.318
11590.000 0.313
11595.000 0.315
11600.000 0.311
11605.000 0.307
11610.000 0.312
11615.000 0.309
11620.000 0.304
11625.000 0.306
11630.000 0.306
11635.000 0.302
11640.000 0.297
11645.000 0.287
11650.000 0.282
11655.000 0.278
11660.000 0.271
11665.000 0.257
11670.000 0.255
11675.000 0.244
11680.000 0.229
11685.000 0.213
11690.000 0.208
11695.000 0.186
11700.000 0.172
11705.000 0.160
11710.000 0.179
11715.000 0.239
11720.000 0.422
11725.000 0.668
11730.000 1.088
11735.000 1.218
11740.000 0.873
11745.000 0.969
11750.000 1.460
11755.000 0.991
11760.000 0.823
11765.000 0.766
11770.000 0.694
11775.000 0.657
11780.000 0.633
11785.000 0.604
11790.000 0.589
11795.000 0.578
11800.000 0.560
11805.000 0.551
11810.000 0.535
11815.000 0.527
11820.000 0.520
11825.000 0.517
11830.000 0.513
11835.000 0.507
11840.000 0.503
11845.000 0.504
11850.000 0.500
11855.000 0.497
11860.000 0.492
11865.000 0.490
11870.000 0.490
11875.000 0.481
11880.000 0.481
11885.000 0.478
11890.000 0.477
11895.000 0.473
11900.000 0.475
11905.000 0.476
11910.000 0.477
11915.000 0.476
11920.000 0.473
11925.000 0.478
11930.000 0.477
11935.000 0.474
11940.000 0.472
11945.000 0.473
11950.000 0.474
11955.000 0.475
11960.000 0.475
11965.000 0.474
11970.000 0.477
11975.000 0.478
11980.000 0.478
11985.000 0.489
11990.000 0.493
11995.000 0.496
12000.000 0.501
