105.000 2.098
110.000 2.374
115.000 2.081
120.000 2.072
125.000 2.116
130.000 2.157
135.000 2.180
140.000 2.180
145.000 2.187
150.000 2.258
155.000 2.231
160.000 2.203
165.000 2.224
170.000 2.288
175.000 2.257
180.000 2.255
185.000 2.291
190.000 2.296
195.000 2.339
200.000 2.358
205.000 2.377
210.000 2.373
215.000 2.427
220.000 2.435
225.000 2.485
230.000 2.516
235.000 2.514
240.000 2.548
245.000 2.575
250.000 2.612
255.000 2.673
260.000 2.699
265.000 2.732
270.000 2.782
275.000 2.862
280.000 2.924
285.000 2.995
290.000 3.076
295.000 3.083
300.000 3.173
305.000 3.244
310.000 3.335
315.000 3.443
320.000 3.542
325.000 3.662
330.000 3.799
335.000 3.930
340.000 4.081
345.000 4.243
350.000 4.317
355.000 4.487
360.000 4.693
365.000 4.904
370.000 5.109
375.000 5.294
380.000 5.521
385.000 5.732
390.000 5.929
395.000 6.056
400.000 6.171
405.000 6.215
410.000 6.183
415.000 6.130
420.000 6.011
425.000 5.811
430.000 5.559
435.000 5.251
440.000 4.936
445.000 4.628
450.000 4.332
455.000 4.022
460.000 3.740
465.000 3.498
470.000 3.250
475.000 3.149
480.000 2.936
485.000 2.752
490.000 2.574
495.000 2.424
500.000 2.287
505.000 2.164
510.000 2.048
515.000 1.926
520.000 1.832
525.000 1.736
530.000 1.655
535.000 1.592
540.000 1.552
545.000 1.472
550.000 1.410
555.000 1.363
560.000 1.292
565.000 1.245
570.000 1.196
575.000 1.164
580.000 1.106
585.000 1.079
590.000 1.042
595.000 1.021
600.000 0.993
605.000 0.961
610.000 0.931
615.000 0.904
620.000 0.874
625.000 0.860
630.000 0.834
635.000 0.817
640.000 0.798
645.000 0.775
650.000 0.761
655.000 0.749
660.000 0.736
665.000 0.718
670.000 0.704
675.000 0.698
680.000 0.677
685.000 0.665
690.000 0.656
695.000 0.640
700.000 0.637
705.000 0.626
710.000 0.617
715.000 0.616
720.000 0.605
725.000 0.599
730.000 0.591
735.000 0.580
740.000 0.578
745.000 0.577
750.000 0.572
755.000 0.569
760.000 0.565
765.000 0.548
770.000 0.551
775.000 0.554
780.000 0.546
785.000 0.547
790.000 0.550
795.000 0.553
800.000 0.539
805.000 0.544
810.000 0.534
815.000 0.528
820.000 0.527
825.000 0.520
830.000 0.519
835.000 0.522
840.000 0.515
845.000 0.512
850.000 0.511
855.000 0.510
860.000 0.511
865.000 0.506
870.000 0.505
875.000 0.499
880.000 0.504
885.000 0.503
890.000 0.498
895.000 0.501
900.000 0.500
905.000 0.490
910.000 0.492
915.000 0.499
920.000 0.501
925.000 0.488
930.000 0.494
935.000 0.494
940.000 0.489
945.000 0.489
950.000 0.494
955.000 0.484
960.000 0.497
965.000 0.491
970.000 0.493
975.000 0.496
980.000 0.483
985.000 0.488
990.000 0.488
995.000 0.500
1000.000 0.488
1005.000 0.490
1010.000 0.493
1015.000 0.492
1020.000 0.494
1025.000 0.490
1030.000 0.496
1035.000 0.489
1040.000 0.496
1045.000 0.495
1050.000 0.490
1055.000 0.499
1060.000 0.492
1065.000 0.497
1070.000 0.489
1075.000 0.492
1080.000 0.488
1085.000 0.495
1090.000 0.494
1095.000 0.495
1100.000 0.492
1105.000 0.495
1110.000 0.494
1115.000 0.495
1120.000 0.500
1125.000 0.498
1130.000 0.493
1135.000 0.502
1140.000 0.498
1145.000 0.493
1150.000 0.495
1155.000 0.500
1160.000 0.499
1165.000 0.493
1170.000 0.498
1175.000 0.505
1180.000 0.503
1185.000 0.500
1190.000 0.498
1195.000 0.498
1200.000 0.502
1205.000 0.501
1210.000 0.499
1215.000 0.505
1220.000 0.506
1225.000 0.508
1230.000 0.509
1235.000 0.508
1240.000 0.504
1245.000 0.511
1250.000 0.509
1255.000 0.511
1260.000 0.511
1265.000 0.509
1270.000 0.514
1275.000 0.513
1280.000 0.512
1285.000 0.515
1290.000 0.517
1295.000 0.512
1300.000 0.519
1305.000 0.519
1310.000 0.521
1315.000 0.521
1320.000 0.521
1325.000 0.520
1330.000 0.520
1335.000 0.526
1340.000 0.526
1345.000 0.524
1350.000 0.530
1355.000 0.524
1360.000 0.529
1365.000 0.529
1370.000 0.532
1375.000 0.530
1380.000 0.535
1385.000 0.531
1390.000 0.533
1395.000 0.533
1400.000 0.531
1405.000 0.539
1410.000 0.538
1415.000 0.537
1420.000 0.538
1425.000 0.537
1430.000 0.535
1435.000 0.533
1440.000 0.530
1445.000 0.525
1450.000 0.532
1455.000 0.527
1460.000 0.529
1465.000 0.526
1470.000 0.522
1475.000 0.530
1480.000 0.531
1485.000 0.539
1490.000 0.540
1495.000 0.543
1500.000 0.550
1505.000 0.554
1510.000 0.554
1515.000 0.554
1520.000 0.559
1525.000 0.569
1530.000 0.573
1535.000 0.577
1540.000 0.577
1545.000 0.581
1550.000 0.586
1555.000 0.587
1560.000 0.594
1565.000 0.601
1570.000 0.605
1575.000 0.606
1580.000 0.609
1585.000 0.617
1590.000 0.618
1595.000 0.626
1600.000 0.628
1605.000 0.636
1610.000 0.635
1615.000 0.644
1620.000 0.648
1625.000 0.652
1630.000 0.656
1635.000 0.662
1640.000 0.673
1645.000 0.677
1650.000 0.685
1655.000 0.688
1660.000 0.699
1665.000 0.698
1670.000 0.711
1675.000 0.721
1680.000 0.723
1685.000 0.737
1690.000 0.745
1695.000 0.745
1700.000 0.755
1705.000 0.767
1710.000 0.773
1715.000 0.782
1720.000 0.795
1725.000 0.801
1730.000 0.817
1735.000 0.829
1740.000 0.831
1745.000 0.842
1750.000 0.857
1755.000 0.861
1760.000 0.873
1765.000 0.887
1770.000 0.904
1775.000 0.914
1780.000 0.924
1785.000 0.933
1790.000 0.947
1795.000 0.958
1800.000 0.976
1805.000 0.988
1810.000 0.990
1815.000 1.002
1820.000 1.012
1825.000 1.024
1830.000 1.031
1835.000 1.045
1840.000 1.050
1845.000 1.057
1850.000 1.065
1855.000 1.070
1860.000 1.076
1865.000 1.075
1870.000 1.083
1875.000 1.076
1880.000 1.078
1885.000 1.082
1890.000 1.079
1895.000 1.075
1900.000 1.069
1905.000 1.062
1910.000 1.059
1915.000 1.053
1920.000 1.048
1925.000 1.041
1930.000 1.033
1935.000 1.028
1940.000 1.015
1945.000 1.009
1950.000 1.005
1955.000 0.991
1960.000 0.984
1965.000 0.971
1970.000 0.964
1975.000 0.951
1980.000 0.940
1985.000 0.936
1990.000 0.926
1995.000 0.917
2000.000 0.914
2005.000 0.897
2010.000 0.893
2015.000 0.880
2020.000 0.880
2025.000 0.866
2030.000 0.848
2035.000 0.842
2040.000 0.826
2045.000 0.836
2050.000 0.823
2055.000 0.818
2060.000 0.803
2065.000 0.809
2070.000 0.799
2075.000 0.791
2080.000 0.786
2085.000 0.777
2090.000 0.772
2095.000 0.766
2100.000 0.757
2105.000 0.757
2110.000 0.750
2115.000 0.749
2120.000 0.741
2125.000 0.737
2130.000 0.738
2135.000 0.734
2140.000 0.729
2145.000 0.725
2150.000 0.723
2155.000 0.722
2160.000 0.712
2165.000 0.714
2170.000 0.712
2175.000 0.710
2180.000 0.709
2185.000 0.709
2190.000 0.702
2195.000 0.700
2200.000 0.696
2205.000 0.695
2210.000 0.695
2215.000 0.692
2220.000 0.689
2225.000 0.676
2230.000 0.678
2235.000 0.671
2240.000 0.668
2245.000 0.661
2250.000 0.645
2255.000 0.636
2260.000 0.613
2265.000 0.588
2270.000 0.542
2275.000 0.485
2280.000 0.402
2285.000 0.380
2290.000 0.724
2295.000 1.161
2300.000 3.127
2305.000 7.651
2310.000 15.220
2315.000 14.888
2320.000 3.774
2325.000 1.674
2330.000 0.940
2335.000 0.488
2340.000 0.277
2345.000 0.198
2350.000 0.222
2355.000 0.259
2360.000 0.278
2365.000 0.313
2370.000 0.343
2375.000 0.374
2380.000 0.395
2385.000 0.409
2390.000 0.425
2395.000 0.440
2400.000 0.446
2405.000 0.458
2410.000 0.463
2415.000 0.474
2420.000 0.474
2425.000 0.481
2430.000 0.491
2435.000 0.493
2440.000 0.501
2445.000 0.505
2450.000 0.507
2455.000 0.510
2460.000 0.513
2465.000 0.518
2470.000 0.521
2475.000 0.522
2480.000 0.528
2485.000 0.528
2490.000 0.525
2495.000 0.530
2500.000 0.529
2505.000 0.534
2510.000 0.535
2515.000 0.540
2520.000 0.541
2525.000 0.545
2530.000 0.546
2535.000 0.550
2540.000 0.548
2545.000 0.556
2550.000 0.556
2555.000 0.554
2560.000 0.557
2565.000 0.560
2570.000 0.560
2575.000 0.565
2580.000 0.567
2585.000 0.567
2590.000 0.572
2595.000 0.575
2600.000 0.575
2605.000 0.581
2610.000 0.579
2615.000 0.583
2620.000 0.589
2625.000 0.587
2630.000 0.594
2635.000 0.592
2640.000 0.599
2645.000 0.601
2650.000 0.602
2655.000 0.606
2660.000 0.611
2665.000 0.615
2670.000 0.621
2675.000 0.621
2680.000 0.628
2685.000 0.624
2690.000 0.634
2695.000 0.639
2700.000 0.641
2705.000 0.644
2710.000 0.651
2715.000 0.655
2720.000 0.664
2725.000 0.667
2730.000 0.667
2735.000 0.674
2740.000 0.680
2745.000 0.685
2750.000 0.688
2755.000 0.694
2760.000 0.700
2765.000 0.708
2770.000 0.716
2775.000 0.720
2780.000 0.727
2785.000 0.732
2790.000 0.734
2795.000 0.741
2800.000 0.751
2805.000 0.754
2810.000 0.763
2815.000 0.771
2820.000 0.782
2825.000 0.787
2830.000 0.790
2835.000 0.798
2840.000 0.807
2845.000 0.806
2850.000 0.813
2855.000 0.821
2860.000 0.826
2865.000 0.833
2870.000 0.840
2875.000 0.848
2880.000 0.854
2885.000 0.856
2890.000 0.864
2895.000 0.862
2900.000 0.874
2905.000 0.877
2910.000 0.879
2915.000 0.880
2920.000 0.886
2925.000 0.887
2930.000 0.895
2935.000 0.896
2940.000 0.903
2945.000 0.904
2950.000 0.906
2955.000 0.902
2960.000 0.901
2965.000 0.918
2970.000 0.911
2975.000 0.912
2980.000 0.920
2985.000 0.904
2990.000 0.902
2995.000 0.905
3000.000 0.912
3005.000 0.920
3010.000 0.914
3015.000 0.909
3020.000 0.904
3025.000 0.909
3030.000 0.913
3035.000 0.915
3040.000 0.912
3045.000 0.905
3050.000 0.910
3055.000 0.907
3060.000 0.903
3065.000 0.908
3070.000 0.902
3075.000 0.898
3080.000 0.901
3085.000 0.897
3090.000 0.895
3095.000 0.897
3100.000 0.896
3105.000 0.893
3110.000 0.894
3115.000 0.895
3120.000 0.890
3125.000 0.890
3130.000 0.888
3135.000 0.884
3140.000 0.883
3145.000 0.880
3150.000 0.879
3155.000 0.881
3160.000 0.879
3165.000 0.872
3170.000 0.876
3175.000 0.873
3180.000 0.874
3185.000 0.874
3190.000 0.877
3195.000 0.872
3200.000 0.871
3205.000 0.869
3210.000 0.867
3215.000 0.868
3220.000 0.863
3225.000 0.866
3230.000 0.861
3235.000 0.866
3240.000 0.869
3245.000 0.866
3250.000 0.870
3255.000 0.874
3260.000 0.872
3265.000 0.870
3270.000 0.869
3275.000 0.874
3280.000 0.877
3285.000 0.879
3290.000 0.881
3295.000 0.881
3300.000 0.883
3305.000 0.885
3310.000 0.888
3315.000 0.889
3320.000 0.894
3325.000 0.897
3330.000 0.899
3335.000 0.903
3340.000 0.905
3345.000 0.912
3350.000 0.910
3355.000 0.915
3360.000 0.919
3365.000 0.925
3370.000 0.930
3375.000 0.933
3380.000 0.938
3385.000 0.946
3390.000 0.952
3395.000 0.952
3400.000 0.961
3405.000 0.968
3410.000 0.974
3415.000 0.984
3420.000 0.989
3425.000 0.995
3430.000 1.002
3435.000 1.010
3440.000 1.018
3445.000 1.029
3450.000 1.041
3455.000 1.045
3460.000 1.057
3465.000 1.069
3470.000 1.079
3475.000 1.090
3480.000 1.111
3485.000 1.121
3490.000 1.138
3495.000 1.153
3500.000 1.165
3505.000 1.183
3510.000 1.207
3515.000 1.222
3520.000 1.233
3525.000 1.255
3530.000 1.283
3535.000 1.308
3540.000 1.336
3545.000 1.363
3550.000 1.392
3555.000 1.429
3560.000 1.468
3565.000 1.502
3570.000 1.546
3575.000 1.568
3580.000 1.609
3585.000 1.670
3590.000 1.722
3595.000 1.789
3600.000 1.855
3605.000 1.928
3610.000 2.014
3615.000 2.108
3620.000 2.218
3625.000 2.341
3630.000 2.473
3635.000 2.638
3640.000 2.723
3645.000 2.905
3650.000 3.149
3655.000 3.413
3660.000 3.761
3665.000 4.157
3670.000 4.623
3675.000 5.316
3680.000 6.124
3685.000 7.330
3690.000 9.399
3695.000 14.769
3700.000 20.004
3705.000 30.944
3710.000 27.761
3715.000 17.364
3720.000 11.307
3725.000 8.450
3730.000 6.722
3735.000 5.616
3740.000 4.736
3745.000 4.129
3750.000 3.656
3755.000 3.275
3760.000 2.982
3765.000 2.827
3770.000 2.595
3775.000 2.407
3780.000 2.219
3785.000 2.075
3790.000 1.945
3795.000 1.832
3800.000 1.743
3805.000 1.650
3810.000 1.570
3815.000 1.495
3820.000 1.468
3825.000 1.405
3830.000 1.348
3835.000 1.298
3840.000 1.259
3845.000 1.211
3850.000 1.172
3855.000 1.137
3860.000 1.103
3865.000 1.076
3870.000 1.045
3875.000 1.017
3880.000 1.008
3885.000 0.984
3890.000 0.965
3895.000 0.948
3900.000 0.925
3905.000 0.907
3910.000 0.885
3915.000 0.875
3920.000 0.859
3925.000 0.848
3930.000 0.833
3935.000 0.826
3940.000 0.808
3945.000 0.810
3950.000 0.797
3955.000 0.787
3960.000 0.777
3965.000 0.768
3970.000 0.760
3975.000 0.750
3980.000 0.745
3985.000 0.733
3990.000 0.724
3995.000 0.729
4000.000 0.713
4005.000 0.705
4010.000 0.701
4015.000 0.714
4020.000 0.700
4025.000 0.702
4030.000 0.682
4035.000 0.693
4040.000 0.685
4045.000 0.664
4050.000 0.674
4055.000 0.669
4060.000 0.673
4065.000 0.662
4070.000 0.661
4075.000 0.656
4080.000 0.663
4085.000 0.660
4090.000 0.657
4095.000 0.651
4100.000 0.650
4105.000 0.649
4110.000 0.650
4115.000 0.645
4120.000 0.643
4125.000 0.639
4130.000 0.645
4135.000 0.640
4140.000 0.639
4145.000 0.639
4150.000 0.640
4155.000 0.638
4160.000 0.638
4165.000 0.629
4170.000 0.630
4175.000 0.623
4180.000 0.623
4185.000 0.624
4190.000 0.619
4195.000 0.620
4200.000 0.616
4205.000 0.613
4210.000 0.613
4215.000 0.610
4220.000 0.608
4225.000 0.602
4230.000 0.597
4235.000 0.591
4240.000 0.587
4245.000 0.581
4250.000 0.578
4255.000 0.573
4260.000 0.567
4265.000 0.566
4270.000 0.561
4275.000 0.559
4280.000 0.555
4285.000 0.555
4290.000 0.553
4295.000 0.555
4300.000 0.555
4305.000 0.552
4310.000 0.552
4315.000 0.553
4320.000 0.544
4325.000 0.547
4330.000 0.545
4335.000 0.547
4340.000 0.544
4345.000 0.545
4350.000 0.546
4355.000 0.546
4360.000 0.546
4365.000 0.547
4370.000 0.549
4375.000 0.549
4380.000 0.547
4385.000 0.544
4390.000 0.547
4395.000 0.540
4400.000 0.542
4405.000 0.546
4410.000 0.542
4415.000 0.542
4420.000 0.542
4425.000 0.544
4430.000 0.542
4435.000 0.543
4440.000 0.544
4445.000 0.545
4450.000 0.546
4455.000 0.548
4460.000 0.547
4465.000 0.549
4470.000 0.543
4475.000 0.542
4480.000 0.545
4485.000 0.539
4490.000 0.540
4495.000 0.540
4500.000 0.541
4505.000 0.542
4510.000 0.540
4515.000 0.543
4520.000 0.542
4525.000 0.543
4530.000 0.543
4535.000 0.544
4540.000 0.544
4545.000 0.541
4550.000 0.538
4555.000 0.541
4560.000 0.539
4565.000 0.538
4570.000 0.539
4575.000 0.542
4580.000 0.543
4585.000 0.541
4590.000 0.544
4595.000 0.541
4600.000 0.542
4605.000 0.541
4610.000 0.542
4615.000 0.544
4620.000 0.542
4625.000 0.538
4630.000 0.541
4635.000 0.533
4640.000 0.538
4645.000 0.538
4650.000 0.540
4655.000 0.539
4660.000 0.540
4665.000 0.540
4670.000 0.544
4675.000 0.545
4680.000 0.543
4685.000 0.540
4690.000 0.543
4695.000 0.539
4700.000 0.542
4705.000 0.539
4710.000 0.537
4715.000 0.540
4720.000 0.538
4725.000 0.543
4730.000 0.548
4735.000 0.546
4740.000 0.546
4745.000 0.550
4750.000 0.546
4755.000 0.549
4760.000 0.544
4765.000 0.548
4770.000 0.548
4775.000 0.548
4780.000 0.549
4785.000 0.547
4790.000 0.551
4795.000 0.554
4800.000 0.558
4805.000 0.555
4810.000 0.563
4815.000 0.562
4820.000 0.567
4825.000 0.569
4830.000 0.572
4835.000 0.573
4840.000 0.580
4845.000 0.586
4850.000 0.586
4855.000 0.593
4860.000 0.597
4865.000 0.602
4870.000 0.611
4875.000 0.625
4880.000 0.639
4885.000 0.654
4890.000 0.669
4895.000 0.690
4900.000 0.712
4905.000 0.735
4910.000 0.760
4915.000 0.780
4920.000 0.821
4925.000 0.862
4930.000 0.929
4935.000 1.002
4940.000 1.094
4945.000 1.233
4950.000 1.402
4955.000 1.695
4960.000 2.144
4965.000 2.915
4970.000 4.655
4975.000 6.671
4980.000 6.179
4985.000 2.775
4990.000 1.936
4995.000 2.805
5000.000 3.564
5005.000 3.518
5010.000 2.137
5015.000 1.723
5020.000 1.419
5025.000 1.256
5030.000 1.125
5035.000 1.066
5040.000 0.981
5045.000 0.927
5050.000 0.864
5055.000 0.825
5060.000 0.784
5065.000 0.750
5070.000 0.730
5075.000 0.705
5080.000 0.688
5085.000 0.676
5090.000 0.659
5095.000 0.653
5100.000 0.645
5105.000 0.635
5110.000 0.627
5115.000 0.619
5120.000 0.613
5125.000 0.600
5130.000 0.592
5135.000 0.586
5140.000 0.578
5145.000 0.575
5150.000 0.567
5155.000 0.561
5160.000 0.561
5165.000 0.561
5170.000 0.554
5175.000 0.554
5180.000 0.552
5185.000 0.548
5190.000 0.545
5195.000 0.540
5200.000 0.536
5205.000 0.534
5210.000 0.528
5215.000 0.524
5220.000 0.524
5225.000 0.520
5230.000 0.518
5235.000 0.518
5240.000 0.513
5245.000 0.513
5250.000 0.513
5255.000 0.514
5260.000 0.510
5265.000 0.509
5270.000 0.507
5275.000 0.503
5280.000 0.502
5285.000 0.499
5290.000 0.499
5295.000 0.493
5300.000 0.494
5305.000 0.495
5310.000 0.495
5315.000 0.491
5320.000 0.495
5325.000 0.499
5330.000 0.497
5335.000 0.496
5340.000 0.498
5345.000 0.498
5350.000 0.497
5355.000 0.496
5360.000 0.492
5365.000 0.494
5370.000 0.494
5375.000 0.489
5380.000 0.492
5385.000 0.499
5390.000 0.499
5395.000 0.501
5400.000 0.504
5405.000 0.504
5410.000 0.509
5415.000 0.506
5420.000 0.506
5425.000 0.510
5430.000 0.510
5435.000 0.508
5440.000 0.509
5445.000 0.509
5450.000 0.510
5455.000 0.514
5460.000 0.517
5465.000 0.524
5470.000 0.521
5475.000 0.527
5480.000 0.532
5485.000 0.528
5490.000 0.532
5495.000 0.535
5500.000 0.533
5505.000 0.535
5510.000 0.538
5515.000 0.537
5520.000 0.537
5525.000 0.542
5530.000 0.541
5535.000 0.545
5540.000 0.546
5545.000 0.559
5550.000 0.558
5555.000 0.562
5560.000 0.565
5565.000 0.565
5570.000 0.565
5575.000 0.568
5580.000 0.568
5585.000 0.570
5590.000 0.575
5595.000 0.576
5600.000 0.574
5605.000 0.578
5610.000 0.583
5615.000 0.585
5620.000 0.593
5625.000 0.594
5630.000 0.594
5635.000 0.597
5640.000 0.600
5645.000 0.600
5650.000 0.602
5655.000 0.599
5660.000 0.601
5665.000 0.603
5670.000 0.605
5675.000 0.609
5680.000 0.615
5685.000 0.616
5690.000 0.616
5695.000 0.622
5700.000 0.628
5705.000 0.632
5710.000 0.628
5715.000 0.635
5720.000 0.637
5725.000 0.636
5730.000 0.635
5735.000 0.642
5740.000 0.641
5745.000 0.643
5750.000 0.649
5755.000 0.649
5760.000 0.656
5765.000 0.660
5770.000 0.661
5775.000 0.669
5780.000 0.674
5785.000 0.674
5790.000 0.681
5795.000 0.682
5800.000 0.682
5805.000 0.681
5810.000 0.687
5815.000 0.692
5820.000 0.696
5825.000 0.698
5830.000 0.703
5835.000 0.709
5840.000 0.718
5845.000 0.720
5850.000 0.725
5855.000 0.734
5860.000 0.742
5865.000 0.741
5870.000 0.746
5875.000 0.750
5880.000 0.749
5885.000 0.753
5890.000 0.763
5895.000 0.769
5900.000 0.774
5905.000 0.787
5910.000 0.788
5915.000 0.794
5920.000 0.809
5925.000 0.813
5930.000 0.824
5935.000 0.831
5940.000 0.837
5945.000 0.841
5950.000 0.854
5955.000 0.860
5960.000 0.869
5965.000 0.870
5970.000 0.877
5975.000 0.889
5980.000 0.902
5985.000 0.915
5990.000 0.931
5995.000 0.933
6000.000 0.960
6005.000 0.978
6010.000 0.981
6015.000 1.000
6020.000 1.009
6025.000 1.008
6030.000 1.029
6035.000 1.033
6040.000 1.054
6045.000 1.079
6050.000 1.091
6055.000 1.114
6060.000 1.141
6065.000 1.160
6070.000 1.182
6075.000 1.211
6080.000 1.239
6085.000 1.260
6090.000 1.277
6095.000 1.309
6100.000 1.332
6105.000 1.372
6110.000 1.409
6115.000 1.448
6120.000 1.496
6125.000 1.545
6130.000 1.604
6135.000 1.662
6140.000 1.725
6145.000 1.807
6150.000 1.845
6155.000 1.921
6160.000 2.029
6165.000 2.128
6170.000 2.265
6175.000 2.414
6180.000 2.565
6185.000 2.788
6190.000 3.002
6195.000 3.336
6200.000 3.716
6205.000 4.149
6210.000 4.840
6215.000 5.230
6220.000 6.124
6225.000 7.587
6230.000 9.165
6235.000 10.556
6240.000 9.926
6245.000 6.698
6250.000 5.353
6255.000 4.814
6260.000 3.847
6265.000 3.270
6270.000 3.112
6275.000 2.804
6280.000 2.647
6285.000 2.557
6290.000 2.472
6295.000 2.393
6300.000 2.280
6305.000 2.173
6310.000 2.071
6315.000 1.956
6320.000 1.856
6325.000 1.747
6330.000 1.657
6335.000 1.620
6340.000 1.531
6345.000 1.456
6350.000 1.394
6355.000 1.325
6360.000 1.275
6365.000 1.213
6370.000 1.162
6375.000 1.125
6380.000 1.075
6385.000 1.042
6390.000 1.002
6395.000 0.985
6400.000 0.960
6405.000 0.926
6410.000 0.903
6415.000 0.882
6420.000 0.859
6425.000 0.840
6430.000 0.814
6435.000 0.797
6440.000 0.779
6445.000 0.760
6450.000 0.747
6455.000 0.726
6460.000 0.721
6465.000 0.709
6470.000 0.694
6475.000 0.681
6480.000 0.675
6485.000 0.662
6490.000 0.652
6495.000 0.648
6500.000 0.640
6505.000 0.633
6510.000 0.629
6515.000 0.620
6520.000 0.613
6525.000 0.606
6530.000 0.603
6535.000 0.597
6540.000 0.593
6545.000 0.587
6550.000 0.594
6555.000 0.594
6560.000 0.704
6565.000 1.058
6570.000 2.200
6575.000 3.234
6580.000 5.251
6585.000 2.876
6590.000 0.474
6595.000 0.359
6600.000 0.425
6605.000 0.464
6610.000 0.438
6615.000 0.461
6620.000 0.461
6625.000 0.458
6630.000 0.459
6635.000 0.466
6640.000 0.465
6645.000 0.466
6650.000 0.472
6655.000 0.470
6660.000 0.470
6665.000 0.468
6670.000 0.467
6675.000 0.463
6680.000 0.461
6685.000 0.459
6690.000 0.457
6695.000 0.459
6700.000 0.455
6705.000 0.463
6710.000 0.459
6715.000 0.463
6720.000 0.464
6725.000 0.463
6730.000 0.463
6735.000 0.465
6740.000 0.460
6745.000 0.458
6750.000 0.453
6755.000 0.452
6760.000 0.452
6765.000 0.448
6770.000 0.450
6775.000 0.446
6780.000 0.452
6785.000 0.449
6790.000 0.444
6795.000 0.457
6800.000 0.454
6805.000 0.456
6810.000 0.452
6815.000 0.457
6820.000 0.448
6825.000 0.448
6830.000 0.445
6835.000 0.442
6840.000 0.438
6845.000 0.440
6850.000 0.440
6855.000 0.446
6860.000 0.449
6865.000 0.444
6870.000 0.452
6875.000 0.447
6880.000 0.450
6885.000 0.451
6890.000 0.448
6895.000 0.444
6900.000 0.438
6905.000 0.439
6910.000 0.434
6915.000 0.434
6920.000 0.437
6925.000 0.439
6930.000 0.435
6935.000 0.440
6940.000 0.442
6945.000 0.441
6950.000 0.442
6955.000 0.446
6960.000 0.448
6965.000 0.435
6970.000 0.442
6975.000 0.435
6980.000 0.426
6985.000 0.434
6990.000 0.434
6995.000 0.424
7000.000 0.429
7005.000 0.438
7010.000 0.427
7015.000 0.436
7020.000 0.428
7025.000 0.434
7030.000 0.438
7035.000 0.439
7040.000 0.434
7045.000 0.423
7050.000 0.423
7055.000 0.418
7060.000 0.424
7065.000 0.421
7070.000 0.420
7075.000 0.421
7080.000 0.427
7085.000 0.427
7090.000 0.423
7095.000 0.427
7100.000 0.430
7105.000 0.425
7110.000 0.424
7115.000 0.422
7120.000 0.417
7125.000 0.418
7130.000 0.415
7135.000 0.415
7140.000 0.413
7145.000 0.418
7150.000 0.416
7155.000 0.418
7160.000 0.421
7165.000 0.419
7170.000 0.421
7175.000 0.418
7180.000 0.416
7185.000 0.414
7190.000 0.416
7195.000 0.413
7200.000 0.405
7205.000 0.405
7210.000 0.404
7215.000 0.402
7220.000 0.407
7225.000 0.406
7230.000 0.410
7235.000 0.408
7240.000 0.412
7245.000 0.411
7250.000 0.406
7255.000 0.405
7260.000 0.405
7265.000 0.402
7270.000 0.399
7275.000 0.396
7280.000 0.394
7285.000 0.397
7290.000 0.399
7295.000 0.398
7300.000 0.403
7305.000 0.400
7310.000 0.401
7315.000 0.402
7320.000 0.404
7325.000 0.403
7330.000 0.402
7335.000 0.403
7340.000 0.401
7345.000 0.405
7350.000 0.409
7355.000 0.420
7360.000 0.422
7365.000 0.435
7370.000 0.443
7375.000 0.455
7380.000 0.472
7385.000 0.489
7390.000 0.509
7395.000 0.538
7400.000 0.576
7405.000 0.621
7410.000 0.683
7415.000 0.754
7420.000 0.875
7425.000 1.019
7430.000 1.082
7435.000 1.327
7440.000 1.610
7445.000 1.901
7450.000 2.212
7455.000 2.195
7460.000 1.798
7465.000 1.479
7470.000 1.482
7475.000 1.562
7480.000 1.727
7485.000 1.585
7490.000 1.374
7495.000 1.297
7500.000 1.149
7505.000 1.061
7510.000 0.992
7515.000 0.928
7520.000 0.886
7525.000 0.843
7530.000 0.809
7535.000 0.788
7540.000 0.762
7545.000 0.742
7550.000 0.732
7555.000 0.710
7560.000 0.695
7565.000 0.671
7570.000 0.658
7575.000 0.643
7580.000 0.631
7585.000 0.622
7590.000 0.612
7595.000 0.604
7600.000 0.601
7605.000 0.593
7610.000 0.590
7615.000 0.587
7620.000 0.581
7625.000 0.577
7630.000 0.568
7635.000 0.561
7640.000 0.547
7645.000 0.546
7650.000 0.539
7655.000 0.534
7660.000 0.527
7665.000 0.531
7670.000 0.525
7675.000 0.521
7680.000 0.525
7685.000 0.520
7690.000 0.518
7695.000 0.513
7700.000 0.511
7705.000 0.502
7710.000 0.500
7715.000 0.495
7720.000 0.488
7725.000 0.484
7730.000 0.483
7735.000 0.482
7740.000 0.480
7745.000 0.485
7750.000 0.477
7755.000 0.480
7760.000 0.480
7765.000 0.476
7770.000 0.471
7775.000 0.467
7780.000 0.459
7785.000 0.457
7790.000 0.450
7795.000 0.449
7800.000 0.447
7805.000 0.443
7810.000 0.444
7815.000 0.439
7820.000 0.441
7825.000 0.440
7830.000 0.440
7835.000 0.438
7840.000 0.436
7845.000 0.433
7850.000 0.424
7855.000 0.421
7860.000 0.413
7865.000 0.410
7870.000 0.407
7875.000 0.402
7880.000 0.400
7885.000 0.402
7890.000 0.397
7895.000 0.393
7900.000 0.396
7905.000 0.391
7910.000 0.389
7915.000 0.382
7920.000 0.380
7925.000 0.371
7930.000 0.363
7935.000 0.357
7940.000 0.351
7945.000 0.341
7950.000 0.341
7955.000 0.333
7960.000 0.329
7965.000 0.333
7970.000 0.329
7975.000 0.324
7980.000 0.319
7985.000 0.313
7990.000 0.301
7995.000 0.299
8000.000 0.294
8005.000 0.297
8010.000 0.303
8015.000 0.334
8020.000 0.387
8025.000 0.424
8030.000 0.492
8035.000 0.543
8040.000 0.682
8045.000 0.895
8050.000 1.252
8055.000 1.729
8060.000 2.944
8065.000 5.027
8070.000 6.884
8075.000 2.240
8080.000 1.693
8085.000 1.509
8090.000 1.364
8095.000 1.204
8100.000 1.144
8105.000 1.045
8110.000 0.975
8115.000 0.919
8120.000 0.881
8125.000 0.838
8130.000 0.803
8135.000 0.777
8140.000 0.752
8145.000 0.732
8150.000 0.709
8155.000 0.692
8160.000 0.682
8165.000 0.662
8170.000 0.652
8175.000 0.640
8180.000 0.628
8185.000 0.621
8190.000 0.614
8195.000 0.606
8200.000 0.603
8205.000 0.596
8210.000 0.589
8215.000 0.576
8220.000 0.572
8225.000 0.565
8230.000 0.555
8235.000 0.548
8240.000 0.538
8245.000 0.532
8250.000 0.530
8255.000 0.526
8260.000 0.523
8265.000 0.522
8270.000 0.519
8275.000 0.519
8280.000 0.513
8285.000 0.509
8290.000 0.502
8295.000 0.493
8300.000 0.491
8305.000 0.481
8310.000 0.478
8315.000 0.469
8320.000 0.466
8325.000 0.463
8330.000 0.463
8335.000 0.459
8340.000 0.459
8345.000 0.462
8350.000 0.458
8355.000 0.451
8360.000 0.445
8365.000 0.440
8370.000 0.433
8375.000 0.425
8380.000 0.418
8385.000 0.414
8390.000 0.408
8395.000 0.406
8400.000 0.404
8405.000 0.401
8410.000 0.403
8415.000 0.398
8420.000 0.396
8425.000 0.393
8430.000 0.389
8435.000 0.377
8440.000 0.373
8445.000 0.359
8450.000 0.355
8455.000 0.351
8460.000 0.347
8465.000 0.343
8470.000 0.338
8475.000 0.340
8480.000 0.334
8485.000 0.339
8490.000 0.337
8495.000 0.339
8500.000 0.341
8505.000 0.349
8510.000 0.357
8515.000 0.381
8520.000 0.405
8525.000 0.454
8530.000 0.578
8535.000 0.795
8540.000 1.368
8545.000 2.547
8550.000 3.810
8555.000 1.850
8560.000 1.529
8565.000 1.046
8570.000 0.865
8575.000 0.895
8580.000 0.942
8585.000 0.970
8590.000 1.040
8595.000 1.149
8600.000 1.261
8605.000 1.445
8610.000 1.655
8615.000 1.881
8620.000 2.263
8625.000 2.651
8630.000 3.258
8635.000 3.942
8640.000 4.582
8645.000 4.976
8650.000 5.320
8655.000 5.092
8660.000 4.305
8665.000 3.632
8670.000 2.929
8675.000 2.494
8680.000 2.306
8685.000 2.228
8690.000 2.069
8695.000 1.740
8700.000 1.535
8705.000 1.552
8710.000 1.565
8715.000 1.557
8720.000 1.538
8725.000 1.499
8730.000 1.465
8735.000 1.422
8740.000 1.386
8745.000 1.347
8750.000 1.316
8755.000 1.286
8760.000 1.251
8765.000 1.240
8770.000 1.219
8775.000 1.197
8780.000 1.176
8785.000 1.164
8790.000 1.145
8795.000 1.131
8800.000 1.110
8805.000 1.095
8810.000 1.089
8815.000 1.050
8820.000 1.066
8825.000 1.006
8830.000 1.024
8835.000 1.000
8840.000 1.000
8845.000 0.989
8850.000 0.989
8855.000 0.979
8860.000 0.972
8865.000 0.967
8870.000 0.957
8875.000 0.949
8880.000 0.938
8885.000 0.930
8890.000 0.921
8895.000 0.913
8900.000 0.905
8905.000 0.897
8910.000 0.892
8915.000 0.887
8920.000 0.885
8925.000 0.882
8930.000 0.881
8935.000 0.878
8940.000 0.874
8945.000 0.871
8950.000 0.860
8955.000 0.860
8960.000 0.860
8965.000 0.846
8970.000 0.842
8975.000 0.841
8980.000 0.830
8985.000 0.830
8990.000 0.834
8995.000 0.831
9000.000 0.824
9005.000 0.830
9010.000 0.834
9015.000 0.817
9020.000 0.820
9025.000 0.814
9030.000 0.811
9035.000 0.801
9040.000 0.796
9045.000 0.799
9050.000 0.792
9055.000 0.792
9060.000 0.787
9065.000 0.789
9070.000 0.790
9075.000 0.793
9080.000 0.788
9085.000 0.791
9090.000 0.792
9095.000 0.788
9100.000 0.785
9105.000 0.781
9110.000 0.776
9115.000 0.774
9120.000 0.766
9125.000 0.769
9130.000 0.762
9135.000 0.767
9140.000 0.766
9145.000 0.766
9150.000 0.772
9155.000 0.770
9160.000 0.775
9165.000 0.770
9170.000 0.772
9175.000 0.762
9180.000 0.763
9185.000 0.759
9190.000 0.753
9195.000 0.757
9200.000 0.752
9205.000 0.753
9210.000 0.755
9215.000 0.762
9220.000 0.761
9225.000 0.762
9230.000 0.764
9235.000 0.764
9240.000 0.762
9245.000 0.762
9250.000 0.761
9255.000 0.753
9260.000 0.753
9265.000 0.748
9270.000 0.751
9275.000 0.748
9280.000 0.752
9285.000 0.755
9290.000 0.759
9295.000 0.762
9300.000 0.763
9305.000 0.766
9310.000 0.765
9315.000 0.768
9320.000 0.762
9325.000 0.766
9330.000 0.758
9335.000 0.763
9340.000 0.758
9345.000 0.762
9350.000 0.765
9355.000 0.768
9360.000 0.770
9365.000 0.775
9370.000 0.786
9375.000 0.786
9380.000 0.787
9385.000 0.791
9390.000 0.798
9395.000 0.793
9400.000 0.799
9405.000 0.802
9410.000 0.803
9415.000 0.812
9420.000 0.820
9425.000 0.834
9430.000 0.844
9435.000 0.868
9440.000 0.873
9445.000 0.894
9450.000 0.924
9455.000 0.965
9460.000 1.005
9465.000 1.084
9470.000 1.181
9475.000 1.395
9480.000 1.698
9485.000 2.014
9490.000 1.656
9495.000 1.111
9500.000 0.437
9505.000 0.611
9510.000 0.537
9515.000 0.590
9520.000 0.593
9525.000 0.605
9530.000 0.623
9535.000 0.631
9540.000 0.636
9545.000 0.648
9550.000 0.647
9555.000 0.654
9560.000 0.658
9565.000 0.663
9570.000 0.674
9575.000 0.677
9580.000 0.688
9585.000 0.693
9590.000 0.710
9595.000 0.712
9600.000 0.713
9605.000 0.718
9610.000 0.727
9615.000 0.724
9620.000 0.725
9625.000 0.733
9630.000 0.731
9635.000 0.735
9640.000 0.741
9645.000 0.748
9650.000 0.753
9655.000 0.770
9660.000 0.777
9665.000 0.784
9670.000 0.793
9675.000 0.801
9680.000 0.804
9685.000 0.808
9690.000 0.819
9695.000 0.818
9700.000 0.830
9705.000 0.836
9710.000 0.848
9715.000 0.860
9720.000 0.880
9725.000 0.897
9730.000 0.915
9735.000 0.935
9740.000 0.949
9745.000 0.967
9750.000 0.995
9755.000 1.020
9760.000 1.049
9765.000 1.085
9770.000 1.119
9775.000 1.170
9780.000 1.224
9785.000 1.299
9790.000 1.380
9795.000 1.474
9800.000 1.541
9805.000 1.672
9810.000 1.815
9815.000 1.974
9820.000 2.067
9825.000 2.018
9830.000 1.786
9835.000 1.475
9840.000 1.074
9845.000 0.811
9850.000 0.593
9855.000 0.438
9860.000 0.334
9865.000 0.258
9870.000 0.160
9875.000 0.107
9880.000 0.188
9885.000 0.299
9890.000 0.377
9895.000 0.364
9900.000 0.306
9905.000 0.273
9910.000 0.270
9915.000 0.272
9920.000 0.283
9925.000 0.290
9930.000 0.302
9935.000 0.314
9940.000 0.328
9945.000 0.342
9950.000 0.350
9955.000 0.366
9960.000 0.371
9965.000 0.386
9970.000 0.388
9975.000 0.398
9980.000 0.398
9985.000 0.399
9990.000 0.402
9995.000 0.404
10000.000 0.417
10005.000 0.421
10010.000 0.420
10015.000 0.429
10020.000 0.438
10025.000 0.444
10030.000 0.450
10035.000 0.457
10040.000 0.455
10045.000 0.454
10050.000 0.464
10055.000 0.461
10060.000 0.460
10065.000 0.466
10070.000 0.465
10075.000 0.463
10080.000 0.469
10085.000 0.475
10090.000 0.473
10095.000 0.483
10100.000 0.489
10105.000 0.488
10110.000 0.495
10115.000 0.500
10120.000 0.499
10125.000 0.500
10130.000 0.502
10135.000 0.498
10140.000 0.502
10145.000 0.503
10150.000 0.516
10155.000 0.524
10160.000 0.545
10165.000 0.577
10170.000 0.613
10175.000 0.696
10180.000 0.832
10185.000 1.141
10190.000 2.081
10195.000 1.348
10200.000 0.740
10205.000 0.691
10210.000 0.593
10215.000 0.576
10220.000 0.565
10225.000 0.558
10230.000 0.556
10235.000 0.551
10240.000 0.555
10245.000 0.554
10250.000 0.553
10255.000 0.558
10260.000 0.556
10265.000 0.554
10270.000 0.554
10275.000 0.550
10280.000 0.549
10285.000 0.548
10290.000 0.544
10295.000 0.547
10300.000 0.545
10305.000 0.547
10310.000 0.551
10315.000 0.552
10320.000 0.561
10325.000 0.558
10330.000 0.563
10335.000 0.563
10340.000 0.561
10345.000 0.562
10350.000 0.563
10355.000 0.557
10360.000 0.559
10365.000 0.556
10370.000 0.555
10375.000 0.558
10380.000 0.564
10385.000 0.566
10390.000 0.567
10395.000 0.576
10400.000 0.578
10405.000 0.580
10410.000 0.576
10415.000 0.580
10420.000 0.577
10425.000 0.575
10430.000 0.578
10435.000 0.571
10440.000 0.574
10445.000 0.573
10450.000 0.577
10455.000 0.580
10460.000 0.587
10465.000 0.588
10470.000 0.590
10475.000 0.595
10480.000 0.599
10485.000 0.598
10490.000 0.595
10495.000 0.597
10500.000 0.595
10505.000 0.600
10510.000 0.594
10515.000 0.592
10520.000 0.595
10525.000 0.599
10530.000 0.603
10535.000 0.608
10540.000 0.610
10545.000 0.613
10550.000 0.619
10555.000 0.623
10560.000 0.626
10565.000 0.621
10570.000 0.623
10575.000 0.623
10580.000 0.623
10585.000 0.626
10590.000 0.624
10595.000 0.629
10600.000 0.630
10605.000 0.640
10610.000 0.644
10615.000 0.652
10620.000 0.653
10625.000 0.660
10630.000 0.661
10635.000 0.664
10640.000 0.666
10645.000 0.664
10650.000 0.669
10655.000 0.668
10660.000 0.670
10665.000 0.675
10670.000 0.680
10675.000 0.687
10680.000 0.697
10685.000 0.704
10690.000 0.708
10695.000 0.722
10700.000 0.726
10705.000 0.730
10710.000 0.737
10715.000 0.742
10720.000 0.742
10725.000 0.753
10730.000 0.759
10735.000 0.768
10740.000 0.778
10745.000 0.792
10750.000 0.808
10755.000 0.821
10760.000 0.841
10765.000 0.858
10770.000 0.878
10775.000 0.887
10780.000 0.907
10785.000 0.925
10790.000 0.955
10795.000 0.978
10800.000 1.015
10805.000 1.055
10810.000 1.100
10815.000 1.165
10820.000 1.222
10825.000 1.336
10830.000 1.452
10835.000 1.494
10840.000 1.705
10845.000 1.935
10850.000 2.167
10855.000 2.503
10860.000 2.585
10865.000 2.076
10870.000 1.257
10875.000 0.798
10880.000 0.326
10885.000 0.202
10890.000 0.253
10895.000 0.111
10900.000 0.159
10905.000 0.210
10910.000 0.265
10915.000 0.315
10920.000 0.380
10925.000 0.423
10930.000 0.477
10935.000 0.528
10940.000 0.565
10945.000 0.625
10950.000 0.672
10955.000 0.745
10960.000 0.778
10965.000 0.846
10970.000 0.940
10975.000 1.036
10980.000 1.132
10985.000 1.253
10990.000 1.342
10995.000 1.403
11000.000 1.375
11005.000 1.262
11010.000 1.057
11015.000 0.960
11020.000 0.785
11025.000 0.621
11030.000 0.519
11035.000 0.403
11040.000 0.328
11045.000 0.265
11050.000 0.229
11055.000 0.216
11060.000 0.234
11065.000 0.259
11070.000 0.237
11075.000 0.184
11080.000 0.166
11085.000 0.142
11090.000 0.136
11095.000 0.132
11100.000 0.135
11105.000 0.138
11110.000 0.146
11115.000 0.151
11120.000 0.158
11125.000 0.167
11130.000 0.175
11135.000 0.182
11140.000 0.187
11145.000 0.189
11150.000 0.191
11155.000 0.198
11160.000 0.203
11165.000 0.202
11170.000 0.206
11175.000 0.210
11180.000 0.214
11185.000 0.221
11190.000 0.226
11195.000 0.231
11200.000 0.238
11205.000 0.241
11210.000 0.244
11215.000 0.248
11220.000 0.253
11225.000 0.247
11230.000 0.249
11235.000 0.252
11240.000 0.253
11245.000 0.255
11250.000 0.255
11255.000 0.260
11260.000 0.261
11265.000 0.264
11270.000 0.267
11275.000 0.269
11280.000 0.276
11285.000 0.281
11290.000 0.279
11295.000 0.279
11300.000 0.277
11305.000 0.276
11310.000 0.281
11315.000 0.276
11320.000 0.279
11325.000 0.278
11330.000 0.282
11335.000 0.280
11340.000 0.288
11345.000 0.286
11350.000 0.290
11355.000 0.293
11360.000 0.296
11365.000 0.295
11370.000 0.296
11375.000 0.294
11380.000 0.292
11385.000 0.293
11390.000 0.291
11395.000 0.291
11400.000 0.292
11405.000 0.292
11410.000 0.295
11415.000 0.298
11420.000 0.300
11425.000 0.302
11430.000 0.304
11435.000 0.304
11440.000 0.302
11445.000 0.302
11450.000 0.299
11455.000 0.299
11460.000 0.296
11465.000 0.294
11470.000 0.294
11475.000 0.296
11480.000 0.292
11485.000 0.298
11490.000 0.298
11495.000 0.301
11500.000 0.303
11505.000 0.299
11510.000 0.303
11515.000 0.302
11520.000 0.298
11525.000 0.293
11530.000 0.296
11535.000 0.294
11540.000 0.292
11545.000 0.289
11550.000 0.288
11555.000 0.290
11560.000 0.288
11565.000 0.290
11570.000 0.288
11575.000 0.289
11580.000 0.288
11585.000 0.285
11590.000 0.285
11595.000 0.280
11600.000 0.277
11605.000 0.268
11610.000 0.272
11615.000 0.266
11620.000 0.265
11625.000 0.258
11630.000 0.258
11635.000 0.255
11640.000 0.252
11645.000 0.248
11650.000 0.242
11655.000 0.236
11660.000 0.231
11665.000 0.221
11670.000 0.211
11675.000 0.196
11680.000 0.182
11685.000 0.170
11690.000 0.167
11695.000 0.157
11700.000 0.148
11705.000 0.156
11710.000 0.200
11715.000 0.275
11720.000 0.456
11725.000 0.723
11730.000 1.048
11735.000 1.365
11740.000 1.345
11745.000 1.507
11750.000 1.033
11755.000 0.878
11760.000 0.744
11765.000 0.684
11770.000 0.642
11775.000 0.597
11780.000 0.571
11785.000 0.546
11790.000 0.528
11795.000 0.515
11800.000 0.502
11805.000 0.492
11810.000 0.481
11815.000 0.469
11820.000 0.463
11825.000 0.451
11830.000 0.444
11835.000 0.437
11840.000 0.431
11845.000 0.429
11850.000 0.422
11855.000 0.421
11860.000 0.420
11865.000 0.414
11870.000 0.412
11875.000 0.409
11880.000 0.406
11885.000 0.403
11890.000 0.394
11895.000 0.391
11900.000 0.386
11905.000 0.383
11910.000 0.378
11915.000 0.377
11920.000 0.377
11925.000 0.375
11930.000 0.369
11935.000 0.369
11940.000 0.369
11945.000 0.366
11950.000 0.365
11955.000 0.365
11960.000 0.356
11965.000 0.354
11970.000 0.348
11975.000 0.347
11980.000 0.348
11985.000 0.342
11990.000 0.346
11995.000 0.343
12000.000 0.346
