105.000 1.863
110.000 1.977
115.000 2.167
120.000 2.039
125.000 2.039
130.000 2.091
135.000 2.124
140.000 2.147
145.000 2.196
150.000 2.214
155.000 2.165
160.000 2.232
165.000 2.230
170.000 2.255
175.000 2.280
180.000 2.321
185.000 2.288
190.000 2.356
195.000 2.326
200.000 2.331
205.000 2.352
210.000 2.352
215.000 2.410
220.000 2.421
225.000 2.463
230.000 2.508
235.000 2.523
240.000 2.558
245.000 2.593
250.000 2.608
255.000 2.632
260.000 2.710
265.000 2.743
270.000 2.808
275.000 2.820
280.000 2.897
285.000 2.958
290.000 3.020
295.000 3.124
300.000 3.207
305.000 3.278
310.000 3.393
315.000 3.448
320.000 3.523
325.000 3.632
330.000 3.766
335.000 3.888
340.000 4.046
345.000 4.219
350.000 4.394
355.000 4.565
360.000 4.766
365.000 4.976
370.000 5.192
375.000 5.304
380.000 5.521
385.000 5.718
390.000 5.904
395.000 6.080
400.000 6.183
405.000 6.237
410.000 6.241
415.000 6.140
420.000 6.024
425.000 5.774
430.000 5.532
435.000 5.213
440.000 5.045
445.000 4.737
450.000 4.418
455.000 4.094
460.000 3.828
465.000 3.552
470.000 3.319
475.000 3.094
480.000 2.915
485.000 2.724
490.000 2.559
495.000 2.476
500.000 2.341
505.000 2.200
510.000 2.076
515.000 1.968
520.000 1.871
525.000 1.790
530.000 1.692
535.000 1.615
540.000 1.548
545.000 1.479
550.000 1.423
555.000 1.385
560.000 1.322
565.000 1.267
570.000 1.224
575.000 1.190
580.000 1.129
585.000 1.093
590.000 1.062
595.000 1.035
600.000 0.994
605.000 0.961
610.000 0.950
615.000 0.915
620.000 0.897
625.000 0.879
630.000 0.851
635.000 0.827
640.000 0.811
645.000 0.796
650.000 0.767
655.000 0.764
660.000 0.731
665.000 0.721
670.000 0.716
675.000 0.699
680.000 0.694
685.000 0.684
690.000 0.672
695.000 0.657
700.000 0.641
705.000 0.638
710.000 0.626
715.000 0.622
720.000 0.618
725.000 0.605
730.000 0.592
735.000 0.598
740.000 0.584
745.000 0.577
750.000 0.568
755.000 0.562
760.000 0.558
765.000 0.555
770.000 0.545
775.000 0.554
780.000 0.547
785.000 0.555
790.000 0.546
795.000 0.547
800.000 0.552
805.000 0.540
810.000 0.542
815.000 0.531
820.000 0.529
825.000 0.512
830.000 0.519
835.000 0.513
840.000 0.518
845.000 0.508
850.000 0.511
855.000 0.513
860.000 0.509
865.000 0.506
870.000 0.506
875.000 0.501
880.000 0.497
885.000 0.503
890.000 0.496
895.000 0.498
900.000 0.498
905.000 0.493
910.000 0.495
915.000 0.493
920.000 0.492
925.000 0.496
930.000 0.497
935.000 0.495
940.000 0.489
945.000 0.498
950.000 0.482
955.000 0.490
960.000 0.492
965.000 0.485
970.000 0.481
975.000 0.488
980.000 0.484
985.000 0.493
990.000 0.496
995.000 0.489
1000.000 0.484
1005.000 0.483
1010.000 0.485
1015.000 0.493
1020.000 0.496
1025.000 0.487
1030.000 0.485
1035.000 0.485
1040.000 0.484
1045.000 0.493
1050.000 0.483
1055.000 0.489
1060.000 0.485
1065.000 0.489
1070.000 0.493
1075.000 0.492
1080.000 0.495
1085.000 0.494
1090.000 0.495
1095.000 0.492
1100.000 0.494
1105.000 0.490
1110.000 0.493
1115.000 0.492
1120.000 0.499
1125.000 0.490
1130.000 0.498
1135.000 0.493
1140.000 0.496
1145.000 0.500
1150.000 0.498
1155.000 0.495
1160.000 0.499
1165.000 0.499
1170.000 0.494
1175.000 0.496
1180.000 0.495
1185.000 0.501
1190.000 0.501
1195.000 0.505
1200.000 0.507
1205.000 0.507
1210.000 0.507
1215.000 0.507
1220.000 0.512
1225.000 0.507
1230.000 0.505
1235.000 0.507
1240.000 0.511
1245.000 0.512
1250.000 0.515
1255.000 0.516
1260.000 0.513
1265.000 0.516
1270.000 0.519
1275.000 0.517
1280.000 0.523
1285.000 0.524
1290.000 0.519
1295.000 0.524
1300.000 0.521
1305.000 0.522
1310.000 0.526
1315.000 0.528
1320.000 0.528
1325.000 0.531
1330.000 0.533
1335.000 0.536
1340.000 0.530
1345.000 0.535
1350.000 0.536
1355.000 0.537
1360.000 0.539
1365.000 0.541
1370.000 0.542
1375.000 0.538
1380.000 0.546
1385.000 0.546
1390.000 0.540
1395.000 0.542
1400.000 0.548
1405.000 0.548
1410.000 0.549
1415.000 0.550
1420.000 0.550
1425.000 0.549
1430.000 0.546
1435.000 0.550
1440.000 0.547
1445.000 0.541
1450.000 0.541
1455.000 0.540
1460.000 0.543
1465.000 0.539
1470.000 0.539
1475.000 0.544
1480.000 0.545
1485.000 0.551
1490.000 0.560
1495.000 0.566
1500.000 0.570
1505.000 0.579
1510.000 0.581
1515.000 0.590
1520.000 0.595
1525.000 0.599
1530.000 0.601
1535.000 0.610
1540.000 0.617
1545.000 0.621
1550.000 0.628
1555.000 0.634
1560.000 0.641
1565.000 0.643
1570.000 0.647
1575.000 0.661
1580.000 0.665
1585.000 0.667
1590.000 0.675
1595.000 0.682
1600.000 0.688
1605.000 0.699
1610.000 0.704
1615.000 0.715
1620.000 0.720
1625.000 0.727
1630.000 0.738
1635.000 0.746
1640.000 0.757
1645.000 0.766
1650.000 0.779
1655.000 0.787
1660.000 0.793
1665.000 0.800
1670.000 0.811
1675.000 0.828
1680.000 0.834
1685.000 0.849
1690.000 0.865
1695.000 0.878
1700.000 0.893
1705.000 0.906
1710.000 0.914
1715.000 0.929
1720.000 0.948
1725.000 0.960
1730.000 0.979
1735.000 0.997
1740.000 1.015
1745.000 1.032
1750.000 1.052
1755.000 1.069
1760.000 1.092
1765.000 1.111
1770.000 1.123
1775.000 1.139
1780.000 1.155
1785.000 1.175
1790.000 1.196
1795.000 1.220
1800.000 1.240
1805.000 1.261
1810.000 1.281
1815.000 1.302
1820.000 1.320
1825.000 1.334
1830.000 1.347
1835.000 1.356
1840.000 1.372
1845.000 1.387
1850.000 1.400
1855.000 1.411
1860.000 1.425
1865.000 1.435
1870.000 1.442
1875.000 1.446
1880.000 1.453
1885.000 1.458
1890.000 1.456
1895.000 1.456
1900.000 1.460
1905.000 1.454
1910.000 1.448
1915.000 1.446
1920.000 1.439
1925.000 1.435
1930.000 1.424
1935.000 1.414
1940.000 1.409
1945.000 1.398
1950.000 1.392
1955.000 1.385
1960.000 1.374
1965.000 1.360
1970.000 1.357
1975.000 1.343
1980.000 1.327
1985.000 1.329
1990.000 1.321
1995.000 1.304
2000.000 1.291
2005.000 1.276
2010.000 1.277
2015.000 1.251
2020.000 1.243
2025.000 1.241
2030.000 1.239
2035.000 1.232
2040.000 1.224
2045.000 1.206
2050.000 1.205
2055.000 1.201
2060.000 1.187
2065.000 1.183
2070.000 1.183
2075.000 1.169
2080.000 1.174
2085.000 1.166
2090.000 1.165
2095.000 1.160
2100.000 1.156
2105.000 1.156
2110.000 1.155
2115.000 1.158
2120.000 1.153
2125.000 1.153
2130.000 1.151
2135.000 1.155
2140.000 1.161
2145.000 1.164
2150.000 1.170
2155.000 1.169
2160.000 1.173
2165.000 1.184
2170.000 1.189
2175.000 1.202
2180.000 1.217
2185.000 1.224
2190.000 1.237
2195.000 1.253
2200.000 1.269
2205.000 1.290
2210.000 1.306
2215.000 1.322
2220.000 1.344
2225.000 1.374
2230.000 1.412
2235.000 1.449
2240.000 1.488
2245.000 1.543
2250.000 1.595
2255.000 1.667
2260.000 1.742
2265.000 1.840
2270.000 1.945
2275.000 2.064
2280.000 2.134
2285.000 2.295
2290.000 2.461
2295.000 2.683
2300.000 3.833
2305.000 8.415
2310.000 16.835
2315.000 14.532
2320.000 6.352
2325.000 3.819
2330.000 2.622
2335.000 1.956
2340.000 1.721
2345.000 1.337
2350.000 1.079
2355.000 0.887
2360.000 0.730
2365.000 0.613
2370.000 0.506
2375.000 0.433
2380.000 0.375
2385.000 0.322
2390.000 0.290
2395.000 0.255
2400.000 0.240
2405.000 0.234
2410.000 0.222
2415.000 0.215
2420.000 0.216
2425.000 0.213
2430.000 0.225
2435.000 0.230
2440.000 0.237
2445.000 0.246
2450.000 0.251
2455.000 0.259
2460.000 0.261
2465.000 0.271
2470.000 0.272
2475.000 0.284
2480.000 0.288
2485.000 0.293
2490.000 0.302
2495.000 0.307
2500.000 0.310
2505.000 0.315
2510.000 0.316
2515.000 0.322
2520.000 0.321
2525.000 0.326
2530.000 0.333
2535.000 0.340
2540.000 0.343
2545.000 0.342
2550.000 0.342
2555.000 0.345
2560.000 0.351
2565.000 0.354
2570.000 0.357
2575.000 0.356
2580.000 0.358
2585.000 0.362
2590.000 0.356
2595.000 0.365
2600.000 0.361
2605.000 0.363
2610.000 0.370
2615.000 0.367
2620.000 0.371
2625.000 0.376
2630.000 0.367
2635.000 0.374
2640.000 0.375
2645.000 0.374
2650.000 0.373
2655.000 0.378
2660.000 0.375
2665.000 0.375
2670.000 0.378
2675.000 0.380
2680.000 0.380
2685.000 0.379
2690.000 0.380
2695.000 0.381
2700.000 0.379
2705.000 0.382
2710.000 0.380
2715.000 0.379
2720.000 0.380
2725.000 0.379
2730.000 0.382
2735.000 0.381
2740.000 0.384
2745.000 0.380
2750.000 0.389
2755.000 0.385
2760.000 0.387
2765.000 0.388
2770.000 0.387
2775.000 0.390
2780.000 0.389
2785.000 0.391
2790.000 0.394
2795.000 0.391
2800.000 0.390
2805.000 0.394
2810.000 0.397
2815.000 0.399
2820.000 0.398
2825.000 0.404
2830.000 0.401
2835.000 0.406
2840.000 0.409
2845.000 0.412
2850.000 0.416
2855.000 0.418
2860.000 0.418
2865.000 0.422
2870.000 0.426
2875.000 0.428
2880.000 0.429
2885.000 0.434
2890.000 0.438
2895.000 0.441
2900.000 0.444
2905.000 0.449
2910.000 0.454
2915.000 0.455
2920.000 0.462
2925.000 0.467
2930.000 0.470
2935.000 0.476
2940.000 0.477
2945.000 0.478
2950.000 0.484
2955.000 0.490
2960.000 0.493
2965.000 0.491
2970.000 0.501
2975.000 0.509
2980.000 0.500
2985.000 0.518
2990.000 0.521
2995.000 0.510
3000.000 0.530
3005.000 0.529
3010.000 0.528
3015.000 0.528
3020.000 0.524
3025.000 0.528
3030.000 0.546
3035.000 0.546
3040.000 0.551
3045.000 0.539
3050.000 0.550
3055.000 0.553
3060.000 0.555
3065.000 0.557
3070.000 0.559
3075.000 0.558
3080.000 0.569
3085.000 0.568
3090.000 0.567
3095.000 0.568
3100.000 0.566
3105.000 0.572
3110.000 0.574
3115.000 0.579
3120.000 0.575
3125.000 0.581
3130.000 0.583
3135.000 0.582
3140.000 0.587
3145.000 0.584
3150.000 0.589
3155.000 0.588
3160.000 0.589
3165.000 0.590
3170.000 0.588
3175.000 0.590
3180.000 0.593
3185.000 0.595
3190.000 0.594
3195.000 0.602
3200.000 0.600
3205.000 0.602
3210.000 0.604
3215.000 0.602
3220.000 0.608
3225.000 0.609
3230.000 0.611
3235.000 0.609
3240.000 0.612
3245.000 0.613
3250.000 0.616
3255.000 0.617
3260.000 0.619
3265.000 0.621
3270.000 0.620
3275.000 0.624
3280.000 0.627
3285.000 0.627
3290.000 0.631
3295.000 0.633
3300.000 0.633
3305.000 0.634
3310.000 0.637
3315.000 0.639
3320.000 0.637
3325.000 0.641
3330.000 0.643
3335.000 0.643
3340.000 0.651
3345.000 0.653
3350.000 0.657
3355.000 0.658
3360.000 0.666
3365.000 0.667
3370.000 0.668
3375.000 0.670
3380.000 0.673
3385.000 0.675
3390.000 0.678
3395.000 0.683
3400.000 0.686
3405.000 0.692
3410.000 0.694
3415.000 0.703
3420.000 0.706
3425.000 0.715
3430.000 0.712
3435.000 0.721
3440.000 0.723
3445.000 0.731
3450.000 0.736
3455.000 0.741
3460.000 0.749
3465.000 0.756
3470.000 0.761
3475.000 0.770
3480.000 0.782
3485.000 0.788
3490.000 0.796
3495.000 0.803
3500.000 0.815
3505.000 0.828
3510.000 0.835
3515.000 0.850
3520.000 0.859
3525.000 0.876
3530.000 0.891
3535.000 0.905
3540.000 0.926
3545.000 0.942
3550.000 0.963
3555.000 0.970
3560.000 0.998
3565.000 1.021
3570.000 1.047
3575.000 1.077
3580.000 1.102
3585.000 1.135
3590.000 1.172
3595.000 1.211
3600.000 1.248
3605.000 1.302
3610.000 1.353
3615.000 1.411
3620.000 1.442
3625.000 1.513
3630.000 1.597
3635.000 1.685
3640.000 1.791
3645.000 1.920
3650.000 2.072
3655.000 2.256
3660.000 2.464
3665.000 2.717
3670.000 3.059
3675.000 3.282
3680.000 3.728
3685.000 4.377
3690.000 5.318
3695.000 7.191
3700.000 10.786
3705.000 13.500
3710.000 15.371
3715.000 9.064
3720.000 6.697
3725.000 5.134
3730.000 4.251
3735.000 3.547
3740.000 3.286
3745.000 2.889
3750.000 2.554
3755.000 2.301
3760.000 2.102
3765.000 1.930
3770.000 1.795
3775.000 1.668
3780.000 1.568
3785.000 1.473
3790.000 1.398
3795.000 1.336
3800.000 1.302
3805.000 1.241
3810.000 1.193
3815.000 1.147
3820.000 1.101
3825.000 1.072
3830.000 1.035
3835.000 1.009
3840.000 0.979
3845.000 0.953
3850.000 0.928
3855.000 0.907
3860.000 0.886
3865.000 0.879
3870.000 0.861
3875.000 0.844
3880.000 0.828
3885.000 0.816
3890.000 0.804
3895.000 0.789
3900.000 0.778
3905.000 0.766
3910.000 0.761
3915.000 0.752
3920.000 0.744
3925.000 0.737
3930.000 0.732
3935.000 0.720
3940.000 0.717
3945.000 0.708
3950.000 0.708
3955.000 0.696
3960.000 0.692
3965.000 0.692
3970.000 0.690
3975.000 0.684
3980.000 0.674
3985.000 0.677
3990.000 0.671
3995.000 0.677
4000.000 0.654
4005.000 0.651
4010.000 0.657
4015.000 0.653
4020.000 0.653
4025.000 0.647
4030.000 0.654
4035.000 0.644
4040.000 0.646
4045.000 0.651
4050.000 0.640
4055.000 0.638
4060.000 0.643
4065.000 0.636
4070.000 0.634
4075.000 0.636
4080.000 0.632
4085.000 0.630
4090.000 0.633
4095.000 0.635
4100.000 0.632
4105.000 0.632
4110.000 0.634
4115.000 0.635
4120.000 0.635
4125.000 0.631
4130.000 0.634
4135.000 0.632
4140.000 0.631
4145.000 0.631
4150.000 0.630
4155.000 0.626
4160.000 0.626
4165.000 0.627
4170.000 0.626
4175.000 0.625
4180.000 0.621
4185.000 0.625
4190.000 0.622
4195.000 0.614
4200.000 0.616
4205.000 0.611
4210.000 0.607
4215.000 0.604
4220.000 0.604
4225.000 0.601
4230.000 0.599
4235.000 0.591
4240.000 0.588
4245.000 0.586
4250.000 0.581
4255.000 0.577
4260.000 0.572
4265.000 0.572
4270.000 0.567
4275.000 0.563
4280.000 0.559
4285.000 0.557
4290.000 0.554
4295.000 0.556
4300.000 0.554
4305.000 0.553
4310.000 0.555
4315.000 0.555
4320.000 0.557
4325.000 0.559
4330.000 0.557
4335.000 0.553
4340.000 0.556
4345.000 0.555
4350.000 0.548
4355.000 0.552
4360.000 0.551
4365.000 0.552
4370.000 0.553
4375.000 0.555
4380.000 0.555
4385.000 0.557
4390.000 0.555
4395.000 0.560
4400.000 0.560
4405.000 0.557
4410.000 0.560
4415.000 0.558
4420.000 0.559
4425.000 0.558
4430.000 0.555
4435.000 0.558
4440.000 0.557
4445.000 0.557
4450.000 0.561
4455.000 0.559
4460.000 0.559
4465.000 0.559
4470.000 0.562
4475.000 0.560
4480.000 0.564
4485.000 0.564
4490.000 0.564
4495.000 0.561
4500.000 0.562
4505.000 0.562
4510.000 0.563
4515.000 0.563
4520.000 0.566
4525.000 0.563
4530.000 0.567
4535.000 0.573
4540.000 0.572
4545.000 0.573
4550.000 0.573
4555.000 0.573
4560.000 0.574
4565.000 0.574
4570.000 0.571
4575.000 0.574
4580.000 0.573
4585.000 0.573
4590.000 0.572
4595.000 0.577
4600.000 0.580
4605.000 0.581
4610.000 0.583
4615.000 0.581
4620.000 0.586
4625.000 0.587
4630.000 0.588
4635.000 0.586
4640.000 0.588
4645.000 0.589
4650.000 0.591
4655.000 0.592
4660.000 0.596
4665.000 0.595
4670.000 0.597
4675.000 0.602
4680.000 0.604
4685.000 0.605
4690.000 0.612
4695.000 0.615
4700.000 0.618
4705.000 0.617
4710.000 0.622
4715.000 0.624
4720.000 0.626
4725.000 0.631
4730.000 0.634
4735.000 0.639
4740.000 0.643
4745.000 0.648
4750.000 0.653
4755.000 0.666
4760.000 0.672
4765.000 0.677
4770.000 0.683
4775.000 0.691
4780.000 0.697
4785.000 0.709
4790.000 0.720
4795.000 0.724
4800.000 0.742
4805.000 0.750
4810.000 0.763
4815.000 0.780
4820.000 0.798
4825.000 0.818
4830.000 0.837
4835.000 0.850
4840.000 0.874
4845.000 0.897
4850.000 0.926
4855.000 0.961
4860.000 0.993
4865.000 1.031
4870.000 1.069
4875.000 1.120
4880.000 1.174
4885.000 1.230
4890.000 1.296
4895.000 1.368
4900.000 1.412
4905.000 1.504
4910.000 1.604
4915.000 1.739
4920.000 1.880
4925.000 2.060
4930.000 2.255
4935.000 2.483
4940.000 2.809
4945.000 3.217
4950.000 3.715
4955.000 4.109
4960.000 5.067
4965.000 6.486
4970.000 8.878
4975.000 8.533
4980.000 4.730
4985.000 8.298
4990.000 11.596
4995.000 13.297
5000.000 9.250
5005.000 6.666
5010.000 5.497
5015.000 5.042
5020.000 4.222
5025.000 3.662
5030.000 3.273
5035.000 2.940
5040.000 2.700
5045.000 2.473
5050.000 2.298
5055.000 2.159
5060.000 2.040
5065.000 1.938
5070.000 1.839
5075.000 1.761
5080.000 1.729
5085.000 1.659
5090.000 1.594
5095.000 1.543
5100.000 1.495
5105.000 1.455
5110.000 1.419
5115.000 1.384
5120.000 1.356
5125.000 1.329
5130.000 1.303
5135.000 1.276
5140.000 1.266
5145.000 1.248
5150.000 1.222
5155.000 1.205
5160.000 1.187
5165.000 1.170
5170.000 1.153
5175.000 1.144
5180.000 1.131
5185.000 1.119
5190.000 1.115
5195.000 1.107
5200.000 1.094
5205.000 1.087
5210.000 1.077
5215.000 1.065
5220.000 1.060
5225.000 1.046
5230.000 1.034
5235.000 1.027
5240.000 1.019
5245.000 1.015
5250.000 1.008
5255.000 1.001
5260.000 0.994
5265.000 0.989
5270.000 0.986
5275.000 0.981
5280.000 0.975
5285.000 0.966
5290.000 0.959
5295.000 0.950
5300.000 0.944
5305.000 0.933
5310.000 0.928
5315.000 0.921
5320.000 0.918
5325.000 0.909
5330.000 0.907
5335.000 0.903
5340.000 0.894
5345.000 0.889
5350.000 0.883
5355.000 0.879
5360.000 0.869
5365.000 0.863
5370.000 0.852
5375.000 0.848
5380.000 0.836
5385.000 0.835
5390.000 0.828
5395.000 0.822
5400.000 0.816
5405.000 0.807
5410.000 0.805
5415.000 0.798
5420.000 0.792
5425.000 0.787
5430.000 0.781
5435.000 0.767
5440.000 0.770
5445.000 0.762
5450.000 0.750
5455.000 0.744
5460.000 0.739
5465.000 0.729
5470.000 0.729
5475.000 0.723
5480.000 0.717
5485.000 0.715
5490.000 0.704
5495.000 0.704
5500.000 0.700
5505.000 0.696
5510.000 0.691
5515.000 0.682
5520.000 0.677
5525.000 0.670
5530.000 0.662
5535.000 0.658
5540.000 0.651
5545.000 0.650
5550.000 0.648
5555.000 0.644
5560.000 0.641
5565.000 0.639
5570.000 0.636
5575.000 0.631
5580.000 0.628
5585.000 0.624
5590.000 0.618
5595.000 0.610
5600.000 0.606
5605.000 0.600
5610.000 0.600
5615.000 0.592
5620.000 0.593
5625.000 0.589
5630.000 0.588
5635.000 0.589
5640.000 0.586
5645.000 0.582
5650.000 0.583
5655.000 0.575
5660.000 0.577
5665.000 0.571
5670.000 0.564
5675.000 0.560
5680.000 0.559
5685.000 0.557
5690.000 0.555
5695.000 0.555
5700.000 0.554
5705.000 0.546
5710.000 0.555
5715.000 0.554
5720.000 0.550
5725.000 0.547
5730.000 0.547
5735.000 0.537
5740.000 0.535
5745.000 0.536
5750.000 0.530
5755.000 0.531
5760.000 0.526
5765.000 0.528
5770.000 0.523
5775.000 0.527
5780.000 0.525
5785.000 0.527
5790.000 0.526
5795.000 0.524
5800.000 0.525
5805.000 0.523
5810.000 0.521
5815.000 0.510
5820.000 0.512
5825.000 0.506
5830.000 0.507
5835.000 0.509
5840.000 0.503
5845.000 0.502
5850.000 0.501
5855.000 0.505
5860.000 0.504
5865.000 0.504
5870.000 0.502
5875.000 0.500
5880.000 0.496
5885.000 0.498
5890.000 0.488
5895.000 0.482
5900.000 0.481
5905.000 0.478
5910.000 0.477
5915.000 0.471
5920.000 0.482
5925.000 0.469
5930.000 0.469
5935.000 0.473
5940.000 0.466
5945.000 0.466
5950.000 0.456
5955.000 0.460
5960.000 0.449
5965.000 0.447
5970.000 0.432
5975.000 0.429
5980.000 0.438
5985.000 0.432
5990.000 0.433
5995.000 0.423
6000.000 0.435
6005.000 0.428
6010.000 0.434
6015.000 0.412
6020.000 0.406
6025.000 0.406
6030.000 0.416
6035.000 0.403
6040.000 0.398
6045.000 0.384
6050.000 0.389
6055.000 0.387
6060.000 0.382
6065.000 0.381
6070.000 0.373
6075.000 0.381
6080.000 0.372
6085.000 0.375
6090.000 0.375
6095.000 0.369
6100.000 0.372
6105.000 0.375
6110.000 0.370
6115.000 0.367
6120.000 0.370
6125.000 0.374
6130.000 0.378
6135.000 0.385
6140.000 0.397
6145.000 0.417
6150.000 0.435
6155.000 0.463
6160.000 0.490
6165.000 0.529
6170.000 0.550
6175.000 0.605
6180.000 0.664
6185.000 0.753
6190.000 0.845
6195.000 0.990
6200.000 1.164
6205.000 1.368
6210.000 1.706
6215.000 2.084
6220.000 2.756
6225.000 3.592
6230.000 4.039
6235.000 5.403
6240.000 6.876
6245.000 7.267
6250.000 4.699
6255.000 3.253
6260.000 2.731
6265.000 2.288
6270.000 1.928
6275.000 1.546
6280.000 1.269
6285.000 0.955
6290.000 0.700
6295.000 0.613
6300.000 0.397
6305.000 0.239
6310.000 0.129
6315.000 0.043
6320.000 0.087
6325.000 0.150
6330.000 0.203
6335.000 0.241
6340.000 0.275
6345.000 0.302
6350.000 0.331
6355.000 0.338
6360.000 0.352
6365.000 0.378
6370.000 0.387
6375.000 0.403
6380.000 0.411
6385.000 0.417
6390.000 0.426
6395.000 0.433
6400.000 0.432
6405.000 0.434
6410.000 0.441
6415.000 0.441
6420.000 0.445
6425.000 0.442
6430.000 0.447
6435.000 0.452
6440.000 0.456
6445.000 0.461
6450.000 0.463
6455.000 0.470
6460.000 0.471
6465.000 0.465
6470.000 0.465
6475.000 0.469
6480.000 0.466
6485.000 0.468
6490.000 0.468
6495.000 0.475
6500.000 0.474
6505.000 0.484
6510.000 0.485
6515.000 0.499
6520.000 0.508
6525.000 0.518
6530.000 0.533
6535.000 0.554
6540.000 0.564
6545.000 0.593
6550.000 0.664
6555.000 0.739
6560.000 0.911
6565.000 1.265
6570.000 2.531
6575.000 5.878
6580.000 6.907
6585.000 0.425
6590.000 0.758
6595.000 0.898
6600.000 0.799
6605.000 0.770
6610.000 0.695
6615.000 0.642
6620.000 0.615
6625.000 0.585
6630.000 0.566
6635.000 0.546
6640.000 0.531
6645.000 0.526
6650.000 0.515
6655.000 0.514
6660.000 0.511
6665.000 0.507
6670.000 0.506
6675.000 0.506
6680.000 0.501
6685.000 0.497
6690.000 0.495
6695.000 0.495
6700.000 0.486
6705.000 0.485
6710.000 0.483
6715.000 0.473
6720.000 0.473
6725.000 0.475
6730.000 0.476
6735.000 0.475
6740.000 0.476
6745.000 0.476
6750.000 0.477
6755.000 0.475
6760.000 0.476
6765.000 0.471
6770.000 0.473
6775.000 0.466
6780.000 0.461
6785.000 0.462
6790.000 0.456
6795.000 0.457
6800.000 0.456
6805.000 0.459
6810.000 0.462
6815.000 0.463
6820.000 0.462
6825.000 0.466
6830.000 0.466
6835.000 0.462
6840.000 0.458
6845.000 0.455
6850.000 0.453
6855.000 0.453
6860.000 0.449
6865.000 0.443
6870.000 0.446
6875.000 0.443
6880.000 0.447
6885.000 0.450
6890.000 0.449
6895.000 0.451
6900.000 0.452
6905.000 0.455
6910.000 0.449
6915.000 0.447
6920.000 0.444
6925.000 0.440
6930.000 0.438
6935.000 0.435
6940.000 0.431
6945.000 0.432
6950.000 0.442
6955.000 0.438
6960.000 0.434
6965.000 0.440
6970.000 0.434
6975.000 0.436
6980.000 0.437
6985.000 0.436
6990.000 0.431
6995.000 0.425
7000.000 0.426
7005.000 0.428
7010.000 0.420
7015.000 0.430
7020.000 0.426
7025.000 0.419
7030.000 0.433
7035.000 0.419
7040.000 0.426
7045.000 0.433
7050.000 0.427
7055.000 0.427
7060.000 0.423
7065.000 0.419
7070.000 0.417
7075.000 0.417
7080.000 0.410
7085.000 0.414
7090.000 0.412
7095.000 0.410
7100.000 0.413
7105.000 0.420
7110.000 0.415
7115.000 0.419
7120.000 0.418
7125.000 0.416
7130.000 0.417
7135.000 0.413
7140.000 0.412
7145.000 0.408
7150.000 0.405
7155.000 0.407
7160.000 0.407
7165.000 0.405
7170.000 0.413
7175.000 0.415
7180.000 0.414
7185.000 0.418
7190.000 0.422
7195.000 0.420
7200.000 0.421
7205.000 0.421
7210.000 0.419
7215.000 0.418
7220.000 0.423
7225.000 0.423
7230.000 0.428
7235.000 0.431
7240.000 0.435
7245.000 0.441
7250.000 0.455
7255.000 0.462
7260.000 0.469
7265.000 0.471
7270.000 0.479
7275.000 0.488
7280.000 0.495
7285.000 0.506
7290.000 0.515
7295.000 0.534
7300.000 0.550
7305.000 0.570
7310.000 0.589
7315.000 0.620
7320.000 0.648
7325.000 0.673
7330.000 0.689
7335.000 0.725
7340.000 0.761
7345.000 0.801
7350.000 0.847
7355.000 0.905
7360.000 0.969
7365.000 1.030
7370.000 1.121
7375.000 1.209
7380.000 1.332
7385.000 1.462
7390.000 1.532
7395.000 1.713
7400.000 1.917
7405.000 2.129
7410.000 2.471
7415.000 2.823
7420.000 3.385
7425.000 4.048
7430.000 4.835
7435.000 6.198
7440.000 7.688
7445.000 9.196
7450.000 9.754
7455.000 9.465
7460.000 7.666
7465.000 5.477
7470.000 4.129
7475.000 3.516
7480.000 3.247
7485.000 2.978
7490.000 2.775
7495.000 2.600
7500.000 2.397
7505.000 2.261
7510.000 2.190
7515.000 2.045
7520.000 1.952
7525.000 1.839
7530.000 1.754
7535.000 1.690
7540.000 1.617
7545.000 1.564
7550.000 1.507
7555.000 1.459
7560.000 1.423
7565.000 1.381
7570.000 1.346
7575.000 1.333
7580.000 1.296
7585.000 1.269
7590.000 1.233
7595.000 1.212
7600.000 1.182
7605.000 1.159
7610.000 1.139
7615.000 1.116
7620.000 1.103
7625.000 1.091
7630.000 1.075
7635.000 1.062
7640.000 1.054
7645.000 1.040
7650.000 1.027
7655.000 1.010
7660.000 1.000
7665.000 0.984
7670.000 0.971
7675.000 0.960
7680.000 0.948
7685.000 0.937
7690.000 0.938
7695.000 0.932
7700.000 0.922
7705.000 0.921
7710.000 0.911
7715.000 0.902
7720.000 0.902
7725.000 0.891
7730.000 0.883
7735.000 0.876
7740.000 0.865
7745.000 0.849
7750.000 0.848
7755.000 0.844
7760.000 0.838
7765.000 0.831
7770.000 0.834
7775.000 0.831
7780.000 0.825
7785.000 0.824
7790.000 0.820
7795.000 0.813
7800.000 0.808
7805.000 0.805
7810.000 0.794
7815.000 0.792
7820.000 0.783
7825.000 0.777
7830.000 0.772
7835.000 0.771
7840.000 0.767
7845.000 0.768
7850.000 0.765
7855.000 0.764
7860.000 0.762
7865.000 0.758
7870.000 0.752
7875.000 0.747
7880.000 0.742
7885.000 0.736
7890.000 0.726
7895.000 0.724
7900.000 0.713
7905.000 0.713
7910.000 0.706
7915.000 0.707
7920.000 0.704
7925.000 0.704
7930.000 0.696
7935.000 0.696
7940.000 0.684
7945.000 0.681
7950.000 0.670
7955.000 0.664
7960.000 0.651
7965.000 0.633
7970.000 0.626
7975.000 0.613
7980.000 0.603
7985.000 0.585
7990.000 0.580
7995.000 0.577
8000.000 0.548
8005.000 0.531
8010.000 0.507
8015.000 0.481
8020.000 0.432
8025.000 0.377
8030.000 0.313
8035.000 0.232
8040.000 0.199
8045.000 0.326
8050.000 0.771
8055.000 1.480
8060.000 2.117
8065.000 3.532
8070.000 3.590
8075.000 1.993
8080.000 1.657
8085.000 1.455
8090.000 1.343
8095.000 1.255
8100.000 1.198
8105.000 1.148
8110.000 1.103
8115.000 1.076
8120.000 1.065
8125.000 1.043
8130.000 1.021
8135.000 1.006
8140.000 0.998
8145.000 0.985
8150.000 0.983
8155.000 0.973
8160.000 0.966
8165.000 0.958
8170.000 0.950
8175.000 0.940
8180.000 0.936
8185.000 0.932
8190.000 0.925
8195.000 0.920
8200.000 0.918
8205.000 0.919
8210.000 0.916
8215.000 0.918
8220.000 0.918
8225.000 0.919
8230.000 0.919
8235.000 0.920
8240.000 0.917
8245.000 0.917
8250.000 0.913
8255.000 0.906
8260.000 0.906
8265.000 0.905
8270.000 0.905
8275.000 0.904
8280.000 0.909
8285.000 0.913
8290.000 0.920
8295.000 0.921
8300.000 0.923
8305.000 0.927
8310.000 0.927
8315.000 0.930
8320.000 0.926
8325.000 0.931
8330.000 0.927
8335.000 0.929
8340.000 0.930
8345.000 0.936
8350.000 0.936
8355.000 0.949
8360.000 0.956
8365.000 0.956
8370.000 0.963
8375.000 0.970
8380.000 0.977
8385.000 0.984
8390.000 0.988
8395.000 0.989
8400.000 0.999
8405.000 1.001
8410.000 1.006
8415.000 1.015
8420.000 1.021
8425.000 1.033
8430.000 1.044
8435.000 1.055
8440.000 1.073
8445.000 1.085
8450.000 1.103
8455.000 1.120
8460.000 1.132
8465.000 1.152
8470.000 1.170
8475.000 1.190
8480.000 1.215
8485.000 1.226
8490.000 1.261
8495.000 1.301
8500.000 1.340
8505.000 1.406
8510.000 1.459
8515.000 1.573
8520.000 1.702
8525.000 1.868
8530.000 2.225
8535.000 2.812
8540.000 3.650
8545.000 4.105
8550.000 3.086
8555.000 1.141
8560.000 0.858
8565.000 0.946
8570.000 0.946
8575.000 1.066
8580.000 1.204
8585.000 1.305
8590.000 1.406
8595.000 1.538
8600.000 1.651
8605.000 1.823
8610.000 1.910
8615.000 2.081
8620.000 2.353
8625.000 2.649
8630.000 2.971
8635.000 3.384
8640.000 3.621
8645.000 3.560
8650.000 3.103
8655.000 2.602
8660.000 2.111
8665.000 1.993
8670.000 1.933
8675.000 2.126
8680.000 2.379
8685.000 2.426
8690.000 2.063
8695.000 1.571
8700.000 1.117
8705.000 0.882
8710.000 0.664
8715.000 0.525
8720.000 0.424
8725.000 0.367
8730.000 0.293
8735.000 0.232
8740.000 0.182
8745.000 0.151
8750.000 0.125
8755.000 0.117
8760.000 0.119
8765.000 0.131
8770.000 0.144
8775.000 0.163
8780.000 0.176
8785.000 0.193
8790.000 0.203
8795.000 0.224
8800.000 0.243
8805.000 0.256
8810.000 0.273
8815.000 0.279
8820.000 0.292
8825.000 0.310
8830.000 0.338
8835.000 0.326
8840.000 0.333
8845.000 0.338
8850.000 0.340
8855.000 0.343
8860.000 0.354
8865.000 0.365
8870.000 0.372
8875.000 0.382
8880.000 0.390
8885.000 0.398
8890.000 0.407
8895.000 0.409
8900.000 0.410
8905.000 0.413
8910.000 0.419
8915.000 0.421
8920.000 0.422
8925.000 0.426
8930.000 0.429
8935.000 0.434
8940.000 0.443
8945.000 0.445
8950.000 0.453
8955.000 0.461
8960.000 0.466
8965.000 0.468
8970.000 0.472
8975.000 0.474
8980.000 0.472
8985.000 0.476
8990.000 0.482
8995.000 0.476
9000.000 0.479
9005.000 0.479
9010.000 0.487
9015.000 0.480
9020.000 0.493
9025.000 0.497
9030.000 0.496
9035.000 0.509
9040.000 0.510
9045.000 0.505
9050.000 0.510
9055.000 0.516
9060.000 0.505
9065.000 0.511
9070.000 0.510
9075.000 0.512
9080.000 0.517
9085.000 0.522
9090.000 0.524
9095.000 0.524
9100.000 0.533
9105.000 0.537
9110.000 0.542
9115.000 0.545
9120.000 0.544
9125.000 0.541
9130.000 0.543
9135.000 0.543
9140.000 0.542
9145.000 0.546
9150.000 0.541
9155.000 0.549
9160.000 0.546
9165.000 0.556
9170.000 0.558
9175.000 0.564
9180.000 0.569
9185.000 0.572
9190.000 0.576
9195.000 0.575
9200.000 0.577
9205.000 0.574
9210.000 0.578
9215.000 0.575
9220.000 0.580
9225.000 0.578
9230.000 0.585
9235.000 0.586
9240.000 0.591
9245.000 0.602
9250.000 0.604
9255.000 0.609
9260.000 0.614
9265.000 0.617
9270.000 0.620
9275.000 0.618
9280.000 0.616
9285.000 0.619
9290.000 0.623
9295.000 0.623
9300.000 0.628
9305.000 0.632
9310.000 0.645
9315.000 0.650
9320.000 0.663
9325.000 0.667
9330.000 0.676
9335.000 0.679
9340.000 0.682
9345.000 0.686
9350.000 0.691
9355.000 0.697
9360.000 0.702
9365.000 0.708
9370.000 0.717
9375.000 0.731
9380.000 0.741
9385.000 0.762
9390.000 0.777
9395.000 0.783
9400.000 0.806
9405.000 0.822
9410.000 0.840
9415.000 0.867
9420.000 0.896
9425.000 0.922
9430.000 0.958
9435.000 0.991
9440.000 1.057
9445.000 1.125
9450.000 1.227
9455.000 1.285
9460.000 1.438
9465.000 1.641
9470.000 2.018
9475.000 2.505
9480.000 3.317
9485.000 3.589
9490.000 1.933
9495.000 1.728
9500.000 1.357
9505.000 0.466
9510.000 0.359
9515.000 0.213
9520.000 0.184
9525.000 0.151
9530.000 0.153
9535.000 0.185
9540.000 0.214
9545.000 0.250
9550.000 0.277
9555.000 0.302
9560.000 0.322
9565.000 0.335
9570.000 0.353
9575.000 0.369
9580.000 0.372
9585.000 0.388
9590.000 0.401
9595.000 0.412
9600.000 0.426
9605.000 0.442
9610.000 0.459
9615.000 0.467
9620.000 0.487
9625.000 0.499
9630.000 0.506
9635.000 0.509
9640.000 0.520
9645.000 0.525
9650.000 0.535
9655.000 0.542
9660.000 0.552
9665.000 0.564
9670.000 0.573
9675.000 0.589
9680.000 0.603
9685.000 0.621
9690.000 0.633
9695.000 0.652
9700.000 0.658
9705.000 0.674
9710.000 0.687
9715.000 0.705
9720.000 0.722
9725.000 0.736
9730.000 0.759
9735.000 0.780
9740.000 0.811
9745.000 0.843
9750.000 0.886
9755.000 0.927
9760.000 0.942
9765.000 1.001
9770.000 1.059
9775.000 1.121
9780.000 1.210
9785.000 1.301
9790.000 1.416
9795.000 1.560
9800.000 1.682
9805.000 1.925
9810.000 2.129
9815.000 2.289
9820.000 2.334
9825.000 2.272
9830.000 2.003
9835.000 1.591
9840.000 1.287
9845.000 0.955
9850.000 0.750
9855.000 0.564
9860.000 0.440
9865.000 0.387
9870.000 0.408
9875.000 0.433
9880.000 0.416
9885.000 0.265
9890.000 0.149
9895.000 0.168
9900.000 0.189
9905.000 0.198
9910.000 0.192
9915.000 0.182
9920.000 0.174
9925.000 0.170
9930.000 0.162
9935.000 0.160
9940.000 0.161
9945.000 0.157
9950.000 0.161
9955.000 0.163
9960.000 0.164
9965.000 0.169
9970.000 0.183
9975.000 0.190
9980.000 0.188
9985.000 0.201
9990.000 0.201
9995.000 0.197
10000.000 0.207
10005.000 0.207
10010.000 0.206
10015.000 0.203
10020.000 0.203
10025.000 0.204
10030.000 0.216
10035.000 0.212
10040.000 0.219
10045.000 0.221
10050.000 0.233
10055.000 0.231
10060.000 0.232
10065.000 0.234
10070.000 0.236
10075.000 0.232
10080.000 0.235
10085.000 0.232
10090.000 0.229
10095.000 0.225
10100.000 0.222
10105.000 0.221
10110.000 0.217
10115.000 0.214
10120.000 0.216
10125.000 0.217
10130.000 0.214
10135.000 0.205
10140.000 0.201
10145.000 0.184
10150.000 0.172
10155.000 0.145
10160.000 0.114
10165.000 0.075
10170.000 0.030
10175.000 0.177
10180.000 0.785
10185.000 1.449
10190.000 2.138
10195.000 0.819
10200.000 0.727
10205.000 0.542
10210.000 0.526
10215.000 0.486
10220.000 0.459
10225.000 0.435
10230.000 0.422
10235.000 0.409
10240.000 0.398
10245.000 0.392
10250.000 0.390
10255.000 0.383
10260.000 0.379
10265.000 0.377
10270.000 0.378
10275.000 0.378
10280.000 0.378
10285.000 0.376
10290.000 0.377
10295.000 0.365
10300.000 0.366
10305.000 0.364
10310.000 0.359
10315.000 0.356
10320.000 0.353
10325.000 0.354
10330.000 0.351
10335.000 0.353
10340.000 0.354
10345.000 0.356
10350.000 0.358
10355.000 0.357
10360.000 0.359
10365.000 0.358
10370.000 0.358
10375.000 0.352
10380.000 0.351
10385.000 0.349
10390.000 0.345
10395.000 0.345
10400.000 0.343
10405.000 0.340
10410.000 0.343
10415.000 0.344
10420.000 0.345
10425.000 0.349
10430.000 0.349
10435.000 0.350
10440.000 0.345
10445.000 0.345
10450.000 0.339
10455.000 0.340
10460.000 0.338
10465.000 0.329
10470.000 0.331
10475.000 0.330
10480.000 0.334
10485.000 0.332
10490.000 0.333
10495.000 0.335
10500.000 0.334
10505.000 0.339
10510.000 0.336
10515.000 0.333
10520.000 0.334
10525.000 0.331
10530.000 0.326
10535.000 0.324
10540.000 0.317
10545.000 0.314
10550.000 0.315
10555.000 0.317
10560.000 0.316
10565.000 0.315
10570.000 0.320
10575.000 0.319
10580.000 0.317
10585.000 0.318
10590.000 0.315
10595.000 0.309
10600.000 0.310
10605.000 0.299
10610.000 0.297
10615.000 0.300
10620.000 0.293
10625.000 0.291
10630.000 0.293
10635.000 0.297
10640.000 0.294
10645.000 0.292
10650.000 0.292
10655.000 0.288
10660.000 0.284
10665.000 0.284
10670.000 0.278
10675.000 0.271
10680.000 0.272
10685.000 0.263
10690.000 0.260
10695.000 0.253
10700.000 0.253
10705.000 0.249
10710.000 0.251
10715.000 0.248
10720.000 0.242
10725.000 0.241
10730.000 0.240
10735.000 0.234
10740.000 0.226
10745.000 0.223
10750.000 0.209
10755.000 0.202
10760.000 0.198
10765.000 0.185
10770.000 0.178
10775.000 0.173
10780.000 0.163
10785.000 0.158
10790.000 0.154
10795.000 0.152
10800.000 0.144
10805.000 0.142
10810.000 0.144
10815.000 0.149
10820.000 0.173
10825.000 0.202
10830.000 0.263
10835.000 0.343
10840.000 0.440
10845.000 0.634
10850.000 0.842
10855.000 1.009
10860.000 1.021
10865.000 0.867
10870.000 0.668
10875.000 0.545
10880.000 0.392
10885.000 0.343
10890.000 0.488
10895.000 0.294
10900.000 0.250
10905.000 0.206
10910.000 0.158
10915.000 0.139
10920.000 0.113
10925.000 0.091
10930.000 0.091
10935.000 0.127
10940.000 0.180
10945.000 0.236
10950.000 0.332
10955.000 0.409
10960.000 0.552
10965.000 0.691
10970.000 0.846
10975.000 1.085
10980.000 1.206
10985.000 1.427
10990.000 1.740
10995.000 1.927
11000.000 2.040
11005.000 1.993
11010.000 1.895
11015.000 1.722
11020.000 1.602
11025.000 1.453
11030.000 1.345
11035.000 1.262
11040.000 1.206
11045.000 1.138
11050.000 1.080
11055.000 1.039
11060.000 1.047
11065.000 1.133
11070.000 1.238
11075.000 1.270
11080.000 1.227
11085.000 1.172
11090.000 1.102
11095.000 1.050
11100.000 1.008
11105.000 0.979
11110.000 0.945
11115.000 0.912
11120.000 0.886
11125.000 0.867
11130.000 0.842
11135.000 0.822
11140.000 0.812
11145.000 0.796
11150.000 0.785
11155.000 0.777
11160.000 0.772
11165.000 0.762
11170.000 0.750
11175.000 0.741
11180.000 0.729
11185.000 0.720
11190.000 0.711
11195.000 0.700
11200.000 0.697
11205.000 0.688
11210.000 0.682
11215.000 0.679
11220.000 0.678
11225.000 0.671
11230.000 0.669
11235.000 0.665
11240.000 0.660
11245.000 0.658
11250.000 0.653
11255.000 0.646
11260.000 0.641
11265.000 0.635
11270.000 0.627
11275.000 0.628
11280.000 0.620
11285.000 0.623
11290.000 0.618
11295.000 0.615
11300.000 0.615
11305.000 0.612
11310.000 0.610
11315.000 0.611
11320.000 0.606
11325.000 0.600
11330.000 0.601
11335.000 0.590
11340.000 0.589
11345.000 0.587
11350.000 0.583
11355.000 0.583
11360.000 0.582
11365.000 0.579
11370.000 0.579
11375.000 0.578
11380.000 0.578
11385.000 0.578
11390.000 0.575
11395.000 0.574
11400.000 0.572
11405.000 0.564
11410.000 0.566
11415.000 0.557
11420.000 0.556
11425.000 0.551
11430.000 0.554
11435.000 0.549
11440.000 0.559
11445.000 0.552
11450.000 0.554
11455.000 0.553
11460.000 0.555
11465.000 0.549
11470.000 0.549
11475.000 0.543
11480.000 0.540
11485.000 0.541
11490.000 0.534
11495.000 0.534
11500.000 0.529
11505.000 0.530
11510.000 0.530
11515.000 0.529
11520.000 0.527
11525.000 0.530
11530.000 0.532
11535.000 0.529
11540.000 0.530
11545.000 0.524
11550.000 0.525
11555.000 0.512
11560.000 0.515
11565.000 0.513
11570.000 0.510
11575.000 0.508
11580.000 0.506
11585.000 0.503
11590.000 0.502
11595.000 0.506
11600.000 0.504
11605.000 0.505
11610.000 0.500
11615.000 0.497
11620.000 0.494
11625.000 0.487
11630.000 0.485
11635.000 0.480
11640.000 0.476
11645.000 0.470
11650.000 0.466
11655.000 0.464
11660.000 0.458
11665.000 0.454
11670.000 0.446
11675.000 0.441
11680.000 0.431
11685.000 0.418
11690.000 0.403
11695.000 0.387
11700.000 0.356
11705.000 0.346
11710.000 0.316
11715.000 0.287
11720.000 0.333
11725.000 0.497
11730.000 0.800
11735.000 0.755
11740.000 1.072
11745.000 0.930
11750.000 0.862
11755.000 0.758
11760.000 0.730
11765.000 0.689
11770.000 0.678
11775.000 0.662
11780.000 0.640
11785.000 0.627
11790.000 0.618
11795.000 0.608
11800.000 0.603
11805.000 0.598
11810.000 0.593
11815.000 0.592
11820.000 0.594
11825.000 0.586
11830.000 0.582
11835.000 0.580
11840.000 0.579
11845.000 0.573
11850.000 0.573
11855.000 0.567
11860.000 0.561
11865.000 0.560
11870.000 0.558
11875.000 0.559
11880.000 0.561
11885.000 0.559
11890.000 0.556
11895.000 0.564
11900.000 0.561
11905.000 0.562
11910.000 0.558
11915.000 0.556
11920.000 0.555
11925.000 0.552
11930.000 0.551
11935.000 0.552
11940.000 0.553
11945.000 0.553
11950.000 0.556
11955.000 0.560
11960.000 0.559
11965.000 0.566
11970.000 0.567
11975.000 0.569
11980.000 0.573
11985.000 0.572
11990.000 0.579
11995.000 0.584
12000.000 0.591
