105.000 2.137
110.000 2.334
115.000 1.985
120.000 2.056
125.000 2.080
130.000 2.164
135.000 2.153
140.000 2.342
145.000 1.955
150.000 2.213
155.000 2.271
160.000 2.231
165.000 2.162
170.000 2.202
175.000 2.325
180.000 2.307
185.000 2.255
190.000 2.354
195.000 2.267
200.000 2.318
205.000 2.341
210.000 2.398
215.000 2.415
220.000 2.366
225.000 2.528
230.000 2.504
235.000 2.469
240.000 2.533
245.000 2.647
250.000 2.626
255.000 2.630
260.000 2.671
265.000 2.722
270.000 2.805
275.000 2.822
280.000 2.926
285.000 2.975
290.000 3.029
295.000 3.084
300.000 3.144
305.000 3.240
310.000 3.356
315.000 3.436
320.000 3.544
325.000 3.641
330.000 3.783
335.000 3.920
340.000 4.059
345.000 4.230
350.000 4.374
355.000 4.582
360.000 4.680
365.000 4.858
370.000 5.101
375.000 5.308
380.000 5.510
385.000 5.707
390.000 5.915
395.000 6.047
400.000 6.160
405.000 6.208
410.000 6.184
415.000 6.080
420.000 6.018
425.000 5.801
430.000 5.557
435.000 5.284
440.000 4.940
445.000 4.625
450.000 4.286
455.000 4.017
460.000 3.744
465.000 3.489
470.000 3.240
475.000 3.125
480.000 2.932
485.000 2.742
490.000 2.588
495.000 2.419
500.000 2.279
505.000 2.170
510.000 2.036
515.000 1.927
520.000 1.832
525.000 1.733
530.000 1.637
535.000 1.577
540.000 1.541
545.000 1.475
550.000 1.416
555.000 1.357
560.000 1.304
565.000 1.245
570.000 1.198
575.000 1.151
580.000 1.111
585.000 1.071
590.000 1.047
595.000 1.006
600.000 0.986
605.000 0.970
610.000 0.926
615.000 0.903
620.000 0.877
625.000 0.854
630.000 0.838
635.000 0.823
640.000 0.795
645.000 0.775
650.000 0.764
655.000 0.752
660.000 0.730
665.000 0.719
670.000 0.709
675.000 0.698
680.000 0.679
685.000 0.672
690.000 0.662
695.000 0.653
700.000 0.639
705.000 0.618
710.000 0.609
715.000 0.614
720.000 0.597
725.000 0.597
730.000 0.586
735.000 0.579
740.000 0.583
745.000 0.573
750.000 0.562
755.000 0.555
760.000 0.558
765.000 0.551
770.000 0.540
775.000 0.545
780.000 0.545
785.000 0.537
790.000 0.541
795.000 0.538
800.000 0.544
805.000 0.532
810.000 0.537
815.000 0.522
820.000 0.522
825.000 0.518
830.000 0.511
835.000 0.509
840.000 0.512
845.000 0.514
850.000 0.500
855.000 0.503
860.000 0.500
865.000 0.499
870.000 0.502
875.000 0.501
880.000 0.494
885.000 0.492
890.000 0.494
895.000 0.498
900.000 0.493
905.000 0.497
910.000 0.490
915.000 0.493
920.000 0.490
925.000 0.487
930.000 0.482
935.000 0.484
940.000 0.489
945.000 0.483
950.000 0.489
955.000 0.482
960.000 0.482
965.000 0.480
970.000 0.485
975.000 0.492
980.000 0.483
985.000 0.484
990.000 0.485
995.000 0.494
1000.000 0.479
1005.000 0.470
1010.000 0.485
1015.000 0.485
1020.000 0.488
1025.000 0.480
1030.000 0.496
1035.000 0.490
1040.000 0.489
1045.000 0.478
1050.000 0.488
1055.000 0.494
1060.000 0.483
1065.000 0.488
1070.000 0.486
1075.000 0.484
1080.000 0.486
1085.000 0.482
1090.000 0.485
1095.000 0.492
1100.000 0.488
1105.000 0.494
1110.000 0.491
1115.000 0.490
1120.000 0.491
1125.000 0.486
1130.000 0.492
1135.000 0.490
1140.000 0.491
1145.000 0.486
1150.000 0.492
1155.000 0.496
1160.000 0.490
1165.000 0.492
1170.000 0.492
1175.000 0.495
1180.000 0.496
1185.000 0.498
1190.000 0.495
1195.000 0.500
1200.000 0.489
1205.000 0.498
1210.000 0.499
1215.000 0.504
1220.000 0.502
1225.000 0.499
1230.000 0.504
1235.000 0.502
1240.000 0.506
1245.000 0.501
1250.000 0.503
1255.000 0.505
1260.000 0.511
1265.000 0.509
1270.000 0.509
1275.000 0.510
1280.000 0.507
1285.000 0.507
1290.000 0.512
1295.000 0.511
1300.000 0.517
1305.000 0.517
1310.000 0.517
1315.000 0.521
1320.000 0.519
1325.000 0.522
1330.000 0.517
1335.000 0.527
1340.000 0.524
1345.000 0.524
1350.000 0.526
1355.000 0.531
1360.000 0.533
1365.000 0.530
1370.000 0.532
1375.000 0.536
1380.000 0.537
1385.000 0.539
1390.000 0.536
1395.000 0.537
1400.000 0.540
1405.000 0.537
1410.000 0.537
1415.000 0.542
1420.000 0.535
1425.000 0.539
1430.000 0.537
1435.000 0.536
1440.000 0.530
1445.000 0.532
1450.000 0.532
1455.000 0.528
1460.000 0.527
1465.000 0.531
1470.000 0.528
1475.000 0.528
1480.000 0.531
1485.000 0.539
1490.000 0.545
1495.000 0.553
1500.000 0.552
1505.000 0.558
1510.000 0.566
1515.000 0.568
1520.000 0.578
1525.000 0.578
1530.000 0.583
1535.000 0.588
1540.000 0.595
1545.000 0.600
1550.000 0.602
1555.000 0.606
1560.000 0.609
1565.000 0.614
1570.000 0.623
1575.000 0.627
1580.000 0.636
1585.000 0.639
1590.000 0.645
1595.000 0.649
1600.000 0.652
1605.000 0.663
1610.000 0.662
1615.000 0.674
1620.000 0.681
1625.000 0.686
1630.000 0.694
1635.000 0.700
1640.000 0.706
1645.000 0.719
1650.000 0.723
1655.000 0.735
1660.000 0.737
1665.000 0.749
1670.000 0.758
1675.000 0.767
1680.000 0.777
1685.000 0.788
1690.000 0.796
1695.000 0.810
1700.000 0.820
1705.000 0.835
1710.000 0.845
1715.000 0.851
1720.000 0.862
1725.000 0.875
1730.000 0.893
1735.000 0.902
1740.000 0.916
1745.000 0.930
1750.000 0.950
1755.000 0.960
1760.000 0.979
1765.000 0.992
1770.000 1.011
1775.000 1.017
1780.000 1.027
1785.000 1.044
1790.000 1.064
1795.000 1.077
1800.000 1.095
1805.000 1.105
1810.000 1.125
1815.000 1.138
1820.000 1.153
1825.000 1.163
1830.000 1.176
1835.000 1.186
1840.000 1.198
1845.000 1.205
1850.000 1.213
1855.000 1.216
1860.000 1.220
1865.000 1.227
1870.000 1.233
1875.000 1.233
1880.000 1.234
1885.000 1.236
1890.000 1.236
1895.000 1.231
1900.000 1.233
1905.000 1.227
1910.000 1.220
1915.000 1.216
1920.000 1.208
1925.000 1.198
1930.000 1.193
1935.000 1.180
1940.000 1.172
1945.000 1.162
1950.000 1.152
1955.000 1.147
1960.000 1.139
1965.000 1.128
1970.000 1.118
1975.000 1.104
1980.000 1.101
1985.000 1.089
1990.000 1.082
1995.000 1.076
2000.000 1.059
2005.000 1.046
2010.000 1.046
2015.000 1.022
2020.000 1.031
2025.000 1.020
2030.000 1.002
2035.000 0.992
2040.000 0.983
2045.000 0.991
2050.000 0.972
2055.000 0.967
2060.000 0.962
2065.000 0.960
2070.000 0.950
2075.000 0.942
2080.000 0.940
2085.000 0.936
2090.000 0.931
2095.000 0.925
2100.000 0.924
2105.000 0.929
2110.000 0.921
2115.000 0.916
2120.000 0.910
2125.000 0.906
2130.000 0.905
2135.000 0.903
2140.000 0.906
2145.000 0.904
2150.000 0.904
2155.000 0.903
2160.000 0.900
2165.000 0.905
2170.000 0.909
2175.000 0.911
2180.000 0.914
2185.000 0.918
2190.000 0.921
2195.000 0.929
2200.000 0.931
2205.000 0.938
2210.000 0.943
2215.000 0.950
2220.000 0.965
2225.000 0.976
2230.000 0.991
2235.000 1.003
2240.000 1.021
2245.000 1.040
2250.000 1.059
2255.000 1.084
2260.000 1.089
2265.000 1.117
2270.000 1.136
2275.000 1.153
2280.000 1.147
2285.000 1.112
2290.000 0.959
2295.000 0.855
2300.000 2.845
2305.000 8.682
2310.000 15.749
2315.000 8.021
2320.000 3.917
2325.000 2.687
2330.000 1.676
2335.000 1.167
2340.000 0.801
2345.000 0.575
2350.000 0.425
2355.000 0.340
2360.000 0.284
2365.000 0.248
2370.000 0.229
2375.000 0.233
2380.000 0.242
2385.000 0.246
2390.000 0.256
2395.000 0.276
2400.000 0.292
2405.000 0.304
2410.000 0.310
2415.000 0.323
2420.000 0.337
2425.000 0.345
2430.000 0.356
2435.000 0.365
2440.000 0.370
2445.000 0.378
2450.000 0.384
2455.000 0.391
2460.000 0.396
2465.000 0.401
2470.000 0.407
2475.000 0.414
2480.000 0.415
2485.000 0.418
2490.000 0.426
2495.000 0.429
2500.000 0.432
2505.000 0.436
2510.000 0.438
2515.000 0.440
2520.000 0.448
2525.000 0.448
2530.000 0.451
2535.000 0.450
2540.000 0.455
2545.000 0.456
2550.000 0.461
2555.000 0.462
2560.000 0.465
2565.000 0.469
2570.000 0.469
2575.000 0.473
2580.000 0.472
2585.000 0.475
2590.000 0.474
2595.000 0.480
2600.000 0.479
2605.000 0.481
2610.000 0.484
2615.000 0.486
2620.000 0.488
2625.000 0.488
2630.000 0.490
2635.000 0.493
2640.000 0.497
2645.000 0.498
2650.000 0.503
2655.000 0.504
2660.000 0.503
2665.000 0.504
2670.000 0.512
2675.000 0.514
2680.000 0.517
2685.000 0.513
2690.000 0.519
2695.000 0.520
2700.000 0.527
2705.000 0.526
2710.000 0.530
2715.000 0.534
2720.000 0.539
2725.000 0.541
2730.000 0.548
2735.000 0.548
2740.000 0.552
2745.000 0.554
2750.000 0.553
2755.000 0.559
2760.000 0.562
2765.000 0.568
2770.000 0.574
2775.000 0.575
2780.000 0.580
2785.000 0.587
2790.000 0.590
2795.000 0.595
2800.000 0.603
2805.000 0.606
2810.000 0.608
2815.000 0.613
2820.000 0.617
2825.000 0.621
2830.000 0.626
2835.000 0.629
2840.000 0.636
2845.000 0.641
2850.000 0.645
2855.000 0.652
2860.000 0.658
2865.000 0.659
2870.000 0.663
2875.000 0.664
2880.000 0.672
2885.000 0.675
2890.000 0.682
2895.000 0.680
2900.000 0.690
2905.000 0.692
2910.000 0.697
2915.000 0.696
2920.000 0.703
2925.000 0.708
2930.000 0.709
2935.000 0.714
2940.000 0.715
2945.000 0.722
2950.000 0.717
2955.000 0.720
2960.000 0.720
2965.000 0.736
2970.000 0.729
2975.000 0.734
2980.000 0.739
2985.000 0.746
2990.000 0.730
2995.000 0.733
3000.000 0.747
3005.000 0.750
3010.000 0.747
3015.000 0.746
3020.000 0.744
3025.000 0.751
3030.000 0.748
3035.000 0.753
3040.000 0.746
3045.000 0.756
3050.000 0.748
3055.000 0.752
3060.000 0.746
3065.000 0.757
3070.000 0.756
3075.000 0.751
3080.000 0.753
3085.000 0.757
3090.000 0.757
3095.000 0.754
3100.000 0.758
3105.000 0.756
3110.000 0.757
3115.000 0.752
3120.000 0.758
3125.000 0.755
3130.000 0.752
3135.000 0.757
3140.000 0.756
3145.000 0.756
3150.000 0.757
3155.000 0.755
3160.000 0.754
3165.000 0.758
3170.000 0.757
3175.000 0.761
3180.000 0.760
3185.000 0.760
3190.000 0.765
3195.000 0.763
3200.000 0.762
3205.000 0.761
3210.000 0.762
3215.000 0.764
3220.000 0.761
3225.000 0.768
3230.000 0.770
3235.000 0.772
3240.000 0.770
3245.000 0.773
3250.000 0.774
3255.000 0.779
3260.000 0.778
3265.000 0.781
3270.000 0.777
3275.000 0.783
3280.000 0.786
3285.000 0.781
3290.000 0.785
3295.000 0.787
3300.000 0.789
3305.000 0.795
3310.000 0.800
3315.000 0.799
3320.000 0.801
3325.000 0.801
3330.000 0.807
3335.000 0.812
3340.000 0.815
3345.000 0.815
3350.000 0.819
3355.000 0.821
3360.000 0.825
3365.000 0.827
3370.000 0.832
3375.000 0.833
3380.000 0.840
3385.000 0.845
3390.000 0.846
3395.000 0.853
3400.000 0.860
3405.000 0.864
3410.000 0.868
3415.000 0.871
3420.000 0.879
3425.000 0.882
3430.000 0.888
3435.000 0.897
3440.000 0.903
3445.000 0.915
3450.000 0.922
3455.000 0.936
3460.000 0.948
3465.000 0.957
3470.000 0.963
3475.000 0.985
3480.000 0.990
3485.000 0.998
3490.000 1.016
3495.000 1.028
3500.000 1.041
3505.000 1.059
3510.000 1.078
3515.000 1.097
3520.000 1.118
3525.000 1.139
3530.000 1.166
3535.000 1.188
3540.000 1.200
3545.000 1.227
3550.000 1.258
3555.000 1.291
3560.000 1.321
3565.000 1.358
3570.000 1.395
3575.000 1.439
3580.000 1.487
3585.000 1.534
3590.000 1.593
3595.000 1.655
3600.000 1.728
3605.000 1.766
3610.000 1.845
3615.000 1.939
3620.000 2.038
3625.000 2.151
3630.000 2.289
3635.000 2.439
3640.000 2.620
3645.000 2.829
3650.000 3.072
3655.000 3.394
3660.000 3.593
3665.000 3.994
3670.000 4.573
3675.000 5.296
3680.000 6.335
3685.000 7.782
3690.000 9.811
3695.000 13.306
3700.000 17.235
3705.000 19.691
3710.000 18.431
3715.000 11.414
3720.000 9.535
3725.000 7.175
3730.000 5.855
3735.000 4.837
3740.000 4.152
3745.000 3.639
3750.000 3.234
3755.000 2.922
3760.000 2.652
3765.000 2.432
3770.000 2.244
3775.000 2.091
3780.000 1.964
3785.000 1.894
3790.000 1.783
3795.000 1.692
3800.000 1.601
3805.000 1.524
3810.000 1.459
3815.000 1.394
3820.000 1.340
3825.000 1.286
3830.000 1.239
3835.000 1.198
3840.000 1.160
3845.000 1.143
3850.000 1.111
3855.000 1.081
3860.000 1.050
3865.000 1.022
3870.000 0.996
3875.000 0.974
3880.000 0.953
3885.000 0.931
3890.000 0.916
3895.000 0.900
3900.000 0.883
3905.000 0.863
3910.000 0.861
3915.000 0.846
3920.000 0.837
3925.000 0.828
3930.000 0.816
3935.000 0.805
3940.000 0.792
3945.000 0.787
3950.000 0.773
3955.000 0.766
3960.000 0.752
3965.000 0.761
3970.000 0.749
3975.000 0.739
3980.000 0.740
3985.000 0.723
3990.000 0.721
3995.000 0.726
4000.000 0.705
4005.000 0.701
4010.000 0.711
4015.000 0.690
4020.000 0.689
4025.000 0.697
4030.000 0.688
4035.000 0.689
4040.000 0.685
4045.000 0.673
4050.000 0.679
4055.000 0.674
4060.000 0.670
4065.000 0.668
4070.000 0.666
4075.000 0.666
4080.000 0.665
4085.000 0.662
4090.000 0.663
4095.000 0.659
4100.000 0.658
4105.000 0.656
4110.000 0.656
4115.000 0.653
4120.000 0.652
4125.000 0.653
4130.000 0.651
4135.000 0.651
4140.000 0.647
4145.000 0.648
4150.000 0.647
4155.000 0.643
4160.000 0.641
4165.000 0.640
4170.000 0.639
4175.000 0.633
4180.000 0.631
4185.000 0.628
4190.000 0.629
4195.000 0.629
4200.000 0.622
4205.000 0.623
4210.000 0.619
4215.000 0.616
4220.000 0.613
4225.000 0.608
4230.000 0.602
4235.000 0.598
4240.000 0.593
4245.000 0.585
4250.000 0.582
4255.000 0.576
4260.000 0.571
4265.000 0.566
4270.000 0.567
4275.000 0.564
4280.000 0.563
4285.000 0.561
4290.000 0.564
4295.000 0.560
4300.000 0.562
4305.000 0.559
4310.000 0.555
4315.000 0.554
4320.000 0.554
4325.000 0.554
4330.000 0.554
4335.000 0.551
4340.000 0.553
4345.000 0.553
4350.000 0.551
4355.000 0.556
4360.000 0.555
4365.000 0.554
4370.000 0.554
4375.000 0.556
4380.000 0.555
4385.000 0.555
4390.000 0.554
4395.000 0.555
4400.000 0.550
4405.000 0.555
4410.000 0.552
4415.000 0.553
4420.000 0.553
4425.000 0.551
4430.000 0.554
4435.000 0.557
4440.000 0.556
4445.000 0.558
4450.000 0.554
4455.000 0.554
4460.000 0.558
4465.000 0.553
4470.000 0.553
4475.000 0.553
4480.000 0.555
4485.000 0.552
4490.000 0.553
4495.000 0.554
4500.000 0.555
4505.000 0.555
4510.000 0.557
4515.000 0.560
4520.000 0.558
4525.000 0.558
4530.000 0.558
4535.000 0.559
4540.000 0.557
4545.000 0.556
4550.000 0.556
4555.000 0.557
4560.000 0.555
4565.000 0.560
4570.000 0.557
4575.000 0.559
4580.000 0.564
4585.000 0.564
4590.000 0.563
4595.000 0.560
4600.000 0.564
4605.000 0.564
4610.000 0.563
4615.000 0.565
4620.000 0.565
4625.000 0.562
4630.000 0.561
4635.000 0.561
4640.000 0.568
4645.000 0.564
4650.000 0.566
4655.000 0.569
4660.000 0.568
4665.000 0.571
4670.000 0.574
4675.000 0.571
4680.000 0.574
4685.000 0.578
4690.000 0.574
4695.000 0.575
4700.000 0.579
4705.000 0.577
4710.000 0.578
4715.000 0.579
4720.000 0.583
4725.000 0.584
4730.000 0.593
4735.000 0.597
4740.000 0.596
4745.000 0.600
4750.000 0.600
4755.000 0.603
4760.000 0.605
4765.000 0.607
4770.000 0.611
4775.000 0.615
4780.000 0.619
4785.000 0.626
4790.000 0.632
4795.000 0.641
4800.000 0.646
4805.000 0.651
4810.000 0.660
4815.000 0.669
4820.000 0.673
4825.000 0.684
4830.000 0.692
4835.000 0.706
4840.000 0.719
4845.000 0.731
4850.000 0.749
4855.000 0.770
4860.000 0.789
4865.000 0.810
4870.000 0.835
4875.000 0.868
4880.000 0.884
4885.000 0.915
4890.000 0.957
4895.000 1.004
4900.000 1.064
4905.000 1.118
4910.000 1.178
4915.000 1.268
4920.000 1.366
4925.000 1.467
4930.000 1.613
4935.000 1.694
4940.000 1.896
4945.000 2.137
4950.000 2.432
4955.000 2.948
4960.000 3.677
4965.000 4.804
4970.000 7.027
4975.000 7.843
4980.000 1.488
4985.000 5.762
4990.000 7.513
4995.000 8.498
5000.000 7.520
5005.000 5.460
5010.000 4.062
5015.000 3.477
5020.000 2.901
5025.000 2.515
5030.000 2.241
5035.000 2.006
5040.000 1.848
5045.000 1.703
5050.000 1.587
5055.000 1.494
5060.000 1.437
5065.000 1.363
5070.000 1.302
5075.000 1.241
5080.000 1.194
5085.000 1.151
5090.000 1.112
5095.000 1.079
5100.000 1.048
5105.000 1.020
5110.000 0.994
5115.000 0.974
5120.000 0.951
5125.000 0.938
5130.000 0.923
5135.000 0.904
5140.000 0.887
5145.000 0.874
5150.000 0.859
5155.000 0.850
5160.000 0.844
5165.000 0.828
5170.000 0.821
5175.000 0.815
5180.000 0.808
5185.000 0.801
5190.000 0.787
5195.000 0.780
5200.000 0.772
5205.000 0.765
5210.000 0.758
5215.000 0.751
5220.000 0.744
5225.000 0.738
5230.000 0.732
5235.000 0.725
5240.000 0.725
5245.000 0.722
5250.000 0.717
5255.000 0.714
5260.000 0.705
5265.000 0.700
5270.000 0.696
5275.000 0.689
5280.000 0.678
5285.000 0.677
5290.000 0.668
5295.000 0.668
5300.000 0.665
5305.000 0.661
5310.000 0.658
5315.000 0.651
5320.000 0.650
5325.000 0.645
5330.000 0.643
5335.000 0.640
5340.000 0.630
5345.000 0.622
5350.000 0.619
5355.000 0.611
5360.000 0.612
5365.000 0.607
5370.000 0.600
5375.000 0.598
5380.000 0.597
5385.000 0.593
5390.000 0.590
5395.000 0.590
5400.000 0.586
5405.000 0.584
5410.000 0.580
5415.000 0.578
5420.000 0.570
5425.000 0.566
5430.000 0.566
5435.000 0.559
5440.000 0.557
5445.000 0.554
5450.000 0.555
5455.000 0.550
5460.000 0.550
5465.000 0.553
5470.000 0.548
5475.000 0.547
5480.000 0.544
5485.000 0.546
5490.000 0.537
5495.000 0.538
5500.000 0.534
5505.000 0.529
5510.000 0.530
5515.000 0.526
5520.000 0.526
5525.000 0.526
5530.000 0.528
5535.000 0.525
5540.000 0.529
5545.000 0.528
5550.000 0.526
5555.000 0.527
5560.000 0.525
5565.000 0.525
5570.000 0.523
5575.000 0.520
5580.000 0.519
5585.000 0.519
5590.000 0.515
5595.000 0.518
5600.000 0.517
5605.000 0.520
5610.000 0.522
5615.000 0.520
5620.000 0.525
5625.000 0.525
5630.000 0.527
5635.000 0.524
5640.000 0.527
5645.000 0.519
5650.000 0.521
5655.000 0.519
5660.000 0.519
5665.000 0.519
5670.000 0.518
5675.000 0.523
5680.000 0.518
5685.000 0.525
5690.000 0.526
5695.000 0.528
5700.000 0.529
5705.000 0.531
5710.000 0.531
5715.000 0.530
5720.000 0.532
5725.000 0.530
5730.000 0.528
5735.000 0.528
5740.000 0.528
5745.000 0.530
5750.000 0.532
5755.000 0.537
5760.000 0.540
5765.000 0.541
5770.000 0.545
5775.000 0.547
5780.000 0.548
5785.000 0.550
5790.000 0.546
5795.000 0.547
5800.000 0.548
5805.000 0.547
5810.000 0.547
5815.000 0.549
5820.000 0.551
5825.000 0.551
5830.000 0.557
5835.000 0.557
5840.000 0.563
5845.000 0.567
5850.000 0.568
5855.000 0.570
5860.000 0.571
5865.000 0.572
5870.000 0.572
5875.000 0.574
5880.000 0.574
5885.000 0.572
5890.000 0.581
5895.000 0.585
5900.000 0.582
5905.000 0.591
5910.000 0.596
5915.000 0.595
5920.000 0.603
5925.000 0.606
5930.000 0.610
5935.000 0.606
5940.000 0.614
5945.000 0.612
5950.000 0.622
5955.000 0.626
5960.000 0.629
5965.000 0.628
5970.000 0.630
5975.000 0.640
5980.000 0.642
5985.000 0.656
5990.000 0.663
5995.000 0.662
6000.000 0.687
6005.000 0.696
6010.000 0.692
6015.000 0.706
6020.000 0.708
6025.000 0.724
6030.000 0.721
6035.000 0.728
6040.000 0.740
6045.000 0.760
6050.000 0.769
6055.000 0.787
6060.000 0.809
6065.000 0.826
6070.000 0.847
6075.000 0.867
6080.000 0.889
6085.000 0.915
6090.000 0.940
6095.000 0.953
6100.000 0.985
6105.000 1.009
6110.000 1.047
6115.000 1.082
6120.000 1.129
6125.000 1.179
6130.000 1.233
6135.000 1.298
6140.000 1.357
6145.000 1.443
6150.000 1.527
6155.000 1.563
6160.000 1.676
6165.000 1.798
6170.000 1.921
6175.000 2.097
6180.000 2.271
6185.000 2.524
6190.000 2.813
6195.000 3.139
6200.000 3.637
6205.000 4.177
6210.000 5.067
6215.000 5.564
6220.000 6.746
6225.000 8.624
6230.000 10.736
6235.000 12.307
6240.000 12.260
6245.000 10.376
6250.000 7.535
6255.000 5.808
6260.000 4.981
6265.000 4.142
6270.000 3.595
6275.000 3.025
6280.000 2.800
6285.000 2.433
6290.000 2.064
6295.000 1.787
6300.000 1.580
6305.000 1.393
6310.000 1.284
6315.000 1.178
6320.000 1.103
6325.000 1.046
6330.000 0.998
6335.000 0.959
6340.000 0.945
6345.000 0.910
6350.000 0.882
6355.000 0.856
6360.000 0.831
6365.000 0.814
6370.000 0.792
6375.000 0.780
6380.000 0.757
6385.000 0.739
6390.000 0.729
6395.000 0.721
6400.000 0.709
6405.000 0.701
6410.000 0.689
6415.000 0.678
6420.000 0.671
6425.000 0.665
6430.000 0.659
6435.000 0.653
6440.000 0.645
6445.000 0.635
6450.000 0.631
6455.000 0.623
6460.000 0.615
6465.000 0.612
6470.000 0.607
6475.000 0.607
6480.000 0.603
6485.000 0.603
6490.000 0.602
6495.000 0.605
6500.000 0.601
6505.000 0.604
6510.000 0.603
6515.000 0.604
6520.000 0.607
6525.000 0.606
6530.000 0.612
6535.000 0.617
6540.000 0.632
6545.000 0.642
6550.000 0.655
6555.000 0.698
6560.000 0.738
6565.000 1.096
6570.000 2.255
6575.000 4.514
6580.000 4.092
6585.000 1.816
6590.000 0.252
6595.000 0.624
6600.000 0.442
6605.000 0.427
6610.000 0.465
6615.000 0.441
6620.000 0.443
6625.000 0.444
6630.000 0.445
6635.000 0.443
6640.000 0.448
6645.000 0.450
6650.000 0.451
6655.000 0.453
6660.000 0.454
6665.000 0.454
6670.000 0.450
6675.000 0.450
6680.000 0.445
6685.000 0.446
6690.000 0.444
6695.000 0.445
6700.000 0.444
6705.000 0.444
6710.000 0.447
6715.000 0.446
6720.000 0.454
6725.000 0.452
6730.000 0.450
6735.000 0.451
6740.000 0.450
6745.000 0.447
6750.000 0.447
6755.000 0.443
6760.000 0.442
6765.000 0.441
6770.000 0.440
6775.000 0.438
6780.000 0.437
6785.000 0.438
6790.000 0.435
6795.000 0.445
6800.000 0.448
6805.000 0.445
6810.000 0.445
6815.000 0.446
6820.000 0.444
6825.000 0.437
6830.000 0.436
6835.000 0.437
6840.000 0.437
6845.000 0.433
6850.000 0.436
6855.000 0.434
6860.000 0.440
6865.000 0.438
6870.000 0.438
6875.000 0.443
6880.000 0.442
6885.000 0.442
6890.000 0.440
6895.000 0.441
6900.000 0.433
6905.000 0.429
6910.000 0.429
6915.000 0.430
6920.000 0.428
6925.000 0.427
6930.000 0.430
6935.000 0.427
6940.000 0.434
6945.000 0.435
6950.000 0.436
6955.000 0.440
6960.000 0.439
6965.000 0.432
6970.000 0.435
6975.000 0.434
6980.000 0.420
6985.000 0.426
6990.000 0.428
6995.000 0.419
7000.000 0.425
7005.000 0.434
7010.000 0.426
7015.000 0.426
7020.000 0.426
7025.000 0.429
7030.000 0.440
7035.000 0.432
7040.000 0.434
7045.000 0.420
7050.000 0.424
7055.000 0.419
7060.000 0.419
7065.000 0.416
7070.000 0.417
7075.000 0.419
7080.000 0.423
7085.000 0.428
7090.000 0.427
7095.000 0.427
7100.000 0.424
7105.000 0.427
7110.000 0.424
7115.000 0.422
7120.000 0.421
7125.000 0.419
7130.000 0.417
7135.000 0.417
7140.000 0.421
7145.000 0.420
7150.000 0.426
7155.000 0.429
7160.000 0.427
7165.000 0.434
7170.000 0.433
7175.000 0.431
7180.000 0.434
7185.000 0.437
7190.000 0.430
7195.000 0.433
7200.000 0.434
7205.000 0.433
7210.000 0.437
7215.000 0.439
7220.000 0.445
7225.000 0.446
7230.000 0.455
7235.000 0.459
7240.000 0.466
7245.000 0.471
7250.000 0.474
7255.000 0.474
7260.000 0.478
7265.000 0.486
7270.000 0.489
7275.000 0.498
7280.000 0.505
7285.000 0.513
7290.000 0.528
7295.000 0.546
7300.000 0.558
7305.000 0.578
7310.000 0.592
7315.000 0.600
7320.000 0.615
7325.000 0.636
7330.000 0.663
7335.000 0.686
7340.000 0.717
7345.000 0.744
7350.000 0.784
7355.000 0.826
7360.000 0.881
7365.000 0.938
7370.000 0.995
7375.000 1.041
7380.000 1.121
7385.000 1.194
7390.000 1.316
7395.000 1.422
7400.000 1.582
7405.000 1.764
7410.000 1.963
7415.000 2.276
7420.000 2.601
7425.000 3.129
7430.000 3.412
7435.000 4.116
7440.000 5.070
7445.000 6.285
7450.000 7.297
7455.000 7.563
7460.000 6.302
7465.000 4.508
7470.000 3.379
7475.000 3.321
7480.000 3.321
7485.000 2.957
7490.000 2.638
7495.000 2.504
7500.000 2.295
7505.000 2.092
7510.000 1.935
7515.000 1.818
7520.000 1.691
7525.000 1.601
7530.000 1.525
7535.000 1.450
7540.000 1.401
7545.000 1.341
7550.000 1.297
7555.000 1.275
7560.000 1.223
7565.000 1.186
7570.000 1.145
7575.000 1.113
7580.000 1.085
7585.000 1.051
7590.000 1.026
7595.000 1.006
7600.000 0.983
7605.000 0.968
7610.000 0.950
7615.000 0.930
7620.000 0.929
7625.000 0.911
7630.000 0.897
7635.000 0.877
7640.000 0.867
7645.000 0.849
7650.000 0.834
7655.000 0.826
7660.000 0.808
7665.000 0.800
7670.000 0.795
7675.000 0.789
7680.000 0.780
7685.000 0.778
7690.000 0.770
7695.000 0.761
7700.000 0.754
7705.000 0.745
7710.000 0.736
7715.000 0.727
7720.000 0.720
7725.000 0.708
7730.000 0.700
7735.000 0.700
7740.000 0.693
7745.000 0.688
7750.000 0.687
7755.000 0.684
7760.000 0.678
7765.000 0.676
7770.000 0.668
7775.000 0.668
7780.000 0.657
7785.000 0.657
7790.000 0.640
7795.000 0.638
7800.000 0.635
7805.000 0.626
7810.000 0.624
7815.000 0.620
7820.000 0.615
7825.000 0.611
7830.000 0.614
7835.000 0.610
7840.000 0.607
7845.000 0.602
7850.000 0.595
7855.000 0.587
7860.000 0.584
7865.000 0.579
7870.000 0.567
7875.000 0.559
7880.000 0.557
7885.000 0.553
7890.000 0.546
7895.000 0.545
7900.000 0.542
7905.000 0.543
7910.000 0.536
7915.000 0.526
7920.000 0.527
7925.000 0.516
7930.000 0.508
7935.000 0.494
7940.000 0.490
7945.000 0.476
7950.000 0.465
7955.000 0.452
7960.000 0.450
7965.000 0.442
7970.000 0.439
7975.000 0.422
7980.000 0.414
7985.000 0.405
7990.000 0.381
7995.000 0.370
8000.000 0.339
8005.000 0.316
8010.000 0.290
8015.000 0.286
8020.000 0.285
8025.000 0.274
8030.000 0.319
8035.000 0.395
8040.000 0.612
8045.000 0.747
8050.000 1.103
8055.000 2.009
8060.000 3.451
8065.000 4.854
8070.000 3.575
8075.000 2.793
8080.000 1.668
8085.000 1.538
8090.000 1.386
8095.000 1.244
8100.000 1.173
8105.000 1.137
8110.000 1.076
8115.000 1.033
8120.000 0.991
8125.000 0.958
8130.000 0.932
8135.000 0.908
8140.000 0.897
8145.000 0.875
8150.000 0.857
8155.000 0.838
8160.000 0.829
8165.000 0.817
8170.000 0.801
8175.000 0.788
8180.000 0.787
8185.000 0.775
8190.000 0.766
8195.000 0.767
8200.000 0.762
8205.000 0.755
8210.000 0.753
8215.000 0.747
8220.000 0.739
8225.000 0.735
8230.000 0.729
8235.000 0.717
8240.000 0.716
8245.000 0.704
8250.000 0.701
8255.000 0.698
8260.000 0.699
8265.000 0.696
8270.000 0.698
8275.000 0.699
8280.000 0.693
8285.000 0.694
8290.000 0.693
8295.000 0.689
8300.000 0.676
8305.000 0.679
8310.000 0.675
8315.000 0.665
8320.000 0.664
8325.000 0.662
8330.000 0.660
8335.000 0.657
8340.000 0.664
8345.000 0.662
8350.000 0.661
8355.000 0.664
8360.000 0.662
8365.000 0.660
8370.000 0.654
8375.000 0.656
8380.000 0.648
8385.000 0.645
8390.000 0.644
8395.000 0.639
8400.000 0.643
8405.000 0.644
8410.000 0.640
8415.000 0.645
8420.000 0.645
8425.000 0.649
8430.000 0.655
8435.000 0.650
8440.000 0.651
8445.000 0.649
8450.000 0.648
8455.000 0.646
8460.000 0.646
8465.000 0.646
8470.000 0.646
8475.000 0.655
8480.000 0.659
8485.000 0.671
8490.000 0.683
8495.000 0.700
8500.000 0.720
8505.000 0.747
8510.000 0.779
8515.000 0.828
8520.000 0.895
8525.000 1.032
8530.000 1.138
8535.000 1.383
8540.000 2.148
8545.000 3.277
8550.000 3.770
8555.000 0.507
8560.000 0.628
8565.000 0.295
8570.000 0.458
8575.000 0.373
8580.000 0.345
8585.000 0.322
8590.000 0.337
8595.000 0.350
8600.000 0.385
8605.000 0.444
8610.000 0.521
8615.000 0.672
8620.000 0.850
8625.000 1.060
8630.000 1.426
8635.000 1.811
8640.000 2.377
8645.000 2.645
8650.000 3.015
8655.000 3.128
8660.000 2.923
8665.000 2.687
8670.000 2.405
8675.000 2.223
8680.000 1.964
8685.000 1.661
8690.000 1.165
8695.000 0.410
8700.000 0.180
8705.000 0.415
8710.000 0.491
8715.000 0.590
8720.000 0.679
8725.000 0.726
8730.000 0.759
8735.000 0.780
8740.000 0.795
8745.000 0.801
8750.000 0.806
8755.000 0.806
8760.000 0.811
8765.000 0.809
8770.000 0.811
8775.000 0.810
8780.000 0.813
8785.000 0.816
8790.000 0.813
8795.000 0.820
8800.000 0.822
8805.000 0.817
8810.000 0.815
8815.000 0.823
8820.000 0.827
8825.000 0.804
8830.000 0.803
8835.000 0.779
8840.000 0.789
8845.000 0.793
8850.000 0.791
8855.000 0.789
8860.000 0.791
8865.000 0.792
8870.000 0.794
8875.000 0.793
8880.000 0.790
8885.000 0.782
8890.000 0.785
8895.000 0.781
8900.000 0.775
8905.000 0.771
8910.000 0.770
8915.000 0.765
8920.000 0.765
8925.000 0.775
8930.000 0.769
8935.000 0.768
8940.000 0.774
8945.000 0.774
8950.000 0.771
8955.000 0.773
8960.000 0.773
8965.000 0.766
8970.000 0.764
8975.000 0.761
8980.000 0.756
8985.000 0.756
8990.000 0.754
8995.000 0.755
9000.000 0.755
9005.000 0.759
9010.000 0.761
9015.000 0.755
9020.000 0.765
9025.000 0.758
9030.000 0.755
9035.000 0.752
9040.000 0.750
9045.000 0.752
9050.000 0.745
9055.000 0.747
9060.000 0.749
9065.000 0.747
9070.000 0.753
9075.000 0.749
9080.000 0.749
9085.000 0.754
9090.000 0.752
9095.000 0.760
9100.000 0.756
9105.000 0.759
9110.000 0.753
9115.000 0.752
9120.000 0.747
9125.000 0.748
9130.000 0.744
9135.000 0.747
9140.000 0.749
9145.000 0.749
9150.000 0.756
9155.000 0.754
9160.000 0.766
9165.000 0.763
9170.000 0.765
9175.000 0.763
9180.000 0.763
9185.000 0.758
9190.000 0.761
9195.000 0.761
9200.000 0.758
9205.000 0.757
9210.000 0.759
9215.000 0.761
9220.000 0.763
9225.000 0.770
9230.000 0.771
9235.000 0.778
9240.000 0.781
9245.000 0.780
9250.000 0.783
9255.000 0.781
9260.000 0.785
9265.000 0.780
9270.000 0.777
9275.000 0.783
9280.000 0.779
9285.000 0.784
9290.000 0.790
9295.000 0.794
9300.000 0.797
9305.000 0.808
9310.000 0.810
9315.000 0.816
9320.000 0.815
9325.000 0.819
9330.000 0.821
9335.000 0.825
9340.000 0.827
9345.000 0.826
9350.000 0.835
9355.000 0.836
9360.000 0.843
9365.000 0.854
9370.000 0.864
9375.000 0.869
9380.000 0.878
9385.000 0.893
9390.000 0.901
9395.000 0.910
9400.000 0.924
9405.000 0.935
9410.000 0.945
9415.000 0.961
9420.000 0.980
9425.000 1.000
9430.000 1.026
9435.000 1.064
9440.000 1.082
9445.000 1.120
9450.000 1.188
9455.000 1.272
9460.000 1.364
9465.000 1.530
9470.000 1.727
9475.000 2.127
9480.000 2.691
9485.000 3.123
9490.000 2.161
9495.000 0.811
9500.000 0.585
9505.000 0.375
9510.000 0.218
9515.000 0.288
9520.000 0.357
9525.000 0.413
9530.000 0.462
9535.000 0.495
9540.000 0.529
9545.000 0.555
9550.000 0.571
9555.000 0.592
9560.000 0.607
9565.000 0.613
9570.000 0.631
9575.000 0.642
9580.000 0.664
9585.000 0.677
9590.000 0.693
9595.000 0.707
9600.000 0.720
9605.000 0.742
9610.000 0.754
9615.000 0.762
9620.000 0.768
9625.000 0.779
9630.000 0.785
9635.000 0.797
9640.000 0.804
9645.000 0.818
9650.000 0.834
9655.000 0.848
9660.000 0.862
9665.000 0.877
9670.000 0.897
9675.000 0.918
9680.000 0.939
9685.000 0.948
9690.000 0.966
9695.000 0.982
9700.000 1.005
9705.000 1.024
9710.000 1.047
9715.000 1.074
9720.000 1.099
9725.000 1.130
9730.000 1.164
9735.000 1.215
9740.000 1.257
9745.000 1.280
9750.000 1.340
9755.000 1.396
9760.000 1.459
9765.000 1.543
9770.000 1.617
9775.000 1.730
9780.000 1.858
9785.000 1.983
9790.000 2.178
9795.000 2.365
9800.000 2.684
9805.000 3.004
9810.000 3.123
9815.000 3.512
9820.000 3.771
9825.000 3.796
9830.000 3.437
9835.000 2.934
9840.000 2.259
9845.000 1.784
9850.000 1.415
9855.000 1.111
9860.000 0.930
9865.000 0.834
9870.000 0.723
9875.000 0.703
9880.000 0.739
9885.000 0.774
9890.000 0.709
9895.000 0.597
9900.000 0.530
9905.000 0.451
9910.000 0.391
9915.000 0.337
9920.000 0.290
9925.000 0.272
9930.000 0.240
9935.000 0.207
9940.000 0.188
9945.000 0.168
9950.000 0.149
9955.000 0.143
9960.000 0.128
9965.000 0.129
9970.000 0.124
9975.000 0.125
9980.000 0.127
9985.000 0.132
9990.000 0.130
9995.000 0.131
10000.000 0.144
10005.000 0.147
10010.000 0.153
10015.000 0.157
10020.000 0.168
10025.000 0.175
10030.000 0.184
10035.000 0.201
10040.000 0.202
10045.000 0.210
10050.000 0.217
10055.000 0.221
10060.000 0.222
10065.000 0.229
10070.000 0.228
10075.000 0.229
10080.000 0.229
10085.000 0.233
10090.000 0.235
10095.000 0.236
10100.000 0.244
10105.000 0.249
10110.000 0.253
10115.000 0.257
10120.000 0.260
10125.000 0.261
10130.000 0.259
10135.000 0.257
10140.000 0.254
10145.000 0.250
10150.000 0.239
10155.000 0.240
10160.000 0.229
10165.000 0.242
10170.000 0.241
10175.000 0.287
10180.000 0.322
10185.000 1.173
10190.000 2.070
10195.000 0.780
10200.000 0.750
10205.000 0.521
10210.000 0.475
10215.000 0.450
10220.000 0.434
10225.000 0.420
10230.000 0.414
10235.000 0.407
10240.000 0.406
10245.000 0.402
10250.000 0.399
10255.000 0.403
10260.000 0.405
10265.000 0.406
10270.000 0.406
10275.000 0.404
10280.000 0.401
10285.000 0.400
10290.000 0.394
10295.000 0.397
10300.000 0.393
10305.000 0.393
10310.000 0.391
10315.000 0.393
10320.000 0.397
10325.000 0.399
10330.000 0.404
10335.000 0.407
10340.000 0.409
10345.000 0.411
10350.000 0.411
10355.000 0.410
10360.000 0.402
10365.000 0.408
10370.000 0.403
10375.000 0.400
10380.000 0.401
10385.000 0.404
10390.000 0.404
10395.000 0.409
10400.000 0.413
10405.000 0.413
10410.000 0.414
10415.000 0.418
10420.000 0.420
10425.000 0.420
10430.000 0.423
10435.000 0.417
10440.000 0.418
10445.000 0.415
10450.000 0.414
10455.000 0.412
10460.000 0.416
10465.000 0.416
10470.000 0.420
10475.000 0.423
10480.000 0.424
10485.000 0.427
10490.000 0.434
10495.000 0.430
10500.000 0.433
10505.000 0.435
10510.000 0.428
10515.000 0.424
10520.000 0.430
10525.000 0.427
10530.000 0.425
10535.000 0.425
10540.000 0.432
10545.000 0.433
10550.000 0.433
10555.000 0.441
10560.000 0.443
10565.000 0.443
10570.000 0.443
10575.000 0.448
10580.000 0.446
10585.000 0.442
10590.000 0.441
10595.000 0.438
10600.000 0.438
10605.000 0.436
10610.000 0.441
10615.000 0.445
10620.000 0.450
10625.000 0.451
10630.000 0.455
10635.000 0.461
10640.000 0.462
10645.000 0.461
10650.000 0.462
10655.000 0.462
10660.000 0.456
10665.000 0.458
10670.000 0.458
10675.000 0.459
10680.000 0.457
10685.000 0.465
10690.000 0.467
10695.000 0.474
10700.000 0.475
10705.000 0.480
10710.000 0.487
10715.000 0.489
10720.000 0.490
10725.000 0.489
10730.000 0.493
10735.000 0.490
10740.000 0.492
10745.000 0.496
10750.000 0.502
10755.000 0.508
10760.000 0.517
10765.000 0.521
10770.000 0.531
10775.000 0.547
10780.000 0.547
10785.000 0.558
10790.000 0.574
10795.000 0.586
10800.000 0.597
10805.000 0.612
10810.000 0.631
10815.000 0.660
10820.000 0.692
10825.000 0.732
10830.000 0.795
10835.000 0.860
10840.000 0.975
10845.000 1.041
10850.000 1.179
10855.000 1.265
10860.000 1.195
10865.000 0.894
10870.000 0.458
10875.000 0.290
10880.000 0.180
10885.000 0.079
10890.000 0.052
10895.000 0.139
10900.000 0.083
10905.000 0.112
10910.000 0.138
10915.000 0.149
10920.000 0.170
10925.000 0.179
10930.000 0.194
10935.000 0.200
10940.000 0.205
10945.000 0.208
10950.000 0.213
10955.000 0.220
10960.000 0.216
10965.000 0.229
10970.000 0.233
10975.000 0.256
10980.000 0.282
10985.000 0.325
10990.000 0.381
10995.000 0.440
11000.000 0.491
11005.000 0.519
11010.000 0.524
11015.000 0.519
11020.000 0.511
11025.000 0.501
11030.000 0.500
11035.000 0.495
11040.000 0.503
11045.000 0.509
11050.000 0.537
11055.000 0.562
11060.000 0.602
11065.000 0.681
11070.000 0.728
11075.000 0.714
11080.000 0.668
11085.000 0.649
11090.000 0.600
11095.000 0.573
11100.000 0.542
11105.000 0.517
11110.000 0.505
11115.000 0.483
11120.000 0.471
11125.000 0.467
11130.000 0.457
11135.000 0.454
11140.000 0.451
11145.000 0.447
11150.000 0.443
11155.000 0.438
11160.000 0.433
11165.000 0.427
11170.000 0.421
11175.000 0.419
11180.000 0.407
11185.000 0.413
11190.000 0.405
11195.000 0.403
11200.000 0.405
11205.000 0.406
11210.000 0.400
11215.000 0.403
11220.000 0.405
11225.000 0.402
11230.000 0.402
11235.000 0.397
11240.000 0.398
11245.000 0.392
11250.000 0.388
11255.000 0.386
11260.000 0.380
11265.000 0.379
11270.000 0.381
11275.000 0.380
11280.000 0.382
11285.000 0.381
11290.000 0.381
11295.000 0.384
11300.000 0.383
11305.000 0.383
11310.000 0.379
11315.000 0.376
11320.000 0.373
11325.000 0.369
11330.000 0.372
11335.000 0.366
11340.000 0.366
11345.000 0.367
11350.000 0.365
11355.000 0.368
11360.000 0.367
11365.000 0.367
11370.000 0.366
11375.000 0.369
11380.000 0.365
11385.000 0.366
11390.000 0.362
11395.000 0.362
11400.000 0.354
11405.000 0.356
11410.000 0.354
11415.000 0.354
11420.000 0.353
11425.000 0.353
11430.000 0.357
11435.000 0.358
11440.000 0.357
11445.000 0.356
11450.000 0.358
11455.000 0.353
11460.000 0.350
11465.000 0.345
11470.000 0.344
11475.000 0.341
11480.000 0.342
11485.000 0.338
11490.000 0.341
11495.000 0.336
11500.000 0.339
11505.000 0.339
11510.000 0.338
11515.000 0.341
11520.000 0.342
11525.000 0.337
11530.000 0.337
11535.000 0.332
11540.000 0.330
11545.000 0.323
11550.000 0.324
11555.000 0.318
11560.000 0.317
11565.000 0.317
11570.000 0.312
11575.000 0.314
11580.000 0.313
11585.000 0.314
11590.000 0.310
11595.000 0.311
11600.000 0.307
11605.000 0.303
11610.000 0.299
11615.000 0.290
11620.000 0.285
11625.000 0.277
11630.000 0.279
11635.000 0.271
11640.000 0.264
11645.000 0.263
11650.000 0.255
11655.000 0.251
11660.000 0.244
11665.000 0.234
11670.000 0.226
11675.000 0.210
11680.000 0.197
11685.000 0.180
11690.000 0.172
11695.000 0.156
11700.000 0.145
11705.000 0.158
11710.000 0.196
11715.000 0.315
11720.000 0.511
11725.000 0.863
11730.000 1.411
11735.000 1.591
11740.000 1.028
11745.000 0.977
11750.000 0.894
11755.000 0.767
11760.000 0.703
11765.000 0.631
11770.000 0.589
11775.000 0.563
11780.000 0.532
11785.000 0.520
11790.000 0.494
11795.000 0.479
11800.000 0.472
11805.000 0.459
11810.000 0.452
11815.000 0.451
11820.000 0.439
11825.000 0.435
11830.000 0.420
11835.000 0.413
11840.000 0.407
11845.000 0.398
11850.000 0.393
11855.000 0.386
11860.000 0.382
11865.000 0.378
11870.000 0.373
11875.000 0.370
11880.000 0.371
11885.000 0.364
11890.000 0.360
11895.000 0.354
11900.000 0.349
11905.000 0.347
11910.000 0.336
11915.000 0.332
11920.000 0.324
11925.000 0.321
11930.000 0.319
11935.000 0.315
11940.000 0.309
11945.000 0.306
11950.000 0.299
11955.000 0.298
11960.000 0.294
11965.000 0.290
11970.000 0.281
11975.000 0.277
11980.000 0.276
11985.000 0.264
11990.000 0.261
11995.000 0.259
12000.000 0.259
