105.000 0.349
110.000 2.002
115.000 2.204
120.000 2.035
125.000 2.074
130.000 2.152
135.000 2.101
140.000 2.097
145.000 2.158
150.000 2.209
155.000 2.187
160.000 2.192
165.000 2.263
170.000 2.215
175.000 2.279
180.000 2.312
185.000 2.289
190.000 2.332
195.000 2.281
200.000 2.350
205.000 2.344
210.000 2.393
215.000 2.409
220.000 2.429
225.000 2.467
230.000 2.455
235.000 2.522
240.000 2.549
245.000 2.582
250.000 2.615
255.000 2.675
260.000 2.719
265.000 2.751
270.000 2.799
275.000 2.866
280.000 2.941
285.000 2.965
290.000 3.038
295.000 3.095
300.000 3.180
305.000 3.271
310.000 3.341
315.000 3.467
320.000 3.559
325.000 3.666
330.000 3.804
335.000 3.951
340.000 4.100
345.000 4.195
350.000 4.351
355.000 4.525
360.000 4.731
365.000 4.951
370.000 5.168
375.000 5.377
380.000 5.592
385.000 5.808
390.000 5.976
395.000 6.125
400.000 6.189
405.000 6.254
410.000 6.244
415.000 6.178
420.000 6.031
425.000 5.814
430.000 5.547
435.000 5.314
440.000 4.940
445.000 4.635
450.000 4.312
455.000 4.024
460.000 3.748
465.000 3.616
470.000 3.382
475.000 3.154
480.000 2.950
485.000 2.756
490.000 2.586
495.000 2.441
500.000 2.306
505.000 2.173
510.000 2.049
515.000 1.942
520.000 1.860
525.000 1.805
530.000 1.719
535.000 1.635
540.000 1.559
545.000 1.488
550.000 1.432
555.000 1.377
560.000 1.319
565.000 1.272
570.000 1.221
575.000 1.176
580.000 1.125
585.000 1.099
590.000 1.073
595.000 1.039
600.000 1.003
605.000 0.976
610.000 0.954
615.000 0.923
620.000 0.903
625.000 0.868
630.000 0.841
635.000 0.821
640.000 0.799
645.000 0.785
650.000 0.769
655.000 0.765
660.000 0.732
665.000 0.728
670.000 0.716
675.000 0.704
680.000 0.690
685.000 0.683
690.000 0.667
695.000 0.651
700.000 0.644
705.000 0.645
710.000 0.626
715.000 0.624
720.000 0.602
725.000 0.606
730.000 0.593
735.000 0.588
740.000 0.580
745.000 0.576
750.000 0.559
755.000 0.569
760.000 0.566
765.000 0.557
770.000 0.552
775.000 0.552
780.000 0.556
785.000 0.550
790.000 0.554
795.000 0.554
800.000 0.539
805.000 0.535
810.000 0.534
815.000 0.526
820.000 0.526
825.000 0.526
830.000 0.518
835.000 0.516
840.000 0.512
845.000 0.514
850.000 0.513
855.000 0.509
860.000 0.512
865.000 0.502
870.000 0.503
875.000 0.509
880.000 0.501
885.000 0.504
890.000 0.502
895.000 0.500
900.000 0.487
905.000 0.493
910.000 0.493
915.000 0.500
920.000 0.497
925.000 0.489
930.000 0.487
935.000 0.483
940.000 0.485
945.000 0.494
950.000 0.495
955.000 0.486
960.000 0.496
965.000 0.493
970.000 0.488
975.000 0.487
980.000 0.486
985.000 0.482
990.000 0.483
995.000 0.497
1000.000 0.485
1005.000 0.475
1010.000 0.493
1015.000 0.492
1020.000 0.486
1025.000 0.492
1030.000 0.487
1035.000 0.495
1040.000 0.491
1045.000 0.481
1050.000 0.493
1055.000 0.488
1060.000 0.486
1065.000 0.490
1070.000 0.489
1075.000 0.486
1080.000 0.489
1085.000 0.493
1090.000 0.486
1095.000 0.495
1100.000 0.491
1105.000 0.488
1110.000 0.492
1115.000 0.490
1120.000 0.490
1125.000 0.494
1130.000 0.499
1135.000 0.493
1140.000 0.490
1145.000 0.493
1150.000 0.489
1155.000 0.501
1160.000 0.502
1165.000 0.500
1170.000 0.501
1175.000 0.502
1180.000 0.498
1185.000 0.503
1190.000 0.504
1195.000 0.499
1200.000 0.500
1205.000 0.501
1210.000 0.498
1215.000 0.505
1220.000 0.506
1225.000 0.511
1230.000 0.506
1235.000 0.508
1240.000 0.509
1245.000 0.510
1250.000 0.512
1255.000 0.511
1260.000 0.508
1265.000 0.515
1270.000 0.514
1275.000 0.516
1280.000 0.516
1285.000 0.516
1290.000 0.523
1295.000 0.520
1300.000 0.523
1305.000 0.524
1310.000 0.529
1315.000 0.528
1320.000 0.527
1325.000 0.532
1330.000 0.530
1335.000 0.527
1340.000 0.529
1345.000 0.534
1350.000 0.537
1355.000 0.539
1360.000 0.535
1365.000 0.536
1370.000 0.538
1375.000 0.540
1380.000 0.543
1385.000 0.547
1390.000 0.548
1395.000 0.544
1400.000 0.543
1405.000 0.548
1410.000 0.550
1415.000 0.549
1420.000 0.549
1425.000 0.547
1430.000 0.549
1435.000 0.546
1440.000 0.544
1445.000 0.543
1450.000 0.540
1455.000 0.542
1460.000 0.543
1465.000 0.545
1470.000 0.543
1475.000 0.546
1480.000 0.552
1485.000 0.559
1490.000 0.558
1495.000 0.570
1500.000 0.573
1505.000 0.579
1510.000 0.591
1515.000 0.590
1520.000 0.595
1525.000 0.607
1530.000 0.608
1535.000 0.616
1540.000 0.617
1545.000 0.631
1550.000 0.637
1555.000 0.640
1560.000 0.644
1565.000 0.652
1570.000 0.658
1575.000 0.664
1580.000 0.672
1585.000 0.675
1590.000 0.687
1595.000 0.690
1600.000 0.705
1605.000 0.713
1610.000 0.713
1615.000 0.724
1620.000 0.731
1625.000 0.737
1630.000 0.746
1635.000 0.761
1640.000 0.765
1645.000 0.778
1650.000 0.789
1655.000 0.801
1660.000 0.817
1665.000 0.823
1670.000 0.837
1675.000 0.848
1680.000 0.856
1685.000 0.877
1690.000 0.886
1695.000 0.896
1700.000 0.907
1705.000 0.928
1710.000 0.944
1715.000 0.961
1720.000 0.974
1725.000 0.996
1730.000 1.013
1735.000 1.031
1740.000 1.047
1745.000 1.059
1750.000 1.076
1755.000 1.102
1760.000 1.113
1765.000 1.147
1770.000 1.166
1775.000 1.183
1780.000 1.204
1785.000 1.227
1790.000 1.251
1795.000 1.270
1800.000 1.282
1805.000 1.304
1810.000 1.323
1815.000 1.341
1820.000 1.362
1825.000 1.385
1830.000 1.399
1835.000 1.417
1840.000 1.436
1845.000 1.449
1850.000 1.462
1855.000 1.472
1860.000 1.476
1865.000 1.490
1870.000 1.500
1875.000 1.506
1880.000 1.508
1885.000 1.514
1890.000 1.516
1895.000 1.518
1900.000 1.517
1905.000 1.513
1910.000 1.512
1915.000 1.508
1920.000 1.500
1925.000 1.491
1930.000 1.486
1935.000 1.480
1940.000 1.479
1945.000 1.463
1950.000 1.448
1955.000 1.445
1960.000 1.432
1965.000 1.433
1970.000 1.414
1975.000 1.397
1980.000 1.403
1985.000 1.380
1990.000 1.383
1995.000 1.362
2000.000 1.362
2005.000 1.342
2010.000 1.346
2015.000 1.323
2020.000 1.328
2025.000 1.305
2030.000 1.312
2035.000 1.293
2040.000 1.293
2045.000 1.281
2050.000 1.271
2055.000 1.265
2060.000 1.264
2065.000 1.256
2070.000 1.252
2075.000 1.240
2080.000 1.243
2085.000 1.239
2090.000 1.240
2095.000 1.233
2100.000 1.234
2105.000 1.237
2110.000 1.228
2115.000 1.232
2120.000 1.231
2125.000 1.235
2130.000 1.232
2135.000 1.238
2140.000 1.244
2145.000 1.250
2150.000 1.252
2155.000 1.258
2160.000 1.270
2165.000 1.275
2170.000 1.286
2175.000 1.296
2180.000 1.318
2185.000 1.329
2190.000 1.354
2195.000 1.372
2200.000 1.389
2205.000 1.411
2210.000 1.443
2215.000 1.473
2220.000 1.518
2225.000 1.555
2230.000 1.583
2235.000 1.635
2240.000 1.695
2245.000 1.766
2250.000 1.838
2255.000 1.936
2260.000 2.053
2265.000 2.194
2270.000 2.375
2275.000 2.597
2280.000 2.900
2285.000 3.290
2290.000 3.524
2295.000 4.145
2300.000 4.991
2305.000 6.348
2310.000 10.043
2315.000 13.161
2320.000 5.653
2325.000 3.783
2330.000 2.754
2335.000 2.032
2340.000 1.615
2345.000 1.266
2350.000 1.164
2355.000 0.960
2360.000 0.793
2365.000 0.709
2370.000 0.580
2375.000 0.486
2380.000 0.461
2385.000 0.384
2390.000 0.326
2395.000 0.293
2400.000 0.258
2405.000 0.236
2410.000 0.227
2415.000 0.213
2420.000 0.208
2425.000 0.201
2430.000 0.201
2435.000 0.203
2440.000 0.208
2445.000 0.213
2450.000 0.218
2455.000 0.221
2460.000 0.232
2465.000 0.239
2470.000 0.239
2475.000 0.246
2480.000 0.257
2485.000 0.259
2490.000 0.265
2495.000 0.267
2500.000 0.276
2505.000 0.276
2510.000 0.283
2515.000 0.288
2520.000 0.294
2525.000 0.294
2530.000 0.295
2535.000 0.299
2540.000 0.303
2545.000 0.311
2550.000 0.316
2555.000 0.317
2560.000 0.317
2565.000 0.320
2570.000 0.319
2575.000 0.324
2580.000 0.325
2585.000 0.321
2590.000 0.325
2595.000 0.328
2600.000 0.328
2605.000 0.329
2610.000 0.330
2615.000 0.333
2620.000 0.335
2625.000 0.336
2630.000 0.334
2635.000 0.337
2640.000 0.337
2645.000 0.341
2650.000 0.337
2655.000 0.336
2660.000 0.337
2665.000 0.338
2670.000 0.337
2675.000 0.342
2680.000 0.337
2685.000 0.334
2690.000 0.334
2695.000 0.335
2700.000 0.338
2705.000 0.336
2710.000 0.337
2715.000 0.337
2720.000 0.338
2725.000 0.333
2730.000 0.330
2735.000 0.332
2740.000 0.335
2745.000 0.332
2750.000 0.329
2755.000 0.331
2760.000 0.329
2765.000 0.331
2770.000 0.329
2775.000 0.334
2780.000 0.328
2785.000 0.333
2790.000 0.334
2795.000 0.332
2800.000 0.333
2805.000 0.331
2810.000 0.331
2815.000 0.329
2820.000 0.334
2825.000 0.333
2830.000 0.336
2835.000 0.339
2840.000 0.344
2845.000 0.346
2850.000 0.341
2855.000 0.348
2860.000 0.351
2865.000 0.354
2870.000 0.351
2875.000 0.356
2880.000 0.362
2885.000 0.364
2890.000 0.366
2895.000 0.369
2900.000 0.373
2905.000 0.381
2910.000 0.384
2915.000 0.387
2920.000 0.395
2925.000 0.399
2930.000 0.403
2935.000 0.406
2940.000 0.408
2945.000 0.412
2950.000 0.420
2955.000 0.430
2960.000 0.421
2965.000 0.436
2970.000 0.427
2975.000 0.433
2980.000 0.445
2985.000 0.446
2990.000 0.451
2995.000 0.450
3000.000 0.469
3005.000 0.471
3010.000 0.462
3015.000 0.479
3020.000 0.471
3025.000 0.471
3030.000 0.480
3035.000 0.472
3040.000 0.477
3045.000 0.488
3050.000 0.483
3055.000 0.490
3060.000 0.501
3065.000 0.497
3070.000 0.502
3075.000 0.509
3080.000 0.504
3085.000 0.509
3090.000 0.511
3095.000 0.518
3100.000 0.518
3105.000 0.519
3110.000 0.523
3115.000 0.522
3120.000 0.523
3125.000 0.525
3130.000 0.527
3135.000 0.536
3140.000 0.536
3145.000 0.532
3150.000 0.540
3155.000 0.540
3160.000 0.537
3165.000 0.540
3170.000 0.540
3175.000 0.544
3180.000 0.546
3185.000 0.547
3190.000 0.549
3195.000 0.550
3200.000 0.553
3205.000 0.555
3210.000 0.556
3215.000 0.561
3220.000 0.560
3225.000 0.564
3230.000 0.567
3235.000 0.566
3240.000 0.565
3245.000 0.567
3250.000 0.568
3255.000 0.570
3260.000 0.575
3265.000 0.572
3270.000 0.575
3275.000 0.577
3280.000 0.577
3285.000 0.582
3290.000 0.584
3295.000 0.591
3300.000 0.590
3305.000 0.587
3310.000 0.597
3315.000 0.594
3320.000 0.596
3325.000 0.597
3330.000 0.597
3335.000 0.597
3340.000 0.602
3345.000 0.606
3350.000 0.608
3355.000 0.607
3360.000 0.613
3365.000 0.616
3370.000 0.619
3375.000 0.623
3380.000 0.627
3385.000 0.626
3390.000 0.631
3395.000 0.630
3400.000 0.635
3405.000 0.636
3410.000 0.639
3415.000 0.642
3420.000 0.645
3425.000 0.652
3430.000 0.654
3435.000 0.661
3440.000 0.667
3445.000 0.666
3450.000 0.673
3455.000 0.675
3460.000 0.679
3465.000 0.683
3470.000 0.690
3475.000 0.692
3480.000 0.700
3485.000 0.705
3490.000 0.713
3495.000 0.718
3500.000 0.729
3505.000 0.735
3510.000 0.739
3515.000 0.747
3520.000 0.757
3525.000 0.764
3530.000 0.775
3535.000 0.787
3540.000 0.797
3545.000 0.815
3550.000 0.829
3555.000 0.846
3560.000 0.867
3565.000 0.892
3570.000 0.904
3575.000 0.929
3580.000 0.963
3585.000 0.991
3590.000 1.021
3595.000 1.066
3600.000 1.108
3605.000 1.155
3610.000 1.216
3615.000 1.273
3620.000 1.347
3625.000 1.388
3630.000 1.476
3635.000 1.582
3640.000 1.710
3645.000 1.850
3650.000 2.044
3655.000 2.247
3660.000 2.552
3665.000 2.938
3670.000 3.428
3675.000 4.194
3680.000 5.290
3685.000 7.140
3690.000 8.467
3695.000 11.371
3700.000 10.827
3705.000 4.768
3710.000 8.696
3715.000 5.814
3720.000 4.521
3725.000 3.611
3730.000 3.048
3735.000 2.652
3740.000 2.324
3745.000 2.097
3750.000 1.995
3755.000 1.805
3760.000 1.672
3765.000 1.552
3770.000 1.447
3775.000 1.367
3780.000 1.292
3785.000 1.227
3790.000 1.164
3795.000 1.120
3800.000 1.078
3805.000 1.033
3810.000 1.002
3815.000 0.987
3820.000 0.954
3825.000 0.933
3830.000 0.902
3835.000 0.878
3840.000 0.865
3845.000 0.838
3850.000 0.823
3855.000 0.811
3860.000 0.792
3865.000 0.781
3870.000 0.774
3875.000 0.762
3880.000 0.754
3885.000 0.743
3890.000 0.731
3895.000 0.723
3900.000 0.715
3905.000 0.708
3910.000 0.700
3915.000 0.693
3920.000 0.689
3925.000 0.680
3930.000 0.680
3935.000 0.671
3940.000 0.669
3945.000 0.667
3950.000 0.659
3955.000 0.659
3960.000 0.650
3965.000 0.651
3970.000 0.644
3975.000 0.638
3980.000 0.646
3985.000 0.633
3990.000 0.628
3995.000 0.639
4000.000 0.626
4005.000 0.619
4010.000 0.621
4015.000 0.627
4020.000 0.630
4025.000 0.630
4030.000 0.614
4035.000 0.622
4040.000 0.616
4045.000 0.622
4050.000 0.615
4055.000 0.620
4060.000 0.615
4065.000 0.614
4070.000 0.616
4075.000 0.615
4080.000 0.609
4085.000 0.610
4090.000 0.613
4095.000 0.611
4100.000 0.612
4105.000 0.613
4110.000 0.614
4115.000 0.615
4120.000 0.615
4125.000 0.615
4130.000 0.617
4135.000 0.615
4140.000 0.615
4145.000 0.607
4150.000 0.609
4155.000 0.608
4160.000 0.608
4165.000 0.609
4170.000 0.608
4175.000 0.608
4180.000 0.605
4185.000 0.605
4190.000 0.610
4195.000 0.607
4200.000 0.604
4205.000 0.600
4210.000 0.595
4215.000 0.595
4220.000 0.590
4225.000 0.586
4230.000 0.579
4235.000 0.582
4240.000 0.577
4245.000 0.571
4250.000 0.569
4255.000 0.572
4260.000 0.566
4265.000 0.564
4270.000 0.559
4275.000 0.556
4280.000 0.553
4285.000 0.550
4290.000 0.547
4295.000 0.550
4300.000 0.546
4305.000 0.544
4310.000 0.545
4315.000 0.549
4320.000 0.551
4325.000 0.549
4330.000 0.549
4335.000 0.547
4340.000 0.548
4345.000 0.552
4350.000 0.547
4355.000 0.546
4360.000 0.548
4365.000 0.548
4370.000 0.544
4375.000 0.546
4380.000 0.546
4385.000 0.549
4390.000 0.550
4395.000 0.551
4400.000 0.548
4405.000 0.552
4410.000 0.551
4415.000 0.555
4420.000 0.548
4425.000 0.553
4430.000 0.551
4435.000 0.552
4440.000 0.551
4445.000 0.552
4450.000 0.551
4455.000 0.554
4460.000 0.554
4465.000 0.555
4470.000 0.559
4475.000 0.558
4480.000 0.558
4485.000 0.559
4490.000 0.561
4495.000 0.563
4500.000 0.561
4505.000 0.558
4510.000 0.560
4515.000 0.561
4520.000 0.564
4525.000 0.560
4530.000 0.563
4535.000 0.565
4540.000 0.562
4545.000 0.564
4550.000 0.566
4555.000 0.569
4560.000 0.571
4565.000 0.568
4570.000 0.571
4575.000 0.573
4580.000 0.572
4585.000 0.570
4590.000 0.573
4595.000 0.576
4600.000 0.571
4605.000 0.575
4610.000 0.575
4615.000 0.577
4620.000 0.581
4625.000 0.584
4630.000 0.588
4635.000 0.590
4640.000 0.589
4645.000 0.591
4650.000 0.587
4655.000 0.587
4660.000 0.595
4665.000 0.594
4670.000 0.593
4675.000 0.598
4680.000 0.605
4685.000 0.604
4690.000 0.608
4695.000 0.611
4700.000 0.612
4705.000 0.619
4710.000 0.624
4715.000 0.624
4720.000 0.630
4725.000 0.634
4730.000 0.635
4735.000 0.643
4740.000 0.645
4745.000 0.649
4750.000 0.655
4755.000 0.663
4760.000 0.673
4765.000 0.680
4770.000 0.689
4775.000 0.698
4780.000 0.709
4785.000 0.713
4790.000 0.727
4795.000 0.733
4800.000 0.745
4805.000 0.764
4810.000 0.776
4815.000 0.790
4820.000 0.804
4825.000 0.831
4830.000 0.852
4835.000 0.872
4840.000 0.887
4845.000 0.916
4850.000 0.945
4855.000 0.981
4860.000 1.013
4865.000 1.056
4870.000 1.100
4875.000 1.148
4880.000 1.207
4885.000 1.261
4890.000 1.335
4895.000 1.413
4900.000 1.493
4905.000 1.550
4910.000 1.664
4915.000 1.778
4920.000 1.936
4925.000 2.093
4930.000 2.317
4935.000 2.573
4940.000 2.857
4945.000 3.286
4950.000 3.822
4955.000 4.589
4960.000 5.734
4965.000 6.539
4970.000 8.724
4975.000 9.398
4980.000 2.554
4985.000 10.648
4990.000 13.756
4995.000 14.343
5000.000 10.273
5005.000 7.323
5010.000 5.688
5015.000 4.822
5020.000 4.136
5025.000 3.630
5030.000 3.447
5035.000 3.101
5040.000 2.836
5045.000 2.639
5050.000 2.436
5055.000 2.287
5060.000 2.158
5065.000 2.043
5070.000 1.952
5075.000 1.861
5080.000 1.787
5085.000 1.758
5090.000 1.688
5095.000 1.637
5100.000 1.580
5105.000 1.537
5110.000 1.499
5115.000 1.461
5120.000 1.432
5125.000 1.402
5130.000 1.372
5135.000 1.357
5140.000 1.327
5145.000 1.309
5150.000 1.303
5155.000 1.279
5160.000 1.261
5165.000 1.239
5170.000 1.227
5175.000 1.212
5180.000 1.200
5185.000 1.184
5190.000 1.173
5195.000 1.166
5200.000 1.156
5205.000 1.150
5210.000 1.142
5215.000 1.135
5220.000 1.127
5225.000 1.119
5230.000 1.108
5235.000 1.100
5240.000 1.088
5245.000 1.079
5250.000 1.070
5255.000 1.069
5260.000 1.057
5265.000 1.053
5270.000 1.047
5275.000 1.043
5280.000 1.041
5285.000 1.035
5290.000 1.026
5295.000 1.024
5300.000 1.012
5305.000 1.006
5310.000 1.000
5315.000 0.993
5320.000 0.983
5325.000 0.975
5330.000 0.972
5335.000 0.963
5340.000 0.956
5345.000 0.951
5350.000 0.947
5355.000 0.941
5360.000 0.935
5365.000 0.931
5370.000 0.924
5375.000 0.915
5380.000 0.906
5385.000 0.896
5390.000 0.895
5395.000 0.886
5400.000 0.878
5405.000 0.870
5410.000 0.862
5415.000 0.860
5420.000 0.853
5425.000 0.850
5430.000 0.838
5435.000 0.834
5440.000 0.829
5445.000 0.821
5450.000 0.811
5455.000 0.812
5460.000 0.802
5465.000 0.794
5470.000 0.787
5475.000 0.779
5480.000 0.771
5485.000 0.763
5490.000 0.767
5495.000 0.758
5500.000 0.755
5505.000 0.746
5510.000 0.743
5515.000 0.740
5520.000 0.736
5525.000 0.729
5530.000 0.720
5535.000 0.711
5540.000 0.707
5545.000 0.700
5550.000 0.695
5555.000 0.687
5560.000 0.686
5565.000 0.681
5570.000 0.679
5575.000 0.678
5580.000 0.674
5585.000 0.672
5590.000 0.665
5595.000 0.661
5600.000 0.654
5605.000 0.653
5610.000 0.640
5615.000 0.640
5620.000 0.635
5625.000 0.633
5630.000 0.629
5635.000 0.629
5640.000 0.626
5645.000 0.625
5650.000 0.622
5655.000 0.619
5660.000 0.618
5665.000 0.616
5670.000 0.615
5675.000 0.606
5680.000 0.604
5685.000 0.596
5690.000 0.593
5695.000 0.594
5700.000 0.590
5705.000 0.586
5710.000 0.589
5715.000 0.588
5720.000 0.584
5725.000 0.584
5730.000 0.584
5735.000 0.583
5740.000 0.577
5745.000 0.577
5750.000 0.570
5755.000 0.564
5760.000 0.567
5765.000 0.561
5770.000 0.560
5775.000 0.556
5780.000 0.557
5785.000 0.555
5790.000 0.555
5795.000 0.557
5800.000 0.554
5805.000 0.555
5810.000 0.552
5815.000 0.550
5820.000 0.546
5825.000 0.542
5830.000 0.539
5835.000 0.541
5840.000 0.534
5845.000 0.529
5850.000 0.532
5855.000 0.528
5860.000 0.529
5865.000 0.529
5870.000 0.529
5875.000 0.524
5880.000 0.527
5885.000 0.530
5890.000 0.522
5895.000 0.515
5900.000 0.514
5905.000 0.510
5910.000 0.502
5915.000 0.500
5920.000 0.504
5925.000 0.497
5930.000 0.495
5935.000 0.495
5940.000 0.497
5945.000 0.493
5950.000 0.498
5955.000 0.494
5960.000 0.494
5965.000 0.484
5970.000 0.488
5975.000 0.479
5980.000 0.467
5985.000 0.473
5990.000 0.466
5995.000 0.458
6000.000 0.458
6005.000 0.456
6010.000 0.457
6015.000 0.445
6020.000 0.452
6025.000 0.441
6030.000 0.437
6035.000 0.430
6040.000 0.422
6045.000 0.424
6050.000 0.410
6055.000 0.406
6060.000 0.404
6065.000 0.403
6070.000 0.396
6075.000 0.386
6080.000 0.386
6085.000 0.378
6090.000 0.376
6095.000 0.368
6100.000 0.360
6105.000 0.352
6110.000 0.349
6115.000 0.337
6120.000 0.332
6125.000 0.321
6130.000 0.310
6135.000 0.296
6140.000 0.285
6145.000 0.273
6150.000 0.259
6155.000 0.247
6160.000 0.232
6165.000 0.214
6170.000 0.197
6175.000 0.186
6180.000 0.174
6185.000 0.171
6190.000 0.179
6195.000 0.212
6200.000 0.289
6205.000 0.404
6210.000 0.569
6215.000 0.836
6220.000 1.188
6225.000 1.805
6230.000 2.535
6235.000 2.962
6240.000 1.943
6245.000 0.935
6250.000 1.233
6255.000 1.045
6260.000 1.056
6265.000 0.938
6270.000 0.809
6275.000 0.694
6280.000 0.578
6285.000 0.489
6290.000 0.407
6295.000 0.360
6300.000 0.340
6305.000 0.329
6310.000 0.322
6315.000 0.347
6320.000 0.364
6325.000 0.381
6330.000 0.394
6335.000 0.408
6340.000 0.421
6345.000 0.424
6350.000 0.432
6355.000 0.435
6360.000 0.441
6365.000 0.441
6370.000 0.440
6375.000 0.444
6380.000 0.451
6385.000 0.456
6390.000 0.457
6395.000 0.462
6400.000 0.463
6405.000 0.462
6410.000 0.465
6415.000 0.464
6420.000 0.459
6425.000 0.459
6430.000 0.455
6435.000 0.453
6440.000 0.455
6445.000 0.455
6450.000 0.455
6455.000 0.456
6460.000 0.461
6465.000 0.461
6470.000 0.462
6475.000 0.461
6480.000 0.464
6485.000 0.460
6490.000 0.458
6495.000 0.460
6500.000 0.458
6505.000 0.458
6510.000 0.458
6515.000 0.466
6520.000 0.478
6525.000 0.493
6530.000 0.514
6535.000 0.543
6540.000 0.604
6545.000 0.666
6550.000 0.735
6555.000 0.946
6560.000 1.352
6565.000 2.191
6570.000 3.676
6575.000 3.371
6580.000 2.983
6585.000 0.900
6590.000 1.399
6595.000 0.926
6600.000 0.895
6605.000 0.817
6610.000 0.734
6615.000 0.709
6620.000 0.678
6625.000 0.659
6630.000 0.638
6635.000 0.622
6640.000 0.605
6645.000 0.591
6650.000 0.581
6655.000 0.568
6660.000 0.560
6665.000 0.558
6670.000 0.556
6675.000 0.547
6680.000 0.549
6685.000 0.544
6690.000 0.541
6695.000 0.539
6700.000 0.540
6705.000 0.527
6710.000 0.529
6715.000 0.524
6720.000 0.514
6725.000 0.515
6730.000 0.510
6735.000 0.507
6740.000 0.507
6745.000 0.507
6750.000 0.504
6755.000 0.507
6760.000 0.503
6765.000 0.503
6770.000 0.506
6775.000 0.503
6780.000 0.503
6785.000 0.499
6790.000 0.493
6795.000 0.492
6800.000 0.489
6805.000 0.486
6810.000 0.488
6815.000 0.483
6820.000 0.483
6825.000 0.487
6830.000 0.486
6835.000 0.491
6840.000 0.487
6845.000 0.486
6850.000 0.483
6855.000 0.485
6860.000 0.481
6865.000 0.474
6870.000 0.476
6875.000 0.472
6880.000 0.467
6885.000 0.466
6890.000 0.469
6895.000 0.467
6900.000 0.473
6905.000 0.473
6910.000 0.471
6915.000 0.472
6920.000 0.474
6925.000 0.468
6930.000 0.464
6935.000 0.458
6940.000 0.460
6945.000 0.453
6950.000 0.453
6955.000 0.450
6960.000 0.449
6965.000 0.460
6970.000 0.454
6975.000 0.453
6980.000 0.460
6985.000 0.453
6990.000 0.448
6995.000 0.451
7000.000 0.450
7005.000 0.451
7010.000 0.441
7015.000 0.448
7020.000 0.435
7025.000 0.440
7030.000 0.434
7035.000 0.435
7040.000 0.432
7045.000 0.432
7050.000 0.439
7055.000 0.437
7060.000 0.432
7065.000 0.434
7070.000 0.432
7075.000 0.429
7080.000 0.430
7085.000 0.423
7090.000 0.423
7095.000 0.421
7100.000 0.415
7105.000 0.417
7110.000 0.413
7115.000 0.415
7120.000 0.417
7125.000 0.418
7130.000 0.421
7135.000 0.416
7140.000 0.417
7145.000 0.415
7150.000 0.408
7155.000 0.409
7160.000 0.408
7165.000 0.405
7170.000 0.402
7175.000 0.399
7180.000 0.398
7185.000 0.398
7190.000 0.403
7195.000 0.402
7200.000 0.406
7205.000 0.405
7210.000 0.405
7215.000 0.406
7220.000 0.402
7225.000 0.404
7230.000 0.400
7235.000 0.402
7240.000 0.399
7245.000 0.403
7250.000 0.405
7255.000 0.411
7260.000 0.415
7265.000 0.422
7270.000 0.430
7275.000 0.436
7280.000 0.438
7285.000 0.446
7290.000 0.453
7295.000 0.457
7300.000 0.473
7305.000 0.485
7310.000 0.501
7315.000 0.516
7320.000 0.542
7325.000 0.565
7330.000 0.591
7335.000 0.607
7340.000 0.641
7345.000 0.673
7350.000 0.718
7355.000 0.758
7360.000 0.818
7365.000 0.880
7370.000 0.948
7375.000 1.032
7380.000 1.122
7385.000 1.252
7390.000 1.392
7395.000 1.544
7400.000 1.656
7405.000 1.884
7410.000 2.131
7415.000 2.520
7420.000 2.921
7425.000 3.622
7430.000 4.454
7435.000 5.431
7440.000 6.982
7445.000 8.256
7450.000 8.637
7455.000 7.338
7460.000 6.515
7465.000 4.978
7470.000 3.952
7475.000 3.240
7480.000 2.895
7485.000 2.711
7490.000 2.505
7495.000 2.335
7500.000 2.201
7505.000 2.053
7510.000 1.952
7515.000 1.842
7520.000 1.754
7525.000 1.722
7530.000 1.637
7535.000 1.577
7540.000 1.517
7545.000 1.461
7550.000 1.418
7555.000 1.371
7560.000 1.333
7565.000 1.309
7570.000 1.272
7575.000 1.249
7580.000 1.236
7585.000 1.206
7590.000 1.190
7595.000 1.162
7600.000 1.142
7605.000 1.120
7610.000 1.099
7615.000 1.082
7620.000 1.060
7625.000 1.048
7630.000 1.036
7635.000 1.022
7640.000 1.019
7645.000 1.013
7650.000 0.999
7655.000 0.992
7660.000 0.982
7665.000 0.970
7670.000 0.957
7675.000 0.949
7680.000 0.938
7685.000 0.925
7690.000 0.923
7695.000 0.908
7700.000 0.903
7705.000 0.899
7710.000 0.898
7715.000 0.889
7720.000 0.884
7725.000 0.883
7730.000 0.876
7735.000 0.871
7740.000 0.866
7745.000 0.862
7750.000 0.850
7755.000 0.846
7760.000 0.836
7765.000 0.830
7770.000 0.829
7775.000 0.824
7780.000 0.824
7785.000 0.822
7790.000 0.820
7795.000 0.816
7800.000 0.818
7805.000 0.813
7810.000 0.808
7815.000 0.802
7820.000 0.795
7825.000 0.790
7830.000 0.784
7835.000 0.781
7840.000 0.774
7845.000 0.771
7850.000 0.769
7855.000 0.768
7860.000 0.763
7865.000 0.768
7870.000 0.767
7875.000 0.763
7880.000 0.759
7885.000 0.759
7890.000 0.751
7895.000 0.746
7900.000 0.741
7905.000 0.730
7910.000 0.726
7915.000 0.720
7920.000 0.722
7925.000 0.716
7930.000 0.710
7935.000 0.706
7940.000 0.703
7945.000 0.707
7950.000 0.700
7955.000 0.687
7960.000 0.683
7965.000 0.674
7970.000 0.659
7975.000 0.647
7980.000 0.640
7985.000 0.612
7990.000 0.600
7995.000 0.593
8000.000 0.557
8005.000 0.538
8010.000 0.526
8015.000 0.501
8020.000 0.452
8025.000 0.392
8030.000 0.308
8035.000 0.209
8040.000 0.207
8045.000 0.619
8050.000 1.571
8055.000 3.770
8060.000 6.671
8065.000 7.186
8070.000 2.061
8075.000 1.687
8080.000 1.318
8085.000 1.214
8090.000 1.130
8095.000 1.082
8100.000 1.073
8105.000 1.051
8110.000 1.031
8115.000 1.013
8120.000 0.995
8125.000 0.982
8130.000 0.973
8135.000 0.964
8140.000 0.959
8145.000 0.947
8150.000 0.949
8155.000 0.945
8160.000 0.943
8165.000 0.942
8170.000 0.943
8175.000 0.941
8180.000 0.934
8185.000 0.933
8190.000 0.927
8195.000 0.922
8200.000 0.924
8205.000 0.917
8210.000 0.917
8215.000 0.915
8220.000 0.920
8225.000 0.919
8230.000 0.926
8235.000 0.927
8240.000 0.928
8245.000 0.932
8250.000 0.931
8255.000 0.931
8260.000 0.930
8265.000 0.932
8270.000 0.929
8275.000 0.928
8280.000 0.927
8285.000 0.934
8290.000 0.932
8295.000 0.943
8300.000 0.946
8305.000 0.950
8310.000 0.958
8315.000 0.958
8320.000 0.963
8325.000 0.968
8330.000 0.972
8335.000 0.974
8340.000 0.974
8345.000 0.976
8350.000 0.982
8355.000 0.986
8360.000 0.993
8365.000 1.001
8370.000 1.001
8375.000 1.017
8380.000 1.023
8385.000 1.033
8390.000 1.043
8395.000 1.052
8400.000 1.060
8405.000 1.065
8410.000 1.074
8415.000 1.082
8420.000 1.095
8425.000 1.101
8430.000 1.118
8435.000 1.125
8440.000 1.143
8445.000 1.160
8450.000 1.174
8455.000 1.200
8460.000 1.221
8465.000 1.242
8470.000 1.272
8475.000 1.293
8480.000 1.325
8485.000 1.353
8490.000 1.385
8495.000 1.410
8500.000 1.459
8505.000 1.516
8510.000 1.591
8515.000 1.665
8520.000 1.805
8525.000 1.985
8530.000 2.238
8535.000 2.804
8540.000 3.665
8545.000 3.996
8550.000 3.063
8555.000 1.261
8560.000 0.972
8565.000 1.275
8570.000 1.254
8575.000 1.442
8580.000 1.578
8585.000 1.754
8590.000 1.912
8595.000 2.097
8600.000 2.309
8605.000 2.526
8610.000 2.867
8615.000 3.046
8620.000 3.400
8625.000 3.991
8630.000 4.625
8635.000 5.224
8640.000 5.856
8645.000 5.972
8650.000 5.407
8655.000 4.542
8660.000 3.843
8665.000 3.240
8670.000 2.873
8675.000 2.368
8680.000 2.122
8685.000 1.846
8690.000 1.624
8695.000 1.253
8700.000 0.978
8705.000 0.804
8710.000 0.705
8715.000 0.597
8720.000 0.525
8725.000 0.461
8730.000 0.407
8735.000 0.371
8740.000 0.340
8745.000 0.303
8750.000 0.274
8755.000 0.244
8760.000 0.223
8765.000 0.203
8770.000 0.194
8775.000 0.183
8780.000 0.177
8785.000 0.177
8790.000 0.180
8795.000 0.181
8800.000 0.184
8805.000 0.194
8810.000 0.213
8815.000 0.226
8820.000 0.213
8825.000 0.248
8830.000 0.235
8835.000 0.243
8840.000 0.243
8845.000 0.258
8850.000 0.263
8855.000 0.262
8860.000 0.266
8865.000 0.273
8870.000 0.279
8875.000 0.285
8880.000 0.295
8885.000 0.301
8890.000 0.310
8895.000 0.321
8900.000 0.329
8905.000 0.329
8910.000 0.338
8915.000 0.342
8920.000 0.345
8925.000 0.344
8930.000 0.349
8935.000 0.347
8940.000 0.354
8945.000 0.355
8950.000 0.362
8955.000 0.361
8960.000 0.373
8965.000 0.381
8970.000 0.384
8975.000 0.390
8980.000 0.403
8985.000 0.395
8990.000 0.398
8995.000 0.396
9000.000 0.400
9005.000 0.401
9010.000 0.404
9015.000 0.398
9020.000 0.408
9025.000 0.407
9030.000 0.420
9035.000 0.425
9040.000 0.430
9045.000 0.430
9050.000 0.434
9055.000 0.434
9060.000 0.444
9065.000 0.438
9070.000 0.440
9075.000 0.436
9080.000 0.437
9085.000 0.445
9090.000 0.444
9095.000 0.443
9100.000 0.449
9105.000 0.453
9110.000 0.457
9115.000 0.464
9120.000 0.471
9125.000 0.473
9130.000 0.475
9135.000 0.476
9140.000 0.471
9145.000 0.474
9150.000 0.476
9155.000 0.472
9160.000 0.473
9165.000 0.476
9170.000 0.482
9175.000 0.488
9180.000 0.493
9185.000 0.493
9190.000 0.497
9195.000 0.506
9200.000 0.509
9205.000 0.508
9210.000 0.511
9215.000 0.514
9220.000 0.511
9225.000 0.510
9230.000 0.511
9235.000 0.510
9240.000 0.514
9245.000 0.522
9250.000 0.526
9255.000 0.531
9260.000 0.542
9265.000 0.543
9270.000 0.550
9275.000 0.552
9280.000 0.559
9285.000 0.558
9290.000 0.555
9295.000 0.558
9300.000 0.559
9305.000 0.563
9310.000 0.566
9315.000 0.571
9320.000 0.577
9325.000 0.591
9330.000 0.595
9335.000 0.609
9340.000 0.618
9345.000 0.621
9350.000 0.625
9355.000 0.631
9360.000 0.640
9365.000 0.644
9370.000 0.653
9375.000 0.659
9380.000 0.675
9385.000 0.682
9390.000 0.701
9395.000 0.717
9400.000 0.745
9405.000 0.753
9410.000 0.776
9415.000 0.803
9420.000 0.833
9425.000 0.866
9430.000 0.909
9435.000 0.959
9440.000 1.006
9445.000 1.094
9450.000 1.177
9455.000 1.345
9460.000 1.554
9465.000 1.841
9470.000 2.140
9475.000 2.812
9480.000 3.708
9485.000 4.284
9490.000 2.268
9495.000 1.960
9500.000 0.436
9505.000 0.649
9510.000 0.365
9515.000 0.305
9520.000 0.199
9525.000 0.150
9530.000 0.140
9535.000 0.128
9540.000 0.137
9545.000 0.156
9550.000 0.174
9555.000 0.191
9560.000 0.215
9565.000 0.230
9570.000 0.242
9575.000 0.259
9580.000 0.263
9585.000 0.272
9590.000 0.280
9595.000 0.289
9600.000 0.297
9605.000 0.306
9610.000 0.316
9615.000 0.323
9620.000 0.334
9625.000 0.347
9630.000 0.354
9635.000 0.367
9640.000 0.375
9645.000 0.380
9650.000 0.382
9655.000 0.386
9660.000 0.385
9665.000 0.393
9670.000 0.401
9675.000 0.405
9680.000 0.411
9685.000 0.419
9690.000 0.430
9695.000 0.438
9700.000 0.456
9705.000 0.460
9710.000 0.472
9715.000 0.475
9720.000 0.484
9725.000 0.492
9730.000 0.502
9735.000 0.516
9740.000 0.524
9745.000 0.534
9750.000 0.551
9755.000 0.573
9760.000 0.596
9765.000 0.626
9770.000 0.660
9775.000 0.675
9780.000 0.721
9785.000 0.769
9790.000 0.816
9795.000 0.890
9800.000 0.973
9805.000 1.048
9810.000 1.141
9815.000 1.208
9820.000 1.206
9825.000 1.093
9830.000 1.020
9835.000 0.780
9840.000 0.596
9845.000 0.442
9850.000 0.322
9855.000 0.231
9860.000 0.133
9865.000 0.086
9870.000 0.131
9875.000 0.213
9880.000 0.264
9885.000 0.320
9890.000 0.350
9895.000 0.351
9900.000 0.348
9905.000 0.340
9910.000 0.338
9915.000 0.329
9920.000 0.332
9925.000 0.328
9930.000 0.324
9935.000 0.321
9940.000 0.319
9945.000 0.311
9950.000 0.313
9955.000 0.307
9960.000 0.302
9965.000 0.306
9970.000 0.300
9975.000 0.302
9980.000 0.303
9985.000 0.314
9990.000 0.314
9995.000 0.308
10000.000 0.321
10005.000 0.321
10010.000 0.315
10015.000 0.317
10020.000 0.315
10025.000 0.310
10030.000 0.306
10035.000 0.302
10040.000 0.300
10045.000 0.305
10050.000 0.303
10055.000 0.306
10060.000 0.306
10065.000 0.308
10070.000 0.310
10075.000 0.307
10080.000 0.307
10085.000 0.307
10090.000 0.304
10095.000 0.293
10100.000 0.288
10105.000 0.279
10110.000 0.274
10115.000 0.269
10120.000 0.257
10125.000 0.253
10130.000 0.242
10135.000 0.235
10140.000 0.226
10145.000 0.205
10150.000 0.172
10155.000 0.136
10160.000 0.066
10165.000 0.072
10170.000 0.358
10175.000 0.886
10180.000 1.282
10185.000 0.197
10190.000 1.234
10195.000 0.595
10200.000 0.672
10205.000 0.595
10210.000 0.531
10215.000 0.509
10220.000 0.498
10225.000 0.477
10230.000 0.467
10235.000 0.454
10240.000 0.449
10245.000 0.436
10250.000 0.427
10255.000 0.420
10260.000 0.420
10265.000 0.413
10270.000 0.408
10275.000 0.410
10280.000 0.407
10285.000 0.413
10290.000 0.408
10295.000 0.411
10300.000 0.408
10305.000 0.404
10310.000 0.397
10315.000 0.403
10320.000 0.397
10325.000 0.390
10330.000 0.382
10335.000 0.385
10340.000 0.383
10345.000 0.385
10350.000 0.385
10355.000 0.386
10360.000 0.388
10365.000 0.387
10370.000 0.388
10375.000 0.386
10380.000 0.386
10385.000 0.385
10390.000 0.374
10395.000 0.377
10400.000 0.372
10405.000 0.368
10410.000 0.367
10415.000 0.367
10420.000 0.367
10425.000 0.366
10430.000 0.372
10435.000 0.366
10440.000 0.373
10445.000 0.374
10450.000 0.373
10455.000 0.368
10460.000 0.364
10465.000 0.362
10470.000 0.356
10475.000 0.356
10480.000 0.350
10485.000 0.349
10490.000 0.351
10495.000 0.351
10500.000 0.352
10505.000 0.352
10510.000 0.354
10515.000 0.352
10520.000 0.352
10525.000 0.349
10530.000 0.347
10535.000 0.343
10540.000 0.340
10545.000 0.334
10550.000 0.334
10555.000 0.328
10560.000 0.329
10565.000 0.327
10570.000 0.330
10575.000 0.329
10580.000 0.327
10585.000 0.333
10590.000 0.331
10595.000 0.328
10600.000 0.323
10605.000 0.322
10610.000 0.316
10615.000 0.308
10620.000 0.305
10625.000 0.302
10630.000 0.298
10635.000 0.295
10640.000 0.295
10645.000 0.293
10650.000 0.295
10655.000 0.292
10660.000 0.292
10665.000 0.289
10670.000 0.285
10675.000 0.279
10680.000 0.275
10685.000 0.273
10690.000 0.261
10695.000 0.256
10700.000 0.254
10705.000 0.246
10710.000 0.241
10715.000 0.237
10720.000 0.232
10725.000 0.232
10730.000 0.227
10735.000 0.221
10740.000 0.216
10745.000 0.210
10750.000 0.204
10755.000 0.189
10760.000 0.182
10765.000 0.172
10770.000 0.160
10775.000 0.147
10780.000 0.140
10785.000 0.127
10790.000 0.126
10795.000 0.113
10800.000 0.115
10805.000 0.124
10810.000 0.135
10815.000 0.156
10820.000 0.201
10825.000 0.263
10830.000 0.331
10835.000 0.461
10840.000 0.599
10845.000 0.834
10850.000 1.098
10855.000 1.247
10860.000 1.108
10865.000 0.931
10870.000 0.691
10875.000 0.574
10880.000 0.862
10885.000 0.919
10890.000 0.548
10895.000 0.491
10900.000 0.389
10905.000 0.330
10910.000 0.263
10915.000 0.208
10920.000 0.169
10925.000 0.128
10930.000 0.117
10935.000 0.115
10940.000 0.158
10945.000 0.205
10950.000 0.305
10955.000 0.408
10960.000 0.524
10965.000 0.706
10970.000 0.866
10975.000 1.143
10980.000 1.429
10985.000 1.684
10990.000 1.874
10995.000 2.107
11000.000 2.192
11005.000 2.147
11010.000 2.035
11015.000 1.859
11020.000 1.715
11025.000 1.611
11030.000 1.488
11035.000 1.426
11040.000 1.341
11045.000 1.312
11050.000 1.277
11055.000 1.233
11060.000 1.180
11065.000 1.103
11070.000 1.005
11075.000 0.971
11080.000 0.943
11085.000 0.925
11090.000 0.915
11095.000 0.901
11100.000 0.894
11105.000 0.873
11110.000 0.867
11115.000 0.855
11120.000 0.839
11125.000 0.830
11130.000 0.815
11135.000 0.805
11140.000 0.796
11145.000 0.783
11150.000 0.773
11155.000 0.770
11160.000 0.760
11165.000 0.757
11170.000 0.756
11175.000 0.750
11180.000 0.745
11185.000 0.734
11190.000 0.732
11195.000 0.723
11200.000 0.716
11205.000 0.709
11210.000 0.703
11215.000 0.696
11220.000 0.692
11225.000 0.686
11230.000 0.691
11235.000 0.689
11240.000 0.684
11245.000 0.684
11250.000 0.678
11255.000 0.678
11260.000 0.673
11265.000 0.670
11270.000 0.663
11275.000 0.658
11280.000 0.659
11285.000 0.650
11290.000 0.648
11295.000 0.644
11300.000 0.643
11305.000 0.642
11310.000 0.645
11315.000 0.644
11320.000 0.642
11325.000 0.644
11330.000 0.639
11335.000 0.634
11340.000 0.632
11345.000 0.627
11350.000 0.624
11355.000 0.621
11360.000 0.617
11365.000 0.616
11370.000 0.612
11375.000 0.615
11380.000 0.613
11385.000 0.611
11390.000 0.616
11395.000 0.613
11400.000 0.611
11405.000 0.612
11410.000 0.610
11415.000 0.604
11420.000 0.600
11425.000 0.602
11430.000 0.591
11435.000 0.596
11440.000 0.594
11445.000 0.588
11450.000 0.588
11455.000 0.593
11460.000 0.593
11465.000 0.593
11470.000 0.591
11475.000 0.593
11480.000 0.588
11485.000 0.588
11490.000 0.586
11495.000 0.579
11500.000 0.577
11505.000 0.576
11510.000 0.576
11515.000 0.573
11520.000 0.572
11525.000 0.573
11530.000 0.572
11535.000 0.571
11540.000 0.573
11545.000 0.574
11550.000 0.570
11555.000 0.571
11560.000 0.564
11565.000 0.563
11570.000 0.559
11575.000 0.556
11580.000 0.556
11585.000 0.552
11590.000 0.554
11595.000 0.556
11600.000 0.553
11605.000 0.549
11610.000 0.551
11615.000 0.549
11620.000 0.549
11625.000 0.542
11630.000 0.542
11635.000 0.534
11640.000 0.533
11645.000 0.527
11650.000 0.522
11655.000 0.517
11660.000 0.514
11665.000 0.507
11670.000 0.501
11675.000 0.495
11680.000 0.486
11685.000 0.476
11690.000 0.460
11695.000 0.435
11700.000 0.412
11705.000 0.365
11710.000 0.324
11715.000 0.387
11720.000 0.494
11725.000 0.928
11730.000 1.627
11735.000 1.560
11740.000 1.047
11745.000 0.413
11750.000 0.679
11755.000 0.662
11760.000 0.667
11765.000 0.659
11770.000 0.654
11775.000 0.655
11780.000 0.642
11785.000 0.640
11790.000 0.635
11795.000 0.631
11800.000 0.628
11805.000 0.626
11810.000 0.624
11815.000 0.622
11820.000 0.622
11825.000 0.623
11830.000 0.625
11835.000 0.626
11840.000 0.624
11845.000 0.626
11850.000 0.620
11855.000 0.622
11860.000 0.617
11865.000 0.620
11870.000 0.619
11875.000 0.621
11880.000 0.616
11885.000 0.621
11890.000 0.619
11895.000 0.626
11900.000 0.628
11905.000 0.627
11910.000 0.632
11915.000 0.634
11920.000 0.636
11925.000 0.640
11930.000 0.636
11935.000 0.635
11940.000 0.639
11945.000 0.640
11950.000 0.647
11955.000 0.652
11960.000 0.657
11965.000 0.658
11970.000 0.663
11975.000 0.676
11980.000 0.679
11985.000 0.692
11990.000 0.700
11995.000 0.709
12000.000 0.719
