105.000 1.970
110.000 1.905
115.000 2.086
120.000 2.123
125.000 2.189
130.000 2.083
135.000 2.155
140.000 2.185
145.000 2.154
150.000 2.135
155.000 2.240
160.000 2.164
165.000 2.218
170.000 2.210
175.000 2.184
180.000 2.253
185.000 2.271
190.000 2.317
195.000 2.319
200.000 2.332
205.000 2.319
210.000 2.331
215.000 2.393
220.000 2.403
225.000 2.446
230.000 2.473
235.000 2.466
240.000 2.527
245.000 2.558
250.000 2.593
255.000 2.651
260.000 2.693
265.000 2.748
270.000 2.786
275.000 2.832
280.000 2.901
285.000 2.978
290.000 3.004
295.000 3.103
300.000 3.155
305.000 3.280
310.000 3.323
315.000 3.435
320.000 3.540
325.000 3.654
330.000 3.784
335.000 3.918
340.000 4.055
345.000 4.221
350.000 4.413
355.000 4.508
360.000 4.803
365.000 5.000
370.000 5.108
375.000 5.326
380.000 5.551
385.000 5.758
390.000 5.947
395.000 6.090
400.000 6.202
405.000 6.267
410.000 6.253
415.000 6.151
420.000 5.975
425.000 5.709
430.000 5.619
435.000 5.340
440.000 4.987
445.000 4.700
450.000 4.378
455.000 4.076
460.000 3.804
465.000 3.554
470.000 3.424
475.000 3.205
480.000 2.892
485.000 2.726
490.000 2.629
495.000 2.484
500.000 2.330
505.000 2.217
510.000 2.099
515.000 1.968
520.000 1.880
525.000 1.794
530.000 1.739
535.000 1.627
540.000 1.545
545.000 1.492
550.000 1.454
555.000 1.397
560.000 1.333
565.000 1.288
570.000 1.246
575.000 1.196
580.000 1.158
585.000 1.111
590.000 1.076
595.000 1.039
600.000 1.039
605.000 0.981
610.000 0.974
615.000 0.939
620.000 0.907
625.000 0.883
630.000 0.869
635.000 0.838
640.000 0.819
645.000 0.806
650.000 0.792
655.000 0.762
660.000 0.745
665.000 0.740
670.000 0.726
675.000 0.721
680.000 0.702
685.000 0.685
690.000 0.678
695.000 0.667
700.000 0.645
705.000 0.643
710.000 0.639
715.000 0.631
720.000 0.617
725.000 0.610
730.000 0.602
735.000 0.603
740.000 0.587
745.000 0.576
750.000 0.581
755.000 0.574
760.000 0.570
765.000 0.566
770.000 0.556
775.000 0.554
780.000 0.541
785.000 0.549
790.000 0.549
795.000 0.549
800.000 0.542
805.000 0.538
810.000 0.538
815.000 0.531
820.000 0.521
825.000 0.525
830.000 0.522
835.000 0.515
840.000 0.514
845.000 0.515
850.000 0.505
855.000 0.513
860.000 0.508
865.000 0.501
870.000 0.500
875.000 0.506
880.000 0.502
885.000 0.504
890.000 0.493
895.000 0.492
900.000 0.499
905.000 0.502
910.000 0.492
915.000 0.490
920.000 0.488
925.000 0.484
930.000 0.484
935.000 0.494
940.000 0.491
945.000 0.490
950.000 0.483
955.000 0.486
960.000 0.480
965.000 0.488
970.000 0.491
975.000 0.490
980.000 0.492
985.000 0.490
990.000 0.480
995.000 0.489
1000.000 0.477
1005.000 0.473
1010.000 0.483
1015.000 0.478
1020.000 0.483
1025.000 0.488
1030.000 0.490
1035.000 0.489
1040.000 0.493
1045.000 0.483
1050.000 0.481
1055.000 0.485
1060.000 0.482
1065.000 0.486
1070.000 0.488
1075.000 0.486
1080.000 0.487
1085.000 0.488
1090.000 0.481
1095.000 0.490
1100.000 0.488
1105.000 0.488
1110.000 0.486
1115.000 0.491
1120.000 0.487
1125.000 0.485
1130.000 0.491
1135.000 0.490
1140.000 0.488
1145.000 0.496
1150.000 0.490
1155.000 0.489
1160.000 0.492
1165.000 0.496
1170.000 0.498
1175.000 0.491
1180.000 0.499
1185.000 0.496
1190.000 0.495
1195.000 0.498
1200.000 0.501
1205.000 0.500
1210.000 0.503
1215.000 0.503
1220.000 0.501
1225.000 0.506
1230.000 0.509
1235.000 0.509
1240.000 0.505
1245.000 0.510
1250.000 0.507
1255.000 0.509
1260.000 0.515
1265.000 0.515
1270.000 0.519
1275.000 0.512
1280.000 0.521
1285.000 0.524
1290.000 0.522
1295.000 0.528
1300.000 0.527
1305.000 0.525
1310.000 0.530
1315.000 0.533
1320.000 0.530
1325.000 0.538
1330.000 0.538
1335.000 0.540
1340.000 0.539
1345.000 0.545
1350.000 0.544
1355.000 0.546
1360.000 0.549
1365.000 0.552
1370.000 0.553
1375.000 0.554
1380.000 0.556
1385.000 0.558
1390.000 0.556
1395.000 0.566
1400.000 0.564
1405.000 0.560
1410.000 0.565
1415.000 0.564
1420.000 0.563
1425.000 0.562
1430.000 0.567
1435.000 0.562
1440.000 0.564
1445.000 0.560
1450.000 0.552
1455.000 0.554
1460.000 0.554
1465.000 0.558
1470.000 0.560
1475.000 0.565
1480.000 0.575
1485.000 0.581
1490.000 0.591
1495.000 0.594
1500.000 0.608
1505.000 0.611
1510.000 0.622
1515.000 0.632
1520.000 0.637
1525.000 0.647
1530.000 0.658
1535.000 0.662
1540.000 0.674
1545.000 0.682
1550.000 0.693
1555.000 0.705
1560.000 0.714
1565.000 0.716
1570.000 0.724
1575.000 0.733
1580.000 0.745
1585.000 0.755
1590.000 0.769
1595.000 0.784
1600.000 0.790
1605.000 0.802
1610.000 0.816
1615.000 0.834
1620.000 0.845
1625.000 0.863
1630.000 0.867
1635.000 0.882
1640.000 0.896
1645.000 0.912
1650.000 0.926
1655.000 0.942
1660.000 0.965
1665.000 0.984
1670.000 1.000
1675.000 1.023
1680.000 1.044
1685.000 1.065
1690.000 1.090
1695.000 1.112
1700.000 1.136
1705.000 1.148
1710.000 1.173
1715.000 1.200
1720.000 1.226
1725.000 1.254
1730.000 1.278
1735.000 1.310
1740.000 1.345
1745.000 1.375
1750.000 1.388
1755.000 1.423
1760.000 1.472
1765.000 1.491
1770.000 1.523
1775.000 1.554
1780.000 1.593
1785.000 1.627
1790.000 1.659
1795.000 1.692
1800.000 1.728
1805.000 1.763
1810.000 1.796
1815.000 1.828
1820.000 1.840
1825.000 1.890
1830.000 1.900
1835.000 1.927
1840.000 1.947
1845.000 1.971
1850.000 1.995
1855.000 2.006
1860.000 2.025
1865.000 2.044
1870.000 2.050
1875.000 2.058
1880.000 2.060
1885.000 2.074
1890.000 2.077
1895.000 2.076
1900.000 2.081
1905.000 2.084
1910.000 2.082
1915.000 2.073
1920.000 2.068
1925.000 2.062
1930.000 2.052
1935.000 2.042
1940.000 2.029
1945.000 2.018
1950.000 2.013
1955.000 1.999
1960.000 2.002
1965.000 1.994
1970.000 1.974
1975.000 1.965
1980.000 1.960
1985.000 1.944
1990.000 1.936
1995.000 1.924
2000.000 1.913
2005.000 1.905
2010.000 1.906
2015.000 1.887
2020.000 1.887
2025.000 1.876
2030.000 1.871
2035.000 1.856
2040.000 1.855
2045.000 1.862
2050.000 1.858
2055.000 1.859
2060.000 1.843
2065.000 1.852
2070.000 1.851
2075.000 1.851
2080.000 1.857
2085.000 1.860
2090.000 1.867
2095.000 1.873
2100.000 1.887
2105.000 1.894
2110.000 1.909
2115.000 1.910
2120.000 1.928
2125.000 1.941
2130.000 1.962
2135.000 1.974
2140.000 2.000
2145.000 2.019
2150.000 2.041
2155.000 2.070
2160.000 2.095
2165.000 2.128
2170.000 2.162
2175.000 2.201
2180.000 2.223
2185.000 2.267
2190.000 2.321
2195.000 2.374
2200.000 2.436
2205.000 2.510
2210.000 2.592
2215.000 2.677
2220.000 2.774
2225.000 2.880
2230.000 3.015
2235.000 3.084
2240.000 3.243
2245.000 3.439
2250.000 3.667
2255.000 3.945
2260.000 4.281
2265.000 4.685
2270.000 5.245
2275.000 5.939
2280.000 6.964
2285.000 8.369
2290.000 10.413
2295.000 11.962
2300.000 16.083
2305.000 20.117
2310.000 18.224
2315.000 17.803
2320.000 9.789
2325.000 7.432
2330.000 5.646
2335.000 4.531
2340.000 3.769
2345.000 3.190
2350.000 2.749
2355.000 2.397
2360.000 2.236
2365.000 1.973
2370.000 1.762
2375.000 1.566
2380.000 1.405
2385.000 1.267
2390.000 1.143
2395.000 1.048
2400.000 0.955
2405.000 0.870
2410.000 0.792
2415.000 0.724
2420.000 0.690
2425.000 0.628
2430.000 0.577
2435.000 0.529
2440.000 0.484
2445.000 0.442
2450.000 0.400
2455.000 0.372
2460.000 0.342
2465.000 0.307
2470.000 0.278
2475.000 0.267
2480.000 0.240
2485.000 0.219
2490.000 0.191
2495.000 0.180
2500.000 0.165
2505.000 0.153
2510.000 0.135
2515.000 0.125
2520.000 0.118
2525.000 0.109
2530.000 0.104
2535.000 0.105
2540.000 0.105
2545.000 0.108
2550.000 0.109
2555.000 0.114
2560.000 0.113
2565.000 0.118
2570.000 0.131
2575.000 0.133
2580.000 0.141
2585.000 0.145
2590.000 0.155
2595.000 0.160
2600.000 0.167
2605.000 0.176
2610.000 0.183
2615.000 0.189
2620.000 0.194
2625.000 0.204
2630.000 0.208
2635.000 0.217
2640.000 0.224
2645.000 0.232
2650.000 0.243
2655.000 0.250
2660.000 0.251
2665.000 0.260
2670.000 0.266
2675.000 0.269
2680.000 0.280
2685.000 0.284
2690.000 0.291
2695.000 0.296
2700.000 0.305
2705.000 0.313
2710.000 0.322
2715.000 0.327
2720.000 0.332
2725.000 0.344
2730.000 0.350
2735.000 0.356
2740.000 0.363
2745.000 0.369
2750.000 0.376
2755.000 0.384
2760.000 0.390
2765.000 0.403
2770.000 0.413
2775.000 0.422
2780.000 0.427
2785.000 0.432
2790.000 0.442
2795.000 0.454
2800.000 0.460
2805.000 0.466
2810.000 0.480
2815.000 0.483
2820.000 0.493
2825.000 0.507
2830.000 0.517
2835.000 0.524
2840.000 0.537
2845.000 0.546
2850.000 0.555
2855.000 0.564
2860.000 0.568
2865.000 0.577
2870.000 0.582
2875.000 0.594
2880.000 0.602
2885.000 0.611
2890.000 0.618
2895.000 0.629
2900.000 0.633
2905.000 0.645
2910.000 0.650
2915.000 0.657
2920.000 0.667
2925.000 0.675
2930.000 0.680
2935.000 0.685
2940.000 0.695
2945.000 0.697
2950.000 0.707
2955.000 0.704
2960.000 0.709
2965.000 0.726
2970.000 0.734
2975.000 0.737
2980.000 0.723
2985.000 0.738
2990.000 0.740
2995.000 0.752
3000.000 0.741
3005.000 0.745
3010.000 0.752
3015.000 0.762
3020.000 0.767
3025.000 0.760
3030.000 0.767
3035.000 0.764
3040.000 0.772
3045.000 0.777
3050.000 0.773
3055.000 0.776
3060.000 0.781
3065.000 0.780
3070.000 0.783
3075.000 0.788
3080.000 0.784
3085.000 0.786
3090.000 0.791
3095.000 0.791
3100.000 0.792
3105.000 0.793
3110.000 0.794
3115.000 0.796
3120.000 0.796
3125.000 0.798
3130.000 0.801
3135.000 0.805
3140.000 0.803
3145.000 0.805
3150.000 0.807
3155.000 0.809
3160.000 0.811
3165.000 0.815
3170.000 0.818
3175.000 0.818
3180.000 0.815
3185.000 0.821
3190.000 0.820
3195.000 0.820
3200.000 0.829
3205.000 0.829
3210.000 0.830
3215.000 0.829
3220.000 0.836
3225.000 0.833
3230.000 0.841
3235.000 0.839
3240.000 0.847
3245.000 0.845
3250.000 0.849
3255.000 0.855
3260.000 0.856
3265.000 0.856
3270.000 0.867
3275.000 0.867
3280.000 0.874
3285.000 0.878
3290.000 0.876
3295.000 0.880
3300.000 0.885
3305.000 0.890
3310.000 0.897
3315.000 0.895
3320.000 0.905
3325.000 0.909
3330.000 0.914
3335.000 0.921
3340.000 0.930
3345.000 0.934
3350.000 0.935
3355.000 0.949
3360.000 0.950
3365.000 0.959
3370.000 0.965
3375.000 0.973
3380.000 0.981
3385.000 0.988
3390.000 0.996
3395.000 1.006
3400.000 1.017
3405.000 1.026
3410.000 1.032
3415.000 1.045
3420.000 1.057
3425.000 1.069
3430.000 1.082
3435.000 1.095
3440.000 1.107
3445.000 1.121
3450.000 1.137
3455.000 1.151
3460.000 1.162
3465.000 1.186
3470.000 1.196
3475.000 1.216
3480.000 1.235
3485.000 1.255
3490.000 1.281
3495.000 1.304
3500.000 1.325
3505.000 1.355
3510.000 1.385
3515.000 1.412
3520.000 1.440
3525.000 1.475
3530.000 1.494
3535.000 1.534
3540.000 1.573
3545.000 1.614
3550.000 1.661
3555.000 1.712
3560.000 1.761
3565.000 1.826
3570.000 1.891
3575.000 1.962
3580.000 2.038
3585.000 2.113
3590.000 2.164
3595.000 2.258
3600.000 2.357
3605.000 2.480
3610.000 2.607
3615.000 2.761
3620.000 2.930
3625.000 3.118
3630.000 3.350
3635.000 3.588
3640.000 3.909
3645.000 4.279
3650.000 4.692
3655.000 4.992
3660.000 5.596
3665.000 6.380
3670.000 7.496
3675.000 8.868
3680.000 10.991
3685.000 13.987
3690.000 18.497
3695.000 26.775
3700.000 31.793
3705.000 29.290
3710.000 15.064
3715.000 13.186
3720.000 9.966
3725.000 8.112
3730.000 6.855
3735.000 5.855
3740.000 5.194
3745.000 4.591
3750.000 4.138
3755.000 3.969
3760.000 3.460
3765.000 3.206
3770.000 3.095
3775.000 2.873
3780.000 2.703
3785.000 2.531
3790.000 2.391
3795.000 2.270
3800.000 2.150
3805.000 2.053
3810.000 1.956
3815.000 1.877
3820.000 1.806
3825.000 1.767
3830.000 1.669
3835.000 1.615
3840.000 1.583
3845.000 1.531
3850.000 1.487
3855.000 1.442
3860.000 1.403
3865.000 1.359
3870.000 1.326
3875.000 1.289
3880.000 1.273
3885.000 1.226
3890.000 1.210
3895.000 1.172
3900.000 1.158
3905.000 1.135
3910.000 1.113
3915.000 1.092
3920.000 1.071
3925.000 1.050
3930.000 1.031
3935.000 1.024
3940.000 0.999
3945.000 0.991
3950.000 0.968
3955.000 0.955
3960.000 0.944
3965.000 0.928
3970.000 0.916
3975.000 0.904
3980.000 0.889
3985.000 0.880
3990.000 0.868
3995.000 0.860
4000.000 0.852
4005.000 0.845
4010.000 0.833
4015.000 0.830
4020.000 0.815
4025.000 0.810
4030.000 0.808
4035.000 0.800
4040.000 0.793
4045.000 0.776
4050.000 0.775
4055.000 0.770
4060.000 0.770
4065.000 0.754
4070.000 0.754
4075.000 0.746
4080.000 0.745
4085.000 0.738
4090.000 0.733
4095.000 0.719
4100.000 0.714
4105.000 0.711
4110.000 0.705
4115.000 0.699
4120.000 0.690
4125.000 0.688
4130.000 0.685
4135.000 0.681
4140.000 0.677
4145.000 0.666
4150.000 0.663
4155.000 0.663
4160.000 0.654
4165.000 0.647
4170.000 0.642
4175.000 0.634
4180.000 0.626
4185.000 0.624
4190.000 0.620
4195.000 0.615
4200.000 0.615
4205.000 0.611
4210.000 0.606
4215.000 0.605
4220.000 0.598
4225.000 0.600
4230.000 0.595
4235.000 0.593
4240.000 0.592
4245.000 0.591
4250.000 0.591
4255.000 0.594
4260.000 0.591
4265.000 0.596
4270.000 0.600
4275.000 0.598
4280.000 0.606
4285.000 0.603
4290.000 0.610
4295.000 0.607
4300.000 0.611
4305.000 0.611
4310.000 0.610
4315.000 0.609
4320.000 0.609
4325.000 0.607
4330.000 0.609
4335.000 0.610
4340.000 0.610
4345.000 0.611
4350.000 0.612
4355.000 0.612
4360.000 0.613
4365.000 0.613
4370.000 0.615
4375.000 0.616
4380.000 0.612
4385.000 0.610
4390.000 0.607
4395.000 0.606
4400.000 0.607
4405.000 0.606
4410.000 0.607
4415.000 0.605
4420.000 0.609
4425.000 0.607
4430.000 0.606
4435.000 0.610
4440.000 0.614
4445.000 0.612
4450.000 0.610
4455.000 0.606
4460.000 0.608
4465.000 0.607
4470.000 0.608
4475.000 0.605
4480.000 0.605
4485.000 0.606
4490.000 0.604
4495.000 0.606
4500.000 0.608
4505.000 0.608
4510.000 0.607
4515.000 0.613
4520.000 0.609
4525.000 0.608
4530.000 0.611
4535.000 0.608
4540.000 0.607
4545.000 0.610
4550.000 0.606
4555.000 0.609
4560.000 0.608
4565.000 0.611
4570.000 0.609
4575.000 0.611
4580.000 0.615
4585.000 0.612
4590.000 0.616
4595.000 0.613
4600.000 0.616
4605.000 0.615
4610.000 0.615
4615.000 0.615
4620.000 0.615
4625.000 0.616
4630.000 0.617
4635.000 0.619
4640.000 0.621
4645.000 0.624
4650.000 0.622
4655.000 0.627
4660.000 0.629
4665.000 0.629
4670.000 0.631
4675.000 0.631
4680.000 0.632
4685.000 0.632
4690.000 0.636
4695.000 0.634
4700.000 0.635
4705.000 0.638
4710.000 0.640
4715.000 0.643
4720.000 0.648
4725.000 0.651
4730.000 0.650
4735.000 0.657
4740.000 0.661
4745.000 0.661
4750.000 0.663
4755.000 0.666
4760.000 0.666
4765.000 0.671
4770.000 0.673
4775.000 0.679
4780.000 0.683
4785.000 0.692
4790.000 0.693
4795.000 0.700
4800.000 0.707
4805.000 0.708
4810.000 0.715
4815.000 0.722
4820.000 0.727
4825.000 0.735
4830.000 0.739
4835.000 0.748
4840.000 0.755
4845.000 0.765
4850.000 0.775
4855.000 0.787
4860.000 0.798
4865.000 0.815
4870.000 0.828
4875.000 0.837
4880.000 0.854
4885.000 0.867
4890.000 0.887
4895.000 0.909
4900.000 0.923
4905.000 0.952
4910.000 0.980
4915.000 1.009
4920.000 1.041
4925.000 1.073
4930.000 1.091
4935.000 1.124
4940.000 1.150
4945.000 1.174
4950.000 1.129
4955.000 1.015
4960.000 1.139
4965.000 3.468
4970.000 8.883
4975.000 8.034
4980.000 4.020
4985.000 6.263
4990.000 9.438
4995.000 8.335
5000.000 5.046
5005.000 3.375
5010.000 2.576
5015.000 2.037
5020.000 1.707
5025.000 1.424
5030.000 1.244
5035.000 1.110
5040.000 0.990
5045.000 0.938
5050.000 0.861
5055.000 0.794
5060.000 0.739
5065.000 0.689
5070.000 0.649
5075.000 0.615
5080.000 0.589
5085.000 0.565
5090.000 0.548
5095.000 0.539
5100.000 0.530
5105.000 0.509
5110.000 0.507
5115.000 0.501
5120.000 0.495
5125.000 0.491
5130.000 0.483
5135.000 0.482
5140.000 0.473
5145.000 0.469
5150.000 0.468
5155.000 0.465
5160.000 0.458
5165.000 0.459
5170.000 0.459
5175.000 0.456
5180.000 0.459
5185.000 0.456
5190.000 0.460
5195.000 0.456
5200.000 0.453
5205.000 0.452
5210.000 0.452
5215.000 0.451
5220.000 0.451
5225.000 0.452
5230.000 0.449
5235.000 0.454
5240.000 0.453
5245.000 0.460
5250.000 0.457
5255.000 0.461
5260.000 0.463
5265.000 0.465
5270.000 0.462
5275.000 0.461
5280.000 0.468
5285.000 0.465
5290.000 0.467
5295.000 0.466
5300.000 0.466
5305.000 0.470
5310.000 0.474
5315.000 0.473
5320.000 0.485
5325.000 0.483
5330.000 0.486
5335.000 0.484
5340.000 0.485
5345.000 0.487
5350.000 0.484
5355.000 0.488
5360.000 0.490
5365.000 0.487
5370.000 0.490
5375.000 0.491
5380.000 0.497
5385.000 0.499
5390.000 0.501
5395.000 0.505
5400.000 0.507
5405.000 0.506
5410.000 0.509
5415.000 0.505
5420.000 0.509
5425.000 0.506
5430.000 0.506
5435.000 0.507
5440.000 0.507
5445.000 0.512
5450.000 0.514
5455.000 0.513
5460.000 0.516
5465.000 0.520
5470.000 0.518
5475.000 0.520
5480.000 0.521
5485.000 0.524
5490.000 0.520
5495.000 0.521
5500.000 0.521
5505.000 0.517
5510.000 0.518
5515.000 0.524
5520.000 0.522
5525.000 0.524
5530.000 0.525
5535.000 0.525
5540.000 0.529
5545.000 0.528
5550.000 0.531
5555.000 0.530
5560.000 0.529
5565.000 0.529
5570.000 0.522
5575.000 0.519
5580.000 0.522
5585.000 0.521
5590.000 0.520
5595.000 0.521
5600.000 0.522
5605.000 0.521
5610.000 0.525
5615.000 0.527
5620.000 0.527
5625.000 0.526
5630.000 0.528
5635.000 0.527
5640.000 0.527
5645.000 0.527
5650.000 0.521
5655.000 0.528
5660.000 0.524
5665.000 0.524
5670.000 0.526
5675.000 0.527
5680.000 0.529
5685.000 0.531
5690.000 0.533
5695.000 0.534
5700.000 0.535
5705.000 0.536
5710.000 0.534
5715.000 0.529
5720.000 0.530
5725.000 0.530
5730.000 0.528
5735.000 0.530
5740.000 0.529
5745.000 0.527
5750.000 0.532
5755.000 0.535
5760.000 0.536
5765.000 0.538
5770.000 0.538
5775.000 0.538
5780.000 0.535
5785.000 0.536
5790.000 0.530
5795.000 0.532
5800.000 0.531
5805.000 0.529
5810.000 0.530
5815.000 0.532
5820.000 0.532
5825.000 0.534
5830.000 0.540
5835.000 0.538
5840.000 0.538
5845.000 0.539
5850.000 0.538
5855.000 0.538
5860.000 0.538
5865.000 0.538
5870.000 0.535
5875.000 0.535
5880.000 0.539
5885.000 0.534
5890.000 0.535
5895.000 0.541
5900.000 0.544
5905.000 0.542
5910.000 0.545
5915.000 0.550
5920.000 0.547
5925.000 0.546
5930.000 0.544
5935.000 0.549
5940.000 0.548
5945.000 0.551
5950.000 0.543
5955.000 0.548
5960.000 0.553
5965.000 0.548
5970.000 0.558
5975.000 0.561
5980.000 0.556
5985.000 0.574
5990.000 0.572
5995.000 0.565
6000.000 0.575
6005.000 0.573
6010.000 0.573
6015.000 0.561
6020.000 0.571
6025.000 0.565
6030.000 0.567
6035.000 0.566
6040.000 0.573
6045.000 0.582
6050.000 0.577
6055.000 0.581
6060.000 0.592
6065.000 0.588
6070.000 0.590
6075.000 0.592
6080.000 0.591
6085.000 0.592
6090.000 0.593
6095.000 0.593
6100.000 0.598
6105.000 0.603
6110.000 0.606
6115.000 0.617
6120.000 0.617
6125.000 0.632
6130.000 0.639
6135.000 0.647
6140.000 0.655
6145.000 0.659
6150.000 0.674
6155.000 0.682
6160.000 0.702
6165.000 0.727
6170.000 0.770
6175.000 0.820
6180.000 0.881
6185.000 0.984
6190.000 1.101
6195.000 1.302
6200.000 1.580
6205.000 1.713
6210.000 2.295
6215.000 3.108
6220.000 4.234
6225.000 6.125
6230.000 7.554
6235.000 7.118
6240.000 5.093
6245.000 3.302
6250.000 2.251
6255.000 2.193
6260.000 2.082
6265.000 1.993
6270.000 1.904
6275.000 1.784
6280.000 1.658
6285.000 1.534
6290.000 1.385
6295.000 1.268
6300.000 1.132
6305.000 1.034
6310.000 0.942
6315.000 0.866
6320.000 0.839
6325.000 0.759
6330.000 0.739
6335.000 0.707
6340.000 0.674
6345.000 0.649
6350.000 0.628
6355.000 0.605
6360.000 0.593
6365.000 0.576
6370.000 0.563
6375.000 0.556
6380.000 0.544
6385.000 0.527
6390.000 0.523
6395.000 0.518
6400.000 0.514
6405.000 0.511
6410.000 0.504
6415.000 0.504
6420.000 0.501
6425.000 0.500
6430.000 0.494
6435.000 0.489
6440.000 0.485
6445.000 0.485
6450.000 0.483
6455.000 0.480
6460.000 0.474
6465.000 0.477
6470.000 0.480
6475.000 0.482
6480.000 0.491
6485.000 0.497
6490.000 0.508
6495.000 0.522
6500.000 0.543
6505.000 0.568
6510.000 0.606
6515.000 0.626
6520.000 0.688
6525.000 0.769
6530.000 0.888
6535.000 1.076
6540.000 1.339
6545.000 1.745
6550.000 2.516
6555.000 3.808
6560.000 6.860
6565.000 11.088
6570.000 8.636
6575.000 1.992
6580.000 3.330
6585.000 1.818
6590.000 2.018
6595.000 1.636
6600.000 1.456
6605.000 1.322
6610.000 1.223
6615.000 1.153
6620.000 1.101
6625.000 1.048
6630.000 1.013
6635.000 0.996
6640.000 0.964
6645.000 0.940
6650.000 0.918
6655.000 0.895
6660.000 0.881
6665.000 0.862
6670.000 0.849
6675.000 0.834
6680.000 0.819
6685.000 0.807
6690.000 0.798
6695.000 0.793
6700.000 0.788
6705.000 0.780
6710.000 0.776
6715.000 0.774
6720.000 0.766
6725.000 0.763
6730.000 0.757
6735.000 0.754
6740.000 0.750
6745.000 0.742
6750.000 0.735
6755.000 0.731
6760.000 0.729
6765.000 0.728
6770.000 0.724
6775.000 0.721
6780.000 0.722
6785.000 0.719
6790.000 0.728
6795.000 0.722
6800.000 0.722
6805.000 0.713
6810.000 0.710
6815.000 0.710
6820.000 0.705
6825.000 0.704
6830.000 0.701
6835.000 0.702
6840.000 0.701
6845.000 0.701
6850.000 0.699
6855.000 0.701
6860.000 0.703
6865.000 0.707
6870.000 0.706
6875.000 0.705
6880.000 0.701
6885.000 0.702
6890.000 0.697
6895.000 0.694
6900.000 0.694
6905.000 0.695
6910.000 0.695
6915.000 0.696
6920.000 0.694
6925.000 0.696
6930.000 0.699
6935.000 0.703
6940.000 0.704
6945.000 0.705
6950.000 0.712
6955.000 0.710
6960.000 0.707
6965.000 0.699
6970.000 0.706
6975.000 0.710
6980.000 0.694
6985.000 0.711
6990.000 0.707
6995.000 0.706
7000.000 0.705
7005.000 0.716
7010.000 0.708
7015.000 0.729
7020.000 0.727
7025.000 0.729
7030.000 0.721
7035.000 0.726
7040.000 0.715
7045.000 0.726
7050.000 0.718
7055.000 0.726
7060.000 0.725
7065.000 0.738
7070.000 0.736
7075.000 0.740
7080.000 0.744
7085.000 0.745
7090.000 0.754
7095.000 0.751
7100.000 0.757
7105.000 0.761
7110.000 0.764
7115.000 0.759
7120.000 0.763
7125.000 0.763
7130.000 0.768
7135.000 0.770
7140.000 0.779
7145.000 0.784
7150.000 0.788
7155.000 0.799
7160.000 0.804
7165.000 0.808
7170.000 0.814
7175.000 0.819
7180.000 0.821
7185.000 0.825
7190.000 0.831
7195.000 0.834
7200.000 0.840
7205.000 0.851
7210.000 0.856
7215.000 0.867
7220.000 0.880
7225.000 0.887
7230.000 0.900
7235.000 0.915
7240.000 0.923
7245.000 0.925
7250.000 0.940
7255.000 0.955
7260.000 0.961
7265.000 0.974
7270.000 0.986
7275.000 1.005
7280.000 1.020
7285.000 1.049
7290.000 1.066
7295.000 1.075
7300.000 1.117
7305.000 1.129
7310.000 1.154
7315.000 1.189
7320.000 1.214
7325.000 1.250
7330.000 1.285
7335.000 1.325
7340.000 1.373
7345.000 1.418
7350.000 1.443
7355.000 1.543
7360.000 1.613
7365.000 1.666
7370.000 1.758
7375.000 1.855
7380.000 2.003
7385.000 2.130
7390.000 2.324
7395.000 2.547
7400.000 2.780
7405.000 2.970
7410.000 3.359
7415.000 4.197
7420.000 4.973
7425.000 5.443
7430.000 6.654
7435.000 8.207
7440.000 9.446
7445.000 9.682
7450.000 8.150
7455.000 6.061
7460.000 4.032
7465.000 2.465
7470.000 1.665
7475.000 1.207
7480.000 1.300
7485.000 1.318
7490.000 1.254
7495.000 1.161
7500.000 1.068
7505.000 1.004
7510.000 0.928
7515.000 0.872
7520.000 0.811
7525.000 0.760
7530.000 0.745
7535.000 0.674
7540.000 0.646
7545.000 0.625
7550.000 0.595
7555.000 0.573
7560.000 0.545
7565.000 0.525
7570.000 0.514
7575.000 0.494
7580.000 0.483
7585.000 0.471
7590.000 0.466
7595.000 0.446
7600.000 0.442
7605.000 0.433
7610.000 0.425
7615.000 0.419
7620.000 0.413
7625.000 0.402
7630.000 0.398
7635.000 0.394
7640.000 0.391
7645.000 0.390
7650.000 0.391
7655.000 0.389
7660.000 0.390
7665.000 0.390
7670.000 0.393
7675.000 0.392
7680.000 0.389
7685.000 0.388
7690.000 0.383
7695.000 0.384
7700.000 0.377
7705.000 0.376
7710.000 0.377
7715.000 0.378
7720.000 0.379
7725.000 0.382
7730.000 0.391
7735.000 0.388
7740.000 0.393
7745.000 0.397
7750.000 0.395
7755.000 0.400
7760.000 0.398
7765.000 0.394
7770.000 0.396
7775.000 0.394
7780.000 0.387
7785.000 0.392
7790.000 0.396
7795.000 0.400
7800.000 0.403
7805.000 0.412
7810.000 0.416
7815.000 0.416
7820.000 0.419
7825.000 0.423
7830.000 0.421
7835.000 0.421
7840.000 0.420
7845.000 0.423
7850.000 0.424
7855.000 0.428
7860.000 0.426
7865.000 0.432
7870.000 0.439
7875.000 0.443
7880.000 0.451
7885.000 0.455
7890.000 0.465
7895.000 0.467
7900.000 0.474
7905.000 0.481
7910.000 0.477
7915.000 0.484
7920.000 0.490
7925.000 0.492
7930.000 0.500
7935.000 0.514
7940.000 0.519
7945.000 0.534
7950.000 0.546
7955.000 0.563
7960.000 0.579
7965.000 0.597
7970.000 0.616
7975.000 0.640
7980.000 0.667
7985.000 0.688
7990.000 0.726
7995.000 0.766
8000.000 0.805
8005.000 0.872
8010.000 0.949
8015.000 1.064
8020.000 1.139
8025.000 1.428
8030.000 1.560
8035.000 1.931
8040.000 2.576
8045.000 3.758
8050.000 5.416
8055.000 6.092
8060.000 3.017
8065.000 3.634
8070.000 1.440
8075.000 1.266
8080.000 1.281
8085.000 0.887
8090.000 0.843
8095.000 0.726
8100.000 0.661
8105.000 0.591
8110.000 0.543
8115.000 0.504
8120.000 0.467
8125.000 0.444
8130.000 0.417
8135.000 0.399
8140.000 0.398
8145.000 0.373
8150.000 0.370
8155.000 0.364
8160.000 0.353
8165.000 0.347
8170.000 0.343
8175.000 0.339
8180.000 0.332
8185.000 0.328
8190.000 0.323
8195.000 0.316
8200.000 0.314
8205.000 0.306
8210.000 0.306
8215.000 0.303
8220.000 0.300
8225.000 0.298
8230.000 0.297
8235.000 0.299
8240.000 0.297
8245.000 0.298
8250.000 0.298
8255.000 0.298
8260.000 0.294
8265.000 0.292
8270.000 0.288
8275.000 0.286
8280.000 0.280
8285.000 0.282
8290.000 0.277
8295.000 0.278
8300.000 0.280
8305.000 0.277
8310.000 0.282
8315.000 0.281
8320.000 0.280
8325.000 0.282
8330.000 0.281
8335.000 0.274
8340.000 0.277
8345.000 0.274
8350.000 0.270
8355.000 0.272
8360.000 0.269
8365.000 0.268
8370.000 0.269
8375.000 0.272
8380.000 0.278
8385.000 0.278
8390.000 0.280
8395.000 0.280
8400.000 0.280
8405.000 0.283
8410.000 0.282
8415.000 0.279
8420.000 0.281
8425.000 0.281
8430.000 0.285
8435.000 0.288
8440.000 0.290
8445.000 0.301
8450.000 0.303
8455.000 0.310
8460.000 0.315
8465.000 0.321
8470.000 0.323
8475.000 0.331
8480.000 0.332
8485.000 0.332
8490.000 0.331
8495.000 0.334
8500.000 0.329
8505.000 0.324
8510.000 0.316
8515.000 0.289
8520.000 0.281
8525.000 0.363
8530.000 0.757
8535.000 2.002
8540.000 3.744
8545.000 2.397
8550.000 2.055
8555.000 1.705
8560.000 1.537
8565.000 1.580
8570.000 1.728
8575.000 1.795
8580.000 1.931
8585.000 2.131
8590.000 2.354
8595.000 2.599
8600.000 2.996
8605.000 3.420
8610.000 4.028
8615.000 4.812
8620.000 5.237
8625.000 6.265
8630.000 7.465
8635.000 8.367
8640.000 8.792
8645.000 8.232
8650.000 7.189
8655.000 6.128
8660.000 5.366
8665.000 4.483
8670.000 3.771
8675.000 3.013
8680.000 2.746
8685.000 2.283
8690.000 1.866
8695.000 1.744
8700.000 1.710
8705.000 1.672
8710.000 1.646
8715.000 1.594
8720.000 1.549
8725.000 1.511
8730.000 1.465
8735.000 1.431
8740.000 1.385
8745.000 1.371
8750.000 1.343
8755.000 1.311
8760.000 1.285
8765.000 1.271
8770.000 1.239
8775.000 1.218
8780.000 1.194
8785.000 1.174
8790.000 1.153
8795.000 1.131
8800.000 1.116
8805.000 1.103
8810.000 1.093
8815.000 1.055
8820.000 1.035
8825.000 1.022
8830.000 1.049
8835.000 1.017
8840.000 1.013
8845.000 1.005
8850.000 0.992
8855.000 0.984
8860.000 0.973
8865.000 0.966
8870.000 0.943
8875.000 0.942
8880.000 0.933
8885.000 0.917
8890.000 0.914
8895.000 0.907
8900.000 0.898
8905.000 0.896
8910.000 0.894
8915.000 0.889
8920.000 0.887
8925.000 0.879
8930.000 0.874
8935.000 0.865
8940.000 0.859
8945.000 0.852
8950.000 0.844
8955.000 0.837
8960.000 0.827
8965.000 0.832
8970.000 0.826
8975.000 0.822
8980.000 0.822
8985.000 0.825
8990.000 0.819
8995.000 0.820
9000.000 0.814
9005.000 0.812
9010.000 0.809
9015.000 0.791
9020.000 0.795
9025.000 0.783
9030.000 0.786
9035.000 0.776
9040.000 0.777
9045.000 0.776
9050.000 0.781
9055.000 0.778
9060.000 0.773
9065.000 0.779
9070.000 0.776
9075.000 0.774
9080.000 0.769
9085.000 0.762
9090.000 0.758
9095.000 0.749
9100.000 0.750
9105.000 0.746
9110.000 0.743
9115.000 0.745
9120.000 0.743
9125.000 0.745
9130.000 0.746
9135.000 0.747
9140.000 0.751
9145.000 0.748
9150.000 0.747
9155.000 0.739
9160.000 0.739
9165.000 0.734
9170.000 0.730
9175.000 0.724
9180.000 0.723
9185.000 0.721
9190.000 0.721
9195.000 0.725
9200.000 0.724
9205.000 0.729
9210.000 0.730
9215.000 0.731
9220.000 0.726
9225.000 0.726
9230.000 0.722
9235.000 0.716
9240.000 0.717
9245.000 0.711
9250.000 0.710
9255.000 0.706
9260.000 0.706
9265.000 0.707
9270.000 0.706
9275.000 0.709
9280.000 0.711
9285.000 0.711
9290.000 0.712
9295.000 0.709
9300.000 0.707
9305.000 0.704
9310.000 0.697
9315.000 0.694
9320.000 0.690
9325.000 0.686
9330.000 0.684
9335.000 0.684
9340.000 0.688
9345.000 0.685
9350.000 0.687
9355.000 0.686
9360.000 0.684
9365.000 0.679
9370.000 0.676
9375.000 0.665
9380.000 0.664
9385.000 0.657
9390.000 0.645
9395.000 0.636
9400.000 0.631
9405.000 0.617
9410.000 0.611
9415.000 0.598
9420.000 0.583
9425.000 0.577
9430.000 0.555
9435.000 0.525
9440.000 0.484
9445.000 0.432
9450.000 0.376
9455.000 0.259
9460.000 0.159
9465.000 0.346
9470.000 0.924
9475.000 1.294
9480.000 1.711
9485.000 1.834
9490.000 1.517
9495.000 1.587
9500.000 1.372
9505.000 1.322
9510.000 1.221
9515.000 1.190
9520.000 1.151
9525.000 1.124
9530.000 1.097
9535.000 1.087
9540.000 1.074
9545.000 1.063
9550.000 1.055
9555.000 1.054
9560.000 1.051
9565.000 1.053
9570.000 1.059
9575.000 1.063
9580.000 1.064
9585.000 1.070
9590.000 1.072
9595.000 1.073
9600.000 1.076
9605.000 1.076
9610.000 1.081
9615.000 1.090
9620.000 1.097
9625.000 1.106
9630.000 1.118
9635.000 1.135
9640.000 1.149
9645.000 1.168
9650.000 1.185
9655.000 1.202
9660.000 1.206
9665.000 1.237
9670.000 1.244
9675.000 1.265
9680.000 1.286
9685.000 1.308
9690.000 1.339
9695.000 1.364
9700.000 1.406
9705.000 1.441
9710.000 1.485
9715.000 1.541
9720.000 1.588
9725.000 1.613
9730.000 1.682
9735.000 1.742
9740.000 1.826
9745.000 1.915
9750.000 1.997
9755.000 2.128
9760.000 2.248
9765.000 2.431
9770.000 2.628
9775.000 2.832
9780.000 3.163
9785.000 3.462
9790.000 3.669
9795.000 4.206
9800.000 4.708
9805.000 5.266
9810.000 5.677
9815.000 5.677
9820.000 5.109
9825.000 4.376
9830.000 3.500
9835.000 2.864
9840.000 2.681
9845.000 1.967
9850.000 1.692
9855.000 1.516
9860.000 1.264
9865.000 1.096
9870.000 0.969
9875.000 0.956
9880.000 0.892
9885.000 0.804
9890.000 0.748
9895.000 0.683
9900.000 0.655
9905.000 0.611
9910.000 0.524
9915.000 0.490
9920.000 0.464
9925.000 0.421
9930.000 0.389
9935.000 0.344
9940.000 0.315
9945.000 0.286
9950.000 0.261
9955.000 0.240
9960.000 0.225
9965.000 0.195
9970.000 0.186
9975.000 0.168
9980.000 0.163
9985.000 0.160
9990.000 0.145
9995.000 0.134
10000.000 0.127
10005.000 0.116
10010.000 0.110
10015.000 0.097
10020.000 0.091
10025.000 0.087
10030.000 0.083
10035.000 0.078
10040.000 0.078
10045.000 0.074
10050.000 0.079
10055.000 0.077
10060.000 0.075
10065.000 0.078
10070.000 0.083
10075.000 0.076
10080.000 0.081
10085.000 0.075
10090.000 0.074
10095.000 0.068
10100.000 0.063
10105.000 0.061
10110.000 0.052
10115.000 0.061
10120.000 0.073
10125.000 0.098
10130.000 0.129
10135.000 0.164
10140.000 0.244
10145.000 0.336
10150.000 0.394
10155.000 0.780
10160.000 1.001
10165.000 1.644
10170.000 2.806
10175.000 2.473
10180.000 1.137
10185.000 0.952
10190.000 0.867
10195.000 0.686
10200.000 0.609
10205.000 0.559
10210.000 0.538
10215.000 0.501
10220.000 0.477
10225.000 0.466
10230.000 0.456
10235.000 0.444
10240.000 0.438
10245.000 0.423
10250.000 0.417
10255.000 0.402
10260.000 0.394
10265.000 0.389
10270.000 0.382
10275.000 0.378
10280.000 0.376
10285.000 0.372
10290.000 0.372
10295.000 0.371
10300.000 0.371
10305.000 0.373
10310.000 0.374
10315.000 0.372
10320.000 0.367
10325.000 0.365
10330.000 0.359
10335.000 0.357
10340.000 0.355
10345.000 0.349
10350.000 0.346
10355.000 0.344
10360.000 0.348
10365.000 0.349
10370.000 0.347
10375.000 0.351
10380.000 0.352
10385.000 0.355
10390.000 0.354
10395.000 0.350
10400.000 0.347
10405.000 0.346
10410.000 0.341
10415.000 0.339
10420.000 0.335
10425.000 0.334
10430.000 0.337
10435.000 0.332
10440.000 0.336
10445.000 0.334
10450.000 0.340
10455.000 0.338
10460.000 0.341
10465.000 0.338
10470.000 0.339
10475.000 0.334
10480.000 0.330
10485.000 0.326
10490.000 0.324
10495.000 0.322
10500.000 0.323
10505.000 0.321
10510.000 0.319
10515.000 0.322
10520.000 0.319
10525.000 0.320
10530.000 0.324
10535.000 0.321
10540.000 0.323
10545.000 0.317
10550.000 0.316
10555.000 0.308
10560.000 0.307
10565.000 0.301
10570.000 0.300
10575.000 0.299
10580.000 0.299
10585.000 0.297
10590.000 0.302
10595.000 0.302
10600.000 0.299
10605.000 0.300
10610.000 0.295
10615.000 0.294
10620.000 0.290
10625.000 0.284
10630.000 0.278
10635.000 0.275
10640.000 0.271
10645.000 0.268
10650.000 0.263
10655.000 0.264
10660.000 0.262
10665.000 0.261
10670.000 0.262
10675.000 0.258
10680.000 0.256
10685.000 0.248
10690.000 0.246
10695.000 0.236
10700.000 0.231
10705.000 0.221
10710.000 0.220
10715.000 0.215
10720.000 0.203
10725.000 0.200
10730.000 0.195
10735.000 0.193
10740.000 0.184
10745.000 0.184
10750.000 0.172
10755.000 0.166
10760.000 0.154
10765.000 0.144
10770.000 0.142
10775.000 0.127
10780.000 0.121
10785.000 0.114
10790.000 0.111
10795.000 0.120
10800.000 0.139
10805.000 0.166
10810.000 0.200
10815.000 0.244
10820.000 0.314
10825.000 0.403
10830.000 0.694
10835.000 0.812
10840.000 1.106
10845.000 1.489
10850.000 1.602
10855.000 1.369
10860.000 1.157
10865.000 1.006
10870.000 0.928
10875.000 0.427
10880.000 0.229
10885.000 0.163
10890.000 0.171
10895.000 0.171
10900.000 0.159
10905.000 0.147
10910.000 0.143
10915.000 0.151
10920.000 0.180
10925.000 0.211
10930.000 0.273
10935.000 0.347
10940.000 0.414
10945.000 0.537
10950.000 0.596
10955.000 0.710
10960.000 0.917
10965.000 1.104
10970.000 1.393
10975.000 1.677
10980.000 1.915
10985.000 2.141
10990.000 2.177
10995.000 2.098
11000.000 1.934
11005.000 1.797
11010.000 1.641
11015.000 1.587
11020.000 1.506
11025.000 1.434
11030.000 1.403
11035.000 1.422
11040.000 1.468
11045.000 1.528
11050.000 1.611
11055.000 1.639
11060.000 1.647
11065.000 1.597
11070.000 1.464
11075.000 1.359
11080.000 1.316
11085.000 1.255
11090.000 1.180
11095.000 1.136
11100.000 1.086
11105.000 1.047
11110.000 1.022
11115.000 0.989
11120.000 0.974
11125.000 0.942
11130.000 0.929
11135.000 0.908
11140.000 0.887
11145.000 0.868
11150.000 0.851
11155.000 0.838
11160.000 0.827
11165.000 0.816
11170.000 0.809
11175.000 0.802
11180.000 0.791
11185.000 0.790
11190.000 0.779
11195.000 0.773
11200.000 0.767
11205.000 0.758
11210.000 0.749
11215.000 0.737
11220.000 0.733
11225.000 0.727
11230.000 0.718
11235.000 0.717
11240.000 0.713
11245.000 0.711
11250.000 0.708
11255.000 0.707
11260.000 0.705
11265.000 0.698
11270.000 0.698
11275.000 0.693
11280.000 0.684
11285.000 0.685
11290.000 0.674
11295.000 0.671
11300.000 0.670
11305.000 0.668
11310.000 0.667
11315.000 0.665
11320.000 0.668
11325.000 0.665
11330.000 0.669
11335.000 0.664
11340.000 0.660
11345.000 0.660
11350.000 0.658
11355.000 0.656
11360.000 0.651
11365.000 0.648
11370.000 0.645
11375.000 0.643
11380.000 0.640
11385.000 0.644
11390.000 0.645
11395.000 0.647
11400.000 0.646
11405.000 0.645
11410.000 0.646
11415.000 0.646
11420.000 0.641
11425.000 0.636
11430.000 0.638
11435.000 0.638
11440.000 0.635
11445.000 0.635
11450.000 0.635
11455.000 0.635
11460.000 0.639
11465.000 0.636
11470.000 0.637
11475.000 0.643
11480.000 0.642
11485.000 0.645
11490.000 0.644
11495.000 0.643
11500.000 0.643
11505.000 0.640
11510.000 0.639
11515.000 0.642
11520.000 0.644
11525.000 0.640
11530.000 0.643
11535.000 0.646
11540.000 0.652
11545.000 0.650
11550.000 0.657
11555.000 0.658
11560.000 0.660
11565.000 0.660
11570.000 0.659
11575.000 0.662
11580.000 0.664
11585.000 0.668
11590.000 0.670
11595.000 0.672
11600.000 0.675
11605.000 0.683
11610.000 0.686
11615.000 0.692
11620.000 0.701
11625.000 0.706
11630.000 0.716
11635.000 0.723
11640.000 0.728
11645.000 0.740
11650.000 0.749
11655.000 0.764
11660.000 0.781
11665.000 0.787
11670.000 0.822
11675.000 0.849
11680.000 0.870
11685.000 0.925
11690.000 0.980
11695.000 1.079
11700.000 1.202
11705.000 1.343
11710.000 1.668
11715.000 1.899
11720.000 1.541
11725.000 0.339
11730.000 0.556
11735.000 0.071
11740.000 0.124
11745.000 0.148
11750.000 0.219
11755.000 0.262
11760.000 0.315
11765.000 0.346
11770.000 0.372
11775.000 0.394
11780.000 0.404
11785.000 0.424
11790.000 0.438
11795.000 0.444
11800.000 0.458
11805.000 0.458
11810.000 0.465
11815.000 0.475
11820.000 0.482
11825.000 0.493
11830.000 0.499
11835.000 0.506
11840.000 0.515
11845.000 0.519
11850.000 0.528
11855.000 0.532
11860.000 0.532
11865.000 0.537
11870.000 0.542
11875.000 0.541
11880.000 0.550
11885.000 0.551
11890.000 0.562
11895.000 0.564
11900.000 0.573
11905.000 0.572
11910.000 0.583
11915.000 0.589
11920.000 0.599
11925.000 0.603
11930.000 0.609
11935.000 0.615
11940.000 0.619
11945.000 0.623
11950.000 0.630
11955.000 0.645
11960.000 0.652
11965.000 0.661
11970.000 0.675
11975.000 0.682
11980.000 0.708
11985.000 0.716
11990.000 0.729
11995.000 0.757
12000.000 0.778
