105.000 1.861
110.000 2.055
115.000 2.111
120.000 2.013
125.000 2.042
130.000 2.145
135.000 2.123
140.000 2.219
145.000 2.124
150.000 2.145
155.000 2.221
160.000 2.186
165.000 2.206
170.000 2.264
175.000 2.250
180.000 2.312
185.000 2.291
190.000 2.356
195.000 2.302
200.000 2.336
205.000 2.323
210.000 2.383
215.000 2.369
220.000 2.394
225.000 2.465
230.000 2.481
235.000 2.525
240.000 2.541
245.000 2.601
250.000 2.607
255.000 2.661
260.000 2.712
265.000 2.721
270.000 2.775
275.000 2.843
280.000 2.912
285.000 2.963
290.000 3.039
295.000 3.095
300.000 3.175
305.000 3.278
310.000 3.334
315.000 3.420
320.000 3.503
325.000 3.656
330.000 3.763
335.000 3.887
340.000 4.045
345.000 4.202
350.000 4.368
355.000 4.556
360.000 4.738
365.000 4.937
370.000 5.064
375.000 5.270
380.000 5.480
385.000 5.712
390.000 5.884
395.000 6.048
400.000 6.151
405.000 6.203
410.000 6.202
415.000 6.125
420.000 5.963
425.000 5.746
430.000 5.621
435.000 5.344
440.000 5.011
445.000 4.699
450.000 4.394
455.000 4.091
460.000 3.812
465.000 3.559
470.000 3.319
475.000 3.103
480.000 2.902
485.000 2.707
490.000 2.550
495.000 2.471
500.000 2.324
505.000 2.181
510.000 2.061
515.000 1.974
520.000 1.864
525.000 1.771
530.000 1.686
535.000 1.608
540.000 1.525
545.000 1.479
550.000 1.408
555.000 1.381
560.000 1.312
565.000 1.263
570.000 1.213
575.000 1.173
580.000 1.133
585.000 1.089
590.000 1.047
595.000 1.015
600.000 0.986
605.000 0.959
610.000 0.948
615.000 0.913
620.000 0.895
625.000 0.869
630.000 0.841
635.000 0.828
640.000 0.811
645.000 0.780
650.000 0.767
655.000 0.736
660.000 0.739
665.000 0.720
670.000 0.696
675.000 0.688
680.000 0.680
685.000 0.669
690.000 0.662
695.000 0.659
700.000 0.646
705.000 0.626
710.000 0.626
715.000 0.616
720.000 0.602
725.000 0.597
730.000 0.584
735.000 0.589
740.000 0.583
745.000 0.571
750.000 0.563
755.000 0.566
760.000 0.561
765.000 0.560
770.000 0.541
775.000 0.548
780.000 0.536
785.000 0.541
790.000 0.547
795.000 0.539
800.000 0.539
805.000 0.539
810.000 0.530
815.000 0.524
820.000 0.517
825.000 0.516
830.000 0.515
835.000 0.516
840.000 0.512
845.000 0.506
850.000 0.504
855.000 0.506
860.000 0.499
865.000 0.504
870.000 0.499
875.000 0.498
880.000 0.498
885.000 0.496
890.000 0.490
895.000 0.492
900.000 0.493
905.000 0.493
910.000 0.486
915.000 0.491
920.000 0.490
925.000 0.483
930.000 0.481
935.000 0.490
940.000 0.493
945.000 0.484
950.000 0.482
955.000 0.484
960.000 0.481
965.000 0.483
970.000 0.478
975.000 0.480
980.000 0.476
985.000 0.490
990.000 0.496
995.000 0.485
1000.000 0.483
1005.000 0.476
1010.000 0.478
1015.000 0.494
1020.000 0.483
1025.000 0.490
1030.000 0.476
1035.000 0.484
1040.000 0.481
1045.000 0.480
1050.000 0.486
1055.000 0.487
1060.000 0.482
1065.000 0.486
1070.000 0.482
1075.000 0.485
1080.000 0.484
1085.000 0.489
1090.000 0.489
1095.000 0.487
1100.000 0.478
1105.000 0.491
1110.000 0.489
1115.000 0.492
1120.000 0.492
1125.000 0.493
1130.000 0.492
1135.000 0.490
1140.000 0.489
1145.000 0.492
1150.000 0.493
1155.000 0.488
1160.000 0.490
1165.000 0.494
1170.000 0.491
1175.000 0.499
1180.000 0.497
1185.000 0.499
1190.000 0.496
1195.000 0.496
1200.000 0.498
1205.000 0.506
1210.000 0.502
1215.000 0.500
1220.000 0.499
1225.000 0.502
1230.000 0.500
1235.000 0.506
1240.000 0.505
1245.000 0.505
1250.000 0.506
1255.000 0.508
1260.000 0.506
1265.000 0.509
1270.000 0.509
1275.000 0.509
1280.000 0.514
1285.000 0.513
1290.000 0.514
1295.000 0.511
1300.000 0.515
1305.000 0.513
1310.000 0.518
1315.000 0.520
1320.000 0.519
1325.000 0.520
1330.000 0.518
1335.000 0.525
1340.000 0.527
1345.000 0.525
1350.000 0.524
1355.000 0.522
1360.000 0.530
1365.000 0.530
1370.000 0.533
1375.000 0.535
1380.000 0.533
1385.000 0.538
1390.000 0.543
1395.000 0.541
1400.000 0.541
1405.000 0.543
1410.000 0.540
1415.000 0.543
1420.000 0.542
1425.000 0.543
1430.000 0.538
1435.000 0.539
1440.000 0.534
1445.000 0.537
1450.000 0.535
1455.000 0.532
1460.000 0.531
1465.000 0.527
1470.000 0.534
1475.000 0.535
1480.000 0.542
1485.000 0.547
1490.000 0.551
1495.000 0.560
1500.000 0.561
1505.000 0.563
1510.000 0.569
1515.000 0.573
1520.000 0.582
1525.000 0.587
1530.000 0.592
1535.000 0.602
1540.000 0.606
1545.000 0.609
1550.000 0.612
1555.000 0.619
1560.000 0.626
1565.000 0.628
1570.000 0.633
1575.000 0.643
1580.000 0.652
1585.000 0.652
1590.000 0.663
1595.000 0.668
1600.000 0.676
1605.000 0.673
1610.000 0.678
1615.000 0.694
1620.000 0.695
1625.000 0.705
1630.000 0.715
1635.000 0.722
1640.000 0.728
1645.000 0.739
1650.000 0.747
1655.000 0.759
1660.000 0.769
1665.000 0.772
1670.000 0.785
1675.000 0.796
1680.000 0.805
1685.000 0.817
1690.000 0.830
1695.000 0.842
1700.000 0.851
1705.000 0.867
1710.000 0.887
1715.000 0.895
1720.000 0.909
1725.000 0.927
1730.000 0.934
1735.000 0.953
1740.000 0.962
1745.000 0.980
1750.000 0.993
1755.000 1.011
1760.000 1.031
1765.000 1.050
1770.000 1.067
1775.000 1.085
1780.000 1.096
1785.000 1.118
1790.000 1.124
1795.000 1.142
1800.000 1.163
1805.000 1.183
1810.000 1.201
1815.000 1.218
1820.000 1.231
1825.000 1.246
1830.000 1.257
1835.000 1.275
1840.000 1.287
1845.000 1.291
1850.000 1.304
1855.000 1.313
1860.000 1.320
1865.000 1.333
1870.000 1.334
1875.000 1.334
1880.000 1.343
1885.000 1.343
1890.000 1.383
1895.000 1.332
1900.000 1.337
1905.000 1.333
1910.000 1.327
1915.000 1.318
1920.000 1.315
1925.000 1.308
1930.000 1.300
1935.000 1.285
1940.000 1.284
1945.000 1.275
1950.000 1.271
1955.000 1.257
1960.000 1.250
1965.000 1.231
1970.000 1.225
1975.000 1.218
1980.000 1.197
1985.000 1.196
1990.000 1.186
1995.000 1.176
2000.000 1.168
2005.000 1.158
2010.000 1.157
2015.000 1.134
2020.000 1.126
2025.000 1.119
2030.000 1.122
2035.000 1.120
2040.000 1.112
2045.000 1.098
2050.000 1.089
2055.000 1.083
2060.000 1.068
2065.000 1.070
2070.000 1.061
2075.000 1.051
2080.000 1.059
2085.000 1.049
2090.000 1.045
2095.000 1.043
2100.000 1.038
2105.000 1.036
2110.000 1.032
2115.000 1.031
2120.000 1.029
2125.000 1.028
2130.000 1.026
2135.000 1.027
2140.000 1.031
2145.000 1.031
2150.000 1.033
2155.000 1.033
2160.000 1.041
2165.000 1.043
2170.000 1.050
2175.000 1.061
2180.000 1.068
2185.000 1.072
2190.000 1.082
2195.000 1.091
2200.000 1.099
2205.000 1.112
2210.000 1.129
2215.000 1.131
2220.000 1.160
2225.000 1.183
2230.000 1.209
2235.000 1.237
2240.000 1.260
2245.000 1.305
2250.000 1.346
2255.000 1.398
2260.000 1.465
2265.000 1.532
2270.000 1.622
2275.000 1.728
2280.000 1.759
2285.000 1.898
2290.000 2.011
2295.000 2.012
2300.000 2.089
2305.000 5.062
2310.000 11.834
2315.000 10.081
2320.000 4.714
2325.000 2.609
2330.000 1.808
2335.000 1.525
2340.000 1.121
2345.000 0.870
2350.000 0.684
2355.000 0.542
2360.000 0.447
2365.000 0.364
2370.000 0.309
2375.000 0.273
2380.000 0.248
2385.000 0.235
2390.000 0.232
2395.000 0.232
2400.000 0.235
2405.000 0.243
2410.000 0.248
2415.000 0.260
2420.000 0.268
2425.000 0.276
2430.000 0.286
2435.000 0.296
2440.000 0.307
2445.000 0.315
2450.000 0.321
2455.000 0.329
2460.000 0.335
2465.000 0.342
2470.000 0.343
2475.000 0.351
2480.000 0.355
2485.000 0.360
2490.000 0.365
2495.000 0.371
2500.000 0.369
2505.000 0.376
2510.000 0.380
2515.000 0.388
2520.000 0.388
2525.000 0.392
2530.000 0.394
2535.000 0.397
2540.000 0.397
2545.000 0.399
2550.000 0.401
2555.000 0.407
2560.000 0.409
2565.000 0.411
2570.000 0.412
2575.000 0.414
2580.000 0.416
2585.000 0.416
2590.000 0.424
2595.000 0.419
2600.000 0.427
2605.000 0.429
2610.000 0.428
2615.000 0.430
2620.000 0.430
2625.000 0.428
2630.000 0.434
2635.000 0.433
2640.000 0.431
2645.000 0.434
2650.000 0.435
2655.000 0.440
2660.000 0.441
2665.000 0.442
2670.000 0.449
2675.000 0.447
2680.000 0.452
2685.000 0.452
2690.000 0.450
2695.000 0.455
2700.000 0.455
2705.000 0.453
2710.000 0.458
2715.000 0.459
2720.000 0.465
2725.000 0.464
2730.000 0.464
2735.000 0.469
2740.000 0.470
2745.000 0.470
2750.000 0.476
2755.000 0.476
2760.000 0.482
2765.000 0.483
2770.000 0.483
2775.000 0.488
2780.000 0.492
2785.000 0.492
2790.000 0.494
2795.000 0.495
2800.000 0.500
2805.000 0.507
2810.000 0.509
2815.000 0.511
2820.000 0.513
2825.000 0.516
2830.000 0.521
2835.000 0.527
2840.000 0.531
2845.000 0.535
2850.000 0.534
2855.000 0.543
2860.000 0.545
2865.000 0.548
2870.000 0.555
2875.000 0.556
2880.000 0.562
2885.000 0.567
2890.000 0.568
2895.000 0.575
2900.000 0.580
2905.000 0.583
2910.000 0.586
2915.000 0.586
2920.000 0.598
2925.000 0.597
2930.000 0.598
2935.000 0.603
2940.000 0.607
2945.000 0.611
2950.000 0.612
2955.000 0.619
2960.000 0.628
2965.000 0.617
2970.000 0.634
2975.000 0.633
2980.000 0.623
2985.000 0.641
2990.000 0.643
2995.000 0.633
3000.000 0.647
3005.000 0.649
3010.000 0.648
3015.000 0.633
3020.000 0.640
3025.000 0.643
3030.000 0.656
3035.000 0.645
3040.000 0.656
3045.000 0.650
3050.000 0.662
3055.000 0.663
3060.000 0.658
3065.000 0.659
3070.000 0.662
3075.000 0.658
3080.000 0.664
3085.000 0.662
3090.000 0.665
3095.000 0.664
3100.000 0.667
3105.000 0.668
3110.000 0.669
3115.000 0.672
3120.000 0.673
3125.000 0.675
3130.000 0.678
3135.000 0.676
3140.000 0.673
3145.000 0.672
3150.000 0.677
3155.000 0.675
3160.000 0.679
3165.000 0.679
3170.000 0.679
3175.000 0.681
3180.000 0.686
3185.000 0.685
3190.000 0.682
3195.000 0.687
3200.000 0.686
3205.000 0.690
3210.000 0.693
3215.000 0.692
3220.000 0.692
3225.000 0.689
3230.000 0.695
3235.000 0.696
3240.000 0.696
3245.000 0.697
3250.000 0.700
3255.000 0.702
3260.000 0.704
3265.000 0.707
3270.000 0.703
3275.000 0.711
3280.000 0.714
3285.000 0.716
3290.000 0.719
3295.000 0.717
3300.000 0.722
3305.000 0.721
3310.000 0.720
3315.000 0.725
3320.000 0.731
3325.000 0.728
3330.000 0.738
3335.000 0.738
3340.000 0.744
3345.000 0.747
3350.000 0.748
3355.000 0.755
3360.000 0.756
3365.000 0.761
3370.000 0.763
3375.000 0.765
3380.000 0.770
3385.000 0.773
3390.000 0.778
3395.000 0.786
3400.000 0.792
3405.000 0.794
3410.000 0.802
3415.000 0.808
3420.000 0.816
3425.000 0.822
3430.000 0.826
3435.000 0.835
3440.000 0.837
3445.000 0.845
3450.000 0.854
3455.000 0.862
3460.000 0.872
3465.000 0.885
3470.000 0.895
3475.000 0.905
3480.000 0.911
3485.000 0.926
3490.000 0.941
3495.000 0.949
3500.000 0.962
3505.000 0.975
3510.000 0.991
3515.000 1.008
3520.000 1.022
3525.000 1.041
3530.000 1.062
3535.000 1.079
3540.000 1.109
3545.000 1.129
3550.000 1.146
3555.000 1.178
3560.000 1.204
3565.000 1.244
3570.000 1.279
3575.000 1.317
3580.000 1.363
3585.000 1.409
3590.000 1.465
3595.000 1.523
3600.000 1.591
3605.000 1.665
3610.000 1.707
3615.000 1.791
3620.000 1.896
3625.000 2.004
3630.000 2.150
3635.000 2.302
3640.000 2.477
3645.000 2.707
3650.000 2.955
3655.000 3.309
3660.000 3.731
3665.000 4.254
3670.000 5.055
3675.000 5.545
3680.000 6.784
3685.000 8.952
3690.000 11.928
3695.000 14.546
3700.000 10.522
3705.000 10.188
3710.000 12.170
3715.000 8.609
3720.000 6.463
3725.000 5.133
3730.000 4.322
3735.000 3.943
3740.000 3.434
3745.000 3.054
3750.000 2.721
3755.000 2.469
3760.000 2.254
3765.000 2.081
3770.000 1.939
3775.000 1.802
3780.000 1.697
3785.000 1.595
3790.000 1.512
3795.000 1.473
3800.000 1.402
3805.000 1.344
3810.000 1.288
3815.000 1.236
3820.000 1.195
3825.000 1.150
3830.000 1.118
3835.000 1.086
3840.000 1.058
3845.000 1.027
3850.000 1.005
3855.000 0.993
3860.000 0.970
3865.000 0.948
3870.000 0.932
3875.000 0.915
3880.000 0.895
3885.000 0.883
3890.000 0.867
3895.000 0.856
3900.000 0.843
3905.000 0.820
3910.000 0.813
3915.000 0.807
3920.000 0.794
3925.000 0.790
3930.000 0.778
3935.000 0.767
3940.000 0.757
3945.000 0.753
3950.000 0.754
3955.000 0.738
3960.000 0.735
3965.000 0.725
3970.000 0.723
3975.000 0.718
3980.000 0.710
3985.000 0.708
3990.000 0.703
3995.000 0.705
4000.000 0.685
4005.000 0.684
4010.000 0.677
4015.000 0.693
4020.000 0.692
4025.000 0.680
4030.000 0.671
4035.000 0.663
4040.000 0.662
4045.000 0.666
4050.000 0.659
4055.000 0.655
4060.000 0.661
4065.000 0.655
4070.000 0.650
4075.000 0.654
4080.000 0.649
4085.000 0.653
4090.000 0.654
4095.000 0.650
4100.000 0.651
4105.000 0.652
4110.000 0.651
4115.000 0.649
4120.000 0.648
4125.000 0.646
4130.000 0.645
4135.000 0.645
4140.000 0.643
4145.000 0.639
4150.000 0.640
4155.000 0.636
4160.000 0.635
4165.000 0.635
4170.000 0.638
4175.000 0.633
4180.000 0.631
4185.000 0.627
4190.000 0.629
4195.000 0.623
4200.000 0.623
4205.000 0.617
4210.000 0.615
4215.000 0.616
4220.000 0.607
4225.000 0.606
4230.000 0.604
4235.000 0.597
4240.000 0.593
4245.000 0.593
4250.000 0.586
4255.000 0.580
4260.000 0.576
4265.000 0.572
4270.000 0.569
4275.000 0.561
4280.000 0.560
4285.000 0.562
4290.000 0.561
4295.000 0.557
4300.000 0.556
4305.000 0.558
4310.000 0.559
4315.000 0.557
4320.000 0.560
4325.000 0.556
4330.000 0.555
4335.000 0.557
4340.000 0.555
4345.000 0.554
4350.000 0.551
4355.000 0.551
4360.000 0.552
4365.000 0.551
4370.000 0.553
4375.000 0.553
4380.000 0.552
4385.000 0.552
4390.000 0.556
4395.000 0.552
4400.000 0.556
4405.000 0.555
4410.000 0.556
4415.000 0.558
4420.000 0.554
4425.000 0.557
4430.000 0.550
4435.000 0.552
4440.000 0.555
4445.000 0.559
4450.000 0.553
4455.000 0.559
4460.000 0.555
4465.000 0.561
4470.000 0.556
4475.000 0.562
4480.000 0.558
4485.000 0.557
4490.000 0.560
4495.000 0.560
4500.000 0.558
4505.000 0.558
4510.000 0.558
4515.000 0.560
4520.000 0.560
4525.000 0.564
4530.000 0.564
4535.000 0.568
4540.000 0.567
4545.000 0.569
4550.000 0.564
4555.000 0.567
4560.000 0.568
4565.000 0.568
4570.000 0.566
4575.000 0.566
4580.000 0.564
4585.000 0.566
4590.000 0.569
4595.000 0.569
4600.000 0.571
4605.000 0.572
4610.000 0.574
4615.000 0.576
4620.000 0.578
4625.000 0.575
4630.000 0.577
4635.000 0.577
4640.000 0.578
4645.000 0.576
4650.000 0.579
4655.000 0.582
4660.000 0.580
4665.000 0.584
4670.000 0.585
4675.000 0.590
4680.000 0.592
4685.000 0.592
4690.000 0.597
4695.000 0.599
4700.000 0.599
4705.000 0.600
4710.000 0.604
4715.000 0.604
4720.000 0.604
4725.000 0.606
4730.000 0.610
4735.000 0.618
4740.000 0.622
4745.000 0.627
4750.000 0.628
4755.000 0.638
4760.000 0.639
4765.000 0.648
4770.000 0.655
4775.000 0.657
4780.000 0.663
4785.000 0.668
4790.000 0.676
4795.000 0.683
4800.000 0.693
4805.000 0.702
4810.000 0.714
4815.000 0.726
4820.000 0.740
4825.000 0.758
4830.000 0.763
4835.000 0.781
4840.000 0.801
4845.000 0.818
4850.000 0.842
4855.000 0.866
4860.000 0.892
4865.000 0.922
4870.000 0.956
4875.000 0.996
4880.000 1.035
4885.000 1.082
4890.000 1.112
4895.000 1.169
4900.000 1.227
4905.000 1.306
4910.000 1.386
4915.000 1.495
4920.000 1.608
4925.000 1.737
4930.000 1.904
4935.000 2.111
4940.000 2.372
4945.000 2.688
4950.000 3.068
4955.000 3.389
4960.000 4.161
4965.000 5.315
4970.000 7.423
4975.000 8.530
4980.000 0.858
4985.000 7.896
4990.000 10.706
4995.000 12.564
5000.000 9.118
5005.000 6.451
5010.000 4.866
5015.000 4.454
5020.000 3.730
5025.000 3.243
5030.000 2.868
5035.000 2.576
5040.000 2.344
5045.000 2.148
5050.000 2.006
5055.000 1.883
5060.000 1.766
5065.000 1.670
5070.000 1.637
5075.000 1.548
5080.000 1.488
5085.000 1.429
5090.000 1.375
5095.000 1.330
5100.000 1.288
5105.000 1.255
5110.000 1.227
5115.000 1.198
5120.000 1.171
5125.000 1.144
5130.000 1.121
5135.000 1.113
5140.000 1.091
5145.000 1.071
5150.000 1.051
5155.000 1.038
5160.000 1.023
5165.000 1.005
5170.000 0.994
5175.000 0.985
5180.000 0.973
5185.000 0.963
5190.000 0.959
5195.000 0.955
5200.000 0.939
5205.000 0.932
5210.000 0.923
5215.000 0.913
5220.000 0.904
5225.000 0.900
5230.000 0.886
5235.000 0.880
5240.000 0.871
5245.000 0.864
5250.000 0.861
5255.000 0.854
5260.000 0.851
5265.000 0.843
5270.000 0.842
5275.000 0.836
5280.000 0.832
5285.000 0.823
5290.000 0.818
5295.000 0.804
5300.000 0.800
5305.000 0.793
5310.000 0.784
5315.000 0.783
5320.000 0.778
5325.000 0.773
5330.000 0.764
5335.000 0.764
5340.000 0.757
5345.000 0.752
5350.000 0.746
5355.000 0.743
5360.000 0.737
5365.000 0.728
5370.000 0.722
5375.000 0.716
5380.000 0.711
5385.000 0.704
5390.000 0.698
5395.000 0.694
5400.000 0.687
5405.000 0.684
5410.000 0.680
5415.000 0.677
5420.000 0.669
5425.000 0.664
5430.000 0.659
5435.000 0.653
5440.000 0.649
5445.000 0.646
5450.000 0.636
5455.000 0.630
5460.000 0.628
5465.000 0.623
5470.000 0.615
5475.000 0.615
5480.000 0.613
5485.000 0.609
5490.000 0.602
5495.000 0.609
5500.000 0.604
5505.000 0.600
5510.000 0.594
5515.000 0.589
5520.000 0.585
5525.000 0.578
5530.000 0.572
5535.000 0.571
5540.000 0.568
5545.000 0.562
5550.000 0.564
5555.000 0.559
5560.000 0.562
5565.000 0.560
5570.000 0.560
5575.000 0.554
5580.000 0.554
5585.000 0.551
5590.000 0.547
5595.000 0.540
5600.000 0.539
5605.000 0.538
5610.000 0.536
5615.000 0.532
5620.000 0.533
5625.000 0.529
5630.000 0.531
5635.000 0.530
5640.000 0.532
5645.000 0.530
5650.000 0.533
5655.000 0.529
5660.000 0.527
5665.000 0.524
5670.000 0.517
5675.000 0.516
5680.000 0.517
5685.000 0.513
5690.000 0.513
5695.000 0.514
5700.000 0.515
5705.000 0.514
5710.000 0.513
5715.000 0.518
5720.000 0.516
5725.000 0.514
5730.000 0.516
5735.000 0.511
5740.000 0.511
5745.000 0.509
5750.000 0.508
5755.000 0.503
5760.000 0.503
5765.000 0.505
5770.000 0.502
5775.000 0.505
5780.000 0.503
5785.000 0.507
5790.000 0.510
5795.000 0.510
5800.000 0.510
5805.000 0.505
5810.000 0.508
5815.000 0.504
5820.000 0.499
5825.000 0.502
5830.000 0.501
5835.000 0.497
5840.000 0.501
5845.000 0.501
5850.000 0.502
5855.000 0.504
5860.000 0.501
5865.000 0.503
5870.000 0.507
5875.000 0.507
5880.000 0.506
5885.000 0.507
5890.000 0.504
5895.000 0.495
5900.000 0.497
5905.000 0.499
5910.000 0.496
5915.000 0.496
5920.000 0.497
5925.000 0.496
5930.000 0.500
5935.000 0.502
5940.000 0.502
5945.000 0.506
5950.000 0.504
5955.000 0.501
5960.000 0.498
5965.000 0.501
5970.000 0.496
5975.000 0.494
5980.000 0.502
5985.000 0.499
5990.000 0.499
5995.000 0.492
6000.000 0.511
6005.000 0.512
6010.000 0.516
6015.000 0.505
6020.000 0.513
6025.000 0.514
6030.000 0.530
6035.000 0.533
6040.000 0.534
6045.000 0.532
6050.000 0.542
6055.000 0.547
6060.000 0.554
6065.000 0.568
6070.000 0.578
6075.000 0.595
6080.000 0.607
6085.000 0.624
6090.000 0.641
6095.000 0.658
6100.000 0.682
6105.000 0.692
6110.000 0.718
6115.000 0.743
6120.000 0.771
6125.000 0.806
6130.000 0.838
6135.000 0.883
6140.000 0.925
6145.000 0.992
6150.000 1.053
6155.000 1.117
6160.000 1.211
6165.000 1.306
6170.000 1.353
6175.000 1.483
6180.000 1.617
6185.000 1.810
6190.000 2.032
6195.000 2.270
6200.000 2.657
6205.000 3.111
6210.000 3.702
6215.000 4.582
6220.000 5.633
6225.000 7.420
6230.000 8.378
6235.000 10.092
6240.000 10.639
6245.000 9.212
6250.000 7.576
6255.000 5.283
6260.000 4.608
6265.000 3.741
6270.000 3.157
6275.000 2.632
6280.000 2.197
6285.000 1.998
6290.000 1.635
6295.000 1.330
6300.000 1.105
6305.000 0.896
6310.000 0.775
6315.000 0.667
6320.000 0.617
6325.000 0.586
6330.000 0.561
6335.000 0.551
6340.000 0.545
6345.000 0.543
6350.000 0.544
6355.000 0.544
6360.000 0.543
6365.000 0.547
6370.000 0.548
6375.000 0.545
6380.000 0.548
6385.000 0.549
6390.000 0.547
6395.000 0.546
6400.000 0.545
6405.000 0.538
6410.000 0.542
6415.000 0.538
6420.000 0.539
6425.000 0.534
6430.000 0.537
6435.000 0.537
6440.000 0.536
6445.000 0.542
6450.000 0.541
6455.000 0.541
6460.000 0.538
6465.000 0.540
6470.000 0.539
6475.000 0.538
6480.000 0.538
6485.000 0.534
6490.000 0.538
6495.000 0.539
6500.000 0.542
6505.000 0.546
6510.000 0.559
6515.000 0.563
6520.000 0.574
6525.000 0.591
6530.000 0.595
6535.000 0.611
6540.000 0.634
6545.000 0.675
6550.000 0.721
6555.000 0.823
6560.000 0.980
6565.000 1.312
6570.000 1.844
6575.000 1.830
6580.000 2.085
6585.000 1.543
6590.000 0.672
6595.000 0.710
6600.000 0.656
6605.000 0.581
6610.000 0.527
6615.000 0.509
6620.000 0.494
6625.000 0.486
6630.000 0.470
6635.000 0.466
6640.000 0.459
6645.000 0.454
6650.000 0.452
6655.000 0.457
6660.000 0.454
6665.000 0.456
6670.000 0.461
6675.000 0.456
6680.000 0.457
6685.000 0.457
6690.000 0.456
6695.000 0.451
6700.000 0.451
6705.000 0.448
6710.000 0.447
6715.000 0.443
6720.000 0.441
6725.000 0.442
6730.000 0.443
6735.000 0.448
6740.000 0.447
6745.000 0.448
6750.000 0.452
6755.000 0.448
6760.000 0.450
6765.000 0.447
6770.000 0.442
6775.000 0.441
6780.000 0.440
6785.000 0.442
6790.000 0.437
6795.000 0.437
6800.000 0.439
6805.000 0.437
6810.000 0.441
6815.000 0.446
6820.000 0.445
6825.000 0.445
6830.000 0.444
6835.000 0.444
6840.000 0.439
6845.000 0.442
6850.000 0.433
6855.000 0.434
6860.000 0.435
6865.000 0.429
6870.000 0.434
6875.000 0.434
6880.000 0.433
6885.000 0.434
6890.000 0.437
6895.000 0.441
6900.000 0.440
6905.000 0.436
6910.000 0.437
6915.000 0.432
6920.000 0.432
6925.000 0.429
6930.000 0.431
6935.000 0.425
6940.000 0.423
6945.000 0.424
6950.000 0.426
6955.000 0.434
6960.000 0.424
6965.000 0.433
6970.000 0.432
6975.000 0.432
6980.000 0.425
6985.000 0.432
6990.000 0.429
6995.000 0.415
7000.000 0.427
7005.000 0.424
7010.000 0.419
7015.000 0.412
7020.000 0.425
7025.000 0.416
7030.000 0.421
7035.000 0.420
7040.000 0.419
7045.000 0.429
7050.000 0.422
7055.000 0.422
7060.000 0.427
7065.000 0.422
7070.000 0.416
7075.000 0.417
7080.000 0.414
7085.000 0.419
7090.000 0.414
7095.000 0.416
7100.000 0.421
7105.000 0.420
7110.000 0.425
7115.000 0.425
7120.000 0.430
7125.000 0.427
7130.000 0.427
7135.000 0.423
7140.000 0.422
7145.000 0.420
7150.000 0.421
7155.000 0.421
7160.000 0.422
7165.000 0.425
7170.000 0.426
7175.000 0.432
7180.000 0.434
7185.000 0.440
7190.000 0.442
7195.000 0.445
7200.000 0.449
7205.000 0.444
7210.000 0.447
7215.000 0.447
7220.000 0.454
7225.000 0.455
7230.000 0.462
7235.000 0.469
7240.000 0.476
7245.000 0.483
7250.000 0.492
7255.000 0.500
7260.000 0.504
7265.000 0.516
7270.000 0.524
7275.000 0.533
7280.000 0.542
7285.000 0.553
7290.000 0.568
7295.000 0.584
7300.000 0.602
7305.000 0.625
7310.000 0.648
7315.000 0.674
7320.000 0.707
7325.000 0.716
7330.000 0.744
7335.000 0.779
7340.000 0.821
7345.000 0.856
7350.000 0.907
7355.000 0.962
7360.000 1.026
7365.000 1.096
7370.000 1.168
7375.000 1.273
7380.000 1.381
7385.000 1.429
7390.000 1.585
7395.000 1.747
7400.000 1.924
7405.000 2.168
7410.000 2.416
7415.000 2.811
7420.000 3.271
7425.000 3.830
7430.000 4.675
7435.000 5.620
7440.000 7.164
7445.000 8.730
7450.000 9.313
7455.000 9.797
7460.000 8.423
7465.000 6.699
7470.000 5.060
7475.000 3.997
7480.000 3.565
7485.000 3.143
7490.000 2.828
7495.000 2.620
7500.000 2.451
7505.000 2.334
7510.000 2.187
7515.000 2.069
7520.000 1.939
7525.000 1.840
7530.000 1.746
7535.000 1.664
7540.000 1.604
7545.000 1.536
7550.000 1.481
7555.000 1.439
7560.000 1.389
7565.000 1.369
7570.000 1.332
7575.000 1.291
7580.000 1.265
7585.000 1.227
7590.000 1.196
7595.000 1.162
7600.000 1.138
7605.000 1.121
7610.000 1.093
7615.000 1.071
7620.000 1.060
7625.000 1.039
7630.000 1.031
7635.000 1.021
7640.000 1.006
7645.000 0.993
7650.000 0.976
7655.000 0.964
7660.000 0.948
7665.000 0.936
7670.000 0.917
7675.000 0.906
7680.000 0.896
7685.000 0.887
7690.000 0.882
7695.000 0.872
7700.000 0.871
7705.000 0.861
7710.000 0.855
7715.000 0.848
7720.000 0.841
7725.000 0.830
7730.000 0.822
7735.000 0.815
7740.000 0.803
7745.000 0.797
7750.000 0.790
7755.000 0.788
7760.000 0.777
7765.000 0.776
7770.000 0.769
7775.000 0.769
7780.000 0.765
7785.000 0.758
7790.000 0.756
7795.000 0.748
7800.000 0.744
7805.000 0.735
7810.000 0.732
7815.000 0.727
7820.000 0.718
7825.000 0.708
7830.000 0.707
7835.000 0.703
7840.000 0.700
7845.000 0.696
7850.000 0.693
7855.000 0.695
7860.000 0.688
7865.000 0.685
7870.000 0.680
7875.000 0.673
7880.000 0.667
7885.000 0.657
7890.000 0.653
7895.000 0.645
7900.000 0.636
7905.000 0.629
7910.000 0.627
7915.000 0.617
7920.000 0.621
7925.000 0.611
7930.000 0.608
7935.000 0.609
7940.000 0.601
7945.000 0.592
7950.000 0.573
7955.000 0.571
7960.000 0.550
7965.000 0.532
7970.000 0.524
7975.000 0.509
7980.000 0.490
7985.000 0.479
7990.000 0.457
7995.000 0.457
8000.000 0.424
8005.000 0.403
8010.000 0.374
8015.000 0.343
8020.000 0.291
8025.000 0.234
8030.000 0.247
8035.000 0.299
8040.000 0.550
8045.000 0.965
8050.000 1.220
8055.000 2.514
8060.000 4.918
8065.000 6.800
8070.000 1.950
8075.000 3.054
8080.000 1.607
8085.000 1.449
8090.000 1.297
8095.000 1.218
8100.000 1.172
8105.000 1.110
8110.000 1.072
8115.000 1.057
8120.000 1.026
8125.000 0.997
8130.000 0.976
8135.000 0.961
8140.000 0.948
8145.000 0.935
8150.000 0.924
8155.000 0.916
8160.000 0.905
8165.000 0.896
8170.000 0.886
8175.000 0.887
8180.000 0.872
8185.000 0.863
8190.000 0.858
8195.000 0.848
8200.000 0.842
8205.000 0.842
8210.000 0.840
8215.000 0.839
8220.000 0.839
8225.000 0.837
8230.000 0.835
8235.000 0.833
8240.000 0.829
8245.000 0.826
8250.000 0.821
8255.000 0.815
8260.000 0.810
8265.000 0.808
8270.000 0.807
8275.000 0.808
8280.000 0.803
8285.000 0.811
8290.000 0.810
8295.000 0.810
8300.000 0.814
8305.000 0.812
8310.000 0.814
8315.000 0.811
8320.000 0.812
8325.000 0.805
8330.000 0.808
8335.000 0.803
8340.000 0.802
8345.000 0.801
8350.000 0.804
8355.000 0.806
8360.000 0.808
8365.000 0.818
8370.000 0.818
8375.000 0.825
8380.000 0.825
8385.000 0.827
8390.000 0.827
8395.000 0.827
8400.000 0.828
8405.000 0.825
8410.000 0.829
8415.000 0.830
8420.000 0.834
8425.000 0.839
8430.000 0.846
8435.000 0.854
8440.000 0.862
8445.000 0.876
8450.000 0.883
8455.000 0.887
8460.000 0.899
8465.000 0.905
8470.000 0.915
8475.000 0.929
8480.000 0.938
8485.000 0.945
8490.000 0.966
8495.000 0.994
8500.000 1.019
8505.000 1.058
8510.000 1.111
8515.000 1.178
8520.000 1.274
8525.000 1.433
8530.000 1.620
8535.000 2.143
8540.000 2.526
8545.000 3.528
8550.000 3.647
8555.000 0.687
8560.000 0.271
8565.000 0.384
8570.000 0.491
8575.000 0.557
8580.000 0.580
8585.000 0.618
8590.000 0.653
8595.000 0.686
8600.000 0.701
8605.000 0.727
8610.000 0.743
8615.000 0.764
8620.000 0.785
8625.000 0.801
8630.000 0.823
8635.000 0.842
8640.000 0.870
8645.000 0.901
8650.000 0.947
8655.000 1.004
8660.000 1.048
8665.000 1.068
8670.000 1.095
8675.000 1.104
8680.000 1.128
8685.000 1.153
8690.000 1.019
8695.000 0.656
8700.000 0.406
8705.000 0.181
8710.000 0.104
8715.000 0.141
8720.000 0.208
8725.000 0.237
8730.000 0.283
8735.000 0.328
8740.000 0.366
8745.000 0.402
8750.000 0.426
8755.000 0.449
8760.000 0.463
8765.000 0.470
8770.000 0.489
8775.000 0.495
8780.000 0.501
8785.000 0.510
8790.000 0.523
8795.000 0.531
8800.000 0.542
8805.000 0.553
8810.000 0.562
8815.000 0.553
8820.000 0.560
8825.000 0.604
8830.000 0.601
8835.000 0.591
8840.000 0.590
8845.000 0.586
8850.000 0.587
8855.000 0.591
8860.000 0.591
8865.000 0.593
8870.000 0.601
8875.000 0.607
8880.000 0.611
8885.000 0.619
8890.000 0.623
8895.000 0.619
8900.000 0.623
8905.000 0.623
8910.000 0.624
8915.000 0.621
8920.000 0.621
8925.000 0.620
8930.000 0.621
8935.000 0.621
8940.000 0.625
8945.000 0.625
8950.000 0.640
8955.000 0.635
8960.000 0.640
8965.000 0.643
8970.000 0.646
8975.000 0.650
8980.000 0.637
8985.000 0.652
8990.000 0.641
8995.000 0.647
9000.000 0.634
9005.000 0.634
9010.000 0.642
9015.000 0.641
9020.000 0.646
9025.000 0.652
9030.000 0.656
9035.000 0.660
9040.000 0.663
9045.000 0.661
9050.000 0.664
9055.000 0.657
9060.000 0.656
9065.000 0.658
9070.000 0.653
9075.000 0.657
9080.000 0.659
9085.000 0.655
9090.000 0.656
9095.000 0.665
9100.000 0.667
9105.000 0.671
9110.000 0.674
9115.000 0.679
9120.000 0.675
9125.000 0.676
9130.000 0.674
9135.000 0.673
9140.000 0.677
9145.000 0.672
9150.000 0.674
9155.000 0.673
9160.000 0.678
9165.000 0.679
9170.000 0.685
9175.000 0.689
9180.000 0.691
9185.000 0.700
9190.000 0.699
9195.000 0.697
9200.000 0.702
9205.000 0.704
9210.000 0.700
9215.000 0.697
9220.000 0.702
9225.000 0.698
9230.000 0.702
9235.000 0.705
9240.000 0.709
9245.000 0.714
9250.000 0.722
9255.000 0.729
9260.000 0.733
9265.000 0.732
9270.000 0.739
9275.000 0.734
9280.000 0.736
9285.000 0.739
9290.000 0.736
9295.000 0.742
9300.000 0.742
9305.000 0.750
9310.000 0.752
9315.000 0.766
9320.000 0.769
9325.000 0.779
9330.000 0.784
9335.000 0.788
9340.000 0.792
9345.000 0.799
9350.000 0.807
9355.000 0.806
9360.000 0.814
9365.000 0.818
9370.000 0.828
9375.000 0.835
9380.000 0.852
9385.000 0.862
9390.000 0.879
9395.000 0.888
9400.000 0.903
9405.000 0.922
9410.000 0.945
9415.000 0.967
9420.000 0.986
9425.000 1.015
9430.000 1.040
9435.000 1.083
9440.000 1.127
9445.000 1.196
9450.000 1.272
9455.000 1.326
9460.000 1.449
9465.000 1.646
9470.000 1.866
9475.000 2.387
9480.000 3.037
9485.000 3.504
9490.000 2.507
9495.000 2.215
9500.000 0.180
9505.000 0.374
9510.000 0.277
9515.000 0.146
9520.000 0.204
9525.000 0.259
9530.000 0.306
9535.000 0.343
9540.000 0.389
9545.000 0.417
9550.000 0.457
9555.000 0.478
9560.000 0.500
9565.000 0.521
9570.000 0.532
9575.000 0.540
9580.000 0.559
9585.000 0.571
9590.000 0.587
9595.000 0.600
9600.000 0.616
9605.000 0.631
9610.000 0.642
9615.000 0.667
9620.000 0.680
9625.000 0.696
9630.000 0.711
9635.000 0.719
9640.000 0.726
9645.000 0.742
9650.000 0.752
9655.000 0.763
9660.000 0.779
9665.000 0.788
9670.000 0.806
9675.000 0.825
9680.000 0.852
9685.000 0.873
9690.000 0.891
9695.000 0.922
9700.000 0.930
9705.000 0.950
9710.000 0.981
9715.000 1.003
9720.000 1.033
9725.000 1.070
9730.000 1.090
9735.000 1.142
9740.000 1.182
9745.000 1.242
9750.000 1.299
9755.000 1.318
9760.000 1.407
9765.000 1.486
9770.000 1.574
9775.000 1.702
9780.000 1.812
9785.000 1.991
9790.000 2.185
9795.000 2.384
9800.000 2.693
9805.000 3.020
9810.000 3.436
9815.000 3.621
9820.000 3.911
9825.000 3.938
9830.000 3.587
9835.000 3.100
9840.000 2.435
9845.000 2.013
9850.000 1.585
9855.000 1.294
9860.000 1.083
9865.000 0.838
9870.000 0.694
9875.000 0.569
9880.000 0.551
9885.000 0.556
9890.000 0.481
9895.000 0.377
9900.000 0.345
9905.000 0.323
9910.000 0.301
9915.000 0.272
9920.000 0.244
9925.000 0.221
9930.000 0.198
9935.000 0.177
9940.000 0.170
9945.000 0.152
9950.000 0.145
9955.000 0.130
9960.000 0.122
9965.000 0.128
9970.000 0.116
9975.000 0.120
9980.000 0.123
9985.000 0.124
9990.000 0.126
9995.000 0.136
10000.000 0.135
10005.000 0.131
10010.000 0.141
10015.000 0.137
10020.000 0.142
10025.000 0.144
10030.000 0.147
10035.000 0.149
10040.000 0.157
10045.000 0.169
10050.000 0.169
10055.000 0.182
10060.000 0.179
10065.000 0.186
10070.000 0.193
10075.000 0.195
10080.000 0.192
10085.000 0.191
10090.000 0.192
10095.000 0.192
10100.000 0.188
10105.000 0.190
10110.000 0.190
10115.000 0.187
10120.000 0.192
10125.000 0.192
10130.000 0.188
10135.000 0.188
10140.000 0.178
10145.000 0.170
10150.000 0.155
10155.000 0.137
10160.000 0.104
10165.000 0.052
10170.000 0.054
10175.000 0.241
10180.000 0.474
10185.000 0.512
10190.000 0.923
10195.000 0.982
10200.000 0.588
10205.000 0.520
10210.000 0.448
10215.000 0.429
10220.000 0.413
10225.000 0.398
10230.000 0.390
10235.000 0.375
10240.000 0.371
10245.000 0.365
10250.000 0.359
10255.000 0.357
10260.000 0.354
10265.000 0.354
10270.000 0.352
10275.000 0.353
10280.000 0.359
10285.000 0.356
10290.000 0.356
10295.000 0.357
10300.000 0.356
10305.000 0.349
10310.000 0.351
10315.000 0.347
10320.000 0.346
10325.000 0.342
10330.000 0.345
10335.000 0.346
10340.000 0.346
10345.000 0.351
10350.000 0.350
10355.000 0.356
10360.000 0.355
10365.000 0.358
10370.000 0.355
10375.000 0.357
10380.000 0.352
10385.000 0.348
10390.000 0.349
10395.000 0.346
10400.000 0.346
10405.000 0.350
10410.000 0.349
10415.000 0.350
10420.000 0.358
10425.000 0.358
10430.000 0.356
10435.000 0.359
10440.000 0.361
10445.000 0.358
10450.000 0.358
10455.000 0.357
10460.000 0.349
10465.000 0.349
10470.000 0.346
10475.000 0.348
10480.000 0.348
10485.000 0.351
10490.000 0.351
10495.000 0.353
10500.000 0.355
10505.000 0.357
10510.000 0.360
10515.000 0.357
10520.000 0.358
10525.000 0.358
10530.000 0.350
10535.000 0.350
10540.000 0.347
10545.000 0.343
10550.000 0.346
10555.000 0.346
10560.000 0.347
10565.000 0.352
10570.000 0.355
10575.000 0.358
10580.000 0.357
10585.000 0.358
10590.000 0.355
10595.000 0.353
10600.000 0.350
10605.000 0.347
10610.000 0.349
10615.000 0.343
10620.000 0.341
10625.000 0.341
10630.000 0.342
10635.000 0.341
10640.000 0.347
10645.000 0.347
10650.000 0.351
10655.000 0.349
10660.000 0.353
10665.000 0.345
10670.000 0.343
10675.000 0.345
10680.000 0.339
10685.000 0.336
10690.000 0.335
10695.000 0.332
10700.000 0.332
10705.000 0.328
10710.000 0.334
10715.000 0.335
10720.000 0.339
10725.000 0.338
10730.000 0.337
10735.000 0.336
10740.000 0.335
10745.000 0.331
10750.000 0.327
10755.000 0.328
10760.000 0.321
10765.000 0.321
10770.000 0.320
10775.000 0.319
10780.000 0.321
10785.000 0.324
10790.000 0.322
10795.000 0.326
10800.000 0.332
10805.000 0.332
10810.000 0.335
10815.000 0.338
10820.000 0.343
10825.000 0.348
10830.000 0.358
10835.000 0.370
10840.000 0.399
10845.000 0.429
10850.000 0.447
10855.000 0.465
10860.000 0.425
10865.000 0.280
10870.000 0.143
10875.000 0.056
10880.000 0.137
10885.000 0.288
10890.000 0.263
10895.000 0.201
10900.000 0.159
10905.000 0.128
10910.000 0.110
10915.000 0.099
10920.000 0.091
10925.000 0.084
10930.000 0.086
10935.000 0.096
10940.000 0.120
10945.000 0.158
10950.000 0.200
10955.000 0.266
10960.000 0.341
10965.000 0.418
10970.000 0.553
10975.000 0.629
10980.000 0.761
10985.000 0.966
10990.000 1.131
10995.000 1.328
11000.000 1.427
11005.000 1.442
11010.000 1.360
11015.000 1.289
11020.000 1.183
11025.000 1.109
11030.000 1.053
11035.000 1.021
11040.000 0.990
11045.000 0.972
11050.000 0.984
11055.000 1.011
11060.000 1.072
11065.000 1.136
11070.000 1.147
11075.000 1.084
11080.000 1.017
11085.000 0.937
11090.000 0.889
11095.000 0.871
11100.000 0.825
11105.000 0.790
11110.000 0.748
11115.000 0.735
11120.000 0.714
11125.000 0.692
11130.000 0.676
11135.000 0.663
11140.000 0.650
11145.000 0.643
11150.000 0.631
11155.000 0.624
11160.000 0.625
11165.000 0.614
11170.000 0.607
11175.000 0.600
11180.000 0.594
11185.000 0.585
11190.000 0.574
11195.000 0.569
11200.000 0.562
11205.000 0.557
11210.000 0.550
11215.000 0.549
11220.000 0.546
11225.000 0.545
11230.000 0.541
11235.000 0.539
11240.000 0.541
11245.000 0.535
11250.000 0.529
11255.000 0.522
11260.000 0.521
11265.000 0.513
11270.000 0.510
11275.000 0.508
11280.000 0.504
11285.000 0.502
11290.000 0.501
11295.000 0.500
11300.000 0.498
11305.000 0.499
11310.000 0.497
11315.000 0.494
11320.000 0.491
11325.000 0.492
11330.000 0.485
11335.000 0.484
11340.000 0.481
11345.000 0.476
11350.000 0.472
11355.000 0.471
11360.000 0.468
11365.000 0.470
11370.000 0.471
11375.000 0.469
11380.000 0.465
11385.000 0.467
11390.000 0.468
11395.000 0.466
11400.000 0.465
11405.000 0.461
11410.000 0.456
11415.000 0.452
11420.000 0.448
11425.000 0.447
11430.000 0.446
11435.000 0.445
11440.000 0.446
11445.000 0.444
11450.000 0.448
11455.000 0.445
11460.000 0.446
11465.000 0.445
11470.000 0.442
11475.000 0.437
11480.000 0.437
11485.000 0.433
11490.000 0.430
11495.000 0.427
11500.000 0.426
11505.000 0.423
11510.000 0.424
11515.000 0.421
11520.000 0.421
11525.000 0.421
11530.000 0.423
11535.000 0.420
11540.000 0.422
11545.000 0.419
11550.000 0.416
11555.000 0.409
11560.000 0.405
11565.000 0.403
11570.000 0.401
11575.000 0.396
11580.000 0.397
11585.000 0.391
11590.000 0.394
11595.000 0.391
11600.000 0.391
11605.000 0.389
11610.000 0.386
11615.000 0.379
11620.000 0.374
11625.000 0.370
11630.000 0.366
11635.000 0.361
11640.000 0.350
11645.000 0.345
11650.000 0.342
11655.000 0.332
11660.000 0.326
11665.000 0.316
11670.000 0.306
11675.000 0.293
11680.000 0.285
11685.000 0.265
11690.000 0.248
11695.000 0.221
11700.000 0.194
11705.000 0.183
11710.000 0.200
11715.000 0.308
11720.000 0.503
11725.000 1.096
11730.000 1.777
11735.000 1.997
11740.000 0.814
11745.000 0.562
11750.000 0.754
11755.000 0.673
11760.000 0.678
11765.000 0.626
11770.000 0.603
11775.000 0.574
11780.000 0.559
11785.000 0.541
11790.000 0.534
11795.000 0.522
11800.000 0.510
11805.000 0.505
11810.000 0.496
11815.000 0.492
11820.000 0.490
11825.000 0.486
11830.000 0.481
11835.000 0.474
11840.000 0.466
11845.000 0.468
11850.000 0.457
11855.000 0.450
11860.000 0.447
11865.000 0.441
11870.000 0.437
11875.000 0.436
11880.000 0.431
11885.000 0.428
11890.000 0.430
11895.000 0.423
11900.000 0.421
11905.000 0.421
11910.000 0.416
11915.000 0.409
11920.000 0.408
11925.000 0.402
11930.000 0.400
11935.000 0.392
11940.000 0.388
11945.000 0.387
11950.000 0.385
11955.000 0.378
11960.000 0.379
11965.000 0.378
11970.000 0.373
11975.000 0.370
11980.000 0.367
11985.000 0.360
11990.000 0.359
11995.000 0.354
12000.000 0.352
