105.000 0.755
110.000 2.132
115.000 2.209
120.000 2.271
125.000 2.171
130.000 2.030
135.000 2.058
140.000 2.095
145.000 2.064
150.000 2.173
155.000 2.193
160.000 2.151
165.000 2.189
170.000 2.238
175.000 2.235
180.000 2.316
185.000 2.297
190.000 2.321
195.000 2.261
200.000 2.363
205.000 2.302
210.000 2.334
215.000 2.375
220.000 2.405
225.000 2.432
230.000 2.455
235.000 2.472
240.000 2.536
245.000 2.554
250.000 2.600
255.000 2.630
260.000 2.673
265.000 2.695
270.000 2.754
275.000 2.830
280.000 2.905
285.000 2.930
290.000 3.004
295.000 3.064
300.000 3.151
305.000 3.259
310.000 3.318
315.000 3.424
320.000 3.510
325.000 3.639
330.000 3.753
335.000 3.920
340.000 4.002
345.000 4.152
350.000 4.327
355.000 4.530
360.000 4.690
365.000 4.924
370.000 5.134
375.000 5.356
380.000 5.561
385.000 5.777
390.000 5.964
395.000 6.097
400.000 6.212
405.000 6.243
410.000 6.242
415.000 6.198
420.000 6.050
425.000 5.846
430.000 5.578
435.000 5.302
440.000 4.988
445.000 4.661
450.000 4.357
455.000 4.068
460.000 3.783
465.000 3.636
470.000 3.408
475.000 3.178
480.000 2.963
485.000 2.793
490.000 2.624
495.000 2.468
500.000 2.326
505.000 2.195
510.000 2.077
515.000 1.976
520.000 1.876
525.000 1.782
530.000 1.738
535.000 1.651
540.000 1.580
545.000 1.523
550.000 1.456
555.000 1.387
560.000 1.329
565.000 1.280
570.000 1.244
575.000 1.200
580.000 1.145
585.000 1.126
590.000 1.099
595.000 1.056
600.000 1.011
605.000 0.995
610.000 0.963
615.000 0.925
620.000 0.907
625.000 0.885
630.000 0.861
635.000 0.839
640.000 0.828
645.000 0.806
650.000 0.785
655.000 0.776
660.000 0.758
665.000 0.741
670.000 0.727
675.000 0.710
680.000 0.697
685.000 0.687
690.000 0.675
695.000 0.664
700.000 0.649
705.000 0.642
710.000 0.636
715.000 0.624
720.000 0.616
725.000 0.606
730.000 0.601
735.000 0.594
740.000 0.591
745.000 0.579
750.000 0.577
755.000 0.565
760.000 0.559
765.000 0.564
770.000 0.548
775.000 0.555
780.000 0.547
785.000 0.549
790.000 0.543
795.000 0.540
800.000 0.540
805.000 0.535
810.000 0.529
815.000 0.523
820.000 0.521
825.000 0.511
830.000 0.512
835.000 0.514
840.000 0.508
845.000 0.496
850.000 0.500
855.000 0.498
860.000 0.496
865.000 0.497
870.000 0.493
875.000 0.501
880.000 0.490
885.000 0.484
890.000 0.490
895.000 0.488
900.000 0.490
905.000 0.490
910.000 0.486
915.000 0.487
920.000 0.481
925.000 0.487
930.000 0.489
935.000 0.479
940.000 0.477
945.000 0.478
950.000 0.478
955.000 0.478
960.000 0.481
965.000 0.476
970.000 0.476
975.000 0.472
980.000 0.485
985.000 0.468
990.000 0.473
995.000 0.481
1000.000 0.474
1005.000 0.470
1010.000 0.475
1015.000 0.482
1020.000 0.477
1025.000 0.481
1030.000 0.470
1035.000 0.483
1040.000 0.475
1045.000 0.473
1050.000 0.474
1055.000 0.473
1060.000 0.479
1065.000 0.472
1070.000 0.478
1075.000 0.474
1080.000 0.477
1085.000 0.476
1090.000 0.481
1095.000 0.480
1100.000 0.476
1105.000 0.486
1110.000 0.479
1115.000 0.477
1120.000 0.483
1125.000 0.479
1130.000 0.487
1135.000 0.483
1140.000 0.489
1145.000 0.482
1150.000 0.483
1155.000 0.485
1160.000 0.489
1165.000 0.484
1170.000 0.487
1175.000 0.489
1180.000 0.491
1185.000 0.486
1190.000 0.490
1195.000 0.490
1200.000 0.494
1205.000 0.496
1210.000 0.497
1215.000 0.501
1220.000 0.496
1225.000 0.503
1230.000 0.498
1235.000 0.496
1240.000 0.504
1245.000 0.506
1250.000 0.501
1255.000 0.508
1260.000 0.506
1265.000 0.507
1270.000 0.514
1275.000 0.513
1280.000 0.514
1285.000 0.517
1290.000 0.517
1295.000 0.516
1300.000 0.519
1305.000 0.521
1310.000 0.526
1315.000 0.526
1320.000 0.524
1325.000 0.526
1330.000 0.526
1335.000 0.529
1340.000 0.533
1345.000 0.533
1350.000 0.536
1355.000 0.541
1360.000 0.541
1365.000 0.545
1370.000 0.548
1375.000 0.554
1380.000 0.549
1385.000 0.549
1390.000 0.555
1395.000 0.557
1400.000 0.555
1405.000 0.557
1410.000 0.562
1415.000 0.561
1420.000 0.561
1425.000 0.563
1430.000 0.559
1435.000 0.555
1440.000 0.555
1445.000 0.555
1450.000 0.554
1455.000 0.547
1460.000 0.551
1465.000 0.549
1470.000 0.553
1475.000 0.557
1480.000 0.566
1485.000 0.576
1490.000 0.580
1495.000 0.591
1500.000 0.595
1505.000 0.606
1510.000 0.615
1515.000 0.626
1520.000 0.635
1525.000 0.646
1530.000 0.654
1535.000 0.667
1540.000 0.672
1545.000 0.683
1550.000 0.694
1555.000 0.702
1560.000 0.709
1565.000 0.717
1570.000 0.727
1575.000 0.735
1580.000 0.747
1585.000 0.759
1590.000 0.773
1595.000 0.782
1600.000 0.793
1605.000 0.811
1610.000 0.820
1615.000 0.836
1620.000 0.844
1625.000 0.855
1630.000 0.872
1635.000 0.889
1640.000 0.902
1645.000 0.921
1650.000 0.936
1655.000 0.955
1660.000 0.970
1665.000 0.992
1670.000 1.009
1675.000 1.032
1680.000 1.055
1685.000 1.062
1690.000 1.085
1695.000 1.112
1700.000 1.133
1705.000 1.156
1710.000 1.183
1715.000 1.204
1720.000 1.235
1725.000 1.267
1730.000 1.296
1735.000 1.327
1740.000 1.354
1745.000 1.370
1750.000 1.404
1755.000 1.434
1760.000 1.470
1765.000 1.505
1770.000 1.541
1775.000 1.574
1780.000 1.610
1785.000 1.642
1790.000 1.680
1795.000 1.714
1800.000 1.730
1805.000 1.771
1810.000 1.806
1815.000 1.840
1820.000 1.878
1825.000 1.907
1830.000 1.939
1835.000 1.966
1840.000 1.994
1845.000 2.020
1850.000 2.042
1855.000 2.063
1860.000 2.086
1865.000 2.101
1870.000 2.117
1875.000 2.133
1880.000 2.140
1885.000 2.153
1890.000 2.157
1895.000 2.164
1900.000 2.167
1905.000 2.172
1910.000 2.175
1915.000 2.168
1920.000 2.162
1925.000 2.160
1930.000 2.150
1935.000 2.156
1940.000 2.152
1945.000 2.142
1950.000 2.128
1955.000 2.122
1960.000 2.110
1965.000 2.101
1970.000 2.088
1975.000 2.074
1980.000 2.078
1985.000 2.052
1990.000 2.062
1995.000 2.041
2000.000 2.040
2005.000 2.022
2010.000 2.020
2015.000 2.004
2020.000 2.007
2025.000 1.994
2030.000 1.998
2035.000 1.979
2040.000 1.990
2045.000 1.980
2050.000 1.972
2055.000 1.973
2060.000 1.977
2065.000 1.967
2070.000 1.969
2075.000 1.973
2080.000 1.971
2085.000 1.983
2090.000 1.986
2095.000 1.994
2100.000 2.002
2105.000 2.012
2110.000 2.020
2115.000 2.033
2120.000 2.046
2125.000 2.057
2130.000 2.073
2135.000 2.086
2140.000 2.108
2145.000 2.128
2150.000 2.153
2155.000 2.188
2160.000 2.212
2165.000 2.249
2170.000 2.265
2175.000 2.304
2180.000 2.347
2185.000 2.400
2190.000 2.455
2195.000 2.513
2200.000 2.573
2205.000 2.649
2210.000 2.733
2215.000 2.824
2220.000 2.931
2225.000 3.050
2230.000 3.115
2235.000 3.264
2240.000 3.434
2245.000 3.646
2250.000 3.888
2255.000 4.170
2260.000 4.532
2265.000 4.986
2270.000 5.575
2275.000 6.328
2280.000 7.330
2285.000 8.048
2290.000 9.849
2295.000 12.531
2300.000 16.737
2305.000 20.482
2310.000 22.534
2315.000 20.202
2320.000 11.353
2325.000 8.034
2330.000 6.191
2335.000 4.991
2340.000 4.150
2345.000 3.529
2350.000 3.248
2355.000 2.814
2360.000 2.482
2365.000 2.177
2370.000 1.933
2375.000 1.729
2380.000 1.562
2385.000 1.414
2390.000 1.281
2395.000 1.170
2400.000 1.066
2405.000 0.974
2410.000 0.932
2415.000 0.858
2420.000 0.782
2425.000 0.718
2430.000 0.656
2435.000 0.608
2440.000 0.559
2445.000 0.519
2450.000 0.482
2455.000 0.444
2460.000 0.408
2465.000 0.379
2470.000 0.349
2475.000 0.329
2480.000 0.311
2485.000 0.289
2490.000 0.267
2495.000 0.248
2500.000 0.234
2505.000 0.222
2510.000 0.206
2515.000 0.197
2520.000 0.190
2525.000 0.186
2530.000 0.179
2535.000 0.175
2540.000 0.176
2545.000 0.178
2550.000 0.175
2555.000 0.180
2560.000 0.175
2565.000 0.181
2570.000 0.193
2575.000 0.199
2580.000 0.205
2585.000 0.208
2590.000 0.217
2595.000 0.225
2600.000 0.226
2605.000 0.237
2610.000 0.243
2615.000 0.250
2620.000 0.259
2625.000 0.268
2630.000 0.274
2635.000 0.285
2640.000 0.293
2645.000 0.299
2650.000 0.308
2655.000 0.314
2660.000 0.318
2665.000 0.330
2670.000 0.340
2675.000 0.351
2680.000 0.361
2685.000 0.369
2690.000 0.376
2695.000 0.387
2700.000 0.397
2705.000 0.404
2710.000 0.417
2715.000 0.424
2720.000 0.431
2725.000 0.440
2730.000 0.453
2735.000 0.465
2740.000 0.471
2745.000 0.483
2750.000 0.493
2755.000 0.501
2760.000 0.516
2765.000 0.526
2770.000 0.540
2775.000 0.546
2780.000 0.555
2785.000 0.565
2790.000 0.573
2795.000 0.585
2800.000 0.599
2805.000 0.611
2810.000 0.626
2815.000 0.632
2820.000 0.647
2825.000 0.657
2830.000 0.675
2835.000 0.678
2840.000 0.686
2845.000 0.697
2850.000 0.714
2855.000 0.719
2860.000 0.730
2865.000 0.738
2870.000 0.756
2875.000 0.765
2880.000 0.775
2885.000 0.781
2890.000 0.797
2895.000 0.804
2900.000 0.806
2905.000 0.819
2910.000 0.829
2915.000 0.835
2920.000 0.846
2925.000 0.852
2930.000 0.858
2935.000 0.868
2940.000 0.874
2945.000 0.883
2950.000 0.880
2955.000 0.891
2960.000 0.895
2965.000 0.905
2970.000 0.908
2975.000 0.911
2980.000 0.923
2985.000 0.916
2990.000 0.914
2995.000 0.930
3000.000 0.920
3005.000 0.921
3010.000 0.926
3015.000 0.941
3020.000 0.933
3025.000 0.937
3030.000 0.949
3035.000 0.950
3040.000 0.955
3045.000 0.947
3050.000 0.955
3055.000 0.958
3060.000 0.952
3065.000 0.960
3070.000 0.958
3075.000 0.958
3080.000 0.959
3085.000 0.957
3090.000 0.958
3095.000 0.964
3100.000 0.963
3105.000 0.967
3110.000 0.968
3115.000 0.970
3120.000 0.971
3125.000 0.971
3130.000 0.975
3135.000 0.975
3140.000 0.973
3145.000 0.974
3150.000 0.976
3155.000 0.981
3160.000 0.980
3165.000 0.984
3170.000 0.984
3175.000 0.987
3180.000 0.990
3185.000 0.991
3190.000 0.996
3195.000 0.996
3200.000 0.998
3205.000 0.999
3210.000 1.004
3215.000 1.003
3220.000 1.008
3225.000 1.014
3230.000 1.016
3235.000 1.015
3240.000 1.023
3245.000 1.025
3250.000 1.031
3255.000 1.036
3260.000 1.038
3265.000 1.042
3270.000 1.045
3275.000 1.048
3280.000 1.054
3285.000 1.060
3290.000 1.068
3295.000 1.073
3300.000 1.075
3305.000 1.084
3310.000 1.089
3315.000 1.096
3320.000 1.100
3325.000 1.112
3330.000 1.118
3335.000 1.124
3340.000 1.131
3345.000 1.140
3350.000 1.148
3355.000 1.160
3360.000 1.166
3365.000 1.178
3370.000 1.190
3375.000 1.199
3380.000 1.213
3385.000 1.221
3390.000 1.227
3395.000 1.243
3400.000 1.253
3405.000 1.269
3410.000 1.286
3415.000 1.296
3420.000 1.314
3425.000 1.333
3430.000 1.348
3435.000 1.365
3440.000 1.387
3445.000 1.400
3450.000 1.416
3455.000 1.439
3460.000 1.459
3465.000 1.484
3470.000 1.509
3475.000 1.538
3480.000 1.566
3485.000 1.592
3490.000 1.624
3495.000 1.658
3500.000 1.693
3505.000 1.711
3510.000 1.747
3515.000 1.788
3520.000 1.832
3525.000 1.871
3530.000 1.924
3535.000 1.971
3540.000 2.032
3545.000 2.092
3550.000 2.151
3555.000 2.222
3560.000 2.298
3565.000 2.335
3570.000 2.421
3575.000 2.512
3580.000 2.611
3585.000 2.717
3590.000 2.830
3595.000 2.972
3600.000 3.113
3605.000 3.277
3610.000 3.458
3615.000 3.655
3620.000 3.900
3625.000 4.169
3630.000 4.297
3635.000 4.646
3640.000 5.042
3645.000 5.511
3650.000 6.065
3655.000 6.720
3660.000 7.627
3665.000 8.745
3670.000 10.137
3675.000 12.301
3680.000 15.061
3685.000 19.650
3690.000 22.676
3695.000 31.048
3700.000 40.035
3705.000 37.933
3710.000 24.240
3715.000 16.642
3720.000 13.025
3725.000 10.462
3730.000 8.846
3735.000 7.703
3740.000 6.733
3745.000 6.051
3750.000 5.427
3755.000 5.148
3760.000 4.736
3765.000 4.356
3770.000 4.039
3775.000 3.771
3780.000 3.536
3785.000 3.339
3790.000 3.141
3795.000 2.976
3800.000 2.837
3805.000 2.702
3810.000 2.640
3815.000 2.526
3820.000 2.421
3825.000 2.330
3830.000 2.233
3835.000 2.151
3840.000 2.079
3845.000 2.006
3850.000 1.947
3855.000 1.883
3860.000 1.827
3865.000 1.777
3870.000 1.750
3875.000 1.703
3880.000 1.663
3885.000 1.616
3890.000 1.584
3895.000 1.540
3900.000 1.505
3905.000 1.476
3910.000 1.440
3915.000 1.410
3920.000 1.379
3925.000 1.357
3930.000 1.333
3935.000 1.316
3940.000 1.290
3945.000 1.270
3950.000 1.252
3955.000 1.233
3960.000 1.217
3965.000 1.186
3970.000 1.181
3975.000 1.161
3980.000 1.134
3985.000 1.130
3990.000 1.110
3995.000 1.101
4000.000 1.081
4005.000 1.076
4010.000 1.056
4015.000 1.047
4020.000 1.028
4025.000 1.023
4030.000 1.009
4035.000 1.006
4040.000 0.995
4045.000 0.976
4050.000 0.982
4055.000 0.973
4060.000 0.961
4065.000 0.946
4070.000 0.935
4075.000 0.932
4080.000 0.915
4085.000 0.911
4090.000 0.899
4095.000 0.895
4100.000 0.887
4105.000 0.881
4110.000 0.871
4115.000 0.867
4120.000 0.859
4125.000 0.850
4130.000 0.841
4135.000 0.829
4140.000 0.825
4145.000 0.810
4150.000 0.805
4155.000 0.796
4160.000 0.788
4165.000 0.779
4170.000 0.774
4175.000 0.772
4180.000 0.763
4185.000 0.760
4190.000 0.750
4195.000 0.740
4200.000 0.736
4205.000 0.730
4210.000 0.718
4215.000 0.713
4220.000 0.700
4225.000 0.694
4230.000 0.688
4235.000 0.687
4240.000 0.688
4245.000 0.685
4250.000 0.686
4255.000 0.689
4260.000 0.690
4265.000 0.692
4270.000 0.696
4275.000 0.697
4280.000 0.702
4285.000 0.702
4290.000 0.702
4295.000 0.701
4300.000 0.701
4305.000 0.705
4310.000 0.707
4315.000 0.710
4320.000 0.713
4325.000 0.718
4330.000 0.717
4335.000 0.718
4340.000 0.718
4345.000 0.717
4350.000 0.717
4355.000 0.720
4360.000 0.717
4365.000 0.716
4370.000 0.717
4375.000 0.716
4380.000 0.716
4385.000 0.715
4390.000 0.719
4395.000 0.718
4400.000 0.720
4405.000 0.722
4410.000 0.721
4415.000 0.725
4420.000 0.721
4425.000 0.726
4430.000 0.720
4435.000 0.719
4440.000 0.719
4445.000 0.723
4450.000 0.721
4455.000 0.724
4460.000 0.723
4465.000 0.725
4470.000 0.725
4475.000 0.724
4480.000 0.730
4485.000 0.728
4490.000 0.728
4495.000 0.732
4500.000 0.733
4505.000 0.734
4510.000 0.732
4515.000 0.733
4520.000 0.734
4525.000 0.737
4530.000 0.733
4535.000 0.739
4540.000 0.737
4545.000 0.740
4550.000 0.747
4555.000 0.746
4560.000 0.756
4565.000 0.756
4570.000 0.756
4575.000 0.757
4580.000 0.763
4585.000 0.762
4590.000 0.760
4595.000 0.764
4600.000 0.765
4605.000 0.770
4610.000 0.774
4615.000 0.778
4620.000 0.783
4625.000 0.786
4630.000 0.790
4635.000 0.794
4640.000 0.797
4645.000 0.810
4650.000 0.806
4655.000 0.809
4660.000 0.814
4665.000 0.815
4670.000 0.823
4675.000 0.825
4680.000 0.831
4685.000 0.840
4690.000 0.846
4695.000 0.858
4700.000 0.865
4705.000 0.870
4710.000 0.875
4715.000 0.887
4720.000 0.897
4725.000 0.900
4730.000 0.904
4735.000 0.917
4740.000 0.923
4745.000 0.931
4750.000 0.943
4755.000 0.958
4760.000 0.973
4765.000 0.985
4770.000 1.003
4775.000 1.017
4780.000 1.024
4785.000 1.043
4790.000 1.056
4795.000 1.075
4800.000 1.093
4805.000 1.111
4810.000 1.130
4815.000 1.154
4820.000 1.177
4825.000 1.202
4830.000 1.228
4835.000 1.265
4840.000 1.294
4845.000 1.312
4850.000 1.350
4855.000 1.387
4860.000 1.432
4865.000 1.477
4870.000 1.523
4875.000 1.578
4880.000 1.641
4885.000 1.699
4890.000 1.776
4895.000 1.856
4900.000 1.951
4905.000 1.998
4910.000 2.092
4915.000 2.234
4920.000 2.374
4925.000 2.524
4930.000 2.724
4935.000 2.931
4940.000 3.205
4945.000 3.481
4950.000 3.748
4955.000 4.000
4960.000 4.006
4965.000 6.434
4970.000 10.501
4975.000 16.593
4980.000 15.863
4985.000 18.469
4990.000 17.764
4995.000 12.590
5000.000 8.880
5005.000 6.688
5010.000 5.435
5015.000 4.578
5020.000 3.878
5025.000 3.639
5030.000 3.220
5035.000 2.870
5040.000 2.605
5045.000 2.357
5050.000 2.171
5055.000 2.010
5060.000 1.868
5065.000 1.759
5070.000 1.645
5075.000 1.555
5080.000 1.477
5085.000 1.442
5090.000 1.378
5095.000 1.327
5100.000 1.273
5105.000 1.229
5110.000 1.183
5115.000 1.141
5120.000 1.099
5125.000 1.064
5130.000 1.036
5135.000 1.002
5140.000 0.973
5145.000 0.950
5150.000 0.935
5155.000 0.916
5160.000 0.900
5165.000 0.882
5170.000 0.870
5175.000 0.853
5180.000 0.839
5185.000 0.827
5190.000 0.814
5195.000 0.806
5200.000 0.794
5205.000 0.783
5210.000 0.780
5215.000 0.774
5220.000 0.770
5225.000 0.765
5230.000 0.761
5235.000 0.758
5240.000 0.753
5245.000 0.748
5250.000 0.750
5255.000 0.747
5260.000 0.743
5265.000 0.743
5270.000 0.740
5275.000 0.738
5280.000 0.741
5285.000 0.735
5290.000 0.738
5295.000 0.736
5300.000 0.741
5305.000 0.743
5310.000 0.741
5315.000 0.742
5320.000 0.746
5325.000 0.748
5330.000 0.749
5335.000 0.746
5340.000 0.748
5345.000 0.748
5350.000 0.747
5355.000 0.753
5360.000 0.750
5365.000 0.756
5370.000 0.756
5375.000 0.757
5380.000 0.761
5385.000 0.762
5390.000 0.765
5395.000 0.766
5400.000 0.766
5405.000 0.768
5410.000 0.767
5415.000 0.769
5420.000 0.770
5425.000 0.768
5430.000 0.769
5435.000 0.770
5440.000 0.775
5445.000 0.777
5450.000 0.779
5455.000 0.780
5460.000 0.780
5465.000 0.780
5470.000 0.778
5475.000 0.783
5480.000 0.779
5485.000 0.781
5490.000 0.783
5495.000 0.783
5500.000 0.782
5505.000 0.784
5510.000 0.787
5515.000 0.786
5520.000 0.788
5525.000 0.789
5530.000 0.793
5535.000 0.791
5540.000 0.790
5545.000 0.792
5550.000 0.788
5555.000 0.789
5560.000 0.791
5565.000 0.790
5570.000 0.793
5575.000 0.788
5580.000 0.795
5585.000 0.795
5590.000 0.799
5595.000 0.800
5600.000 0.800
5605.000 0.801
5610.000 0.801
5615.000 0.803
5620.000 0.801
5625.000 0.802
5630.000 0.803
5635.000 0.802
5640.000 0.800
5645.000 0.804
5650.000 0.803
5655.000 0.808
5660.000 0.807
5665.000 0.810
5670.000 0.813
5675.000 0.816
5680.000 0.817
5685.000 0.822
5690.000 0.821
5695.000 0.817
5700.000 0.818
5705.000 0.817
5710.000 0.818
5715.000 0.820
5720.000 0.822
5725.000 0.823
5730.000 0.826
5735.000 0.828
5740.000 0.834
5745.000 0.840
5750.000 0.841
5755.000 0.843
5760.000 0.846
5765.000 0.845
5770.000 0.846
5775.000 0.845
5780.000 0.852
5785.000 0.849
5790.000 0.855
5795.000 0.853
5800.000 0.859
5805.000 0.866
5810.000 0.871
5815.000 0.872
5820.000 0.878
5825.000 0.882
5830.000 0.887
5835.000 0.888
5840.000 0.898
5845.000 0.895
5850.000 0.901
5855.000 0.907
5860.000 0.908
5865.000 0.917
5870.000 0.924
5875.000 0.929
5880.000 0.934
5885.000 0.939
5890.000 0.947
5895.000 0.956
5900.000 0.964
5905.000 0.973
5910.000 0.976
5915.000 0.979
5920.000 0.991
5925.000 0.996
5930.000 1.004
5935.000 1.013
5940.000 1.013
5945.000 1.028
5950.000 1.043
5955.000 1.054
5960.000 1.070
5965.000 1.075
5970.000 1.095
5975.000 1.106
5980.000 1.111
5985.000 1.133
5990.000 1.139
5995.000 1.134
6000.000 1.161
6005.000 1.175
6010.000 1.191
6015.000 1.195
6020.000 1.216
6025.000 1.234
6030.000 1.267
6035.000 1.282
6040.000 1.308
6045.000 1.326
6050.000 1.356
6055.000 1.376
6060.000 1.385
6065.000 1.416
6070.000 1.442
6075.000 1.466
6080.000 1.506
6085.000 1.540
6090.000 1.579
6095.000 1.613
6100.000 1.667
6105.000 1.716
6110.000 1.774
6115.000 1.833
6120.000 1.890
6125.000 1.924
6130.000 1.999
6135.000 2.069
6140.000 2.169
6145.000 2.274
6150.000 2.378
6155.000 2.515
6160.000 2.650
6165.000 2.834
6170.000 3.040
6175.000 3.276
6180.000 3.570
6185.000 3.737
6190.000 4.098
6195.000 4.624
6200.000 5.195
6205.000 6.117
6210.000 7.277
6215.000 8.678
6220.000 10.760
6225.000 12.238
6230.000 11.171
6235.000 7.419
6240.000 7.044
6245.000 7.742
6250.000 6.217
6255.000 5.031
6260.000 4.263
6265.000 3.870
6270.000 3.570
6275.000 3.374
6280.000 3.205
6285.000 3.057
6290.000 2.919
6295.000 2.750
6300.000 2.585
6305.000 2.541
6310.000 2.386
6315.000 2.241
6320.000 2.125
6325.000 2.017
6330.000 1.924
6335.000 1.816
6340.000 1.737
6345.000 1.653
6350.000 1.589
6355.000 1.532
6360.000 1.471
6365.000 1.446
6370.000 1.398
6375.000 1.351
6380.000 1.314
6385.000 1.279
6390.000 1.243
6395.000 1.219
6400.000 1.183
6405.000 1.166
6410.000 1.133
6415.000 1.113
6420.000 1.100
6425.000 1.080
6430.000 1.074
6435.000 1.066
6440.000 1.051
6445.000 1.046
6450.000 1.042
6455.000 1.039
6460.000 1.037
6465.000 1.041
6470.000 1.047
6475.000 1.053
6480.000 1.065
6485.000 1.071
6490.000 1.084
6495.000 1.110
6500.000 1.135
6505.000 1.178
6510.000 1.231
6515.000 1.300
6520.000 1.383
6525.000 1.486
6530.000 1.647
6535.000 1.848
6540.000 2.171
6545.000 2.370
6550.000 3.023
6555.000 4.077
6560.000 6.513
6565.000 10.044
6570.000 11.153
6575.000 4.489
6580.000 2.190
6585.000 1.588
6590.000 1.643
6595.000 1.243
6600.000 1.040
6605.000 0.906
6610.000 0.870
6615.000 0.787
6620.000 0.728
6625.000 0.687
6630.000 0.654
6635.000 0.619
6640.000 0.598
6645.000 0.575
6650.000 0.559
6655.000 0.541
6660.000 0.529
6665.000 0.518
6670.000 0.514
6675.000 0.506
6680.000 0.502
6685.000 0.502
6690.000 0.496
6695.000 0.495
6700.000 0.494
6705.000 0.490
6710.000 0.479
6715.000 0.479
6720.000 0.472
6725.000 0.469
6730.000 0.467
6735.000 0.463
6740.000 0.460
6745.000 0.459
6750.000 0.462
6755.000 0.460
6760.000 0.464
6765.000 0.464
6770.000 0.465
6775.000 0.459
6780.000 0.462
6785.000 0.458
6790.000 0.450
6795.000 0.453
6800.000 0.449
6805.000 0.448
6810.000 0.445
6815.000 0.448
6820.000 0.446
6825.000 0.446
6830.000 0.445
6835.000 0.449
6840.000 0.453
6845.000 0.450
6850.000 0.451
6855.000 0.445
6860.000 0.446
6865.000 0.444
6870.000 0.439
6875.000 0.441
6880.000 0.436
6885.000 0.433
6890.000 0.435
6895.000 0.437
6900.000 0.432
6905.000 0.443
6910.000 0.440
6915.000 0.443
6920.000 0.439
6925.000 0.442
6930.000 0.435
6935.000 0.440
6940.000 0.437
6945.000 0.434
6950.000 0.426
6955.000 0.422
6960.000 0.422
6965.000 0.430
6970.000 0.427
6975.000 0.422
6980.000 0.431
6985.000 0.431
6990.000 0.432
6995.000 0.427
7000.000 0.438
7005.000 0.433
7010.000 0.427
7015.000 0.423
7020.000 0.416
7025.000 0.417
7030.000 0.414
7035.000 0.416
7040.000 0.420
7045.000 0.412
7050.000 0.421
7055.000 0.422
7060.000 0.415
7065.000 0.425
7070.000 0.419
7075.000 0.415
7080.000 0.418
7085.000 0.410
7090.000 0.408
7095.000 0.410
7100.000 0.402
7105.000 0.403
7110.000 0.404
7115.000 0.409
7120.000 0.407
7125.000 0.406
7130.000 0.407
7135.000 0.407
7140.000 0.405
7145.000 0.406
7150.000 0.401
7155.000 0.399
7160.000 0.397
7165.000 0.392
7170.000 0.390
7175.000 0.391
7180.000 0.392
7185.000 0.390
7190.000 0.393
7195.000 0.390
7200.000 0.395
7205.000 0.396
7210.000 0.393
7215.000 0.391
7220.000 0.389
7225.000 0.389
7230.000 0.386
7235.000 0.383
7240.000 0.380
7245.000 0.381
7250.000 0.386
7255.000 0.385
7260.000 0.388
7265.000 0.392
7270.000 0.399
7275.000 0.397
7280.000 0.402
7285.000 0.408
7290.000 0.408
7295.000 0.411
7300.000 0.415
7305.000 0.423
7310.000 0.433
7315.000 0.445
7320.000 0.456
7325.000 0.476
7330.000 0.491
7335.000 0.517
7340.000 0.529
7345.000 0.550
7350.000 0.586
7355.000 0.621
7360.000 0.653
7365.000 0.702
7370.000 0.751
7375.000 0.826
7380.000 0.903
7385.000 0.989
7390.000 1.114
7395.000 1.240
7400.000 1.320
7405.000 1.535
7410.000 1.745
7415.000 2.095
7420.000 2.510
7425.000 2.981
7430.000 3.746
7435.000 4.463
7440.000 4.979
7445.000 4.569
7450.000 3.500
7455.000 2.532
7460.000 2.685
7465.000 2.945
7470.000 3.498
7475.000 3.336
7480.000 2.883
7485.000 2.555
7490.000 2.315
7495.000 2.096
7500.000 1.955
7505.000 1.815
7510.000 1.706
7515.000 1.621
7520.000 1.580
7525.000 1.507
7530.000 1.444
7535.000 1.385
7540.000 1.340
7545.000 1.290
7550.000 1.254
7555.000 1.219
7560.000 1.187
7565.000 1.167
7570.000 1.137
7575.000 1.116
7580.000 1.112
7585.000 1.089
7590.000 1.073
7595.000 1.054
7600.000 1.037
7605.000 1.021
7610.000 1.001
7615.000 0.985
7620.000 0.974
7625.000 0.963
7630.000 0.953
7635.000 0.945
7640.000 0.939
7645.000 0.938
7650.000 0.931
7655.000 0.925
7660.000 0.917
7665.000 0.915
7670.000 0.904
7675.000 0.897
7680.000 0.891
7685.000 0.879
7690.000 0.874
7695.000 0.872
7700.000 0.868
7705.000 0.866
7710.000 0.867
7715.000 0.867
7720.000 0.864
7725.000 0.863
7730.000 0.861
7735.000 0.859
7740.000 0.856
7745.000 0.854
7750.000 0.847
7755.000 0.844
7760.000 0.845
7765.000 0.837
7770.000 0.838
7775.000 0.840
7780.000 0.840
7785.000 0.842
7790.000 0.849
7795.000 0.850
7800.000 0.851
7805.000 0.853
7810.000 0.854
7815.000 0.851
7820.000 0.853
7825.000 0.854
7830.000 0.852
7835.000 0.854
7840.000 0.854
7845.000 0.855
7850.000 0.859
7855.000 0.868
7860.000 0.874
7865.000 0.879
7870.000 0.887
7875.000 0.893
7880.000 0.899
7885.000 0.907
7890.000 0.907
7895.000 0.910
7900.000 0.919
7905.000 0.921
7910.000 0.930
7915.000 0.938
7920.000 0.954
7925.000 0.962
7930.000 0.978
7935.000 0.993
7940.000 1.009
7945.000 1.034
7950.000 1.052
7955.000 1.062
7960.000 1.087
7965.000 1.121
7970.000 1.143
7975.000 1.177
7980.000 1.221
7985.000 1.264
7990.000 1.321
7995.000 1.390
8000.000 1.479
8005.000 1.524
8010.000 1.630
8015.000 1.802
8020.000 1.960
8025.000 2.272
8030.000 2.665
8035.000 3.203
8040.000 4.372
8045.000 6.154
8050.000 8.831
8055.000 9.715
8060.000 4.552
8065.000 2.900
8070.000 1.745
8075.000 1.322
8080.000 1.147
8085.000 0.927
8090.000 0.729
8095.000 0.608
8100.000 0.520
8105.000 0.450
8110.000 0.401
8115.000 0.366
8120.000 0.343
8125.000 0.330
8130.000 0.326
8135.000 0.317
8140.000 0.320
8145.000 0.324
8150.000 0.328
8155.000 0.337
8160.000 0.344
8165.000 0.352
8170.000 0.362
8175.000 0.364
8180.000 0.369
8185.000 0.377
8190.000 0.374
8195.000 0.377
8200.000 0.386
8205.000 0.390
8210.000 0.398
8215.000 0.406
8220.000 0.411
8225.000 0.415
8230.000 0.428
8235.000 0.434
8240.000 0.441
8245.000 0.445
8250.000 0.448
8255.000 0.451
8260.000 0.449
8265.000 0.452
8270.000 0.451
8275.000 0.456
8280.000 0.461
8285.000 0.465
8290.000 0.470
8295.000 0.481
8300.000 0.483
8305.000 0.491
8310.000 0.492
8315.000 0.496
8320.000 0.503
8325.000 0.503
8330.000 0.511
8335.000 0.506
8340.000 0.507
8345.000 0.512
8350.000 0.513
8355.000 0.513
8360.000 0.521
8365.000 0.531
8370.000 0.534
8375.000 0.541
8380.000 0.548
8385.000 0.552
8390.000 0.560
8395.000 0.562
8400.000 0.564
8405.000 0.575
8410.000 0.573
8415.000 0.575
8420.000 0.581
8425.000 0.587
8430.000 0.595
8435.000 0.599
8440.000 0.611
8445.000 0.619
8450.000 0.636
8455.000 0.648
8460.000 0.662
8465.000 0.675
8470.000 0.691
8475.000 0.708
8480.000 0.730
8485.000 0.753
8490.000 0.764
8495.000 0.802
8500.000 0.850
8505.000 0.929
8510.000 1.013
8515.000 1.136
8520.000 1.430
8525.000 1.895
8530.000 2.677
8535.000 3.937
8540.000 3.047
8545.000 0.887
8550.000 0.538
8555.000 0.234
8560.000 0.368
8565.000 0.325
8570.000 0.339
8575.000 0.337
8580.000 0.359
8585.000 0.372
8590.000 0.380
8595.000 0.383
8600.000 0.377
8605.000 0.366
8610.000 0.332
8615.000 0.313
8620.000 0.265
8625.000 0.243
8630.000 0.351
8635.000 0.610
8640.000 0.910
8645.000 1.111
8650.000 1.287
8655.000 1.407
8660.000 1.542
8665.000 1.662
8670.000 1.790
8675.000 1.889
8680.000 1.825
8685.000 1.490
8690.000 0.984
8695.000 0.694
8700.000 0.475
8705.000 0.338
8710.000 0.255
8715.000 0.184
8720.000 0.157
8725.000 0.147
8730.000 0.153
8735.000 0.158
8740.000 0.177
8745.000 0.195
8750.000 0.216
8755.000 0.232
8760.000 0.242
8765.000 0.255
8770.000 0.269
8775.000 0.272
8780.000 0.281
8785.000 0.288
8790.000 0.291
8795.000 0.304
8800.000 0.308
8805.000 0.319
8810.000 0.331
8815.000 0.351
8820.000 0.336
8825.000 0.368
8830.000 0.368
8835.000 0.351
8840.000 0.352
8845.000 0.363
8850.000 0.361
8855.000 0.360
8860.000 0.360
8865.000 0.365
8870.000 0.363
8875.000 0.368
8880.000 0.374
8885.000 0.376
8890.000 0.382
8895.000 0.388
8900.000 0.387
8905.000 0.390
8910.000 0.391
8915.000 0.391
8920.000 0.388
8925.000 0.386
8930.000 0.386
8935.000 0.386
8940.000 0.387
8945.000 0.388
8950.000 0.391
8955.000 0.393
8960.000 0.398
8965.000 0.396
8970.000 0.407
8975.000 0.402
8980.000 0.400
8985.000 0.404
8990.000 0.407
8995.000 0.401
9000.000 0.394
9005.000 0.388
9010.000 0.392
9015.000 0.391
9020.000 0.399
9025.000 0.396
9030.000 0.397
9035.000 0.398
9040.000 0.400
9045.000 0.408
9050.000 0.402
9055.000 0.400
9060.000 0.403
9065.000 0.395
9070.000 0.397
9075.000 0.388
9080.000 0.390
9085.000 0.388
9090.000 0.389
9095.000 0.389
9100.000 0.394
9105.000 0.390
9110.000 0.394
9115.000 0.400
9120.000 0.399
9125.000 0.398
9130.000 0.400
9135.000 0.393
9140.000 0.388
9145.000 0.381
9150.000 0.383
9155.000 0.379
9160.000 0.378
9165.000 0.378
9170.000 0.373
9175.000 0.376
9180.000 0.380
9185.000 0.379
9190.000 0.382
9195.000 0.381
9200.000 0.381
9205.000 0.375
9210.000 0.372
9215.000 0.366
9220.000 0.360
9225.000 0.360
9230.000 0.355
9235.000 0.353
9240.000 0.348
9245.000 0.350
9250.000 0.348
9255.000 0.353
9260.000 0.348
9265.000 0.349
9270.000 0.345
9275.000 0.340
9280.000 0.331
9285.000 0.326
9290.000 0.324
9295.000 0.315
9300.000 0.306
9305.000 0.304
9310.000 0.295
9315.000 0.290
9320.000 0.289
9325.000 0.285
9330.000 0.282
9335.000 0.271
9340.000 0.264
9345.000 0.262
9350.000 0.244
9355.000 0.238
9360.000 0.223
9365.000 0.205
9370.000 0.191
9375.000 0.173
9380.000 0.155
9385.000 0.144
9390.000 0.120
9395.000 0.106
9400.000 0.091
9405.000 0.085
9410.000 0.083
9415.000 0.100
9420.000 0.145
9425.000 0.194
9430.000 0.289
9435.000 0.375
9440.000 0.548
9445.000 0.747
9450.000 1.019
9455.000 1.506
9460.000 2.184
9465.000 2.629
9470.000 4.562
9475.000 6.561
9480.000 6.075
9485.000 2.865
9490.000 2.243
9495.000 2.130
9500.000 1.872
9505.000 1.593
9510.000 1.447
9515.000 1.345
9520.000 1.255
9525.000 1.220
9530.000 1.168
9535.000 1.111
9540.000 1.072
9545.000 1.040
9550.000 1.012
9555.000 0.993
9560.000 0.968
9565.000 0.954
9570.000 0.931
9575.000 0.917
9580.000 0.897
9585.000 0.889
9590.000 0.881
9595.000 0.870
9600.000 0.861
9605.000 0.855
9610.000 0.848
9615.000 0.845
9620.000 0.850
9625.000 0.846
9630.000 0.844
9635.000 0.846
9640.000 0.843
9645.000 0.840
9650.000 0.841
9655.000 0.839
9660.000 0.836
9665.000 0.838
9670.000 0.838
9675.000 0.841
9680.000 0.847
9685.000 0.858
9690.000 0.866
9695.000 0.877
9700.000 0.892
9705.000 0.904
9710.000 0.909
9715.000 0.926
9720.000 0.941
9725.000 0.950
9730.000 0.973
9735.000 0.990
9740.000 1.021
9745.000 1.054
9750.000 1.091
9755.000 1.137
9760.000 1.183
9765.000 1.260
9770.000 1.298
9775.000 1.373
9780.000 1.494
9785.000 1.623
9790.000 1.757
9795.000 1.952
9800.000 2.101
9805.000 2.267
9810.000 2.266
9815.000 2.098
9820.000 1.716
9825.000 1.403
9830.000 1.053
9835.000 0.928
9840.000 0.752
9845.000 0.561
9850.000 0.432
9855.000 0.317
9860.000 0.234
9865.000 0.196
9870.000 0.223
9875.000 0.307
9880.000 0.363
9885.000 0.364
9890.000 0.356
9895.000 0.350
9900.000 0.337
9905.000 0.339
9910.000 0.337
9915.000 0.332
9920.000 0.333
9925.000 0.330
9930.000 0.333
9935.000 0.330
9940.000 0.330
9945.000 0.323
9950.000 0.325
9955.000 0.326
9960.000 0.322
9965.000 0.323
9970.000 0.326
9975.000 0.325
9980.000 0.327
9985.000 0.337
9990.000 0.339
9995.000 0.339
10000.000 0.339
10005.000 0.339
10010.000 0.337
10015.000 0.330
10020.000 0.334
10025.000 0.327
10030.000 0.318
10035.000 0.318
10040.000 0.312
10045.000 0.314
10050.000 0.313
10055.000 0.306
10060.000 0.317
10065.000 0.308
10070.000 0.305
10075.000 0.306
10080.000 0.299
10085.000 0.292
10090.000 0.276
10095.000 0.268
10100.000 0.253
10105.000 0.234
10110.000 0.222
10115.000 0.199
10120.000 0.176
10125.000 0.155
10130.000 0.116
10135.000 0.078
10140.000 0.053
10145.000 0.061
10150.000 0.172
10155.000 0.426
10160.000 0.829
10165.000 1.465
10170.000 2.444
10175.000 2.249
10180.000 2.416
10185.000 1.287
10190.000 1.031
10195.000 0.878
10200.000 0.843
10205.000 0.793
10210.000 0.735
10215.000 0.712
10220.000 0.682
10225.000 0.660
10230.000 0.635
10235.000 0.623
10240.000 0.611
10245.000 0.592
10250.000 0.582
10255.000 0.578
10260.000 0.567
10265.000 0.561
10270.000 0.556
10275.000 0.552
10280.000 0.548
10285.000 0.547
10290.000 0.543
10295.000 0.544
10300.000 0.540
10305.000 0.536
10310.000 0.527
10315.000 0.525
10320.000 0.525
10325.000 0.514
10330.000 0.514
10335.000 0.508
10340.000 0.507
10345.000 0.508
10350.000 0.507
10355.000 0.504
10360.000 0.515
10365.000 0.511
10370.000 0.511
10375.000 0.511
10380.000 0.507
10385.000 0.503
10390.000 0.501
10395.000 0.497
10400.000 0.495
10405.000 0.491
10410.000 0.490
10415.000 0.493
10420.000 0.491
10425.000 0.495
10430.000 0.493
10435.000 0.500
10440.000 0.495
10445.000 0.500
10450.000 0.497
10455.000 0.493
10460.000 0.492
10465.000 0.485
10470.000 0.483
10475.000 0.482
10480.000 0.480
10485.000 0.483
10490.000 0.483
10495.000 0.481
10500.000 0.479
10505.000 0.487
10510.000 0.486
10515.000 0.491
10520.000 0.489
10525.000 0.488
10530.000 0.481
10535.000 0.480
10540.000 0.476
10545.000 0.476
10550.000 0.474
10555.000 0.476
10560.000 0.473
10565.000 0.475
10570.000 0.480
10575.000 0.475
10580.000 0.482
10585.000 0.482
10590.000 0.482
10595.000 0.484
10600.000 0.479
10605.000 0.480
10610.000 0.478
10615.000 0.474
10620.000 0.469
10625.000 0.471
10630.000 0.470
10635.000 0.474
10640.000 0.473
10645.000 0.481
10650.000 0.480
10655.000 0.479
10660.000 0.482
10665.000 0.484
10670.000 0.481
10675.000 0.478
10680.000 0.481
10685.000 0.478
10690.000 0.475
10695.000 0.478
10700.000 0.477
10705.000 0.482
10710.000 0.482
10715.000 0.486
10720.000 0.490
10725.000 0.496
10730.000 0.501
10735.000 0.504
10740.000 0.506
10745.000 0.509
10750.000 0.507
10755.000 0.516
10760.000 0.517
10765.000 0.521
10770.000 0.532
10775.000 0.536
10780.000 0.550
10785.000 0.563
10790.000 0.590
10795.000 0.613
10800.000 0.644
10805.000 0.664
10810.000 0.700
10815.000 0.742
10820.000 0.821
10825.000 0.898
10830.000 1.054
10835.000 1.221
10840.000 1.364
10845.000 1.408
10850.000 1.170
10855.000 0.715
10860.000 0.525
10865.000 0.507
10870.000 0.598
10875.000 0.794
10880.000 0.750
10885.000 0.360
10890.000 0.331
10895.000 0.298
10900.000 0.278
10905.000 0.287
10910.000 0.294
10915.000 0.316
10920.000 0.352
10925.000 0.394
10930.000 0.407
10935.000 0.482
10940.000 0.552
10945.000 0.656
10950.000 0.774
10955.000 0.906
10960.000 1.126
10965.000 1.359
10970.000 1.628
10975.000 1.948
10980.000 2.173
10985.000 2.301
10990.000 2.385
10995.000 2.324
11000.000 2.142
11005.000 1.969
11010.000 1.802
11015.000 1.662
11020.000 1.560
11025.000 1.432
11030.000 1.349
11035.000 1.221
11040.000 1.095
11045.000 0.964
11050.000 0.859
11055.000 0.679
11060.000 0.512
11065.000 0.310
11070.000 0.297
11075.000 0.382
11080.000 0.461
11085.000 0.513
11090.000 0.564
11095.000 0.591
11100.000 0.622
11105.000 0.640
11110.000 0.645
11115.000 0.651
11120.000 0.658
11125.000 0.660
11130.000 0.661
11135.000 0.661
11140.000 0.663
11145.000 0.664
11150.000 0.665
11155.000 0.667
11160.000 0.667
11165.000 0.671
11170.000 0.672
11175.000 0.671
11180.000 0.672
11185.000 0.671
11190.000 0.668
11195.000 0.667
11200.000 0.668
11205.000 0.662
11210.000 0.664
11215.000 0.663
11220.000 0.663
11225.000 0.663
11230.000 0.666
11235.000 0.668
11240.000 0.670
11245.000 0.669
11250.000 0.673
11255.000 0.669
11260.000 0.672
11265.000 0.668
11270.000 0.667
11275.000 0.667
11280.000 0.659
11285.000 0.660
11290.000 0.659
11295.000 0.664
11300.000 0.664
11305.000 0.662
11310.000 0.670
11315.000 0.666
11320.000 0.674
11325.000 0.668
11330.000 0.670
11335.000 0.668
11340.000 0.666
11345.000 0.662
11350.000 0.666
11355.000 0.665
11360.000 0.660
11365.000 0.661
11370.000 0.667
11375.000 0.667
11380.000 0.667
11385.000 0.673
11390.000 0.673
11395.000 0.674
11400.000 0.673
11405.000 0.672
11410.000 0.672
11415.000 0.670
11420.000 0.670
11425.000 0.667
11430.000 0.670
11435.000 0.666
11440.000 0.667
11445.000 0.671
11450.000 0.676
11455.000 0.674
11460.000 0.677
11465.000 0.682
11470.000 0.681
11475.000 0.681
11480.000 0.682
11485.000 0.681
11490.000 0.681
11495.000 0.680
11500.000 0.683
11505.000 0.681
11510.000 0.680
11515.000 0.687
11520.000 0.685
11525.000 0.694
11530.000 0.697
11535.000 0.697
11540.000 0.700
11545.000 0.701
11550.000 0.707
11555.000 0.706
11560.000 0.707
11565.000 0.707
11570.000 0.715
11575.000 0.715
11580.000 0.720
11585.000 0.727
11590.000 0.731
11595.000 0.738
11600.000 0.739
11605.000 0.748
11610.000 0.755
11615.000 0.762
11620.000 0.774
11625.000 0.779
11630.000 0.783
11635.000 0.796
11640.000 0.810
11645.000 0.827
11650.000 0.842
11655.000 0.861
11660.000 0.876
11665.000 0.901
11670.000 0.933
11675.000 0.978
11680.000 1.024
11685.000 1.103
11690.000 1.195
11695.000 1.299
11700.000 1.517
11705.000 1.776
11710.000 2.192
11715.000 2.415
11720.000 2.399
11725.000 1.250
11730.000 0.664
11735.000 0.223
11740.000 0.046
11745.000 0.072
11750.000 0.173
11755.000 0.240
11760.000 0.290
11765.000 0.323
11770.000 0.350
11775.000 0.378
11780.000 0.392
11785.000 0.405
11790.000 0.423
11795.000 0.439
11800.000 0.455
11805.000 0.466
11810.000 0.476
11815.000 0.491
11820.000 0.501
11825.000 0.515
11830.000 0.522
11835.000 0.530
11840.000 0.535
11845.000 0.543
11850.000 0.548
11855.000 0.557
11860.000 0.561
11865.000 0.566
11870.000 0.574
11875.000 0.579
11880.000 0.593
11885.000 0.599
11890.000 0.608
11895.000 0.619
11900.000 0.624
11905.000 0.630
11910.000 0.637
11915.000 0.646
11920.000 0.654
11925.000 0.661
11930.000 0.671
11935.000 0.682
11940.000 0.686
11945.000 0.704
11950.000 0.710
11955.000 0.731
11960.000 0.740
11965.000 0.749
11970.000 0.771
11975.000 0.793
11980.000 0.809
11985.000 0.831
11990.000 0.851
11995.000 0.889
12000.000 0.903
