105.000 2.100
110.000 2.157
115.000 2.162
120.000 2.208
125.000 2.054
130.000 2.182
135.000 2.217
140.000 2.068
145.000 2.146
150.000 2.156
155.000 2.124
160.000 2.200
165.000 2.234
170.000 2.226
175.000 2.253
180.000 2.225
185.000 2.266
190.000 2.196
195.000 2.291
200.000 2.301
205.000 2.287
210.000 2.394
215.000 2.422
220.000 2.413
225.000 2.462
230.000 2.508
235.000 2.530
240.000 2.561
245.000 2.567
250.000 2.606
255.000 2.650
260.000 2.706
265.000 2.748
270.000 2.814
275.000 2.845
280.000 2.897
285.000 2.983
290.000 3.024
295.000 3.120
300.000 3.196
305.000 3.233
310.000 3.344
315.000 3.445
320.000 3.543
325.000 3.628
330.000 3.747
335.000 3.916
340.000 4.070
345.000 4.223
350.000 4.400
355.000 4.572
360.000 4.761
365.000 4.973
370.000 5.088
375.000 5.320
380.000 5.525
385.000 5.734
390.000 5.922
395.000 6.072
400.000 6.169
405.000 6.246
410.000 6.233
415.000 6.127
420.000 5.980
425.000 5.847
430.000 5.609
435.000 5.319
440.000 4.995
445.000 4.695
450.000 4.358
455.000 4.082
460.000 3.795
465.000 3.530
470.000 3.292
475.000 3.073
480.000 2.877
485.000 2.787
490.000 2.612
495.000 2.469
500.000 2.311
505.000 2.187
510.000 2.066
515.000 1.955
520.000 1.850
525.000 1.778
530.000 1.681
535.000 1.610
540.000 1.538
545.000 1.462
550.000 1.429
555.000 1.377
560.000 1.314
565.000 1.264
570.000 1.216
575.000 1.179
580.000 1.131
585.000 1.082
590.000 1.058
595.000 1.027
600.000 0.994
605.000 0.956
610.000 0.953
615.000 0.920
620.000 0.893
625.000 0.868
630.000 0.833
635.000 0.821
640.000 0.801
645.000 0.785
650.000 0.768
655.000 0.750
660.000 0.736
665.000 0.730
670.000 0.716
675.000 0.706
680.000 0.686
685.000 0.676
690.000 0.671
695.000 0.662
700.000 0.640
705.000 0.630
710.000 0.626
715.000 0.613
720.000 0.609
725.000 0.593
730.000 0.596
735.000 0.588
740.000 0.581
745.000 0.579
750.000 0.569
755.000 0.564
760.000 0.556
765.000 0.549
770.000 0.551
775.000 0.543
780.000 0.552
785.000 0.550
790.000 0.551
795.000 0.554
800.000 0.544
805.000 0.539
810.000 0.528
815.000 0.528
820.000 0.531
825.000 0.512
830.000 0.525
835.000 0.509
840.000 0.518
845.000 0.504
850.000 0.508
855.000 0.508
860.000 0.507
865.000 0.509
870.000 0.507
875.000 0.503
880.000 0.504
885.000 0.496
890.000 0.499
895.000 0.496
900.000 0.501
905.000 0.496
910.000 0.490
915.000 0.492
920.000 0.490
925.000 0.487
930.000 0.491
935.000 0.486
940.000 0.491
945.000 0.490
950.000 0.488
955.000 0.497
960.000 0.494
965.000 0.481
970.000 0.489
975.000 0.493
980.000 0.485
985.000 0.499
990.000 0.487
995.000 0.488
1000.000 0.481
1005.000 0.488
1010.000 0.484
1015.000 0.491
1020.000 0.492
1025.000 0.489
1030.000 0.493
1035.000 0.481
1040.000 0.484
1045.000 0.488
1050.000 0.486
1055.000 0.488
1060.000 0.488
1065.000 0.486
1070.000 0.492
1075.000 0.485
1080.000 0.493
1085.000 0.486
1090.000 0.488
1095.000 0.490
1100.000 0.487
1105.000 0.489
1110.000 0.497
1115.000 0.488
1120.000 0.489
1125.000 0.489
1130.000 0.495
1135.000 0.493
1140.000 0.492
1145.000 0.497
1150.000 0.492
1155.000 0.498
1160.000 0.494
1165.000 0.500
1170.000 0.500
1175.000 0.494
1180.000 0.496
1185.000 0.504
1190.000 0.497
1195.000 0.499
1200.000 0.500
1205.000 0.499
1210.000 0.501
1215.000 0.499
1220.000 0.504
1225.000 0.509
1230.000 0.511
1235.000 0.505
1240.000 0.514
1245.000 0.511
1250.000 0.511
1255.000 0.509
1260.000 0.508
1265.000 0.513
1270.000 0.518
1275.000 0.514
1280.000 0.513
1285.000 0.512
1290.000 0.520
1295.000 0.522
1300.000 0.524
1305.000 0.521
1310.000 0.521
1315.000 0.527
1320.000 0.524
1325.000 0.526
1330.000 0.528
1335.000 0.525
1340.000 0.528
1345.000 0.532
1350.000 0.534
1355.000 0.531
1360.000 0.534
1365.000 0.540
1370.000 0.540
1375.000 0.536
1380.000 0.540
1385.000 0.541
1390.000 0.546
1395.000 0.540
1400.000 0.542
1405.000 0.537
1410.000 0.545
1415.000 0.543
1420.000 0.545
1425.000 0.545
1430.000 0.543
1435.000 0.541
1440.000 0.539
1445.000 0.537
1450.000 0.535
1455.000 0.533
1460.000 0.532
1465.000 0.535
1470.000 0.537
1475.000 0.539
1480.000 0.546
1485.000 0.548
1490.000 0.554
1495.000 0.561
1500.000 0.568
1505.000 0.573
1510.000 0.580
1515.000 0.584
1520.000 0.585
1525.000 0.591
1530.000 0.596
1535.000 0.602
1540.000 0.607
1545.000 0.614
1550.000 0.617
1555.000 0.623
1560.000 0.631
1565.000 0.635
1570.000 0.644
1575.000 0.651
1580.000 0.652
1585.000 0.656
1590.000 0.666
1595.000 0.672
1600.000 0.676
1605.000 0.687
1610.000 0.696
1615.000 0.703
1620.000 0.708
1625.000 0.717
1630.000 0.727
1635.000 0.732
1640.000 0.738
1645.000 0.743
1650.000 0.758
1655.000 0.767
1660.000 0.773
1665.000 0.786
1670.000 0.796
1675.000 0.811
1680.000 0.822
1685.000 0.835
1690.000 0.848
1695.000 0.864
1700.000 0.872
1705.000 0.884
1710.000 0.895
1715.000 0.908
1720.000 0.921
1725.000 0.940
1730.000 0.955
1735.000 0.969
1740.000 0.989
1745.000 1.004
1750.000 1.024
1755.000 1.044
1760.000 1.060
1765.000 1.067
1770.000 1.085
1775.000 1.105
1780.000 1.120
1785.000 1.137
1790.000 1.161
1795.000 1.178
1800.000 1.200
1805.000 1.221
1810.000 1.243
1815.000 1.255
1820.000 1.275
1825.000 1.287
1830.000 1.296
1835.000 1.313
1840.000 1.328
1845.000 1.339
1850.000 1.349
1855.000 1.357
1860.000 1.370
1865.000 1.377
1870.000 1.379
1875.000 1.390
1880.000 1.392
1885.000 1.394
1890.000 1.396
1895.000 1.387
1900.000 1.386
1905.000 1.389
1910.000 1.381
1915.000 1.383
1920.000 1.375
1925.000 1.366
1930.000 1.356
1935.000 1.352
1940.000 1.346
1945.000 1.337
1950.000 1.324
1955.000 1.325
1960.000 1.313
1965.000 1.300
1970.000 1.296
1975.000 1.284
1980.000 1.271
1985.000 1.269
1990.000 1.254
1995.000 1.240
2000.000 1.227
2005.000 1.215
2010.000 1.212
2015.000 1.199
2020.000 1.204
2025.000 1.192
2030.000 1.169
2035.000 1.171
2040.000 1.161
2045.000 1.148
2050.000 1.144
2055.000 1.135
2060.000 1.134
2065.000 1.124
2070.000 1.116
2075.000 1.113
2080.000 1.112
2085.000 1.108
2090.000 1.106
2095.000 1.096
2100.000 1.100
2105.000 1.100
2110.000 1.093
2115.000 1.093
2120.000 1.094
2125.000 1.092
2130.000 1.093
2135.000 1.091
2140.000 1.093
2145.000 1.093
2150.000 1.096
2155.000 1.097
2160.000 1.103
2165.000 1.105
2170.000 1.117
2175.000 1.125
2180.000 1.137
2185.000 1.148
2190.000 1.151
2195.000 1.162
2200.000 1.172
2205.000 1.187
2210.000 1.206
2215.000 1.224
2220.000 1.247
2225.000 1.275
2230.000 1.302
2235.000 1.338
2240.000 1.374
2245.000 1.414
2250.000 1.435
2255.000 1.489
2260.000 1.545
2265.000 1.622
2270.000 1.711
2275.000 1.806
2280.000 1.913
2285.000 2.017
2290.000 2.085
2295.000 2.035
2300.000 2.415
2305.000 7.286
2310.000 16.893
2315.000 19.064
2320.000 6.804
2325.000 3.679
2330.000 2.581
2335.000 1.844
2340.000 1.417
2345.000 1.099
2350.000 0.876
2355.000 0.707
2360.000 0.572
2365.000 0.477
2370.000 0.432
2375.000 0.365
2380.000 0.328
2385.000 0.277
2390.000 0.251
2395.000 0.235
2400.000 0.227
2405.000 0.224
2410.000 0.229
2415.000 0.230
2420.000 0.243
2425.000 0.247
2430.000 0.252
2435.000 0.260
2440.000 0.268
2445.000 0.276
2450.000 0.286
2455.000 0.292
2460.000 0.296
2465.000 0.301
2470.000 0.311
2475.000 0.315
2480.000 0.323
2485.000 0.328
2490.000 0.333
2495.000 0.338
2500.000 0.342
2505.000 0.341
2510.000 0.347
2515.000 0.354
2520.000 0.355
2525.000 0.359
2530.000 0.364
2535.000 0.365
2540.000 0.368
2545.000 0.371
2550.000 0.375
2555.000 0.378
2560.000 0.378
2565.000 0.382
2570.000 0.387
2575.000 0.383
2580.000 0.387
2585.000 0.390
2590.000 0.393
2595.000 0.395
2600.000 0.395
2605.000 0.394
2610.000 0.401
2615.000 0.398
2620.000 0.400
2625.000 0.403
2630.000 0.404
2635.000 0.402
2640.000 0.407
2645.000 0.408
2650.000 0.407
2655.000 0.412
2660.000 0.411
2665.000 0.413
2670.000 0.411
2675.000 0.410
2680.000 0.416
2685.000 0.417
2690.000 0.414
2695.000 0.418
2700.000 0.420
2705.000 0.423
2710.000 0.421
2715.000 0.423
2720.000 0.426
2725.000 0.421
2730.000 0.430
2735.000 0.428
2740.000 0.425
2745.000 0.431
2750.000 0.433
2755.000 0.431
2760.000 0.433
2765.000 0.436
2770.000 0.437
2775.000 0.438
2780.000 0.440
2785.000 0.446
2790.000 0.448
2795.000 0.451
2800.000 0.449
2805.000 0.453
2810.000 0.453
2815.000 0.458
2820.000 0.458
2825.000 0.463
2830.000 0.462
2835.000 0.472
2840.000 0.474
2845.000 0.475
2850.000 0.483
2855.000 0.483
2860.000 0.486
2865.000 0.491
2870.000 0.499
2875.000 0.499
2880.000 0.498
2885.000 0.504
2890.000 0.509
2895.000 0.509
2900.000 0.513
2905.000 0.520
2910.000 0.522
2915.000 0.528
2920.000 0.526
2925.000 0.536
2930.000 0.540
2935.000 0.540
2940.000 0.540
2945.000 0.548
2950.000 0.555
2955.000 0.551
2960.000 0.556
2965.000 0.565
2970.000 0.568
2975.000 0.571
2980.000 0.574
2985.000 0.568
2990.000 0.564
2995.000 0.575
3000.000 0.582
3005.000 0.591
3010.000 0.585
3015.000 0.587
3020.000 0.580
3025.000 0.590
3030.000 0.599
3035.000 0.601
3040.000 0.604
3045.000 0.595
3050.000 0.605
3055.000 0.598
3060.000 0.605
3065.000 0.603
3070.000 0.604
3075.000 0.610
3080.000 0.610
3085.000 0.614
3090.000 0.611
3095.000 0.618
3100.000 0.618
3105.000 0.614
3110.000 0.620
3115.000 0.619
3120.000 0.616
3125.000 0.621
3130.000 0.623
3135.000 0.625
3140.000 0.627
3145.000 0.627
3150.000 0.630
3155.000 0.632
3160.000 0.631
3165.000 0.632
3170.000 0.634
3175.000 0.634
3180.000 0.637
3185.000 0.637
3190.000 0.639
3195.000 0.636
3200.000 0.640
3205.000 0.643
3210.000 0.641
3215.000 0.648
3220.000 0.652
3225.000 0.649
3230.000 0.650
3235.000 0.649
3240.000 0.653
3245.000 0.652
3250.000 0.658
3255.000 0.657
3260.000 0.659
3265.000 0.661
3270.000 0.659
3275.000 0.666
3280.000 0.667
3285.000 0.667
3290.000 0.669
3295.000 0.670
3300.000 0.677
3305.000 0.681
3310.000 0.684
3315.000 0.681
3320.000 0.685
3325.000 0.685
3330.000 0.689
3335.000 0.691
3340.000 0.694
3345.000 0.693
3350.000 0.698
3355.000 0.700
3360.000 0.705
3365.000 0.709
3370.000 0.715
3375.000 0.713
3380.000 0.718
3385.000 0.723
3390.000 0.729
3395.000 0.731
3400.000 0.737
3405.000 0.737
3410.000 0.739
3415.000 0.748
3420.000 0.751
3425.000 0.757
3430.000 0.763
3435.000 0.768
3440.000 0.776
3445.000 0.781
3450.000 0.788
3455.000 0.794
3460.000 0.801
3465.000 0.804
3470.000 0.812
3475.000 0.820
3480.000 0.831
3485.000 0.835
3490.000 0.846
3495.000 0.856
3500.000 0.869
3505.000 0.878
3510.000 0.893
3515.000 0.907
3520.000 0.919
3525.000 0.938
3530.000 0.947
3535.000 0.969
3540.000 0.979
3545.000 1.001
3550.000 1.026
3555.000 1.047
3560.000 1.071
3565.000 1.103
3570.000 1.129
3575.000 1.165
3580.000 1.197
3585.000 1.240
3590.000 1.283
3595.000 1.308
3600.000 1.355
3605.000 1.419
3610.000 1.482
3615.000 1.550
3620.000 1.631
3625.000 1.718
3630.000 1.827
3635.000 1.946
3640.000 2.091
3645.000 2.258
3650.000 2.353
3655.000 2.570
3660.000 2.835
3665.000 3.151
3670.000 3.581
3675.000 4.125
3680.000 4.790
3685.000 5.799
3690.000 7.094
3695.000 10.001
3700.000 15.399
3705.000 17.697
3710.000 17.113
3715.000 11.863
3720.000 8.104
3725.000 6.028
3730.000 4.917
3735.000 4.067
3740.000 3.508
3745.000 3.099
3750.000 2.744
3755.000 2.499
3760.000 2.262
3765.000 2.082
3770.000 1.942
3775.000 1.867
3780.000 1.745
3785.000 1.647
3790.000 1.550
3795.000 1.471
3800.000 1.399
3805.000 1.339
3810.000 1.283
3815.000 1.226
3820.000 1.187
3825.000 1.143
3830.000 1.105
3835.000 1.094
3840.000 1.053
3845.000 1.025
3850.000 0.998
3855.000 0.974
3860.000 0.953
3865.000 0.925
3870.000 0.906
3875.000 0.889
3880.000 0.875
3885.000 0.859
3890.000 0.851
3895.000 0.835
3900.000 0.822
3905.000 0.817
3910.000 0.800
3915.000 0.790
3920.000 0.780
3925.000 0.766
3930.000 0.757
3935.000 0.751
3940.000 0.745
3945.000 0.737
3950.000 0.725
3955.000 0.728
3960.000 0.724
3965.000 0.707
3970.000 0.717
3975.000 0.711
3980.000 0.704
3985.000 0.699
3990.000 0.689
3995.000 0.693
4000.000 0.674
4005.000 0.667
4010.000 0.675
4015.000 0.677
4020.000 0.667
4025.000 0.665
4030.000 0.667
4035.000 0.666
4040.000 0.661
4045.000 0.657
4050.000 0.661
4055.000 0.657
4060.000 0.653
4065.000 0.658
4070.000 0.652
4075.000 0.647
4080.000 0.645
4085.000 0.645
4090.000 0.648
4095.000 0.643
4100.000 0.644
4105.000 0.643
4110.000 0.641
4115.000 0.644
4120.000 0.644
4125.000 0.646
4130.000 0.644
4135.000 0.640
4140.000 0.645
4145.000 0.640
4150.000 0.636
4155.000 0.634
4160.000 0.633
4165.000 0.630
4170.000 0.628
4175.000 0.626
4180.000 0.629
4185.000 0.627
4190.000 0.626
4195.000 0.626
4200.000 0.624
4205.000 0.622
4210.000 0.620
4215.000 0.616
4220.000 0.610
4225.000 0.606
4230.000 0.598
4235.000 0.597
4240.000 0.588
4245.000 0.585
4250.000 0.582
4255.000 0.579
4260.000 0.574
4265.000 0.574
4270.000 0.573
4275.000 0.566
4280.000 0.567
4285.000 0.563
4290.000 0.561
4295.000 0.558
4300.000 0.557
4305.000 0.557
4310.000 0.556
4315.000 0.555
4320.000 0.554
4325.000 0.556
4330.000 0.552
4335.000 0.555
4340.000 0.556
4345.000 0.558
4350.000 0.559
4355.000 0.559
4360.000 0.556
4365.000 0.556
4370.000 0.558
4375.000 0.554
4380.000 0.555
4385.000 0.554
4390.000 0.553
4395.000 0.557
4400.000 0.558
4405.000 0.558
4410.000 0.559
4415.000 0.563
4420.000 0.558
4425.000 0.562
4430.000 0.560
4435.000 0.561
4440.000 0.560
4445.000 0.559
4450.000 0.561
4455.000 0.556
4460.000 0.561
4465.000 0.559
4470.000 0.559
4475.000 0.559
4480.000 0.562
4485.000 0.562
4490.000 0.566
4495.000 0.566
4500.000 0.567
4505.000 0.569
4510.000 0.567
4515.000 0.566
4520.000 0.560
4525.000 0.564
4530.000 0.564
4535.000 0.565
4540.000 0.566
4545.000 0.566
4550.000 0.571
4555.000 0.567
4560.000 0.571
4565.000 0.568
4570.000 0.572
4575.000 0.573
4580.000 0.576
4585.000 0.575
4590.000 0.576
4595.000 0.574
4600.000 0.576
4605.000 0.577
4610.000 0.576
4615.000 0.581
4620.000 0.577
4625.000 0.583
4630.000 0.588
4635.000 0.584
4640.000 0.587
4645.000 0.589
4650.000 0.591
4655.000 0.593
4660.000 0.590
4665.000 0.592
4670.000 0.596
4675.000 0.598
4680.000 0.598
4685.000 0.600
4690.000 0.601
4695.000 0.602
4700.000 0.603
4705.000 0.612
4710.000 0.614
4715.000 0.617
4720.000 0.621
4725.000 0.625
4730.000 0.630
4735.000 0.633
4740.000 0.638
4745.000 0.637
4750.000 0.643
4755.000 0.648
4760.000 0.653
4765.000 0.659
4770.000 0.669
4775.000 0.676
4780.000 0.682
4785.000 0.692
4790.000 0.699
4795.000 0.712
4800.000 0.722
4805.000 0.733
4810.000 0.746
4815.000 0.755
4820.000 0.767
4825.000 0.781
4830.000 0.802
4835.000 0.820
4840.000 0.844
4845.000 0.864
4850.000 0.890
4855.000 0.920
4860.000 0.958
4865.000 0.972
4870.000 1.010
4875.000 1.054
4880.000 1.101
4885.000 1.150
4890.000 1.212
4895.000 1.273
4900.000 1.352
4905.000 1.439
4910.000 1.528
4915.000 1.649
4920.000 1.772
4925.000 1.851
4930.000 2.033
4935.000 2.217
4940.000 2.501
4945.000 2.835
4950.000 3.246
4955.000 3.879
4960.000 4.758
4965.000 6.260
4970.000 8.591
4975.000 8.399
4980.000 4.593
4985.000 7.579
4990.000 11.222
4995.000 12.956
5000.000 10.296
5005.000 7.045
5010.000 5.606
5015.000 4.648
5020.000 3.913
5025.000 3.408
5030.000 3.006
5035.000 2.725
5040.000 2.495
5045.000 2.292
5050.000 2.212
5055.000 2.080
5060.000 1.941
5065.000 1.846
5070.000 1.746
5075.000 1.673
5080.000 1.603
5085.000 1.537
5090.000 1.488
5095.000 1.432
5100.000 1.388
5105.000 1.370
5110.000 1.328
5115.000 1.295
5120.000 1.266
5125.000 1.238
5130.000 1.213
5135.000 1.194
5140.000 1.171
5145.000 1.157
5150.000 1.135
5155.000 1.122
5160.000 1.106
5165.000 1.095
5170.000 1.084
5175.000 1.068
5180.000 1.055
5185.000 1.041
5190.000 1.030
5195.000 1.025
5200.000 1.009
5205.000 1.000
5210.000 0.995
5215.000 0.987
5220.000 0.978
5225.000 0.971
5230.000 0.968
5235.000 0.961
5240.000 0.950
5245.000 0.946
5250.000 0.941
5255.000 0.925
5260.000 0.924
5265.000 0.911
5270.000 0.903
5275.000 0.901
5280.000 0.891
5285.000 0.889
5290.000 0.885
5295.000 0.881
5300.000 0.873
5305.000 0.872
5310.000 0.860
5315.000 0.857
5320.000 0.847
5325.000 0.839
5330.000 0.831
5335.000 0.822
5340.000 0.819
5345.000 0.809
5350.000 0.811
5355.000 0.805
5360.000 0.799
5365.000 0.792
5370.000 0.788
5375.000 0.783
5380.000 0.776
5385.000 0.770
5390.000 0.762
5395.000 0.756
5400.000 0.747
5405.000 0.741
5410.000 0.734
5415.000 0.731
5420.000 0.723
5425.000 0.718
5430.000 0.709
5435.000 0.712
5440.000 0.702
5445.000 0.699
5450.000 0.696
5455.000 0.693
5460.000 0.684
5465.000 0.679
5470.000 0.669
5475.000 0.666
5480.000 0.659
5485.000 0.652
5490.000 0.646
5495.000 0.644
5500.000 0.643
5505.000 0.639
5510.000 0.634
5515.000 0.632
5520.000 0.626
5525.000 0.623
5530.000 0.618
5535.000 0.616
5540.000 0.606
5545.000 0.608
5550.000 0.601
5555.000 0.597
5560.000 0.591
5565.000 0.588
5570.000 0.583
5575.000 0.582
5580.000 0.581
5585.000 0.578
5590.000 0.580
5595.000 0.575
5600.000 0.573
5605.000 0.570
5610.000 0.568
5615.000 0.567
5620.000 0.558
5625.000 0.558
5630.000 0.550
5635.000 0.551
5640.000 0.549
5645.000 0.547
5650.000 0.544
5655.000 0.541
5660.000 0.544
5665.000 0.543
5670.000 0.548
5675.000 0.540
5680.000 0.540
5685.000 0.534
5690.000 0.533
5695.000 0.533
5700.000 0.525
5705.000 0.526
5710.000 0.519
5715.000 0.521
5720.000 0.521
5725.000 0.521
5730.000 0.521
5735.000 0.522
5740.000 0.524
5745.000 0.519
5750.000 0.518
5755.000 0.519
5760.000 0.516
5765.000 0.512
5770.000 0.511
5775.000 0.506
5780.000 0.504
5785.000 0.501
5790.000 0.501
5795.000 0.501
5800.000 0.503
5805.000 0.501
5810.000 0.502
5815.000 0.506
5820.000 0.502
5825.000 0.499
5830.000 0.502
5835.000 0.501
5840.000 0.497
5845.000 0.495
5850.000 0.490
5855.000 0.487
5860.000 0.488
5865.000 0.486
5870.000 0.487
5875.000 0.483
5880.000 0.489
5885.000 0.490
5890.000 0.489
5895.000 0.486
5900.000 0.488
5905.000 0.484
5910.000 0.481
5915.000 0.480
5920.000 0.473
5925.000 0.475
5930.000 0.471
5935.000 0.466
5940.000 0.464
5945.000 0.468
5950.000 0.465
5955.000 0.470
5960.000 0.462
5965.000 0.468
5970.000 0.460
5975.000 0.459
5980.000 0.462
5985.000 0.455
5990.000 0.457
5995.000 0.442
6000.000 0.455
6005.000 0.455
6010.000 0.452
6015.000 0.436
6020.000 0.436
6025.000 0.452
6030.000 0.440
6035.000 0.452
6040.000 0.452
6045.000 0.445
6050.000 0.455
6055.000 0.457
6060.000 0.448
6065.000 0.458
6070.000 0.457
6075.000 0.458
6080.000 0.463
6085.000 0.467
6090.000 0.474
6095.000 0.486
6100.000 0.498
6105.000 0.513
6110.000 0.525
6115.000 0.544
6120.000 0.562
6125.000 0.585
6130.000 0.616
6135.000 0.646
6140.000 0.660
6145.000 0.696
6150.000 0.741
6155.000 0.792
6160.000 0.852
6165.000 0.914
6170.000 1.007
6175.000 1.105
6180.000 1.231
6185.000 1.375
6190.000 1.539
6195.000 1.786
6200.000 2.075
6205.000 2.217
6210.000 2.701
6215.000 3.303
6220.000 4.109
6225.000 5.326
6230.000 6.673
6235.000 8.093
6240.000 8.407
6245.000 7.828
6250.000 5.944
6255.000 4.778
6260.000 3.809
6265.000 3.143
6270.000 2.916
6275.000 2.368
6280.000 1.931
6285.000 1.580
6290.000 1.222
6295.000 0.971
6300.000 0.740
6305.000 0.565
6310.000 0.442
6315.000 0.370
6320.000 0.344
6325.000 0.336
6330.000 0.340
6335.000 0.352
6340.000 0.370
6345.000 0.386
6350.000 0.395
6355.000 0.410
6360.000 0.419
6365.000 0.430
6370.000 0.439
6375.000 0.448
6380.000 0.453
6385.000 0.458
6390.000 0.466
6395.000 0.466
6400.000 0.473
6405.000 0.479
6410.000 0.482
6415.000 0.485
6420.000 0.484
6425.000 0.483
6430.000 0.484
6435.000 0.484
6440.000 0.484
6445.000 0.486
6450.000 0.487
6455.000 0.491
6460.000 0.493
6465.000 0.495
6470.000 0.500
6475.000 0.502
6480.000 0.505
6485.000 0.507
6490.000 0.510
6495.000 0.512
6500.000 0.514
6505.000 0.509
6510.000 0.519
6515.000 0.521
6520.000 0.530
6525.000 0.544
6530.000 0.556
6535.000 0.582
6540.000 0.605
6545.000 0.640
6550.000 0.710
6555.000 0.786
6560.000 0.957
6565.000 1.104
6570.000 1.609
6575.000 2.842
6580.000 5.258
6585.000 3.705
6590.000 1.932
6595.000 0.996
6600.000 0.623
6605.000 0.629
6610.000 0.583
6615.000 0.548
6620.000 0.537
6625.000 0.518
6630.000 0.517
6635.000 0.509
6640.000 0.499
6645.000 0.496
6650.000 0.483
6655.000 0.479
6660.000 0.477
6665.000 0.470
6670.000 0.466
6675.000 0.464
6680.000 0.462
6685.000 0.463
6690.000 0.467
6695.000 0.466
6700.000 0.466
6705.000 0.466
6710.000 0.464
6715.000 0.463
6720.000 0.461
6725.000 0.459
6730.000 0.453
6735.000 0.453
6740.000 0.450
6745.000 0.448
6750.000 0.448
6755.000 0.451
6760.000 0.450
6765.000 0.457
6770.000 0.457
6775.000 0.456
6780.000 0.457
6785.000 0.456
6790.000 0.451
6795.000 0.448
6800.000 0.450
6805.000 0.441
6810.000 0.443
6815.000 0.440
6820.000 0.440
6825.000 0.439
6830.000 0.443
6835.000 0.444
6840.000 0.445
6845.000 0.449
6850.000 0.447
6855.000 0.448
6860.000 0.443
6865.000 0.447
6870.000 0.443
6875.000 0.437
6880.000 0.436
6885.000 0.434
6890.000 0.435
6895.000 0.433
6900.000 0.433
6905.000 0.431
6910.000 0.438
6915.000 0.440
6920.000 0.435
6925.000 0.439
6930.000 0.436
6935.000 0.438
6940.000 0.437
6945.000 0.438
6950.000 0.425
6955.000 0.431
6960.000 0.424
6965.000 0.421
6970.000 0.423
6975.000 0.425
6980.000 0.424
6985.000 0.426
6990.000 0.433
6995.000 0.433
7000.000 0.428
7005.000 0.434
7010.000 0.431
7015.000 0.424
7020.000 0.417
7025.000 0.417
7030.000 0.423
7035.000 0.417
7040.000 0.418
7045.000 0.417
7050.000 0.423
7055.000 0.424
7060.000 0.428
7065.000 0.418
7070.000 0.422
7075.000 0.423
7080.000 0.421
7085.000 0.419
7090.000 0.419
7095.000 0.413
7100.000 0.411
7105.000 0.411
7110.000 0.411
7115.000 0.410
7120.000 0.414
7125.000 0.416
7130.000 0.417
7135.000 0.422
7140.000 0.420
7145.000 0.425
7150.000 0.424
7155.000 0.423
7160.000 0.419
7165.000 0.422
7170.000 0.416
7175.000 0.418
7180.000 0.420
7185.000 0.424
7190.000 0.423
7195.000 0.428
7200.000 0.434
7205.000 0.435
7210.000 0.441
7215.000 0.447
7220.000 0.449
7225.000 0.451
7230.000 0.458
7235.000 0.456
7240.000 0.463
7245.000 0.464
7250.000 0.469
7255.000 0.481
7260.000 0.486
7265.000 0.500
7270.000 0.511
7275.000 0.524
7280.000 0.536
7285.000 0.551
7290.000 0.565
7295.000 0.581
7300.000 0.595
7305.000 0.608
7310.000 0.627
7315.000 0.651
7320.000 0.680
7325.000 0.707
7330.000 0.745
7335.000 0.782
7340.000 0.824
7345.000 0.874
7350.000 0.919
7355.000 0.984
7360.000 1.015
7365.000 1.077
7370.000 1.155
7375.000 1.253
7380.000 1.344
7385.000 1.477
7390.000 1.607
7395.000 1.799
7400.000 2.011
7405.000 2.236
7410.000 2.588
7415.000 2.938
7420.000 3.173
7425.000 3.828
7430.000 4.589
7435.000 5.669
7440.000 7.059
7445.000 8.406
7450.000 9.474
7455.000 8.801
7460.000 6.884
7465.000 5.146
7470.000 4.214
7475.000 3.766
7480.000 3.566
7485.000 3.384
7490.000 3.056
7495.000 2.836
7500.000 2.593
7505.000 2.395
7510.000 2.259
7515.000 2.109
7520.000 2.003
7525.000 1.892
7530.000 1.801
7535.000 1.728
7540.000 1.650
7545.000 1.615
7550.000 1.557
7555.000 1.494
7560.000 1.447
7565.000 1.400
7570.000 1.360
7575.000 1.331
7580.000 1.294
7585.000 1.267
7590.000 1.240
7595.000 1.212
7600.000 1.202
7605.000 1.175
7610.000 1.152
7615.000 1.128
7620.000 1.104
7625.000 1.087
7630.000 1.063
7635.000 1.047
7640.000 1.036
7645.000 1.018
7650.000 1.008
7655.000 1.000
7660.000 0.986
7665.000 0.982
7670.000 0.969
7675.000 0.961
7680.000 0.952
7685.000 0.938
7690.000 0.926
7695.000 0.909
7700.000 0.902
7705.000 0.892
7710.000 0.882
7715.000 0.876
7720.000 0.873
7725.000 0.863
7730.000 0.864
7735.000 0.860
7740.000 0.854
7745.000 0.849
7750.000 0.840
7755.000 0.832
7760.000 0.824
7765.000 0.814
7770.000 0.807
7775.000 0.799
7780.000 0.794
7785.000 0.787
7790.000 0.785
7795.000 0.783
7800.000 0.786
7805.000 0.775
7810.000 0.776
7815.000 0.770
7820.000 0.769
7825.000 0.762
7830.000 0.755
7835.000 0.750
7840.000 0.737
7845.000 0.738
7850.000 0.732
7855.000 0.727
7860.000 0.722
7865.000 0.720
7870.000 0.712
7875.000 0.715
7880.000 0.715
7885.000 0.707
7890.000 0.706
7895.000 0.696
7900.000 0.688
7905.000 0.685
7910.000 0.682
7915.000 0.668
7920.000 0.660
7925.000 0.656
7930.000 0.649
7935.000 0.642
7940.000 0.638
7945.000 0.633
7950.000 0.632
7955.000 0.623
7960.000 0.615
7965.000 0.594
7970.000 0.596
7975.000 0.579
7980.000 0.560
7985.000 0.551
7990.000 0.529
7995.000 0.508
8000.000 0.481
8005.000 0.456
8010.000 0.425
8015.000 0.400
8020.000 0.361
8025.000 0.300
8030.000 0.249
8035.000 0.224
8040.000 0.258
8045.000 0.409
8050.000 0.968
8055.000 1.879
8060.000 3.144
8065.000 2.875
8070.000 3.003
8075.000 2.174
8080.000 1.809
8085.000 1.467
8090.000 1.371
8095.000 1.296
8100.000 1.221
8105.000 1.169
8110.000 1.131
8115.000 1.094
8120.000 1.064
8125.000 1.035
8130.000 1.015
8135.000 0.995
8140.000 0.975
8145.000 0.962
8150.000 0.959
8155.000 0.946
8160.000 0.939
8165.000 0.933
8170.000 0.926
8175.000 0.924
8180.000 0.923
8185.000 0.914
8190.000 0.907
8195.000 0.905
8200.000 0.892
8205.000 0.892
8210.000 0.885
8215.000 0.879
8220.000 0.878
8225.000 0.876
8230.000 0.872
8235.000 0.875
8240.000 0.877
8245.000 0.876
8250.000 0.878
8255.000 0.880
8260.000 0.874
8265.000 0.873
8270.000 0.873
8275.000 0.871
8280.000 0.866
8285.000 0.865
8290.000 0.865
8295.000 0.862
8300.000 0.864
8305.000 0.867
8310.000 0.870
8315.000 0.872
8320.000 0.882
8325.000 0.883
8330.000 0.880
8335.000 0.888
8340.000 0.885
8345.000 0.881
8350.000 0.886
8355.000 0.884
8360.000 0.884
8365.000 0.884
8370.000 0.886
8375.000 0.894
8380.000 0.896
8385.000 0.909
8390.000 0.912
8395.000 0.912
8400.000 0.923
8405.000 0.930
8410.000 0.930
8415.000 0.939
8420.000 0.940
8425.000 0.944
8430.000 0.955
8435.000 0.956
8440.000 0.966
8445.000 0.974
8450.000 0.991
8455.000 0.996
8460.000 1.009
8465.000 1.029
8470.000 1.047
8475.000 1.061
8480.000 1.087
8485.000 1.104
8490.000 1.127
8495.000 1.161
8500.000 1.192
8505.000 1.239
8510.000 1.291
8515.000 1.385
8520.000 1.436
8525.000 1.570
8530.000 1.811
8535.000 2.220
8540.000 2.902
8545.000 3.949
8550.000 2.999
8555.000 0.957
8560.000 0.696
8565.000 0.729
8570.000 0.719
8575.000 0.754
8580.000 0.835
8585.000 0.919
8590.000 0.976
8595.000 1.058
8600.000 1.136
8605.000 1.217
8610.000 1.323
8615.000 1.423
8620.000 1.579
8625.000 1.739
8630.000 1.889
8635.000 1.988
8640.000 2.130
8645.000 2.126
8650.000 1.914
8655.000 1.658
8660.000 1.474
8665.000 1.435
8670.000 1.504
8675.000 1.714
8680.000 1.927
8685.000 1.915
8690.000 1.558
8695.000 1.133
8700.000 0.887
8705.000 0.600
8710.000 0.421
8715.000 0.254
8720.000 0.163
8725.000 0.064
8730.000 0.011
8735.000 0.056
8740.000 0.111
8745.000 0.149
8750.000 0.192
8755.000 0.222
8760.000 0.236
8765.000 0.271
8770.000 0.292
8775.000 0.310
8780.000 0.332
8785.000 0.348
8790.000 0.359
8795.000 0.371
8800.000 0.383
8805.000 0.392
8810.000 0.406
8815.000 0.419
8820.000 0.413
8825.000 0.436
8830.000 0.437
8835.000 0.469
8840.000 0.459
8845.000 0.478
8850.000 0.478
8855.000 0.479
8860.000 0.487
8865.000 0.484
8870.000 0.489
8875.000 0.491
8880.000 0.495
8885.000 0.499
8890.000 0.504
8895.000 0.512
8900.000 0.516
8905.000 0.525
8910.000 0.529
8915.000 0.536
8920.000 0.537
8925.000 0.537
8930.000 0.537
8935.000 0.544
8940.000 0.540
8945.000 0.540
8950.000 0.540
8955.000 0.543
8960.000 0.547
8965.000 0.542
8970.000 0.560
8975.000 0.561
8980.000 0.563
8985.000 0.574
8990.000 0.576
8995.000 0.571
9000.000 0.575
9005.000 0.579
9010.000 0.574
9015.000 0.571
9020.000 0.581
9025.000 0.574
9030.000 0.568
9035.000 0.572
9040.000 0.576
9045.000 0.584
9050.000 0.586
9055.000 0.588
9060.000 0.595
9065.000 0.599
9070.000 0.603
9075.000 0.597
9080.000 0.599
9085.000 0.598
9090.000 0.595
9095.000 0.596
9100.000 0.596
9105.000 0.598
9110.000 0.602
9115.000 0.608
9120.000 0.607
9125.000 0.614
9130.000 0.620
9135.000 0.622
9140.000 0.622
9145.000 0.627
9150.000 0.627
9155.000 0.622
9160.000 0.625
9165.000 0.622
9170.000 0.623
9175.000 0.624
9180.000 0.625
9185.000 0.628
9190.000 0.633
9195.000 0.638
9200.000 0.640
9205.000 0.648
9210.000 0.651
9215.000 0.655
9220.000 0.655
9225.000 0.660
9230.000 0.653
9235.000 0.657
9240.000 0.655
9245.000 0.658
9250.000 0.660
9255.000 0.663
9260.000 0.663
9265.000 0.670
9270.000 0.683
9275.000 0.689
9280.000 0.691
9285.000 0.696
9290.000 0.703
9295.000 0.700
9300.000 0.706
9305.000 0.708
9310.000 0.703
9315.000 0.708
9320.000 0.708
9325.000 0.717
9330.000 0.724
9335.000 0.734
9340.000 0.739
9345.000 0.753
9350.000 0.762
9355.000 0.769
9360.000 0.778
9365.000 0.780
9370.000 0.788
9375.000 0.798
9380.000 0.807
9385.000 0.812
9390.000 0.828
9395.000 0.842
9400.000 0.857
9405.000 0.873
9410.000 0.898
9415.000 0.928
9420.000 0.954
9425.000 0.993
9430.000 1.011
9435.000 1.049
9440.000 1.098
9445.000 1.162
9450.000 1.230
9455.000 1.348
9460.000 1.500
9465.000 1.707
9470.000 2.075
9475.000 2.564
9480.000 3.301
9485.000 3.200
9490.000 2.405
9495.000 1.608
9500.000 1.116
9505.000 0.856
9510.000 0.401
9515.000 0.210
9520.000 0.159
9525.000 0.193
9530.000 0.226
9535.000 0.270
9540.000 0.299
9545.000 0.320
9550.000 0.352
9555.000 0.376
9560.000 0.407
9565.000 0.428
9570.000 0.455
9575.000 0.474
9580.000 0.486
9585.000 0.508
9590.000 0.518
9595.000 0.528
9600.000 0.539
9605.000 0.548
9610.000 0.556
9615.000 0.573
9620.000 0.580
9625.000 0.596
9630.000 0.605
9635.000 0.629
9640.000 0.640
9645.000 0.657
9650.000 0.673
9655.000 0.684
9660.000 0.695
9665.000 0.709
9670.000 0.713
9675.000 0.724
9680.000 0.740
9685.000 0.752
9690.000 0.774
9695.000 0.791
9700.000 0.816
9705.000 0.834
9710.000 0.865
9715.000 0.889
9720.000 0.912
9725.000 0.947
9730.000 0.981
9735.000 0.995
9740.000 1.030
9745.000 1.075
9750.000 1.107
9755.000 1.165
9760.000 1.218
9765.000 1.296
9770.000 1.380
9775.000 1.468
9780.000 1.601
9785.000 1.727
9790.000 1.812
9795.000 2.029
9800.000 2.238
9805.000 2.518
9810.000 2.845
9815.000 3.069
9820.000 3.236
9825.000 3.115
9830.000 2.692
9835.000 2.163
9840.000 1.776
9845.000 1.359
9850.000 1.118
9855.000 0.991
9860.000 0.759
9865.000 0.639
9870.000 0.564
9875.000 0.593
9880.000 0.604
9885.000 0.506
9890.000 0.404
9895.000 0.353
9900.000 0.330
9905.000 0.311
9910.000 0.280
9915.000 0.262
9920.000 0.244
9925.000 0.218
9930.000 0.203
9935.000 0.176
9940.000 0.164
9945.000 0.150
9950.000 0.140
9955.000 0.131
9960.000 0.124
9965.000 0.125
9970.000 0.116
9975.000 0.123
9980.000 0.125
9985.000 0.123
9990.000 0.130
9995.000 0.129
10000.000 0.148
10005.000 0.153
10010.000 0.161
10015.000 0.158
10020.000 0.159
10025.000 0.165
10030.000 0.169
10035.000 0.176
10040.000 0.172
10045.000 0.172
10050.000 0.174
10055.000 0.177
10060.000 0.179
10065.000 0.185
10070.000 0.187
10075.000 0.195
10080.000 0.196
10085.000 0.199
10090.000 0.205
10095.000 0.204
10100.000 0.199
10105.000 0.197
10110.000 0.195
10115.000 0.190
10120.000 0.185
10125.000 0.181
10130.000 0.175
10135.000 0.168
10140.000 0.167
10145.000 0.154
10150.000 0.145
10155.000 0.123
10160.000 0.111
10165.000 0.085
10170.000 0.025
10175.000 0.090
10180.000 0.274
10185.000 0.940
10190.000 1.516
10195.000 0.931
10200.000 0.695
10205.000 0.534
10210.000 0.444
10215.000 0.434
10220.000 0.425
10225.000 0.407
10230.000 0.402
10235.000 0.393
10240.000 0.385
10245.000 0.380
10250.000 0.375
10255.000 0.368
10260.000 0.358
10265.000 0.359
10270.000 0.350
10275.000 0.347
10280.000 0.345
10285.000 0.350
10290.000 0.349
10295.000 0.348
10300.000 0.353
10305.000 0.351
10310.000 0.356
10315.000 0.355
10320.000 0.352
10325.000 0.348
10330.000 0.347
10335.000 0.341
10340.000 0.338
10345.000 0.340
10350.000 0.339
10355.000 0.339
10360.000 0.339
10365.000 0.342
10370.000 0.342
10375.000 0.346
10380.000 0.347
10385.000 0.345
10390.000 0.349
10395.000 0.350
10400.000 0.343
10405.000 0.341
10410.000 0.340
10415.000 0.337
10420.000 0.335
10425.000 0.335
10430.000 0.336
10435.000 0.335
10440.000 0.343
10445.000 0.340
10450.000 0.341
10455.000 0.347
10460.000 0.345
10465.000 0.343
10470.000 0.341
10475.000 0.339
10480.000 0.334
10485.000 0.333
10490.000 0.327
10495.000 0.328
10500.000 0.328
10505.000 0.329
10510.000 0.328
10515.000 0.334
10520.000 0.336
10525.000 0.334
10530.000 0.338
10535.000 0.337
10540.000 0.333
10545.000 0.332
10550.000 0.333
10555.000 0.324
10560.000 0.322
10565.000 0.318
10570.000 0.318
10575.000 0.320
10580.000 0.315
10585.000 0.321
10590.000 0.321
10595.000 0.322
10600.000 0.323
10605.000 0.322
10610.000 0.323
10615.000 0.323
10620.000 0.317
10625.000 0.316
10630.000 0.311
10635.000 0.305
10640.000 0.302
10645.000 0.300
10650.000 0.304
10655.000 0.299
10660.000 0.300
10665.000 0.302
10670.000 0.302
10675.000 0.302
10680.000 0.302
10685.000 0.298
10690.000 0.296
10695.000 0.293
10700.000 0.285
10705.000 0.283
10710.000 0.276
10715.000 0.272
10720.000 0.270
10725.000 0.270
10730.000 0.267
10735.000 0.268
10740.000 0.264
10745.000 0.262
10750.000 0.264
10755.000 0.258
10760.000 0.254
10765.000 0.246
10770.000 0.249
10775.000 0.237
10780.000 0.230
10785.000 0.225
10790.000 0.217
10795.000 0.209
10800.000 0.207
10805.000 0.205
10810.000 0.198
10815.000 0.201
10820.000 0.200
10825.000 0.202
10830.000 0.210
10835.000 0.234
10840.000 0.270
10845.000 0.355
10850.000 0.458
10855.000 0.547
10860.000 0.571
10865.000 0.477
10870.000 0.376
10875.000 0.320
10880.000 0.261
10885.000 0.265
10890.000 0.315
10895.000 0.275
10900.000 0.189
10905.000 0.160
10910.000 0.126
10915.000 0.103
10920.000 0.086
10925.000 0.091
10930.000 0.106
10935.000 0.147
10940.000 0.196
10945.000 0.242
10950.000 0.286
10955.000 0.365
10960.000 0.457
10965.000 0.578
10970.000 0.699
10975.000 0.912
10980.000 1.118
10985.000 1.329
10990.000 1.598
10995.000 1.753
11000.000 1.819
11005.000 1.755
11010.000 1.654
11015.000 1.568
11020.000 1.434
11025.000 1.327
11030.000 1.236
11035.000 1.176
11040.000 1.112
11045.000 1.072
11050.000 1.047
11055.000 1.040
11060.000 1.062
11065.000 1.156
11070.000 1.199
11075.000 1.237
11080.000 1.189
11085.000 1.115
11090.000 1.049
11095.000 0.992
11100.000 0.950
11105.000 0.907
11110.000 0.875
11115.000 0.846
11120.000 0.823
11125.000 0.802
11130.000 0.789
11135.000 0.774
11140.000 0.752
11145.000 0.737
11150.000 0.726
11155.000 0.710
11160.000 0.696
11165.000 0.688
11170.000 0.680
11175.000 0.675
11180.000 0.669
11185.000 0.661
11190.000 0.654
11195.000 0.649
11200.000 0.645
11205.000 0.639
11210.000 0.628
11215.000 0.622
11220.000 0.614
11225.000 0.607
11230.000 0.606
11235.000 0.602
11240.000 0.594
11245.000 0.598
11250.000 0.590
11255.000 0.588
11260.000 0.587
11265.000 0.584
11270.000 0.582
11275.000 0.578
11280.000 0.574
11285.000 0.566
11290.000 0.564
11295.000 0.556
11300.000 0.554
11305.000 0.551
11310.000 0.551
11315.000 0.548
11320.000 0.547
11325.000 0.546
11330.000 0.543
11335.000 0.547
11340.000 0.538
11345.000 0.537
11350.000 0.535
11355.000 0.533
11360.000 0.527
11365.000 0.524
11370.000 0.520
11375.000 0.520
11380.000 0.517
11385.000 0.515
11390.000 0.513
11395.000 0.516
11400.000 0.518
11405.000 0.516
11410.000 0.515
11415.000 0.511
11420.000 0.509
11425.000 0.505
11430.000 0.503
11435.000 0.502
11440.000 0.498
11445.000 0.494
11450.000 0.495
11455.000 0.493
11460.000 0.491
11465.000 0.493
11470.000 0.492
11475.000 0.491
11480.000 0.495
11485.000 0.488
11490.000 0.487
11495.000 0.483
11500.000 0.486
11505.000 0.477
11510.000 0.478
11515.000 0.471
11520.000 0.471
11525.000 0.468
11530.000 0.466
11535.000 0.466
11540.000 0.467
11545.000 0.469
11550.000 0.467
11555.000 0.466
11560.000 0.466
11565.000 0.462
11570.000 0.457
11575.000 0.454
11580.000 0.451
11585.000 0.449
11590.000 0.445
11595.000 0.436
11600.000 0.437
11605.000 0.438
11610.000 0.434
11615.000 0.429
11620.000 0.428
11625.000 0.431
11630.000 0.425
11635.000 0.422
11640.000 0.417
11645.000 0.412
11650.000 0.404
11655.000 0.395
11660.000 0.387
11665.000 0.379
11670.000 0.371
11675.000 0.359
11680.000 0.348
11685.000 0.340
11690.000 0.318
11695.000 0.297
11700.000 0.283
11705.000 0.245
11710.000 0.229
11715.000 0.279
11720.000 0.488
11725.000 0.815
11730.000 1.156
11735.000 0.764
11740.000 0.864
11745.000 0.996
11750.000 0.898
11755.000 0.747
11760.000 0.701
11765.000 0.669
11770.000 0.638
11775.000 0.625
11780.000 0.602
11785.000 0.592
11790.000 0.575
11795.000 0.567
11800.000 0.563
11805.000 0.550
11810.000 0.543
11815.000 0.539
11820.000 0.531
11825.000 0.523
11830.000 0.522
11835.000 0.519
11840.000 0.519
11845.000 0.512
11850.000 0.510
11855.000 0.509
11860.000 0.506
11865.000 0.504
11870.000 0.499
11875.000 0.496
11880.000 0.490
11885.000 0.484
11890.000 0.481
11895.000 0.481
11900.000 0.481
11905.000 0.482
11910.000 0.477
11915.000 0.477
11920.000 0.477
11925.000 0.473
11930.000 0.473
11935.000 0.470
11940.000 0.470
11945.000 0.465
11950.000 0.463
11955.000 0.458
11960.000 0.451
11965.000 0.455
11970.000 0.455
11975.000 0.448
11980.000 0.453
11985.000 0.452
11990.000 0.458
11995.000 0.453
12000.000 0.459
