105.000 1.506
110.000 2.282
115.000 2.026
120.000 2.190
125.000 2.119
130.000 2.100
135.000 2.125
140.000 2.223
145.000 2.285
150.000 2.198
155.000 2.251
160.000 2.307
165.000 2.305
170.000 2.235
175.000 2.298
180.000 2.251
185.000 2.272
190.000 2.316
195.000 2.321
200.000 2.311
205.000 2.376
210.000 2.361
215.000 2.420
220.000 2.455
225.000 2.470
230.000 2.498
235.000 2.517
240.000 2.573
245.000 2.585
250.000 2.641
255.000 2.657
260.000 2.675
265.000 2.747
270.000 2.773
275.000 2.845
280.000 2.893
285.000 2.976
290.000 3.024
295.000 3.108
300.000 3.196
305.000 3.259
310.000 3.384
315.000 3.440
320.000 3.521
325.000 3.626
330.000 3.753
335.000 3.889
340.000 4.025
345.000 4.199
350.000 4.350
355.000 4.528
360.000 4.746
365.000 4.936
370.000 5.159
375.000 5.378
380.000 5.473
385.000 5.676
390.000 5.865
395.000 6.018
400.000 6.129
405.000 6.174
410.000 6.192
415.000 6.112
420.000 5.944
425.000 5.732
430.000 5.448
435.000 5.275
440.000 4.975
445.000 4.675
450.000 4.343
455.000 4.049
460.000 3.762
465.000 3.521
470.000 3.286
475.000 3.070
480.000 2.872
485.000 2.682
490.000 2.511
495.000 2.372
500.000 2.300
505.000 2.171
510.000 2.049
515.000 1.940
520.000 1.839
525.000 1.751
530.000 1.657
535.000 1.580
540.000 1.514
545.000 1.462
550.000 1.386
555.000 1.332
560.000 1.298
565.000 1.259
570.000 1.201
575.000 1.158
580.000 1.111
585.000 1.079
590.000 1.041
595.000 1.008
600.000 0.977
605.000 0.942
610.000 0.912
615.000 0.888
620.000 0.863
625.000 0.846
630.000 0.832
635.000 0.831
640.000 0.800
645.000 0.777
650.000 0.760
655.000 0.740
660.000 0.728
665.000 0.708
670.000 0.682
675.000 0.687
680.000 0.674
685.000 0.666
690.000 0.659
695.000 0.647
700.000 0.631
705.000 0.611
710.000 0.620
715.000 0.602
720.000 0.599
725.000 0.587
730.000 0.577
735.000 0.573
740.000 0.569
745.000 0.561
750.000 0.560
755.000 0.550
760.000 0.549
765.000 0.546
770.000 0.552
775.000 0.544
780.000 0.546
785.000 0.542
790.000 0.548
795.000 0.550
800.000 0.540
805.000 0.534
810.000 0.528
815.000 0.521
820.000 0.519
825.000 0.523
830.000 0.512
835.000 0.509
840.000 0.515
845.000 0.503
850.000 0.503
855.000 0.502
860.000 0.507
865.000 0.498
870.000 0.495
875.000 0.494
880.000 0.491
885.000 0.491
890.000 0.492
895.000 0.493
900.000 0.493
905.000 0.487
910.000 0.487
915.000 0.490
920.000 0.486
925.000 0.486
930.000 0.487
935.000 0.491
940.000 0.486
945.000 0.490
950.000 0.484
955.000 0.487
960.000 0.482
965.000 0.482
970.000 0.477
975.000 0.477
980.000 0.493
985.000 0.487
990.000 0.487
995.000 0.488
1000.000 0.482
1005.000 0.482
1010.000 0.477
1015.000 0.485
1020.000 0.486
1025.000 0.483
1030.000 0.475
1035.000 0.482
1040.000 0.476
1045.000 0.487
1050.000 0.483
1055.000 0.483
1060.000 0.476
1065.000 0.482
1070.000 0.485
1075.000 0.489
1080.000 0.485
1085.000 0.485
1090.000 0.487
1095.000 0.486
1100.000 0.480
1105.000 0.484
1110.000 0.483
1115.000 0.486
1120.000 0.485
1125.000 0.489
1130.000 0.486
1135.000 0.488
1140.000 0.484
1145.000 0.492
1150.000 0.490
1155.000 0.494
1160.000 0.485
1165.000 0.486
1170.000 0.489
1175.000 0.495
1180.000 0.492
1185.000 0.495
1190.000 0.490
1195.000 0.487
1200.000 0.492
1205.000 0.493
1210.000 0.494
1215.000 0.500
1220.000 0.499
1225.000 0.495
1230.000 0.499
1235.000 0.496
1240.000 0.498
1245.000 0.504
1250.000 0.498
1255.000 0.504
1260.000 0.503
1265.000 0.505
1270.000 0.503
1275.000 0.502
1280.000 0.502
1285.000 0.506
1290.000 0.508
1295.000 0.503
1300.000 0.506
1305.000 0.509
1310.000 0.508
1315.000 0.511
1320.000 0.514
1325.000 0.510
1330.000 0.514
1335.000 0.511
1340.000 0.518
1345.000 0.514
1350.000 0.519
1355.000 0.518
1360.000 0.515
1365.000 0.519
1370.000 0.517
1375.000 0.521
1380.000 0.519
1385.000 0.523
1390.000 0.516
1395.000 0.525
1400.000 0.523
1405.000 0.526
1410.000 0.523
1415.000 0.527
1420.000 0.522
1425.000 0.521
1430.000 0.522
1435.000 0.524
1440.000 0.515
1445.000 0.515
1450.000 0.515
1455.000 0.510
1460.000 0.510
1465.000 0.506
1470.000 0.510
1475.000 0.510
1480.000 0.515
1485.000 0.515
1490.000 0.515
1495.000 0.524
1500.000 0.533
1505.000 0.534
1510.000 0.540
1515.000 0.543
1520.000 0.541
1525.000 0.551
1530.000 0.552
1535.000 0.552
1540.000 0.552
1545.000 0.557
1550.000 0.561
1555.000 0.568
1560.000 0.569
1565.000 0.574
1570.000 0.581
1575.000 0.578
1580.000 0.585
1585.000 0.589
1590.000 0.589
1595.000 0.592
1600.000 0.603
1605.000 0.608
1610.000 0.612
1615.000 0.614
1620.000 0.617
1625.000 0.621
1630.000 0.624
1635.000 0.629
1640.000 0.637
1645.000 0.639
1650.000 0.647
1655.000 0.649
1660.000 0.656
1665.000 0.660
1670.000 0.664
1675.000 0.673
1680.000 0.674
1685.000 0.683
1690.000 0.692
1695.000 0.698
1700.000 0.706
1705.000 0.713
1710.000 0.719
1715.000 0.724
1720.000 0.732
1725.000 0.745
1730.000 0.750
1735.000 0.760
1740.000 0.769
1745.000 0.776
1750.000 0.787
1755.000 0.796
1760.000 0.804
1765.000 0.812
1770.000 0.820
1775.000 0.829
1780.000 0.835
1785.000 0.843
1790.000 0.851
1795.000 0.869
1800.000 0.875
1805.000 0.891
1810.000 0.897
1815.000 0.904
1820.000 0.911
1825.000 0.923
1830.000 0.925
1835.000 0.933
1840.000 0.939
1845.000 0.942
1850.000 0.946
1855.000 0.952
1860.000 0.951
1865.000 0.952
1870.000 0.955
1875.000 0.954
1880.000 0.953
1885.000 0.952
1890.000 0.947
1895.000 0.945
1900.000 0.946
1905.000 0.936
1910.000 0.934
1915.000 0.925
1920.000 0.919
1925.000 0.912
1930.000 0.904
1935.000 0.889
1940.000 0.885
1945.000 0.874
1950.000 0.874
1955.000 0.860
1960.000 0.857
1965.000 0.848
1970.000 0.840
1975.000 0.832
1980.000 0.812
1985.000 0.816
1990.000 0.812
1995.000 0.792
2000.000 0.784
2005.000 0.773
2010.000 0.770
2015.000 0.750
2020.000 0.755
2025.000 0.748
2030.000 0.737
2035.000 0.737
2040.000 0.726
2045.000 0.713
2050.000 0.711
2055.000 0.704
2060.000 0.685
2065.000 0.686
2070.000 0.680
2075.000 0.672
2080.000 0.670
2085.000 0.662
2090.000 0.658
2095.000 0.650
2100.000 0.646
2105.000 0.643
2110.000 0.640
2115.000 0.633
2120.000 0.626
2125.000 0.620
2130.000 0.618
2135.000 0.614
2140.000 0.610
2145.000 0.601
2150.000 0.600
2155.000 0.591
2160.000 0.589
2165.000 0.589
2170.000 0.586
2175.000 0.580
2180.000 0.572
2185.000 0.568
2190.000 0.564
2195.000 0.557
2200.000 0.563
2205.000 0.555
2210.000 0.549
2215.000 0.539
2220.000 0.535
2225.000 0.531
2230.000 0.520
2235.000 0.512
2240.000 0.501
2245.000 0.491
2250.000 0.501
2255.000 0.462
2260.000 0.452
2265.000 0.440
2270.000 0.435
2275.000 0.462
2280.000 0.546
2285.000 0.746
2290.000 1.145
2295.000 2.001
2300.000 4.043
2305.000 8.169
2310.000 13.798
2315.000 11.946
2320.000 1.597
2325.000 1.242
2330.000 0.386
2335.000 0.139
2340.000 0.258
2345.000 0.347
2350.000 0.410
2355.000 0.471
2360.000 0.511
2365.000 0.485
2370.000 0.516
2375.000 0.528
2380.000 0.537
2385.000 0.552
2390.000 0.543
2395.000 0.548
2400.000 0.553
2405.000 0.563
2410.000 0.566
2415.000 0.565
2420.000 0.572
2425.000 0.574
2430.000 0.570
2435.000 0.571
2440.000 0.573
2445.000 0.574
2450.000 0.577
2455.000 0.577
2460.000 0.578
2465.000 0.578
2470.000 0.581
2475.000 0.583
2480.000 0.584
2485.000 0.586
2490.000 0.590
2495.000 0.585
2500.000 0.588
2505.000 0.591
2510.000 0.590
2515.000 0.590
2520.000 0.590
2525.000 0.595
2530.000 0.596
2535.000 0.597
2540.000 0.600
2545.000 0.602
2550.000 0.606
2555.000 0.610
2560.000 0.608
2565.000 0.611
2570.000 0.615
2575.000 0.615
2580.000 0.615
2585.000 0.615
2590.000 0.617
2595.000 0.624
2600.000 0.628
2605.000 0.629
2610.000 0.633
2615.000 0.636
2620.000 0.634
2625.000 0.644
2630.000 0.643
2635.000 0.648
2640.000 0.654
2645.000 0.655
2650.000 0.659
2655.000 0.665
2660.000 0.670
2665.000 0.671
2670.000 0.674
2675.000 0.682
2680.000 0.687
2685.000 0.690
2690.000 0.692
2695.000 0.697
2700.000 0.705
2705.000 0.708
2710.000 0.718
2715.000 0.721
2720.000 0.729
2725.000 0.731
2730.000 0.732
2735.000 0.739
2740.000 0.747
2745.000 0.753
2750.000 0.758
2755.000 0.765
2760.000 0.770
2765.000 0.778
2770.000 0.785
2775.000 0.792
2780.000 0.803
2785.000 0.810
2790.000 0.818
2795.000 0.821
2800.000 0.830
2805.000 0.837
2810.000 0.839
2815.000 0.842
2820.000 0.854
2825.000 0.858
2830.000 0.867
2835.000 0.876
2840.000 0.883
2845.000 0.889
2850.000 0.895
2855.000 0.901
2860.000 0.910
2865.000 0.915
2870.000 0.920
2875.000 0.926
2880.000 0.928
2885.000 0.935
2890.000 0.935
2895.000 0.940
2900.000 0.948
2905.000 0.951
2910.000 0.957
2915.000 0.957
2920.000 0.969
2925.000 0.973
2930.000 0.968
2935.000 0.977
2940.000 0.978
2945.000 0.980
2950.000 0.982
2955.000 0.989
2960.000 0.988
2965.000 0.986
2970.000 0.991
2975.000 0.987
2980.000 0.978
2985.000 0.993
2990.000 0.996
2995.000 0.980
3000.000 0.995
3005.000 0.998
3010.000 1.000
3015.000 0.978
3020.000 0.982
3025.000 0.977
3030.000 0.989
3035.000 0.978
3040.000 0.979
3045.000 0.981
3050.000 0.982
3055.000 0.975
3060.000 0.970
3065.000 0.978
3070.000 0.971
3075.000 0.968
3080.000 0.965
3085.000 0.965
3090.000 0.960
3095.000 0.961
3100.000 0.961
3105.000 0.958
3110.000 0.957
3115.000 0.957
3120.000 0.952
3125.000 0.946
3130.000 0.950
3135.000 0.949
3140.000 0.948
3145.000 0.950
3150.000 0.947
3155.000 0.947
3160.000 0.943
3165.000 0.942
3170.000 0.939
3175.000 0.938
3180.000 0.942
3185.000 0.935
3190.000 0.935
3195.000 0.934
3200.000 0.933
3205.000 0.932
3210.000 0.933
3215.000 0.935
3220.000 0.936
3225.000 0.938
3230.000 0.938
3235.000 0.937
3240.000 0.934
3245.000 0.936
3250.000 0.939
3255.000 0.933
3260.000 0.937
3265.000 0.936
3270.000 0.935
3275.000 0.938
3280.000 0.942
3285.000 0.943
3290.000 0.945
3295.000 0.943
3300.000 0.948
3305.000 0.949
3310.000 0.953
3315.000 0.958
3320.000 0.956
3325.000 0.955
3330.000 0.959
3335.000 0.965
3340.000 0.963
3345.000 0.969
3350.000 0.975
3355.000 0.979
3360.000 0.983
3365.000 0.982
3370.000 0.989
3375.000 0.994
3380.000 1.001
3385.000 1.003
3390.000 1.008
3395.000 1.011
3400.000 1.019
3405.000 1.025
3410.000 1.030
3415.000 1.036
3420.000 1.040
3425.000 1.052
3430.000 1.056
3435.000 1.064
3440.000 1.078
3445.000 1.086
3450.000 1.096
3455.000 1.106
3460.000 1.115
3465.000 1.126
3470.000 1.142
3475.000 1.153
3480.000 1.159
3485.000 1.175
3490.000 1.188
3495.000 1.202
3500.000 1.223
3505.000 1.242
3510.000 1.253
3515.000 1.281
3520.000 1.303
3525.000 1.323
3530.000 1.348
3535.000 1.373
3540.000 1.382
3545.000 1.416
3550.000 1.444
3555.000 1.482
3560.000 1.514
3565.000 1.550
3570.000 1.598
3575.000 1.639
3580.000 1.696
3585.000 1.745
3590.000 1.805
3595.000 1.873
3600.000 1.941
3605.000 1.981
3610.000 2.071
3615.000 2.165
3620.000 2.268
3625.000 2.386
3630.000 2.516
3635.000 2.678
3640.000 2.854
3645.000 3.065
3650.000 3.327
3655.000 3.601
3660.000 3.807
3665.000 4.192
3670.000 4.669
3675.000 5.310
3680.000 6.100
3685.000 7.103
3690.000 8.717
3695.000 12.694
3700.000 24.081
3705.000 34.743
3710.000 25.675
3715.000 14.444
3720.000 10.513
3725.000 8.993
3730.000 7.009
3735.000 5.869
3740.000 4.919
3745.000 4.250
3750.000 3.765
3755.000 3.351
3760.000 3.048
3765.000 2.759
3770.000 2.535
3775.000 2.352
3780.000 2.183
3785.000 2.110
3790.000 1.980
3795.000 1.857
3800.000 1.754
3805.000 1.659
3810.000 1.579
3815.000 1.508
3820.000 1.440
3825.000 1.380
3830.000 1.326
3835.000 1.277
3840.000 1.234
3845.000 1.186
3850.000 1.169
3855.000 1.133
3860.000 1.097
3865.000 1.062
3870.000 1.032
3875.000 1.004
3880.000 0.982
3885.000 0.956
3890.000 0.936
3895.000 0.915
3900.000 0.898
3905.000 0.887
3910.000 0.868
3915.000 0.858
3920.000 0.845
3925.000 0.828
3930.000 0.815
3935.000 0.795
3940.000 0.783
3945.000 0.770
3950.000 0.770
3955.000 0.755
3960.000 0.748
3965.000 0.737
3970.000 0.740
3975.000 0.736
3980.000 0.718
3985.000 0.718
3990.000 0.706
3995.000 0.707
4000.000 0.685
4005.000 0.680
4010.000 0.672
4015.000 0.677
4020.000 0.679
4025.000 0.672
4030.000 0.667
4035.000 0.654
4040.000 0.653
4045.000 0.657
4050.000 0.645
4055.000 0.646
4060.000 0.645
4065.000 0.638
4070.000 0.639
4075.000 0.635
4080.000 0.633
4085.000 0.632
4090.000 0.630
4095.000 0.627
4100.000 0.625
4105.000 0.624
4110.000 0.624
4115.000 0.625
4120.000 0.621
4125.000 0.623
4130.000 0.619
4135.000 0.617
4140.000 0.617
4145.000 0.611
4150.000 0.613
4155.000 0.609
4160.000 0.606
4165.000 0.607
4170.000 0.601
4175.000 0.603
4180.000 0.602
4185.000 0.598
4190.000 0.598
4195.000 0.593
4200.000 0.597
4205.000 0.591
4210.000 0.589
4215.000 0.588
4220.000 0.587
4225.000 0.576
4230.000 0.574
4235.000 0.567
4240.000 0.562
4245.000 0.557
4250.000 0.559
4255.000 0.553
4260.000 0.550
4265.000 0.545
4270.000 0.547
4275.000 0.543
4280.000 0.542
4285.000 0.540
4290.000 0.537
4295.000 0.535
4300.000 0.532
4305.000 0.532
4310.000 0.533
4315.000 0.530
4320.000 0.528
4325.000 0.531
4330.000 0.529
4335.000 0.531
4340.000 0.530
4345.000 0.526
4350.000 0.531
4355.000 0.527
4360.000 0.528
4365.000 0.529
4370.000 0.528
4375.000 0.524
4380.000 0.525
4385.000 0.526
4390.000 0.525
4395.000 0.521
4400.000 0.525
4405.000 0.524
4410.000 0.524
4415.000 0.525
4420.000 0.526
4425.000 0.522
4430.000 0.525
4435.000 0.525
4440.000 0.525
4445.000 0.523
4450.000 0.522
4455.000 0.521
4460.000 0.519
4465.000 0.519
4470.000 0.522
4475.000 0.522
4480.000 0.523
4485.000 0.522
4490.000 0.524
4495.000 0.523
4500.000 0.522
4505.000 0.524
4510.000 0.524
4515.000 0.519
4520.000 0.524
4525.000 0.522
4530.000 0.520
4535.000 0.517
4540.000 0.517
4545.000 0.520
4550.000 0.517
4555.000 0.518
4560.000 0.520
4565.000 0.524
4570.000 0.523
4575.000 0.520
4580.000 0.522
4585.000 0.519
4590.000 0.519
4595.000 0.521
4600.000 0.517
4605.000 0.516
4610.000 0.515
4615.000 0.516
4620.000 0.516
4625.000 0.514
4630.000 0.513
4635.000 0.518
4640.000 0.518
4645.000 0.522
4650.000 0.521
4655.000 0.520
4660.000 0.517
4665.000 0.516
4670.000 0.513
4675.000 0.512
4680.000 0.515
4685.000 0.513
4690.000 0.515
4695.000 0.511
4700.000 0.514
4705.000 0.513
4710.000 0.513
4715.000 0.518
4720.000 0.513
4725.000 0.519
4730.000 0.515
4735.000 0.514
4740.000 0.509
4745.000 0.513
4750.000 0.513
4755.000 0.512
4760.000 0.512
4765.000 0.510
4770.000 0.510
4775.000 0.512
4780.000 0.514
4785.000 0.510
4790.000 0.513
4795.000 0.517
4800.000 0.514
4805.000 0.513
4810.000 0.513
4815.000 0.512
4820.000 0.511
4825.000 0.508
4830.000 0.509
4835.000 0.509
4840.000 0.509
4845.000 0.512
4850.000 0.515
4855.000 0.514
4860.000 0.515
4865.000 0.519
4870.000 0.520
4875.000 0.521
4880.000 0.527
4885.000 0.522
4890.000 0.523
4895.000 0.524
4900.000 0.528
4905.000 0.531
4910.000 0.532
4915.000 0.540
4920.000 0.546
4925.000 0.559
4930.000 0.568
4935.000 0.591
4940.000 0.604
4945.000 0.633
4950.000 0.687
4955.000 0.787
4960.000 0.944
4965.000 1.401
4970.000 2.378
4975.000 4.254
4980.000 5.016
4985.000 1.651
4990.000 0.644
4995.000 1.316
5000.000 0.958
5005.000 1.364
5010.000 0.662
5015.000 0.591
5020.000 0.471
5025.000 0.470
5030.000 0.466
5035.000 0.460
5040.000 0.454
5045.000 0.444
5050.000 0.449
5055.000 0.446
5060.000 0.444
5065.000 0.444
5070.000 0.450
5075.000 0.449
5080.000 0.460
5085.000 0.455
5090.000 0.456
5095.000 0.452
5100.000 0.454
5105.000 0.452
5110.000 0.448
5115.000 0.450
5120.000 0.445
5125.000 0.446
5130.000 0.447
5135.000 0.444
5140.000 0.443
5145.000 0.449
5150.000 0.446
5155.000 0.447
5160.000 0.451
5165.000 0.449
5170.000 0.449
5175.000 0.448
5180.000 0.446
5185.000 0.445
5190.000 0.438
5195.000 0.443
5200.000 0.439
5205.000 0.438
5210.000 0.438
5215.000 0.438
5220.000 0.442
5225.000 0.444
5230.000 0.441
5235.000 0.445
5240.000 0.444
5245.000 0.444
5250.000 0.448
5255.000 0.448
5260.000 0.446
5265.000 0.447
5270.000 0.446
5275.000 0.448
5280.000 0.446
5285.000 0.448
5290.000 0.450
5295.000 0.451
5300.000 0.456
5305.000 0.459
5310.000 0.460
5315.000 0.463
5320.000 0.467
5325.000 0.469
5330.000 0.468
5335.000 0.474
5340.000 0.472
5345.000 0.477
5350.000 0.478
5355.000 0.477
5360.000 0.485
5365.000 0.490
5370.000 0.493
5375.000 0.493
5380.000 0.499
5385.000 0.504
5390.000 0.507
5395.000 0.510
5400.000 0.510
5405.000 0.515
5410.000 0.518
5415.000 0.518
5420.000 0.522
5425.000 0.521
5430.000 0.522
5435.000 0.532
5440.000 0.532
5445.000 0.538
5450.000 0.542
5455.000 0.545
5460.000 0.553
5465.000 0.554
5470.000 0.557
5475.000 0.559
5480.000 0.562
5485.000 0.566
5490.000 0.566
5495.000 0.571
5500.000 0.570
5505.000 0.572
5510.000 0.574
5515.000 0.585
5520.000 0.586
5525.000 0.590
5530.000 0.591
5535.000 0.595
5540.000 0.602
5545.000 0.602
5550.000 0.606
5555.000 0.606
5560.000 0.609
5565.000 0.611
5570.000 0.611
5575.000 0.615
5580.000 0.616
5585.000 0.618
5590.000 0.620
5595.000 0.626
5600.000 0.632
5605.000 0.636
5610.000 0.639
5615.000 0.640
5620.000 0.644
5625.000 0.646
5630.000 0.648
5635.000 0.650
5640.000 0.652
5645.000 0.652
5650.000 0.654
5655.000 0.659
5660.000 0.662
5665.000 0.662
5670.000 0.666
5675.000 0.667
5680.000 0.674
5685.000 0.682
5690.000 0.682
5695.000 0.684
5700.000 0.690
5705.000 0.692
5710.000 0.690
5715.000 0.693
5720.000 0.696
5725.000 0.697
5730.000 0.697
5735.000 0.701
5740.000 0.709
5745.000 0.712
5750.000 0.717
5755.000 0.722
5760.000 0.727
5765.000 0.732
5770.000 0.736
5775.000 0.735
5780.000 0.742
5785.000 0.745
5790.000 0.744
5795.000 0.752
5800.000 0.751
5805.000 0.755
5810.000 0.760
5815.000 0.770
5820.000 0.775
5825.000 0.780
5830.000 0.789
5835.000 0.792
5840.000 0.794
5845.000 0.803
5850.000 0.808
5855.000 0.811
5860.000 0.817
5865.000 0.821
5870.000 0.823
5875.000 0.832
5880.000 0.837
5885.000 0.846
5890.000 0.855
5895.000 0.866
5900.000 0.873
5905.000 0.883
5910.000 0.886
5915.000 0.895
5920.000 0.903
5925.000 0.909
5930.000 0.921
5935.000 0.924
5940.000 0.939
5945.000 0.943
5950.000 0.949
5955.000 0.961
5960.000 0.970
5965.000 0.992
5970.000 0.994
5975.000 1.005
5980.000 1.024
5985.000 1.027
5990.000 1.046
5995.000 1.051
6000.000 1.077
6005.000 1.087
6010.000 1.100
6015.000 1.098
6020.000 1.114
6025.000 1.126
6030.000 1.155
6035.000 1.160
6040.000 1.175
6045.000 1.197
6050.000 1.207
6055.000 1.228
6060.000 1.251
6065.000 1.261
6070.000 1.281
6075.000 1.300
6080.000 1.319
6085.000 1.341
6090.000 1.355
6095.000 1.384
6100.000 1.396
6105.000 1.420
6110.000 1.448
6115.000 1.477
6120.000 1.512
6125.000 1.546
6130.000 1.580
6135.000 1.625
6140.000 1.670
6145.000 1.709
6150.000 1.757
6155.000 1.778
6160.000 1.834
6165.000 1.895
6170.000 1.949
6175.000 2.030
6180.000 2.109
6185.000 2.203
6190.000 2.304
6195.000 2.409
6200.000 2.549
6205.000 2.694
6210.000 2.870
6215.000 2.968
6220.000 3.185
6225.000 3.429
6230.000 3.773
6235.000 4.132
6240.000 4.531
6245.000 4.587
6250.000 3.831
6255.000 2.829
6260.000 2.955
6265.000 3.275
6270.000 3.459
6275.000 3.541
6280.000 3.556
6285.000 3.515
6290.000 3.412
6295.000 3.261
6300.000 3.090
6305.000 2.886
6310.000 2.700
6315.000 2.536
6320.000 2.358
6325.000 2.219
6330.000 2.066
6335.000 1.941
6340.000 1.892
6345.000 1.772
6350.000 1.671
6355.000 1.585
6360.000 1.494
6365.000 1.425
6370.000 1.344
6375.000 1.281
6380.000 1.226
6385.000 1.170
6390.000 1.126
6395.000 1.081
6400.000 1.063
6405.000 1.024
6410.000 0.987
6415.000 0.954
6420.000 0.927
6425.000 0.895
6430.000 0.869
6435.000 0.840
6440.000 0.815
6445.000 0.793
6450.000 0.771
6455.000 0.753
6460.000 0.746
6465.000 0.726
6470.000 0.716
6475.000 0.699
6480.000 0.686
6485.000 0.675
6490.000 0.662
6495.000 0.653
6500.000 0.641
6505.000 0.632
6510.000 0.621
6515.000 0.606
6520.000 0.596
6525.000 0.594
6530.000 0.586
6535.000 0.576
6540.000 0.569
6545.000 0.567
6550.000 0.571
6555.000 0.575
6560.000 0.624
6565.000 0.834
6570.000 1.580
6575.000 3.271
6580.000 5.574
6585.000 5.874
6590.000 2.326
6595.000 0.574
6600.000 0.563
6605.000 0.381
6610.000 0.448
6615.000 0.457
6620.000 0.466
6625.000 0.469
6630.000 0.472
6635.000 0.473
6640.000 0.475
6645.000 0.475
6650.000 0.479
6655.000 0.475
6660.000 0.470
6665.000 0.468
6670.000 0.467
6675.000 0.462
6680.000 0.460
6685.000 0.458
6690.000 0.459
6695.000 0.464
6700.000 0.458
6705.000 0.461
6710.000 0.465
6715.000 0.465
6720.000 0.465
6725.000 0.464
6730.000 0.460
6735.000 0.455
6740.000 0.458
6745.000 0.455
6750.000 0.453
6755.000 0.450
6760.000 0.451
6765.000 0.450
6770.000 0.447
6775.000 0.452
6780.000 0.456
6785.000 0.454
6790.000 0.453
6795.000 0.456
6800.000 0.457
6805.000 0.454
6810.000 0.452
6815.000 0.448
6820.000 0.450
6825.000 0.441
6830.000 0.442
6835.000 0.446
6840.000 0.443
6845.000 0.444
6850.000 0.446
6855.000 0.449
6860.000 0.453
6865.000 0.451
6870.000 0.454
6875.000 0.449
6880.000 0.449
6885.000 0.446
6890.000 0.449
6895.000 0.443
6900.000 0.442
6905.000 0.439
6910.000 0.442
6915.000 0.440
6920.000 0.445
6925.000 0.441
6930.000 0.450
6935.000 0.449
6940.000 0.450
6945.000 0.450
6950.000 0.448
6955.000 0.448
6960.000 0.442
6965.000 0.443
6970.000 0.434
6975.000 0.438
6980.000 0.432
6985.000 0.441
6990.000 0.439
6995.000 0.435
7000.000 0.451
7005.000 0.451
7010.000 0.455
7015.000 0.441
7020.000 0.447
7025.000 0.447
7030.000 0.443
7035.000 0.443
7040.000 0.438
7045.000 0.441
7050.000 0.432
7055.000 0.438
7060.000 0.440
7065.000 0.437
7070.000 0.438
7075.000 0.439
7080.000 0.446
7085.000 0.446
7090.000 0.449
7095.000 0.448
7100.000 0.445
7105.000 0.441
7110.000 0.443
7115.000 0.440
7120.000 0.439
7125.000 0.439
7130.000 0.438
7135.000 0.437
7140.000 0.437
7145.000 0.441
7150.000 0.442
7155.000 0.450
7160.000 0.445
7165.000 0.448
7170.000 0.448
7175.000 0.449
7180.000 0.441
7185.000 0.441
7190.000 0.446
7195.000 0.435
7200.000 0.435
7205.000 0.433
7210.000 0.436
7215.000 0.439
7220.000 0.443
7225.000 0.442
7230.000 0.442
7235.000 0.445
7240.000 0.446
7245.000 0.443
7250.000 0.445
7255.000 0.447
7260.000 0.438
7265.000 0.440
7270.000 0.433
7275.000 0.433
7280.000 0.433
7285.000 0.436
7290.000 0.438
7295.000 0.437
7300.000 0.443
7305.000 0.442
7310.000 0.446
7315.000 0.445
7320.000 0.444
7325.000 0.441
7330.000 0.442
7335.000 0.438
7340.000 0.432
7345.000 0.433
7350.000 0.427
7355.000 0.430
7360.000 0.428
7365.000 0.432
7370.000 0.434
7375.000 0.434
7380.000 0.438
7385.000 0.440
7390.000 0.439
7395.000 0.438
7400.000 0.437
7405.000 0.430
7410.000 0.427
7415.000 0.420
7420.000 0.413
7425.000 0.409
7430.000 0.401
7435.000 0.395
7440.000 0.385
7445.000 0.370
7450.000 0.346
7455.000 0.326
7460.000 0.291
7465.000 0.192
7470.000 0.210
7475.000 1.043
7480.000 1.536
7485.000 1.312
7490.000 0.830
7495.000 0.735
7500.000 0.566
7505.000 0.491
7510.000 0.456
7515.000 0.435
7520.000 0.427
7525.000 0.422
7530.000 0.416
7535.000 0.413
7540.000 0.412
7545.000 0.411
7550.000 0.404
7555.000 0.404
7560.000 0.398
7565.000 0.398
7570.000 0.399
7575.000 0.396
7580.000 0.395
7585.000 0.397
7590.000 0.401
7595.000 0.399
7600.000 0.405
7605.000 0.404
7610.000 0.404
7615.000 0.403
7620.000 0.405
7625.000 0.400
7630.000 0.394
7635.000 0.394
7640.000 0.388
7645.000 0.386
7650.000 0.389
7655.000 0.391
7660.000 0.387
7665.000 0.395
7670.000 0.390
7675.000 0.395
7680.000 0.397
7685.000 0.401
7690.000 0.393
7695.000 0.393
7700.000 0.392
7705.000 0.383
7710.000 0.381
7715.000 0.383
7720.000 0.376
7725.000 0.379
7730.000 0.382
7735.000 0.379
7740.000 0.377
7745.000 0.385
7750.000 0.381
7755.000 0.385
7760.000 0.385
7765.000 0.382
7770.000 0.378
7775.000 0.374
7780.000 0.370
7785.000 0.366
7790.000 0.363
7795.000 0.365
7800.000 0.361
7805.000 0.362
7810.000 0.363
7815.000 0.365
7820.000 0.366
7825.000 0.368
7830.000 0.365
7835.000 0.362
7840.000 0.362
7845.000 0.357
7850.000 0.352
7855.000 0.347
7860.000 0.347
7865.000 0.346
7870.000 0.339
7875.000 0.343
7880.000 0.344
7885.000 0.341
7890.000 0.344
7895.000 0.340
7900.000 0.342
7905.000 0.341
7910.000 0.336
7915.000 0.329
7920.000 0.328
7925.000 0.324
7930.000 0.315
7935.000 0.316
7940.000 0.308
7945.000 0.308
7950.000 0.309
7955.000 0.315
7960.000 0.315
7965.000 0.312
7970.000 0.316
7975.000 0.315
7980.000 0.310
7985.000 0.310
7990.000 0.310
7995.000 0.314
8000.000 0.321
8005.000 0.333
8010.000 0.356
8015.000 0.378
8020.000 0.402
8025.000 0.458
8030.000 0.529
8035.000 0.639
8040.000 0.779
8045.000 0.850
8050.000 1.127
8055.000 1.560
8060.000 2.190
8065.000 3.413
8070.000 5.027
8075.000 6.188
8080.000 1.507
8085.000 1.557
8090.000 1.362
8095.000 1.229
8100.000 1.065
8105.000 1.011
8110.000 0.926
8115.000 0.855
8120.000 0.801
8125.000 0.762
8130.000 0.727
8135.000 0.703
8140.000 0.669
8145.000 0.646
8150.000 0.623
8155.000 0.604
8160.000 0.598
8165.000 0.578
8170.000 0.568
8175.000 0.554
8180.000 0.547
8185.000 0.533
8190.000 0.535
8195.000 0.522
8200.000 0.520
8205.000 0.510
8210.000 0.502
8215.000 0.488
8220.000 0.485
8225.000 0.479
8230.000 0.470
8235.000 0.463
8240.000 0.459
8245.000 0.449
8250.000 0.446
8255.000 0.445
8260.000 0.438
8265.000 0.440
8270.000 0.437
8275.000 0.436
8280.000 0.430
8285.000 0.424
8290.000 0.418
8295.000 0.410
8300.000 0.405
8305.000 0.400
8310.000 0.394
8315.000 0.389
8320.000 0.384
8325.000 0.379
8330.000 0.380
8335.000 0.379
8340.000 0.373
8345.000 0.375
8350.000 0.375
8355.000 0.371
8360.000 0.362
8365.000 0.358
8370.000 0.350
8375.000 0.340
8380.000 0.334
8385.000 0.330
8390.000 0.325
8395.000 0.321
8400.000 0.319
8405.000 0.318
8410.000 0.314
8415.000 0.315
8420.000 0.311
8425.000 0.307
8430.000 0.301
8435.000 0.291
8440.000 0.284
8445.000 0.280
8450.000 0.271
8455.000 0.262
8460.000 0.260
8465.000 0.252
8470.000 0.254
8475.000 0.250
8480.000 0.251
8485.000 0.246
8490.000 0.244
8495.000 0.243
8500.000 0.244
8505.000 0.245
8510.000 0.243
8515.000 0.245
8520.000 0.275
8525.000 0.311
8530.000 0.356
8535.000 0.506
8540.000 0.826
8545.000 1.447
8550.000 2.890
8555.000 3.543
8560.000 0.475
8565.000 0.763
8570.000 0.924
8575.000 0.946
8580.000 0.972
8585.000 1.008
8590.000 1.063
8595.000 1.102
8600.000 1.211
8605.000 1.320
8610.000 1.493
8615.000 1.682
8620.000 1.876
8625.000 2.207
8630.000 2.518
8635.000 3.039
8640.000 3.604
8645.000 4.163
8650.000 4.548
8655.000 5.061
8660.000 5.103
8665.000 4.476
8670.000 3.622
8675.000 2.928
8680.000 2.591
8685.000 2.552
8690.000 2.444
8695.000 2.294
8700.000 2.173
8705.000 2.070
8710.000 2.024
8715.000 1.925
8720.000 1.833
8725.000 1.762
8730.000 1.676
8735.000 1.612
8740.000 1.540
8745.000 1.488
8750.000 1.437
8755.000 1.381
8760.000 1.347
8765.000 1.306
8770.000 1.268
8775.000 1.254
8780.000 1.227
8785.000 1.199
8790.000 1.181
8795.000 1.157
8800.000 1.138
8805.000 1.108
8810.000 1.093
8815.000 1.065
8820.000 1.064
8825.000 1.015
8830.000 1.005
8835.000 1.012
8840.000 0.985
8845.000 0.981
8850.000 0.968
8855.000 0.963
8860.000 0.949
8865.000 0.939
8870.000 0.932
8875.000 0.922
8880.000 0.912
8885.000 0.898
8890.000 0.895
8895.000 0.885
8900.000 0.873
8905.000 0.863
8910.000 0.856
8915.000 0.851
8920.000 0.848
8925.000 0.842
8930.000 0.839
8935.000 0.834
8940.000 0.830
8945.000 0.823
8950.000 0.821
8955.000 0.817
8960.000 0.811
8965.000 0.797
8970.000 0.798
8975.000 0.789
8980.000 0.777
8985.000 0.782
8990.000 0.777
8995.000 0.775
9000.000 0.774
9005.000 0.764
9010.000 0.773
9015.000 0.772
9020.000 0.766
9025.000 0.761
9030.000 0.756
9035.000 0.757
9040.000 0.744
9045.000 0.741
9050.000 0.735
9055.000 0.733
9060.000 0.727
9065.000 0.730
9070.000 0.726
9075.000 0.724
9080.000 0.729
9085.000 0.732
9090.000 0.725
9095.000 0.724
9100.000 0.721
9105.000 0.715
9110.000 0.714
9115.000 0.705
9120.000 0.700
9125.000 0.698
9130.000 0.696
9135.000 0.692
9140.000 0.690
9145.000 0.699
9150.000 0.694
9155.000 0.699
9160.000 0.699
9165.000 0.693
9170.000 0.694
9175.000 0.691
9180.000 0.688
9185.000 0.681
9190.000 0.680
9195.000 0.672
9200.000 0.674
9205.000 0.673
9210.000 0.672
9215.000 0.669
9220.000 0.672
9225.000 0.675
9230.000 0.674
9235.000 0.677
9240.000 0.675
9245.000 0.675
9250.000 0.668
9255.000 0.667
9260.000 0.665
9265.000 0.661
9270.000 0.655
9275.000 0.655
9280.000 0.654
9285.000 0.651
9290.000 0.654
9295.000 0.653
9300.000 0.660
9305.000 0.659
9310.000 0.660
9315.000 0.657
9320.000 0.657
9325.000 0.659
9330.000 0.649
9335.000 0.649
9340.000 0.643
9345.000 0.645
9350.000 0.642
9355.000 0.640
9360.000 0.640
9365.000 0.647
9370.000 0.644
9375.000 0.647
9380.000 0.648
9385.000 0.653
9390.000 0.651
9395.000 0.650
9400.000 0.648
9405.000 0.643
9410.000 0.641
9415.000 0.642
9420.000 0.637
9425.000 0.637
9430.000 0.641
9435.000 0.643
9440.000 0.646
9445.000 0.654
9450.000 0.658
9455.000 0.666
9460.000 0.684
9465.000 0.696
9470.000 0.711
9475.000 0.758
9480.000 0.828
9485.000 0.877
9490.000 0.811
9495.000 0.472
9500.000 0.636
9505.000 1.090
9510.000 1.157
9515.000 0.709
9520.000 0.704
9525.000 0.687
9530.000 0.670
9535.000 0.662
9540.000 0.655
9545.000 0.648
9550.000 0.636
9555.000 0.638
9560.000 0.625
9565.000 0.626
9570.000 0.623
9575.000 0.623
9580.000 0.619
9585.000 0.620
9590.000 0.624
9595.000 0.624
9600.000 0.627
9605.000 0.628
9610.000 0.628
9615.000 0.626
9620.000 0.623
9625.000 0.622
9630.000 0.618
9635.000 0.615
9640.000 0.611
9645.000 0.609
9650.000 0.608
9655.000 0.613
9660.000 0.610
9665.000 0.616
9670.000 0.617
9675.000 0.620
9680.000 0.621
9685.000 0.619
9690.000 0.620
9695.000 0.618
9700.000 0.615
9705.000 0.613
9710.000 0.611
9715.000 0.610
9720.000 0.609
9725.000 0.608
9730.000 0.616
9735.000 0.619
9740.000 0.623
9745.000 0.625
9750.000 0.626
9755.000 0.630
9760.000 0.635
9765.000 0.635
9770.000 0.633
9775.000 0.637
9780.000 0.642
9785.000 0.645
9790.000 0.655
9795.000 0.663
9800.000 0.668
9805.000 0.693
9810.000 0.690
9815.000 0.715
9820.000 0.718
9825.000 0.699
9830.000 0.641
9835.000 0.539
9840.000 0.344
9845.000 0.201
9850.000 0.071
9855.000 0.059
9860.000 0.134
9865.000 0.190
9870.000 0.295
9875.000 0.386
9880.000 0.489
9885.000 0.548
9890.000 0.673
9895.000 0.873
9900.000 0.953
9905.000 0.944
9910.000 0.907
9915.000 0.871
9920.000 0.837
9925.000 0.807
9930.000 0.781
9935.000 0.762
9940.000 0.744
9945.000 0.739
9950.000 0.730
9955.000 0.723
9960.000 0.717
9965.000 0.716
9970.000 0.711
9975.000 0.705
9980.000 0.694
9985.000 0.696
9990.000 0.689
9995.000 0.675
10000.000 0.678
10005.000 0.668
10010.000 0.669
10015.000 0.656
10020.000 0.664
10025.000 0.657
10030.000 0.662
10035.000 0.661
10040.000 0.659
10045.000 0.665
10050.000 0.665
10055.000 0.662
10060.000 0.661
10065.000 0.658
10070.000 0.651
10075.000 0.651
10080.000 0.651
10085.000 0.647
10090.000 0.648
10095.000 0.651
10100.000 0.649
10105.000 0.652
10110.000 0.664
10115.000 0.661
10120.000 0.666
10125.000 0.668
10130.000 0.670
10135.000 0.672
10140.000 0.675
10145.000 0.678
10150.000 0.682
10155.000 0.699
10160.000 0.714
10165.000 0.761
10170.000 0.832
10175.000 0.934
10180.000 1.120
10185.000 1.077
10190.000 1.019
10195.000 1.404
10200.000 1.073
10205.000 0.789
10210.000 0.710
10215.000 0.643
10220.000 0.643
10225.000 0.638
10230.000 0.630
10235.000 0.627
10240.000 0.628
10245.000 0.628
10250.000 0.632
10255.000 0.636
10260.000 0.634
10265.000 0.638
10270.000 0.638
10275.000 0.637
10280.000 0.638
10285.000 0.638
10290.000 0.641
10295.000 0.632
10300.000 0.634
10305.000 0.629
10310.000 0.629
10315.000 0.632
10320.000 0.636
10325.000 0.633
10330.000 0.638
10335.000 0.643
10340.000 0.642
10345.000 0.645
10350.000 0.646
10355.000 0.647
10360.000 0.640
10365.000 0.645
10370.000 0.638
10375.000 0.638
10380.000 0.640
10385.000 0.636
10390.000 0.640
10395.000 0.642
10400.000 0.648
10405.000 0.646
10410.000 0.651
10415.000 0.657
10420.000 0.657
10425.000 0.653
10430.000 0.657
10435.000 0.652
10440.000 0.652
10445.000 0.650
10450.000 0.649
10455.000 0.650
10460.000 0.651
10465.000 0.656
10470.000 0.655
10475.000 0.664
10480.000 0.665
10485.000 0.669
10490.000 0.674
10495.000 0.672
10500.000 0.676
10505.000 0.674
10510.000 0.674
10515.000 0.668
10520.000 0.669
10525.000 0.670
10530.000 0.674
10535.000 0.675
10540.000 0.678
10545.000 0.683
10550.000 0.685
10555.000 0.692
10560.000 0.688
10565.000 0.697
10570.000 0.698
10575.000 0.701
10580.000 0.698
10585.000 0.703
10590.000 0.700
10595.000 0.700
10600.000 0.704
10605.000 0.705
10610.000 0.709
10615.000 0.712
10620.000 0.717
10625.000 0.724
10630.000 0.724
10635.000 0.735
10640.000 0.739
10645.000 0.741
10650.000 0.746
10655.000 0.746
10660.000 0.747
10665.000 0.753
10670.000 0.752
10675.000 0.757
10680.000 0.760
10685.000 0.769
10690.000 0.777
10695.000 0.782
10700.000 0.796
10705.000 0.803
10710.000 0.812
10715.000 0.821
10720.000 0.828
10725.000 0.836
10730.000 0.843
10735.000 0.847
10740.000 0.852
10745.000 0.864
10750.000 0.870
10755.000 0.890
10760.000 0.903
10765.000 0.925
10770.000 0.944
10775.000 0.962
10780.000 0.990
10785.000 1.013
10790.000 1.040
10795.000 1.070
10800.000 1.080
10805.000 1.121
10810.000 1.166
10815.000 1.210
10820.000 1.278
10825.000 1.351
10830.000 1.466
10835.000 1.590
10840.000 1.729
10845.000 1.975
10850.000 2.247
10855.000 2.353
10860.000 2.653
10865.000 2.587
10870.000 1.954
10875.000 1.008
10880.000 0.587
10885.000 0.444
10890.000 0.229
10895.000 0.237
10900.000 0.148
10905.000 0.218
10910.000 0.308
10915.000 0.366
10920.000 0.408
10925.000 0.480
10930.000 0.528
10935.000 0.601
10940.000 0.661
10945.000 0.707
10950.000 0.778
10955.000 0.834
10960.000 0.914
10965.000 1.003
10970.000 1.078
10975.000 1.205
10980.000 1.324
10985.000 1.366
10990.000 1.514
10995.000 1.612
11000.000 1.660
11005.000 1.608
11010.000 1.478
11015.000 1.222
11020.000 1.006
11025.000 0.809
11030.000 0.638
11035.000 0.519
11040.000 0.370
11045.000 0.312
11050.000 0.217
11055.000 0.107
11060.000 0.123
11065.000 0.232
11070.000 0.304
11075.000 0.319
11080.000 0.290
11085.000 0.257
11090.000 0.219
11095.000 0.191
11100.000 0.180
11105.000 0.164
11110.000 0.160
11115.000 0.152
11120.000 0.155
11125.000 0.158
11130.000 0.167
11135.000 0.170
11140.000 0.179
11145.000 0.182
11150.000 0.188
11155.000 0.197
11160.000 0.201
11165.000 0.203
11170.000 0.207
11175.000 0.214
11180.000 0.214
11185.000 0.219
11190.000 0.222
11195.000 0.227
11200.000 0.231
11205.000 0.234
11210.000 0.239
11215.000 0.248
11220.000 0.254
11225.000 0.255
11230.000 0.256
11235.000 0.260
11240.000 0.264
11245.000 0.262
11250.000 0.264
11255.000 0.268
11260.000 0.269
11265.000 0.271
11270.000 0.271
11275.000 0.280
11280.000 0.279
11285.000 0.284
11290.000 0.288
11295.000 0.289
11300.000 0.296
11305.000 0.298
11310.000 0.295
11315.000 0.296
11320.000 0.302
11325.000 0.295
11330.000 0.298
11335.000 0.297
11340.000 0.298
11345.000 0.301
11350.000 0.304
11355.000 0.306
11360.000 0.307
11365.000 0.311
11370.000 0.312
11375.000 0.317
11380.000 0.316
11385.000 0.319
11390.000 0.315
11395.000 0.319
11400.000 0.314
11405.000 0.313
11410.000 0.313
11415.000 0.314
11420.000 0.319
11425.000 0.317
11430.000 0.320
11435.000 0.321
11440.000 0.327
11445.000 0.329
11450.000 0.326
11455.000 0.329
11460.000 0.330
11465.000 0.328
11470.000 0.326
11475.000 0.326
11480.000 0.323
11485.000 0.323
11490.000 0.322
11495.000 0.325
11500.000 0.328
11505.000 0.327
11510.000 0.331
11515.000 0.329
11520.000 0.334
11525.000 0.333
11530.000 0.334
11535.000 0.330
11540.000 0.328
11545.000 0.323
11550.000 0.325
11555.000 0.323
11560.000 0.318
11565.000 0.321
11570.000 0.320
11575.000 0.321
11580.000 0.321
11585.000 0.321
11590.000 0.326
11595.000 0.319
11600.000 0.319
11605.000 0.319
11610.000 0.314
11615.000 0.308
11620.000 0.306
11625.000 0.300
11630.000 0.296
11635.000 0.292
11640.000 0.290
11645.000 0.284
11650.000 0.283
11655.000 0.278
11660.000 0.272
11665.000 0.267
11670.000 0.259
11675.000 0.250
11680.000 0.238
11685.000 0.225
11690.000 0.205
11695.000 0.188
11700.000 0.170
11705.000 0.160
11710.000 0.160
11715.000 0.191
11720.000 0.321
11725.000 0.546
11730.000 0.853
11735.000 1.146
11740.000 0.774
11745.000 1.168
11750.000 1.480
11755.000 0.973
11760.000 0.832
11765.000 0.759
11770.000 0.690
11775.000 0.670
11780.000 0.639
11785.000 0.608
11790.000 0.590
11795.000 0.571
11800.000 0.562
11805.000 0.552
11810.000 0.545
11815.000 0.537
11820.000 0.530
11825.000 0.523
11830.000 0.520
11835.000 0.509
11840.000 0.506
11845.000 0.502
11850.000 0.495
11855.000 0.493
11860.000 0.491
11865.000 0.490
11870.000 0.486
11875.000 0.485
11880.000 0.485
11885.000 0.486
11890.000 0.488
11895.000 0.482
11900.000 0.481
11905.000 0.482
11910.000 0.479
11915.000 0.476
11920.000 0.474
11925.000 0.471
11930.000 0.476
11935.000 0.473
11940.000 0.477
11945.000 0.475
11950.000 0.479
11955.000 0.478
11960.000 0.479
11965.000 0.489
11970.000 0.487
11975.000 0.486
11980.000 0.492
11985.000 0.490
11990.000 0.490
11995.000 0.497
12000.000 0.501
