105.000 0.918
110.000 1.919
115.000 2.047
120.000 2.074
125.000 2.105
130.000 2.148
135.000 2.092
140.000 2.134
145.000 2.172
150.000 2.100
155.000 2.129
160.000 2.155
165.000 2.183
170.000 2.178
175.000 2.224
180.000 2.249
185.000 2.247
190.000 2.273
195.000 2.253
200.000 2.284
205.000 2.287
210.000 2.339
215.000 2.357
220.000 2.382
225.000 2.393
230.000 2.429
235.000 2.447
240.000 2.506
245.000 2.550
250.000 2.590
255.000 2.616
260.000 2.656
265.000 2.733
270.000 2.743
275.000 2.825
280.000 2.861
285.000 2.942
290.000 2.987
295.000 3.058
300.000 3.138
305.000 3.222
310.000 3.308
315.000 3.437
320.000 3.542
325.000 3.652
330.000 3.785
335.000 3.849
340.000 4.011
345.000 4.146
350.000 4.322
355.000 4.512
360.000 4.698
365.000 4.902
370.000 5.127
375.000 5.331
380.000 5.553
385.000 5.762
390.000 5.957
395.000 6.109
400.000 6.149
405.000 6.230
410.000 6.243
415.000 6.190
420.000 6.033
425.000 5.843
430.000 5.602
435.000 5.289
440.000 5.001
445.000 4.666
450.000 4.364
455.000 4.062
460.000 3.920
465.000 3.637
470.000 3.413
475.000 3.183
480.000 2.968
485.000 2.779
490.000 2.621
495.000 2.467
500.000 2.336
505.000 2.198
510.000 2.075
515.000 2.025
520.000 1.934
525.000 1.821
530.000 1.739
535.000 1.649
540.000 1.582
545.000 1.522
550.000 1.457
555.000 1.390
560.000 1.338
565.000 1.279
570.000 1.241
575.000 1.190
580.000 1.167
585.000 1.130
590.000 1.088
595.000 1.070
600.000 1.019
605.000 0.998
610.000 0.974
615.000 0.935
620.000 0.904
625.000 0.891
630.000 0.863
635.000 0.842
640.000 0.831
645.000 0.804
650.000 0.788
655.000 0.778
660.000 0.755
665.000 0.745
670.000 0.731
675.000 0.713
680.000 0.701
685.000 0.690
690.000 0.669
695.000 0.657
700.000 0.654
705.000 0.645
710.000 0.646
715.000 0.624
720.000 0.622
725.000 0.611
730.000 0.594
735.000 0.591
740.000 0.585
745.000 0.573
750.000 0.574
755.000 0.572
760.000 0.568
765.000 0.559
770.000 0.558
775.000 0.557
780.000 0.548
785.000 0.543
790.000 0.550
795.000 0.539
800.000 0.541
805.000 0.536
810.000 0.535
815.000 0.526
820.000 0.523
825.000 0.516
830.000 0.504
835.000 0.509
840.000 0.505
845.000 0.502
850.000 0.507
855.000 0.507
860.000 0.499
865.000 0.498
870.000 0.496
875.000 0.494
880.000 0.494
885.000 0.494
890.000 0.489
895.000 0.493
900.000 0.487
905.000 0.485
910.000 0.486
915.000 0.489
920.000 0.481
925.000 0.486
930.000 0.483
935.000 0.480
940.000 0.481
945.000 0.486
950.000 0.487
955.000 0.484
960.000 0.478
965.000 0.485
970.000 0.477
975.000 0.477
980.000 0.482
985.000 0.477
990.000 0.474
995.000 0.481
1000.000 0.472
1005.000 0.472
1010.000 0.473
1015.000 0.486
1020.000 0.486
1025.000 0.483
1030.000 0.475
1035.000 0.478
1040.000 0.480
1045.000 0.476
1050.000 0.475
1055.000 0.473
1060.000 0.480
1065.000 0.474
1070.000 0.476
1075.000 0.477
1080.000 0.483
1085.000 0.479
1090.000 0.481
1095.000 0.486
1100.000 0.481
1105.000 0.477
1110.000 0.477
1115.000 0.484
1120.000 0.488
1125.000 0.488
1130.000 0.480
1135.000 0.484
1140.000 0.488
1145.000 0.485
1150.000 0.486
1155.000 0.488
1160.000 0.491
1165.000 0.493
1170.000 0.494
1175.000 0.490
1180.000 0.492
1185.000 0.494
1190.000 0.498
1195.000 0.497
1200.000 0.499
1205.000 0.499
1210.000 0.499
1215.000 0.498
1220.000 0.502
1225.000 0.503
1230.000 0.501
1235.000 0.503
1240.000 0.503
1245.000 0.506
1250.000 0.510
1255.000 0.507
1260.000 0.506
1265.000 0.508
1270.000 0.511
1275.000 0.516
1280.000 0.515
1285.000 0.519
1290.000 0.520
1295.000 0.520
1300.000 0.520
1305.000 0.525
1310.000 0.524
1315.000 0.526
1320.000 0.525
1325.000 0.530
1330.000 0.528
1335.000 0.534
1340.000 0.546
1345.000 0.541
1350.000 0.543
1355.000 0.548
1360.000 0.542
1365.000 0.545
1370.000 0.552
1375.000 0.555
1380.000 0.554
1385.000 0.555
1390.000 0.558
1395.000 0.555
1400.000 0.561
1405.000 0.562
1410.000 0.565
1415.000 0.563
1420.000 0.563
1425.000 0.566
1430.000 0.564
1435.000 0.564
1440.000 0.561
1445.000 0.555
1450.000 0.553
1455.000 0.552
1460.000 0.549
1465.000 0.550
1470.000 0.557
1475.000 0.558
1480.000 0.568
1485.000 0.577
1490.000 0.580
1495.000 0.589
1500.000 0.603
1505.000 0.614
1510.000 0.623
1515.000 0.630
1520.000 0.638
1525.000 0.648
1530.000 0.661
1535.000 0.669
1540.000 0.675
1545.000 0.691
1550.000 0.691
1555.000 0.699
1560.000 0.705
1565.000 0.723
1570.000 0.731
1575.000 0.739
1580.000 0.757
1585.000 0.766
1590.000 0.782
1595.000 0.790
1600.000 0.804
1605.000 0.814
1610.000 0.827
1615.000 0.834
1620.000 0.850
1625.000 0.864
1630.000 0.877
1635.000 0.896
1640.000 0.910
1645.000 0.930
1650.000 0.946
1655.000 0.964
1660.000 0.981
1665.000 1.001
1670.000 1.026
1675.000 1.029
1680.000 1.055
1685.000 1.077
1690.000 1.099
1695.000 1.123
1700.000 1.149
1705.000 1.174
1710.000 1.203
1715.000 1.230
1720.000 1.257
1725.000 1.282
1730.000 1.299
1735.000 1.329
1740.000 1.359
1745.000 1.391
1750.000 1.426
1755.000 1.457
1760.000 1.490
1765.000 1.526
1770.000 1.561
1775.000 1.599
1780.000 1.630
1785.000 1.667
1790.000 1.706
1795.000 1.720
1800.000 1.757
1805.000 1.795
1810.000 1.837
1815.000 1.872
1820.000 1.906
1825.000 1.935
1830.000 1.968
1835.000 1.992
1840.000 2.018
1845.000 2.051
1850.000 2.074
1855.000 2.098
1860.000 2.108
1865.000 2.130
1870.000 2.149
1875.000 2.168
1880.000 2.178
1885.000 2.188
1890.000 2.194
1895.000 2.200
1900.000 2.210
1905.000 2.212
1910.000 2.211
1915.000 2.203
1920.000 2.205
1925.000 2.191
1930.000 2.195
1935.000 2.189
1940.000 2.187
1945.000 2.182
1950.000 2.168
1955.000 2.158
1960.000 2.146
1965.000 2.145
1970.000 2.128
1975.000 2.123
1980.000 2.113
1985.000 2.106
1990.000 2.103
1995.000 2.079
2000.000 2.077
2005.000 2.061
2010.000 2.064
2015.000 2.049
2020.000 2.050
2025.000 2.034
2030.000 2.046
2035.000 2.023
2040.000 2.027
2045.000 2.027
2050.000 2.020
2055.000 2.016
2060.000 2.020
2065.000 2.011
2070.000 2.014
2075.000 2.021
2080.000 2.017
2085.000 2.024
2090.000 2.033
2095.000 2.042
2100.000 2.053
2105.000 2.059
2110.000 2.071
2115.000 2.081
2120.000 2.093
2125.000 2.108
2130.000 2.119
2135.000 2.145
2140.000 2.165
2145.000 2.194
2150.000 2.213
2155.000 2.244
2160.000 2.275
2165.000 2.292
2170.000 2.329
2175.000 2.369
2180.000 2.419
2185.000 2.470
2190.000 2.524
2195.000 2.591
2200.000 2.660
2205.000 2.738
2210.000 2.831
2215.000 2.925
2220.000 2.978
2225.000 3.104
2230.000 3.237
2235.000 3.398
2240.000 3.580
2245.000 3.787
2250.000 4.059
2255.000 4.362
2260.000 4.759
2265.000 5.234
2270.000 5.808
2275.000 6.646
2280.000 7.155
2285.000 8.439
2290.000 10.446
2295.000 13.483
2300.000 17.939
2305.000 22.653
2310.000 22.562
2315.000 20.430
2320.000 11.269
2325.000 8.125
2330.000 6.277
2335.000 5.114
2340.000 4.225
2345.000 3.884
2350.000 3.337
2355.000 2.891
2360.000 2.547
2365.000 2.242
2370.000 1.995
2375.000 1.799
2380.000 1.616
2385.000 1.465
2390.000 1.329
2395.000 1.214
2400.000 1.112
2405.000 1.064
2410.000 0.970
2415.000 0.901
2420.000 0.824
2425.000 0.757
2430.000 0.698
2435.000 0.646
2440.000 0.600
2445.000 0.545
2450.000 0.508
2455.000 0.472
2460.000 0.459
2465.000 0.423
2470.000 0.390
2475.000 0.364
2480.000 0.338
2485.000 0.316
2490.000 0.294
2495.000 0.278
2500.000 0.265
2505.000 0.243
2510.000 0.234
2515.000 0.232
2520.000 0.224
2525.000 0.214
2530.000 0.211
2535.000 0.204
2540.000 0.204
2545.000 0.202
2550.000 0.204
2555.000 0.207
2560.000 0.209
2565.000 0.210
2570.000 0.221
2575.000 0.223
2580.000 0.228
2585.000 0.240
2590.000 0.242
2595.000 0.250
2600.000 0.253
2605.000 0.266
2610.000 0.263
2615.000 0.275
2620.000 0.288
2625.000 0.295
2630.000 0.303
2635.000 0.315
2640.000 0.319
2645.000 0.330
2650.000 0.336
2655.000 0.343
2660.000 0.354
2665.000 0.362
2670.000 0.373
2675.000 0.382
2680.000 0.393
2685.000 0.400
2690.000 0.407
2695.000 0.417
2700.000 0.426
2705.000 0.433
2710.000 0.441
2715.000 0.454
2720.000 0.463
2725.000 0.479
2730.000 0.491
2735.000 0.499
2740.000 0.510
2745.000 0.520
2750.000 0.533
2755.000 0.550
2760.000 0.558
2765.000 0.574
2770.000 0.577
2775.000 0.588
2780.000 0.603
2785.000 0.615
2790.000 0.627
2795.000 0.644
2800.000 0.657
2805.000 0.669
2810.000 0.681
2815.000 0.693
2820.000 0.702
2825.000 0.719
2830.000 0.727
2835.000 0.737
2840.000 0.749
2845.000 0.762
2850.000 0.778
2855.000 0.784
2860.000 0.796
2865.000 0.809
2870.000 0.823
2875.000 0.837
2880.000 0.847
2885.000 0.861
2890.000 0.864
2895.000 0.871
2900.000 0.882
2905.000 0.894
2910.000 0.899
2915.000 0.909
2920.000 0.916
2925.000 0.931
2930.000 0.933
2935.000 0.947
2940.000 0.951
2945.000 0.964
2950.000 0.968
2955.000 0.968
2960.000 0.977
2965.000 0.985
2970.000 0.984
2975.000 0.989
2980.000 1.002
2985.000 0.993
2990.000 0.993
2995.000 1.014
3000.000 1.001
3005.000 1.000
3010.000 1.006
3015.000 1.029
3020.000 1.018
3025.000 1.027
3030.000 1.027
3035.000 1.033
3040.000 1.038
3045.000 1.024
3050.000 1.037
3055.000 1.039
3060.000 1.032
3065.000 1.041
3070.000 1.043
3075.000 1.036
3080.000 1.039
3085.000 1.043
3090.000 1.044
3095.000 1.047
3100.000 1.043
3105.000 1.048
3110.000 1.045
3115.000 1.050
3120.000 1.053
3125.000 1.050
3130.000 1.050
3135.000 1.053
3140.000 1.055
3145.000 1.057
3150.000 1.060
3155.000 1.064
3160.000 1.066
3165.000 1.069
3170.000 1.071
3175.000 1.074
3180.000 1.077
3185.000 1.077
3190.000 1.080
3195.000 1.085
3200.000 1.083
3205.000 1.090
3210.000 1.094
3215.000 1.098
3220.000 1.101
3225.000 1.101
3230.000 1.106
3235.000 1.110
3240.000 1.118
3245.000 1.122
3250.000 1.123
3255.000 1.128
3260.000 1.127
3265.000 1.135
3270.000 1.135
3275.000 1.139
3280.000 1.142
3285.000 1.152
3290.000 1.154
3295.000 1.157
3300.000 1.163
3305.000 1.170
3310.000 1.173
3315.000 1.179
3320.000 1.188
3325.000 1.192
3330.000 1.202
3335.000 1.207
3340.000 1.221
3345.000 1.228
3350.000 1.239
3355.000 1.249
3360.000 1.257
3365.000 1.270
3370.000 1.286
3375.000 1.298
3380.000 1.306
3385.000 1.318
3390.000 1.331
3395.000 1.345
3400.000 1.363
3405.000 1.373
3410.000 1.394
3415.000 1.407
3420.000 1.426
3425.000 1.445
3430.000 1.467
3435.000 1.477
3440.000 1.496
3445.000 1.521
3450.000 1.543
3455.000 1.572
3460.000 1.594
3465.000 1.622
3470.000 1.648
3475.000 1.680
3480.000 1.710
3485.000 1.743
3490.000 1.780
3495.000 1.797
3500.000 1.831
3505.000 1.871
3510.000 1.913
3515.000 1.963
3520.000 2.013
3525.000 2.058
3530.000 2.116
3535.000 2.174
3540.000 2.238
3545.000 2.300
3550.000 2.371
3555.000 2.451
3560.000 2.492
3565.000 2.575
3570.000 2.674
3575.000 2.771
3580.000 2.885
3585.000 3.008
3590.000 3.136
3595.000 3.296
3600.000 3.451
3605.000 3.641
3610.000 3.844
3615.000 4.063
3620.000 4.337
3625.000 4.487
3630.000 4.793
3635.000 5.188
3640.000 5.604
3645.000 6.161
3650.000 6.797
3655.000 7.541
3660.000 8.584
3665.000 9.821
3670.000 11.655
3675.000 14.018
3680.000 17.285
3685.000 20.148
3690.000 26.261
3695.000 33.855
3700.000 43.045
3705.000 40.250
3710.000 25.111
3715.000 17.859
3720.000 14.074
3725.000 11.397
3730.000 9.762
3735.000 8.377
3740.000 7.851
3745.000 7.013
3750.000 6.263
3755.000 5.699
3760.000 5.252
3765.000 4.824
3770.000 4.498
3775.000 4.181
3780.000 3.921
3785.000 3.705
3790.000 3.491
3795.000 3.317
3800.000 3.146
3805.000 3.071
3810.000 2.938
3815.000 2.802
3820.000 2.688
3825.000 2.587
3830.000 2.480
3835.000 2.396
3840.000 2.308
3845.000 2.234
3850.000 2.166
3855.000 2.097
3860.000 2.037
3865.000 2.007
3870.000 1.948
3875.000 1.900
3880.000 1.846
3885.000 1.796
3890.000 1.755
3895.000 1.710
3900.000 1.674
3905.000 1.634
3910.000 1.601
3915.000 1.568
3920.000 1.536
3925.000 1.511
3930.000 1.496
3935.000 1.465
3940.000 1.436
3945.000 1.408
3950.000 1.393
3955.000 1.365
3960.000 1.346
3965.000 1.320
3970.000 1.303
3975.000 1.286
3980.000 1.255
3985.000 1.253
3990.000 1.229
3995.000 1.228
4000.000 1.200
4005.000 1.194
4010.000 1.171
4015.000 1.162
4020.000 1.147
4025.000 1.137
4030.000 1.120
4035.000 1.109
4040.000 1.094
4045.000 1.084
4050.000 1.082
4055.000 1.068
4060.000 1.057
4065.000 1.050
4070.000 1.037
4075.000 1.031
4080.000 1.014
4085.000 1.012
4090.000 0.997
4095.000 0.992
4100.000 0.984
4105.000 0.970
4110.000 0.965
4115.000 0.955
4120.000 0.945
4125.000 0.935
4130.000 0.923
4135.000 0.916
4140.000 0.904
4145.000 0.896
4150.000 0.888
4155.000 0.879
4160.000 0.870
4165.000 0.860
4170.000 0.854
4175.000 0.846
4180.000 0.837
4185.000 0.825
4190.000 0.818
4195.000 0.810
4200.000 0.800
4205.000 0.794
4210.000 0.785
4215.000 0.780
4220.000 0.768
4225.000 0.766
4230.000 0.761
4235.000 0.755
4240.000 0.755
4245.000 0.748
4250.000 0.746
4255.000 0.744
4260.000 0.746
4265.000 0.751
4270.000 0.749
4275.000 0.753
4280.000 0.759
4285.000 0.759
4290.000 0.760
4295.000 0.763
4300.000 0.767
4305.000 0.772
4310.000 0.774
4315.000 0.777
4320.000 0.774
4325.000 0.778
4330.000 0.777
4335.000 0.776
4340.000 0.776
4345.000 0.780
4350.000 0.775
4355.000 0.778
4360.000 0.780
4365.000 0.784
4370.000 0.784
4375.000 0.787
4380.000 0.787
4385.000 0.785
4390.000 0.789
4395.000 0.787
4400.000 0.789
4405.000 0.787
4410.000 0.786
4415.000 0.783
4420.000 0.786
4425.000 0.788
4430.000 0.787
4435.000 0.790
4440.000 0.796
4445.000 0.798
4450.000 0.799
4455.000 0.797
4460.000 0.800
4465.000 0.801
4470.000 0.801
4475.000 0.803
4480.000 0.801
4485.000 0.799
4490.000 0.801
4495.000 0.802
4500.000 0.804
4505.000 0.810
4510.000 0.810
4515.000 0.814
4520.000 0.817
4525.000 0.822
4530.000 0.826
4535.000 0.823
4540.000 0.827
4545.000 0.830
4550.000 0.829
4555.000 0.826
4560.000 0.832
4565.000 0.838
4570.000 0.840
4575.000 0.843
4580.000 0.850
4585.000 0.853
4590.000 0.860
4595.000 0.859
4600.000 0.867
4605.000 0.870
4610.000 0.877
4615.000 0.878
4620.000 0.883
4625.000 0.885
4630.000 0.892
4635.000 0.895
4640.000 0.900
4645.000 0.913
4650.000 0.913
4655.000 0.924
4660.000 0.927
4665.000 0.936
4670.000 0.945
4675.000 0.953
4680.000 0.959
4685.000 0.969
4690.000 0.977
4695.000 0.986
4700.000 0.994
4705.000 1.003
4710.000 1.012
4715.000 1.019
4720.000 1.030
4725.000 1.041
4730.000 1.054
4735.000 1.069
4740.000 1.087
4745.000 1.102
4750.000 1.117
4755.000 1.136
4760.000 1.149
4765.000 1.165
4770.000 1.185
4775.000 1.196
4780.000 1.217
4785.000 1.236
4790.000 1.260
4795.000 1.286
4800.000 1.311
4805.000 1.347
4810.000 1.372
4815.000 1.403
4820.000 1.442
4825.000 1.472
4830.000 1.516
4835.000 1.556
4840.000 1.573
4845.000 1.620
4850.000 1.670
4855.000 1.721
4860.000 1.780
4865.000 1.839
4870.000 1.915
4875.000 1.992
4880.000 2.074
4885.000 2.167
4890.000 2.261
4895.000 2.383
4900.000 2.440
4905.000 2.566
4910.000 2.736
4915.000 2.893
4920.000 3.113
4925.000 3.347
4930.000 3.595
4935.000 3.940
4940.000 4.324
4945.000 4.788
4950.000 5.264
4955.000 5.486
4960.000 6.030
4965.000 6.936
4970.000 13.928
4975.000 19.532
4980.000 22.147
4985.000 23.990
4990.000 21.347
4995.000 16.308
5000.000 11.045
5005.000 8.492
5010.000 6.979
5015.000 5.881
5020.000 5.500
5025.000 4.736
5030.000 4.206
5035.000 3.813
5040.000 3.433
5045.000 3.148
5050.000 2.894
5055.000 2.692
5060.000 2.531
5065.000 2.362
5070.000 2.237
5075.000 2.114
5080.000 2.061
5085.000 1.966
5090.000 1.870
5095.000 1.792
5100.000 1.722
5105.000 1.650
5110.000 1.594
5115.000 1.539
5120.000 1.493
5125.000 1.454
5130.000 1.413
5135.000 1.375
5140.000 1.340
5145.000 1.325
5150.000 1.297
5155.000 1.269
5160.000 1.245
5165.000 1.219
5170.000 1.198
5175.000 1.182
5180.000 1.159
5185.000 1.145
5190.000 1.128
5195.000 1.117
5200.000 1.112
5205.000 1.103
5210.000 1.093
5215.000 1.085
5220.000 1.077
5225.000 1.067
5230.000 1.059
5235.000 1.050
5240.000 1.049
5245.000 1.042
5250.000 1.037
5255.000 1.035
5260.000 1.033
5265.000 1.029
5270.000 1.026
5275.000 1.022
5280.000 1.025
5285.000 1.022
5290.000 1.021
5295.000 1.021
5300.000 1.022
5305.000 1.021
5310.000 1.019
5315.000 1.016
5320.000 1.018
5325.000 1.013
5330.000 1.017
5335.000 1.016
5340.000 1.022
5345.000 1.018
5350.000 1.021
5355.000 1.021
5360.000 1.026
5365.000 1.023
5370.000 1.027
5375.000 1.023
5380.000 1.024
5385.000 1.022
5390.000 1.021
5395.000 1.024
5400.000 1.025
5405.000 1.022
5410.000 1.024
5415.000 1.027
5420.000 1.027
5425.000 1.026
5430.000 1.024
5435.000 1.023
5440.000 1.027
5445.000 1.025
5450.000 1.027
5455.000 1.024
5460.000 1.023
5465.000 1.024
5470.000 1.024
5475.000 1.025
5480.000 1.027
5485.000 1.024
5490.000 1.030
5495.000 1.029
5500.000 1.031
5505.000 1.032
5510.000 1.030
5515.000 1.031
5520.000 1.027
5525.000 1.029
5530.000 1.027
5535.000 1.026
5540.000 1.029
5545.000 1.027
5550.000 1.027
5555.000 1.032
5560.000 1.032
5565.000 1.034
5570.000 1.032
5575.000 1.032
5580.000 1.033
5585.000 1.032
5590.000 1.033
5595.000 1.029
5600.000 1.031
5605.000 1.034
5610.000 1.032
5615.000 1.032
5620.000 1.038
5625.000 1.037
5630.000 1.038
5635.000 1.042
5640.000 1.044
5645.000 1.046
5650.000 1.043
5655.000 1.050
5660.000 1.049
5665.000 1.049
5670.000 1.049
5675.000 1.049
5680.000 1.053
5685.000 1.053
5690.000 1.053
5695.000 1.059
5700.000 1.065
5705.000 1.067
5710.000 1.073
5715.000 1.073
5720.000 1.077
5725.000 1.078
5730.000 1.078
5735.000 1.083
5740.000 1.087
5745.000 1.089
5750.000 1.092
5755.000 1.096
5760.000 1.096
5765.000 1.104
5770.000 1.108
5775.000 1.114
5780.000 1.122
5785.000 1.127
5790.000 1.130
5795.000 1.137
5800.000 1.139
5805.000 1.147
5810.000 1.149
5815.000 1.151
5820.000 1.156
5825.000 1.167
5830.000 1.175
5835.000 1.177
5840.000 1.186
5845.000 1.195
5850.000 1.205
5855.000 1.215
5860.000 1.229
5865.000 1.231
5870.000 1.242
5875.000 1.247
5880.000 1.255
5885.000 1.262
5890.000 1.271
5895.000 1.285
5900.000 1.292
5905.000 1.308
5910.000 1.324
5915.000 1.332
5920.000 1.352
5925.000 1.370
5930.000 1.369
5935.000 1.393
5940.000 1.403
5945.000 1.417
5950.000 1.438
5955.000 1.455
5960.000 1.473
5965.000 1.482
5970.000 1.511
5975.000 1.532
5980.000 1.539
5985.000 1.580
5990.000 1.577
5995.000 1.609
6000.000 1.638
6005.000 1.670
6010.000 1.691
6015.000 1.715
6020.000 1.740
6025.000 1.773
6030.000 1.819
6035.000 1.846
6040.000 1.889
6045.000 1.917
6050.000 1.969
6055.000 1.983
6060.000 2.028
6065.000 2.083
6070.000 2.136
6075.000 2.186
6080.000 2.256
6085.000 2.315
6090.000 2.390
6095.000 2.460
6100.000 2.534
6105.000 2.624
6110.000 2.713
6115.000 2.760
6120.000 2.880
6125.000 2.990
6130.000 3.142
6135.000 3.287
6140.000 3.445
6145.000 3.648
6150.000 3.841
6155.000 4.106
6160.000 4.406
6165.000 4.698
6170.000 4.916
6175.000 5.340
6180.000 5.799
6185.000 6.473
6190.000 7.151
6195.000 8.262
6200.000 9.585
6205.000 11.209
6210.000 13.842
6215.000 16.964
6220.000 20.818
6225.000 23.034
6230.000 20.345
6235.000 17.172
6240.000 14.370
6245.000 12.956
6250.000 10.190
6255.000 8.510
6260.000 7.155
6265.000 6.328
6270.000 5.787
6275.000 5.324
6280.000 5.003
6285.000 4.668
6290.000 4.391
6295.000 4.126
6300.000 4.027
6305.000 3.774
6310.000 3.576
6315.000 3.374
6320.000 3.218
6325.000 3.038
6330.000 2.895
6335.000 2.768
6340.000 2.644
6345.000 2.543
6350.000 2.433
6355.000 2.341
6360.000 2.304
6365.000 2.212
6370.000 2.138
6375.000 2.071
6380.000 2.004
6385.000 1.954
6390.000 1.893
6395.000 1.847
6400.000 1.804
6405.000 1.764
6410.000 1.729
6415.000 1.707
6420.000 1.676
6425.000 1.650
6430.000 1.623
6435.000 1.597
6440.000 1.576
6445.000 1.558
6450.000 1.546
6455.000 1.533
6460.000 1.525
6465.000 1.520
6470.000 1.520
6475.000 1.524
6480.000 1.527
6485.000 1.539
6490.000 1.552
6495.000 1.580
6500.000 1.613
6505.000 1.650
6510.000 1.704
6515.000 1.761
6520.000 1.865
6525.000 1.991
6530.000 2.170
6535.000 2.411
6540.000 2.582
6545.000 3.055
6550.000 3.878
6555.000 5.242
6560.000 8.144
6565.000 11.292
6570.000 8.048
6575.000 4.193
6580.000 1.920
6585.000 1.317
6590.000 1.067
6595.000 0.834
6600.000 0.723
6605.000 0.705
6610.000 0.594
6615.000 0.542
6620.000 0.509
6625.000 0.476
6630.000 0.465
6635.000 0.454
6640.000 0.448
6645.000 0.448
6650.000 0.449
6655.000 0.451
6660.000 0.448
6665.000 0.449
6670.000 0.448
6675.000 0.444
6680.000 0.448
6685.000 0.446
6690.000 0.448
6695.000 0.449
6700.000 0.450
6705.000 0.454
6710.000 0.452
6715.000 0.458
6720.000 0.458
6725.000 0.462
6730.000 0.464
6735.000 0.462
6740.000 0.460
6745.000 0.462
6750.000 0.459
6755.000 0.459
6760.000 0.462
6765.000 0.458
6770.000 0.459
6775.000 0.464
6780.000 0.464
6785.000 0.459
6790.000 0.462
6795.000 0.468
6800.000 0.467
6805.000 0.468
6810.000 0.468
6815.000 0.467
6820.000 0.466
6825.000 0.467
6830.000 0.463
6835.000 0.461
6840.000 0.461
6845.000 0.465
6850.000 0.462
6855.000 0.466
6860.000 0.471
6865.000 0.470
6870.000 0.478
6875.000 0.473
6880.000 0.471
6885.000 0.470
6890.000 0.471
6895.000 0.467
6900.000 0.465
6905.000 0.468
6910.000 0.466
6915.000 0.471
6920.000 0.466
6925.000 0.470
6930.000 0.473
6935.000 0.478
6940.000 0.480
6945.000 0.480
6950.000 0.477
6955.000 0.480
6960.000 0.478
6965.000 0.483
6970.000 0.472
6975.000 0.469
6980.000 0.478
6985.000 0.474
6990.000 0.474
6995.000 0.476
7000.000 0.488
7005.000 0.497
7010.000 0.490
7015.000 0.497
7020.000 0.492
7025.000 0.500
7030.000 0.492
7035.000 0.498
7040.000 0.498
7045.000 0.497
7050.000 0.505
7055.000 0.503
7060.000 0.501
7065.000 0.511
7070.000 0.516
7075.000 0.518
7080.000 0.525
7085.000 0.529
7090.000 0.533
7095.000 0.536
7100.000 0.537
7105.000 0.541
7110.000 0.544
7115.000 0.548
7120.000 0.554
7125.000 0.558
7130.000 0.562
7135.000 0.568
7140.000 0.577
7145.000 0.587
7150.000 0.590
7155.000 0.602
7160.000 0.609
7165.000 0.620
7170.000 0.625
7175.000 0.636
7180.000 0.640
7185.000 0.650
7190.000 0.659
7195.000 0.675
7200.000 0.688
7205.000 0.709
7210.000 0.712
7215.000 0.727
7220.000 0.747
7225.000 0.762
7230.000 0.782
7235.000 0.803
7240.000 0.823
7245.000 0.841
7250.000 0.866
7255.000 0.889
7260.000 0.917
7265.000 0.941
7270.000 0.958
7275.000 0.995
7280.000 1.026
7285.000 1.074
7290.000 1.113
7295.000 1.155
7300.000 1.206
7305.000 1.251
7310.000 1.312
7315.000 1.374
7320.000 1.430
7325.000 1.510
7330.000 1.581
7335.000 1.625
7340.000 1.731
7345.000 1.825
7350.000 1.959
7355.000 2.093
7360.000 2.227
7365.000 2.415
7370.000 2.587
7375.000 2.834
7380.000 3.103
7385.000 3.373
7390.000 3.786
7395.000 4.007
7400.000 4.477
7405.000 5.196
7410.000 5.903
7415.000 7.119
7420.000 8.529
7425.000 10.157
7430.000 12.686
7435.000 14.786
7440.000 15.539
7445.000 13.459
7450.000 11.912
7455.000 8.877
7460.000 7.252
7465.000 6.827
7470.000 6.960
7475.000 6.536
7480.000 5.750
7485.000 5.143
7490.000 4.706
7495.000 4.260
7500.000 3.968
7505.000 3.662
7510.000 3.430
7515.000 3.348
7520.000 3.140
7525.000 2.978
7530.000 2.845
7535.000 2.712
7540.000 2.611
7545.000 2.496
7550.000 2.407
7555.000 2.322
7560.000 2.247
7565.000 2.183
7570.000 2.109
7575.000 2.078
7580.000 2.030
7585.000 1.973
7590.000 1.926
7595.000 1.881
7600.000 1.842
7605.000 1.809
7610.000 1.770
7615.000 1.740
7620.000 1.709
7625.000 1.680
7630.000 1.656
7635.000 1.624
7640.000 1.613
7645.000 1.583
7650.000 1.558
7655.000 1.539
7660.000 1.519
7665.000 1.500
7670.000 1.486
7675.000 1.473
7680.000 1.455
7685.000 1.447
7690.000 1.431
7695.000 1.427
7700.000 1.411
7705.000 1.398
7710.000 1.389
7715.000 1.373
7720.000 1.359
7725.000 1.350
7730.000 1.343
7735.000 1.335
7740.000 1.329
7745.000 1.322
7750.000 1.320
7755.000 1.317
7760.000 1.313
7765.000 1.308
7770.000 1.302
7775.000 1.298
7780.000 1.287
7785.000 1.284
7790.000 1.278
7795.000 1.275
7800.000 1.272
7805.000 1.270
7810.000 1.268
7815.000 1.267
7820.000 1.271
7825.000 1.270
7830.000 1.274
7835.000 1.275
7840.000 1.278
7845.000 1.278
7850.000 1.281
7855.000 1.275
7860.000 1.280
7865.000 1.280
7870.000 1.282
7875.000 1.283
7880.000 1.292
7885.000 1.295
7890.000 1.304
7895.000 1.315
7900.000 1.325
7905.000 1.340
7910.000 1.350
7915.000 1.359
7920.000 1.372
7925.000 1.383
7930.000 1.393
7935.000 1.401
7940.000 1.416
7945.000 1.434
7950.000 1.467
7955.000 1.486
7960.000 1.522
7965.000 1.560
7970.000 1.593
7975.000 1.644
7980.000 1.692
7985.000 1.757
7990.000 1.827
7995.000 1.903
8000.000 1.956
8005.000 2.069
8010.000 2.196
8015.000 2.411
8020.000 2.617
8025.000 3.040
8030.000 3.562
8035.000 4.327
8040.000 6.001
8045.000 8.420
8050.000 10.431
8055.000 6.744
8060.000 6.270
8065.000 2.186
8070.000 1.467
8075.000 1.242
8080.000 1.007
8085.000 0.738
8090.000 0.545
8095.000 0.453
8100.000 0.387
8105.000 0.355
8110.000 0.354
8115.000 0.366
8120.000 0.388
8125.000 0.394
8130.000 0.422
8135.000 0.445
8140.000 0.464
8145.000 0.489
8150.000 0.502
8155.000 0.524
8160.000 0.543
8165.000 0.561
8170.000 0.576
8175.000 0.593
8180.000 0.609
8185.000 0.623
8190.000 0.640
8195.000 0.655
8200.000 0.668
8205.000 0.681
8210.000 0.697
8215.000 0.701
8220.000 0.713
8225.000 0.724
8230.000 0.728
8235.000 0.741
8240.000 0.749
8245.000 0.755
8250.000 0.769
8255.000 0.780
8260.000 0.791
8265.000 0.804
8270.000 0.816
8275.000 0.828
8280.000 0.837
8285.000 0.847
8290.000 0.855
8295.000 0.862
8300.000 0.868
8305.000 0.874
8310.000 0.879
8315.000 0.893
8320.000 0.904
8325.000 0.916
8330.000 0.928
8335.000 0.949
8340.000 0.959
8345.000 0.973
8350.000 0.985
8355.000 0.996
8360.000 1.006
8365.000 1.020
8370.000 1.026
8375.000 1.036
8380.000 1.053
8385.000 1.061
8390.000 1.081
8395.000 1.098
8400.000 1.120
8405.000 1.142
8410.000 1.165
8415.000 1.190
8420.000 1.206
8425.000 1.219
8430.000 1.242
8435.000 1.264
8440.000 1.290
8445.000 1.317
8450.000 1.343
8455.000 1.380
8460.000 1.412
8465.000 1.456
8470.000 1.498
8475.000 1.551
8480.000 1.608
8485.000 1.636
8490.000 1.704
8495.000 1.793
8500.000 1.873
8505.000 2.000
8510.000 2.164
8515.000 2.359
8520.000 2.740
8525.000 3.311
8530.000 4.208
8535.000 4.493
8540.000 1.350
8545.000 1.378
8550.000 1.339
8555.000 1.713
8560.000 1.723
8565.000 1.944
8570.000 2.181
8575.000 2.403
8580.000 2.635
8585.000 2.894
8590.000 3.152
8595.000 3.547
8600.000 3.983
8605.000 4.451
8610.000 4.832
8615.000 5.564
8620.000 6.372
8625.000 7.409
8630.000 8.157
8635.000 8.356
8640.000 7.550
8645.000 6.269
8650.000 4.949
8655.000 4.152
8660.000 3.517
8665.000 3.390
8670.000 3.415
8675.000 3.803
8680.000 3.944
8685.000 3.616
8690.000 3.110
8695.000 2.760
8700.000 2.401
8705.000 2.164
8710.000 1.939
8715.000 1.771
8720.000 1.642
8725.000 1.499
8730.000 1.446
8735.000 1.359
8740.000 1.257
8745.000 1.186
8750.000 1.113
8755.000 1.046
8760.000 0.997
8765.000 0.933
8770.000 0.893
8775.000 0.836
8780.000 0.795
8785.000 0.758
8790.000 0.733
8795.000 0.705
8800.000 0.676
8805.000 0.645
8810.000 0.626
8815.000 0.615
8820.000 0.582
8825.000 0.586
8830.000 0.551
8835.000 0.503
8840.000 0.488
8845.000 0.474
8850.000 0.460
8855.000 0.444
8860.000 0.429
8865.000 0.415
8870.000 0.397
8875.000 0.387
8880.000 0.375
8885.000 0.366
8890.000 0.360
8895.000 0.350
8900.000 0.344
8905.000 0.334
8910.000 0.327
8915.000 0.321
8920.000 0.310
8925.000 0.303
8930.000 0.292
8935.000 0.283
8940.000 0.274
8945.000 0.268
8950.000 0.265
8955.000 0.261
8960.000 0.259
8965.000 0.249
8970.000 0.251
8975.000 0.250
8980.000 0.238
8985.000 0.245
8990.000 0.238
8995.000 0.235
9000.000 0.225
9005.000 0.218
9010.000 0.212
9015.000 0.210
9020.000 0.211
9025.000 0.203
9030.000 0.206
9035.000 0.201
9040.000 0.197
9045.000 0.202
9050.000 0.200
9055.000 0.196
9060.000 0.199
9065.000 0.195
9070.000 0.192
9075.000 0.187
9080.000 0.189
9085.000 0.180
9090.000 0.178
9095.000 0.175
9100.000 0.177
9105.000 0.176
9110.000 0.176
9115.000 0.175
9120.000 0.175
9125.000 0.180
9130.000 0.176
9135.000 0.175
9140.000 0.174
9145.000 0.171
9150.000 0.167
9155.000 0.168
9160.000 0.163
9165.000 0.163
9170.000 0.158
9175.000 0.158
9180.000 0.157
9185.000 0.162
9190.000 0.166
9195.000 0.165
9200.000 0.165
9205.000 0.165
9210.000 0.164
9215.000 0.162
9220.000 0.165
9225.000 0.166
9230.000 0.161
9235.000 0.162
9240.000 0.156
9245.000 0.163
9250.000 0.165
9255.000 0.169
9260.000 0.170
9265.000 0.179
9270.000 0.181
9275.000 0.182
9280.000 0.183
9285.000 0.188
9290.000 0.182
9295.000 0.192
9300.000 0.198
9305.000 0.200
9310.000 0.207
9315.000 0.212
9320.000 0.227
9325.000 0.238
9330.000 0.252
9335.000 0.268
9340.000 0.272
9345.000 0.283
9350.000 0.302
9355.000 0.314
9360.000 0.332
9365.000 0.350
9370.000 0.368
9375.000 0.395
9380.000 0.422
9385.000 0.462
9390.000 0.501
9395.000 0.517
9400.000 0.575
9405.000 0.631
9410.000 0.687
9415.000 0.770
9420.000 0.843
9425.000 0.969
9430.000 1.103
9435.000 1.255
9440.000 1.509
9445.000 1.781
9450.000 2.326
9455.000 3.083
9460.000 3.464
9465.000 5.255
9470.000 7.692
9475.000 8.930
9480.000 4.677
9485.000 4.493
9490.000 2.648
9495.000 2.076
9500.000 1.801
9505.000 1.519
9510.000 1.361
9515.000 1.196
9520.000 1.135
9525.000 1.040
9530.000 0.938
9535.000 0.864
9540.000 0.789
9545.000 0.735
9550.000 0.690
9555.000 0.638
9560.000 0.603
9565.000 0.563
9570.000 0.532
9575.000 0.509
9580.000 0.477
9585.000 0.463
9590.000 0.445
9595.000 0.411
9600.000 0.389
9605.000 0.361
9610.000 0.332
9615.000 0.311
9620.000 0.281
9625.000 0.260
9630.000 0.235
9635.000 0.213
9640.000 0.208
9645.000 0.189
9650.000 0.162
9655.000 0.149
9660.000 0.119
9665.000 0.101
9670.000 0.066
9675.000 0.040
9680.000 0.010
9685.000 0.028
9690.000 0.059
9695.000 0.101
9700.000 0.115
9705.000 0.150
9710.000 0.196
9715.000 0.240
9720.000 0.279
9725.000 0.340
9730.000 0.388
9735.000 0.463
9740.000 0.545
9745.000 0.622
9750.000 0.737
9755.000 0.841
9760.000 1.000
9765.000 1.081
9770.000 1.229
9775.000 1.484
9780.000 1.756
9785.000 2.046
9790.000 2.508
9795.000 2.938
9800.000 3.559
9805.000 4.061
9810.000 4.291
9815.000 4.092
9820.000 3.670
9825.000 3.415
9830.000 2.845
9835.000 2.486
9840.000 2.076
9845.000 1.802
9850.000 1.609
9855.000 1.495
9860.000 1.540
9865.000 1.772
9870.000 2.000
9875.000 2.158
9880.000 2.148
9885.000 2.103
9890.000 1.978
9895.000 1.854
9900.000 1.762
9905.000 1.654
9910.000 1.575
9915.000 1.508
9920.000 1.442
9925.000 1.400
9930.000 1.347
9935.000 1.303
9940.000 1.274
9945.000 1.255
9950.000 1.229
9955.000 1.194
9960.000 1.166
9965.000 1.142
9970.000 1.112
9975.000 1.092
9980.000 1.061
9985.000 1.042
9990.000 1.025
9995.000 0.999
10000.000 0.994
10005.000 0.980
10010.000 0.968
10015.000 0.949
10020.000 0.940
10025.000 0.925
10030.000 0.921
10035.000 0.901
10040.000 0.888
10045.000 0.872
10050.000 0.855
10055.000 0.838
10060.000 0.828
10065.000 0.813
10070.000 0.807
10075.000 0.792
10080.000 0.782
10085.000 0.769
10090.000 0.752
10095.000 0.746
10100.000 0.724
10105.000 0.707
10110.000 0.684
10115.000 0.658
10120.000 0.622
10125.000 0.600
10130.000 0.559
10135.000 0.509
10140.000 0.428
10145.000 0.353
10150.000 0.177
10155.000 0.260
10160.000 0.736
10165.000 1.972
10170.000 2.556
10175.000 1.692
10180.000 1.959
10185.000 1.488
10190.000 1.286
10195.000 1.206
10200.000 1.161
10205.000 1.105
10210.000 1.066
10215.000 1.028
10220.000 1.006
10225.000 0.991
10230.000 0.972
10235.000 0.963
10240.000 0.951
10245.000 0.942
10250.000 0.936
10255.000 0.925
10260.000 0.917
10265.000 0.905
10270.000 0.896
10275.000 0.885
10280.000 0.875
10285.000 0.873
10290.000 0.867
10295.000 0.862
10300.000 0.862
10305.000 0.863
10310.000 0.856
10315.000 0.858
10320.000 0.854
10325.000 0.855
10330.000 0.847
10335.000 0.845
10340.000 0.838
10345.000 0.832
10350.000 0.831
10355.000 0.829
10360.000 0.827
10365.000 0.829
10370.000 0.823
10375.000 0.822
10380.000 0.827
10385.000 0.828
10390.000 0.830
10395.000 0.827
10400.000 0.825
10405.000 0.823
10410.000 0.821
10415.000 0.818
10420.000 0.816
10425.000 0.815
10430.000 0.815
10435.000 0.813
10440.000 0.813
10445.000 0.819
10450.000 0.820
10455.000 0.822
10460.000 0.826
10465.000 0.824
10470.000 0.827
10475.000 0.828
10480.000 0.827
10485.000 0.823
10490.000 0.823
10495.000 0.822
10500.000 0.821
10505.000 0.822
10510.000 0.823
10515.000 0.826
10520.000 0.827
10525.000 0.834
10530.000 0.838
10535.000 0.844
10540.000 0.844
10545.000 0.849
10550.000 0.846
10555.000 0.848
10560.000 0.847
10565.000 0.849
10570.000 0.850
10575.000 0.851
10580.000 0.854
10585.000 0.856
10595.000 0.867
10600.000 0.867
10605.000 0.877
10610.000 0.875
10615.000 0.881
10620.000 0.891
10625.000 0.897
10630.000 0.902
10635.000 0.916
10640.000 0.916
10645.000 0.927
10650.000 0.930
10655.000 0.939
10660.000 0.940
10665.000 0.947
10670.000 0.956
10675.000 0.961
10680.000 0.972
10685.000 0.982
10690.000 0.993
10695.000 1.005
10700.000 1.015
10705.000 1.032
10710.000 1.046
10715.000 1.068
10720.000 1.083
10725.000 1.097
10730.000 1.122
10735.000 1.136
10740.000 1.162
10745.000 1.186
10750.000 1.210
10755.000 1.230
10760.000 1.263
10765.000 1.300
10770.000 1.346
10775.000 1.396
10780.000 1.466
10785.000 1.534
10790.000 1.601
10795.000 1.713
10800.000 1.802
10805.000 1.963
10810.000 2.149
10815.000 2.342
10820.000 2.535
10825.000 2.902
10830.000 3.299
10835.000 3.987
10840.000 4.485
10845.000 4.367
10850.000 3.236
10855.000 2.189
10860.000 1.390
10865.000 1.278
10870.000 1.218
10875.000 1.035
10880.000 0.837
10885.000 0.441
10890.000 0.291
10895.000 0.197
10900.000 0.118
10905.000 0.122
10910.000 0.187
10915.000 0.249
10920.000 0.308
10925.000 0.376
10930.000 0.428
10935.000 0.511
10940.000 0.577
10945.000 0.600
10950.000 0.682
10955.000 0.763
10960.000 0.850
10965.000 0.948
10970.000 1.027
10975.000 1.117
10980.000 1.140
10985.000 1.106
10990.000 1.020
10995.000 0.956
11000.000 0.918
11005.000 0.876
11010.000 0.875
11015.000 0.905
11020.000 0.959
11025.000 1.023
11030.000 1.108
11035.000 1.195
11040.000 1.313
11045.000 1.398
11050.000 1.456
11055.000 1.455
11060.000 1.437
11065.000 1.295
11070.000 1.113
11075.000 0.957
11080.000 0.776
11085.000 0.664
11090.000 0.549
11095.000 0.468
11100.000 0.415
11105.000 0.360
11110.000 0.324
11115.000 0.291
11120.000 0.261
11125.000 0.255
11130.000 0.230
11135.000 0.218
11140.000 0.209
11145.000 0.208
11150.000 0.208
11155.000 0.213
11160.000 0.218
11165.000 0.226
11170.000 0.228
11175.000 0.234
11180.000 0.239
11185.000 0.241
11190.000 0.242
11195.000 0.246
11200.000 0.258
11205.000 0.263
11210.000 0.266
11215.000 0.273
11220.000 0.284
11225.000 0.291
11230.000 0.298
11235.000 0.307
11240.000 0.309
11245.000 0.312
11250.000 0.316
11255.000 0.318
11260.000 0.321
11265.000 0.326
11270.000 0.327
11275.000 0.333
11280.000 0.332
11285.000 0.342
11290.000 0.348
11295.000 0.357
11300.000 0.360
11305.000 0.360
11310.000 0.361
11315.000 0.369
11320.000 0.368
11325.000 0.371
11330.000 0.373
11335.000 0.373
11340.000 0.378
11345.000 0.377
11350.000 0.380
11355.000 0.382
11360.000 0.390
11365.000 0.396
11370.000 0.392
11375.000 0.400
11380.000 0.400
11385.000 0.404
11390.000 0.406
11395.000 0.405
11400.000 0.404
11405.000 0.405
11410.000 0.404
11415.000 0.409
11420.000 0.406
11425.000 0.411
11430.000 0.411
11435.000 0.413
11440.000 0.419
11445.000 0.424
11450.000 0.426
11455.000 0.430
11460.000 0.428
11465.000 0.430
11470.000 0.430
11475.000 0.429
11480.000 0.428
11485.000 0.428
11490.000 0.428
11495.000 0.434
11500.000 0.436
11505.000 0.440
11510.000 0.439
11515.000 0.449
11520.000 0.449
11525.000 0.454
11530.000 0.457
11535.000 0.459
11540.000 0.455
11545.000 0.456
11550.000 0.459
11555.000 0.460
11560.000 0.460
11565.000 0.464
11570.000 0.465
11575.000 0.474
11580.000 0.479
11585.000 0.484
11590.000 0.488
11595.000 0.494
11600.000 0.499
11605.000 0.505
11610.000 0.508
11615.000 0.513
11620.000 0.516
11625.000 0.528
11630.000 0.531
11635.000 0.547
11640.000 0.555
11645.000 0.575
11650.000 0.586
11655.000 0.604
11660.000 0.633
11665.000 0.660
11670.000 0.697
11675.000 0.715
11680.000 0.762
11685.000 0.837
11690.000 0.923
11695.000 1.022
11700.000 1.291
11705.000 1.616
11710.000 1.962
11715.000 1.995
11720.000 1.011
11725.000 0.964
11730.000 0.851
11735.000 0.349
11740.000 0.193
11745.000 0.132
11750.000 0.058
11755.000 0.052
11760.000 0.070
11765.000 0.096
11770.000 0.112
11775.000 0.129
11780.000 0.144
11785.000 0.158
11790.000 0.166
11795.000 0.174
11800.000 0.188
11805.000 0.196
11810.000 0.202
11815.000 0.211
11820.000 0.215
11825.000 0.220
11830.000 0.225
11835.000 0.228
11840.000 0.229
11845.000 0.229
11850.000 0.231
11855.000 0.231
11860.000 0.233
11865.000 0.238
11870.000 0.236
11875.000 0.240
11880.000 0.246
11885.000 0.246
11890.000 0.247
11895.000 0.244
11900.000 0.245
11905.000 0.245
11910.000 0.247
11915.000 0.246
11920.000 0.241
11925.000 0.241
11930.000 0.240
11935.000 0.238
11940.000 0.239
11945.000 0.240
11950.000 0.238
11955.000 0.242
11960.000 0.242
11965.000 0.241
11970.000 0.239
11975.000 0.239
11980.000 0.238
11985.000 0.242
11990.000 0.246
11995.000 0.245
12000.000 0.251
