105.000 2.153
110.000 1.997
115.000 2.124
120.000 2.099
125.000 2.023
130.000 2.047
135.000 2.254
140.000 2.220
145.000 2.211
150.000 2.115
155.000 2.188
160.000 2.183
165.000 2.170
170.000 2.264
175.000 2.265
180.000 2.242
185.000 2.302
190.000 2.297
195.000 2.314
200.000 2.295
205.000 2.323
210.000 2.348
215.000 2.400
220.000 2.434
225.000 2.426
230.000 2.474
235.000 2.478
240.000 2.533
245.000 2.550
250.000 2.601
255.000 2.646
260.000 2.706
265.000 2.741
270.000 2.785
275.000 2.835
280.000 2.917
285.000 2.959
290.000 3.003
295.000 3.079
300.000 3.124
305.000 3.218
310.000 3.334
315.000 3.465
320.000 3.532
325.000 3.667
330.000 3.787
335.000 3.912
340.000 4.085
345.000 4.242
350.000 4.412
355.000 4.593
360.000 4.689
365.000 4.887
370.000 5.131
375.000 5.356
380.000 5.562
385.000 5.784
390.000 5.975
395.000 6.114
400.000 6.176
405.000 6.262
410.000 6.288
415.000 6.177
420.000 6.105
425.000 5.904
430.000 5.658
435.000 5.365
440.000 5.064
445.000 4.740
450.000 4.409
455.000 4.126
460.000 3.846
465.000 3.581
470.000 3.459
475.000 3.119
480.000 3.020
485.000 2.846
490.000 2.658
495.000 2.501
500.000 2.366
505.000 2.227
510.000 2.115
515.000 1.992
520.000 1.901
525.000 1.804
530.000 1.767
535.000 1.634
540.000 1.604
545.000 1.532
550.000 1.462
555.000 1.404
560.000 1.351
565.000 1.295
570.000 1.242
575.000 1.202
580.000 1.160
585.000 1.130
590.000 1.083
595.000 1.072
600.000 1.021
605.000 1.002
610.000 0.970
615.000 0.947
620.000 0.913
625.000 0.887
630.000 0.861
635.000 0.847
640.000 0.823
645.000 0.822
650.000 0.790
655.000 0.780
660.000 0.754
665.000 0.745
670.000 0.734
675.000 0.719
680.000 0.705
685.000 0.690
690.000 0.680
695.000 0.668
700.000 0.664
705.000 0.643
710.000 0.648
715.000 0.640
720.000 0.623
725.000 0.617
730.000 0.615
735.000 0.603
740.000 0.597
745.000 0.590
750.000 0.586
755.000 0.581
760.000 0.569
765.000 0.566
770.000 0.554
775.000 0.552
780.000 0.554
785.000 0.557
790.000 0.557
795.000 0.551
800.000 0.546
805.000 0.541
810.000 0.542
815.000 0.540
820.000 0.526
825.000 0.528
830.000 0.522
835.000 0.517
840.000 0.514
845.000 0.522
850.000 0.517
855.000 0.514
860.000 0.505
865.000 0.503
870.000 0.510
875.000 0.502
880.000 0.504
885.000 0.502
890.000 0.504
895.000 0.501
900.000 0.497
905.000 0.500
910.000 0.493
915.000 0.497
920.000 0.496
925.000 0.493
930.000 0.503
935.000 0.489
940.000 0.494
945.000 0.490
950.000 0.497
955.000 0.491
960.000 0.495
965.000 0.486
970.000 0.497
975.000 0.488
980.000 0.488
985.000 0.500
990.000 0.492
995.000 0.494
1000.000 0.489
1005.000 0.481
1010.000 0.493
1015.000 0.486
1020.000 0.493
1025.000 0.482
1030.000 0.497
1035.000 0.496
1040.000 0.493
1045.000 0.491
1050.000 0.494
1055.000 0.492
1060.000 0.494
1065.000 0.491
1070.000 0.495
1075.000 0.492
1080.000 0.493
1085.000 0.492
1090.000 0.495
1095.000 0.499
1100.000 0.490
1105.000 0.490
1110.000 0.491
1115.000 0.492
1120.000 0.494
1125.000 0.493
1130.000 0.499
1135.000 0.496
1140.000 0.493
1145.000 0.495
1150.000 0.497
1155.000 0.503
1160.000 0.503
1165.000 0.501
1170.000 0.500
1175.000 0.502
1180.000 0.504
1185.000 0.499
1190.000 0.503
1195.000 0.504
1200.000 0.506
1205.000 0.508
1210.000 0.506
1215.000 0.514
1220.000 0.511
1225.000 0.516
1230.000 0.513
1235.000 0.515
1240.000 0.515
1245.000 0.515
1250.000 0.517
1255.000 0.516
1260.000 0.520
1265.000 0.517
1270.000 0.522
1275.000 0.523
1280.000 0.527
1285.000 0.523
1290.000 0.528
1295.000 0.529
1300.000 0.536
1305.000 0.531
1310.000 0.533
1315.000 0.535
1320.000 0.541
1325.000 0.539
1330.000 0.543
1335.000 0.546
1340.000 0.546
1345.000 0.547
1350.000 0.546
1355.000 0.554
1360.000 0.551
1365.000 0.554
1370.000 0.558
1375.000 0.561
1380.000 0.560
1385.000 0.563
1390.000 0.566
1395.000 0.563
1400.000 0.565
1405.000 0.569
1410.000 0.570
1415.000 0.568
1420.000 0.568
1425.000 0.573
1430.000 0.567
1435.000 0.567
1440.000 0.564
1445.000 0.558
1450.000 0.560
1455.000 0.556
1460.000 0.555
1465.000 0.560
1470.000 0.562
1475.000 0.568
1480.000 0.572
1485.000 0.578
1490.000 0.587
1495.000 0.598
1500.000 0.607
1505.000 0.617
1510.000 0.621
1515.000 0.631
1520.000 0.642
1525.000 0.655
1530.000 0.659
1535.000 0.665
1540.000 0.669
1545.000 0.683
1550.000 0.690
1555.000 0.696
1560.000 0.706
1565.000 0.714
1570.000 0.725
1575.000 0.729
1580.000 0.752
1585.000 0.754
1590.000 0.771
1595.000 0.771
1600.000 0.786
1605.000 0.794
1610.000 0.808
1615.000 0.822
1620.000 0.829
1625.000 0.845
1630.000 0.858
1635.000 0.871
1640.000 0.879
1645.000 0.897
1650.000 0.908
1655.000 0.935
1660.000 0.946
1665.000 0.961
1670.000 0.982
1675.000 0.996
1680.000 1.019
1685.000 1.043
1690.000 1.059
1695.000 1.082
1700.000 1.103
1705.000 1.127
1710.000 1.152
1715.000 1.173
1720.000 1.179
1725.000 1.211
1730.000 1.243
1735.000 1.268
1740.000 1.299
1745.000 1.326
1750.000 1.354
1755.000 1.382
1760.000 1.410
1765.000 1.446
1770.000 1.478
1775.000 1.492
1780.000 1.530
1785.000 1.559
1790.000 1.590
1795.000 1.621
1800.000 1.652
1805.000 1.687
1810.000 1.717
1815.000 1.752
1820.000 1.784
1825.000 1.799
1830.000 1.841
1835.000 1.849
1840.000 1.873
1845.000 1.899
1850.000 1.920
1855.000 1.938
1860.000 1.962
1865.000 1.980
1870.000 1.993
1875.000 2.006
1880.000 2.015
1885.000 2.022
1890.000 2.029
1895.000 2.033
1900.000 2.036
1905.000 2.038
1910.000 2.032
1915.000 2.028
1920.000 2.023
1925.000 2.020
1930.000 2.014
1935.000 2.010
1940.000 2.001
1945.000 2.001
1950.000 1.994
1955.000 1.981
1960.000 1.959
1965.000 1.959
1970.000 1.960
1975.000 1.942
1980.000 1.927
1985.000 1.917
1990.000 1.906
1995.000 1.897
2000.000 1.877
2005.000 1.874
2010.000 1.874
2015.000 1.864
2020.000 1.866
2025.000 1.849
2030.000 1.837
2035.000 1.827
2040.000 1.821
2045.000 1.826
2050.000 1.810
2055.000 1.808
2060.000 1.805
2065.000 1.814
2070.000 1.805
2075.000 1.807
2080.000 1.805
2085.000 1.812
2090.000 1.813
2095.000 1.825
2100.000 1.831
2105.000 1.842
2110.000 1.854
2115.000 1.856
2120.000 1.869
2125.000 1.874
2130.000 1.887
2135.000 1.893
2140.000 1.912
2145.000 1.930
2150.000 1.952
2155.000 1.978
2160.000 1.998
2165.000 2.028
2170.000 2.059
2175.000 2.097
2180.000 2.129
2185.000 2.153
2190.000 2.194
2195.000 2.249
2200.000 2.302
2205.000 2.361
2210.000 2.435
2215.000 2.515
2220.000 2.598
2225.000 2.704
2230.000 2.818
2235.000 2.946
2240.000 3.105
2245.000 3.288
2250.000 3.403
2255.000 3.641
2260.000 3.933
2265.000 4.319
2270.000 4.821
2275.000 5.436
2280.000 6.316
2285.000 7.487
2290.000 9.408
2295.000 12.272
2300.000 16.201
2305.000 18.989
2310.000 15.262
2315.000 14.993
2320.000 8.593
2325.000 6.929
2330.000 5.338
2335.000 4.265
2340.000 3.499
2345.000 2.936
2350.000 2.527
2355.000 2.182
2360.000 1.916
2365.000 1.682
2370.000 1.487
2375.000 1.328
2380.000 1.189
2385.000 1.069
2390.000 1.023
2395.000 0.920
2400.000 0.832
2405.000 0.761
2410.000 0.681
2415.000 0.624
2420.000 0.562
2425.000 0.512
2430.000 0.464
2435.000 0.425
2440.000 0.381
2445.000 0.366
2450.000 0.329
2455.000 0.301
2460.000 0.271
2465.000 0.242
2470.000 0.218
2475.000 0.191
2480.000 0.170
2485.000 0.149
2490.000 0.129
2495.000 0.112
2500.000 0.106
2505.000 0.096
2510.000 0.074
2515.000 0.067
2520.000 0.063
2525.000 0.052
2530.000 0.049
2535.000 0.050
2540.000 0.057
2545.000 0.053
2550.000 0.065
2555.000 0.073
2560.000 0.078
2565.000 0.088
2570.000 0.090
2575.000 0.095
2580.000 0.105
2585.000 0.112
2590.000 0.118
2595.000 0.126
2600.000 0.130
2605.000 0.136
2610.000 0.144
2615.000 0.151
2620.000 0.155
2625.000 0.157
2630.000 0.161
2635.000 0.170
2640.000 0.179
2645.000 0.183
2650.000 0.180
2655.000 0.185
2660.000 0.193
2665.000 0.195
2670.000 0.203
2675.000 0.209
2680.000 0.215
2685.000 0.220
2690.000 0.225
2695.000 0.224
2700.000 0.229
2705.000 0.231
2710.000 0.235
2715.000 0.242
2720.000 0.250
2725.000 0.253
2730.000 0.262
2735.000 0.267
2740.000 0.271
2745.000 0.274
2750.000 0.281
2755.000 0.287
2760.000 0.287
2765.000 0.294
2770.000 0.306
2775.000 0.307
2780.000 0.315
2785.000 0.321
2790.000 0.329
2795.000 0.336
2800.000 0.340
2805.000 0.351
2810.000 0.357
2815.000 0.360
2820.000 0.368
2825.000 0.375
2830.000 0.383
2835.000 0.388
2840.000 0.398
2845.000 0.403
2850.000 0.414
2855.000 0.418
2860.000 0.426
2865.000 0.434
2870.000 0.440
2875.000 0.447
2880.000 0.456
2885.000 0.463
2890.000 0.472
2895.000 0.478
2900.000 0.483
2905.000 0.491
2910.000 0.499
2915.000 0.505
2920.000 0.511
2925.000 0.519
2930.000 0.532
2935.000 0.529
2940.000 0.536
2945.000 0.543
2950.000 0.556
2955.000 0.559
2960.000 0.564
2965.000 0.561
2970.000 0.577
2975.000 0.581
2980.000 0.576
2985.000 0.583
2990.000 0.584
2995.000 0.596
3000.000 0.590
3005.000 0.597
3010.000 0.601
3015.000 0.611
3020.000 0.622
3025.000 0.621
3030.000 0.615
3035.000 0.616
3040.000 0.625
3045.000 0.628
3050.000 0.636
3055.000 0.628
3060.000 0.633
3065.000 0.635
3070.000 0.640
3075.000 0.638
3080.000 0.642
3085.000 0.650
3090.000 0.650
3095.000 0.652
3100.000 0.656
3105.000 0.654
3110.000 0.660
3115.000 0.655
3120.000 0.660
3125.000 0.661
3130.000 0.665
3135.000 0.667
3140.000 0.666
3145.000 0.669
3150.000 0.671
3155.000 0.672
3160.000 0.674
3165.000 0.679
3170.000 0.676
3175.000 0.675
3180.000 0.681
3185.000 0.683
3190.000 0.686
3195.000 0.685
3200.000 0.687
3205.000 0.690
3210.000 0.691
3215.000 0.695
3220.000 0.696
3225.000 0.694
3230.000 0.700
3235.000 0.700
3240.000 0.706
3245.000 0.707
3250.000 0.707
3255.000 0.712
3260.000 0.714
3265.000 0.719
3270.000 0.725
3275.000 0.726
3280.000 0.722
3285.000 0.729
3290.000 0.736
3295.000 0.739
3300.000 0.737
3305.000 0.742
3310.000 0.748
3315.000 0.751
3320.000 0.755
3325.000 0.759
3330.000 0.765
3335.000 0.767
3340.000 0.771
3345.000 0.773
3350.000 0.776
3355.000 0.783
3360.000 0.787
3365.000 0.792
3370.000 0.801
3375.000 0.805
3380.000 0.810
3385.000 0.818
3390.000 0.825
3395.000 0.828
3400.000 0.838
3405.000 0.843
3410.000 0.849
3415.000 0.852
3420.000 0.861
3425.000 0.872
3430.000 0.878
3435.000 0.886
3440.000 0.900
3445.000 0.909
3450.000 0.921
3455.000 0.937
3460.000 0.942
3465.000 0.953
3470.000 0.969
3475.000 0.969
3480.000 0.993
3485.000 1.006
3490.000 1.012
3495.000 1.034
3500.000 1.049
3505.000 1.069
3510.000 1.090
3515.000 1.110
3520.000 1.133
3525.000 1.159
3530.000 1.183
3535.000 1.212
3540.000 1.227
3545.000 1.254
3550.000 1.286
3555.000 1.320
3560.000 1.360
3565.000 1.397
3570.000 1.445
3575.000 1.494
3580.000 1.548
3585.000 1.605
3590.000 1.632
3595.000 1.739
3600.000 1.779
3605.000 1.855
3610.000 1.954
3615.000 2.060
3620.000 2.177
3625.000 2.317
3630.000 2.457
3635.000 2.645
3640.000 2.860
3645.000 3.094
3650.000 3.412
3655.000 3.768
3660.000 4.252
3665.000 4.531
3670.000 5.154
3675.000 6.110
3680.000 7.328
3685.000 8.947
3690.000 12.259
3695.000 19.324
3700.000 25.853
3705.000 19.615
3710.000 17.278
3715.000 9.143
3720.000 8.026
3725.000 5.798
3730.000 5.304
3735.000 4.578
3740.000 3.963
3745.000 3.513
3750.000 3.175
3755.000 2.850
3760.000 2.628
3765.000 2.410
3770.000 2.322
3775.000 2.099
3780.000 2.028
3785.000 1.908
3790.000 1.811
3795.000 1.709
3800.000 1.635
3805.000 1.553
3810.000 1.484
3815.000 1.427
3820.000 1.366
3825.000 1.343
3830.000 1.293
3835.000 1.226
3840.000 1.185
3845.000 1.167
3850.000 1.132
3855.000 1.102
3860.000 1.074
3865.000 1.046
3870.000 1.021
3875.000 0.999
3880.000 0.974
3885.000 0.954
3890.000 0.934
3895.000 0.921
3900.000 0.896
3905.000 0.887
3910.000 0.872
3915.000 0.855
3920.000 0.846
3925.000 0.831
3930.000 0.818
3935.000 0.807
3940.000 0.792
3945.000 0.784
3950.000 0.777
3955.000 0.766
3960.000 0.758
3965.000 0.744
3970.000 0.737
3975.000 0.724
3980.000 0.731
3985.000 0.711
3990.000 0.701
3995.000 0.700
4000.000 0.693
4005.000 0.691
4010.000 0.682
4015.000 0.689
4020.000 0.681
4025.000 0.669
4030.000 0.673
4035.000 0.668
4040.000 0.662
4045.000 0.650
4050.000 0.653
4055.000 0.645
4060.000 0.629
4065.000 0.635
4070.000 0.635
4075.000 0.622
4080.000 0.625
4085.000 0.623
4090.000 0.621
4095.000 0.618
4100.000 0.613
4105.000 0.608
4110.000 0.606
4115.000 0.601
4120.000 0.597
4125.000 0.592
4130.000 0.586
4135.000 0.586
4140.000 0.582
4145.000 0.579
4150.000 0.578
4155.000 0.575
4160.000 0.573
4165.000 0.570
4170.000 0.571
4175.000 0.567
4180.000 0.562
4185.000 0.561
4190.000 0.555
4195.000 0.551
4200.000 0.550
4205.000 0.544
4210.000 0.548
4215.000 0.540
4220.000 0.542
4225.000 0.539
4230.000 0.540
4235.000 0.543
4240.000 0.545
4245.000 0.546
4250.000 0.546
4255.000 0.549
4260.000 0.547
4265.000 0.548
4270.000 0.547
4275.000 0.549
4280.000 0.550
4285.000 0.549
4290.000 0.550
4295.000 0.550
4300.000 0.556
4305.000 0.548
4310.000 0.558
4315.000 0.556
4320.000 0.558
4325.000 0.555
4330.000 0.557
4335.000 0.557
4340.000 0.554
4345.000 0.555
4350.000 0.549
4355.000 0.550
4360.000 0.549
4365.000 0.549
4370.000 0.546
4375.000 0.553
4380.000 0.551
4385.000 0.552
4390.000 0.553
4395.000 0.551
4400.000 0.550
4405.000 0.551
4410.000 0.551
4415.000 0.548
4420.000 0.547
4425.000 0.544
4430.000 0.545
4435.000 0.542
4440.000 0.540
4445.000 0.548
4450.000 0.547
4455.000 0.546
4460.000 0.546
4465.000 0.548
4470.000 0.546
4475.000 0.544
4480.000 0.541
4485.000 0.541
4490.000 0.542
4495.000 0.539
4500.000 0.537
4505.000 0.538
4510.000 0.539
4515.000 0.539
4520.000 0.539
4525.000 0.542
4530.000 0.542
4535.000 0.544
4540.000 0.542
4545.000 0.544
4550.000 0.538
4555.000 0.542
4560.000 0.537
4565.000 0.536
4570.000 0.533
4575.000 0.537
4580.000 0.532
4585.000 0.535
4590.000 0.536
4595.000 0.536
4600.000 0.539
4605.000 0.536
4610.000 0.540
4615.000 0.540
4620.000 0.540
4625.000 0.536
4630.000 0.537
4635.000 0.532
4640.000 0.532
4645.000 0.533
4650.000 0.533
4655.000 0.530
4660.000 0.530
4665.000 0.531
4670.000 0.532
4675.000 0.534
4680.000 0.531
4685.000 0.534
4690.000 0.536
4695.000 0.533
4700.000 0.534
4705.000 0.532
4710.000 0.528
4715.000 0.525
4720.000 0.525
4725.000 0.526
4730.000 0.524
4735.000 0.523
4740.000 0.527
4745.000 0.526
4750.000 0.524
4755.000 0.526
4760.000 0.530
4765.000 0.526
4770.000 0.528
4775.000 0.523
4780.000 0.519
4785.000 0.519
4790.000 0.516
4795.000 0.513
4800.000 0.514
4805.000 0.512
4810.000 0.511
4815.000 0.510
4820.000 0.514
4825.000 0.513
4830.000 0.510
4835.000 0.510
4840.000 0.507
4845.000 0.503
4850.000 0.499
4855.000 0.499
4860.000 0.491
4865.000 0.491
4870.000 0.486
4875.000 0.480
4880.000 0.477
4885.000 0.472
4890.000 0.468
4895.000 0.465
4900.000 0.459
4905.000 0.449
4910.000 0.445
4915.000 0.435
4920.000 0.434
4925.000 0.435
4930.000 0.432
4935.000 0.445
4940.000 0.482
4945.000 0.582
4950.000 0.775
4955.000 1.186
4960.000 2.011
4965.000 3.966
4970.000 7.171
4975.000 5.625
4980.000 4.820
4985.000 5.875
4990.000 5.910
4995.000 2.539
5000.000 1.758
5005.000 0.805
5010.000 0.599
5015.000 0.512
5020.000 0.504
5025.000 0.507
5030.000 0.534
5035.000 0.541
5040.000 0.564
5045.000 0.570
5050.000 0.583
5055.000 0.588
5060.000 0.586
5065.000 0.588
5070.000 0.588
5075.000 0.592
5080.000 0.592
5085.000 0.595
5090.000 0.596
5095.000 0.598
5100.000 0.596
5105.000 0.600
5110.000 0.605
5115.000 0.605
5120.000 0.607
5125.000 0.610
5130.000 0.613
5135.000 0.612
5140.000 0.613
5145.000 0.613
5150.000 0.613
5155.000 0.611
5160.000 0.607
5165.000 0.611
5170.000 0.612
5175.000 0.616
5180.000 0.614
5185.000 0.617
5190.000 0.621
5195.000 0.621
5200.000 0.622
5205.000 0.621
5210.000 0.622
5215.000 0.622
5220.000 0.622
5225.000 0.620
5230.000 0.619
5235.000 0.619
5240.000 0.621
5245.000 0.618
5250.000 0.621
5255.000 0.618
5260.000 0.627
5265.000 0.624
5270.000 0.624
5275.000 0.628
5280.000 0.626
5285.000 0.628
5290.000 0.627
5295.000 0.626
5300.000 0.621
5305.000 0.618
5310.000 0.618
5315.000 0.619
5320.000 0.620
5325.000 0.618
5330.000 0.619
5335.000 0.622
5340.000 0.623
5345.000 0.625
5350.000 0.623
5355.000 0.621
5360.000 0.621
5365.000 0.617
5370.000 0.616
5375.000 0.615
5380.000 0.608
5385.000 0.610
5390.000 0.609
5395.000 0.606
5400.000 0.607
5405.000 0.609
5410.000 0.609
5415.000 0.606
5420.000 0.607
5425.000 0.609
5430.000 0.609
5435.000 0.603
5440.000 0.604
5445.000 0.599
5450.000 0.597
5455.000 0.593
5460.000 0.593
5465.000 0.589
5470.000 0.589
5475.000 0.591
5480.000 0.591
5485.000 0.592
5490.000 0.590
5495.000 0.592
5500.000 0.586
5505.000 0.590
5510.000 0.584
5515.000 0.585
5520.000 0.580
5525.000 0.577
5530.000 0.574
5535.000 0.570
5540.000 0.572
5545.000 0.569
5550.000 0.573
5555.000 0.567
5560.000 0.577
5565.000 0.573
5570.000 0.573
5575.000 0.569
5580.000 0.566
5585.000 0.563
5590.000 0.562
5595.000 0.562
5600.000 0.558
5605.000 0.556
5610.000 0.554
5615.000 0.557
5620.000 0.557
5625.000 0.558
5630.000 0.558
5635.000 0.556
5640.000 0.557
5645.000 0.554
5650.000 0.553
5655.000 0.552
5660.000 0.551
5665.000 0.545
5670.000 0.544
5675.000 0.544
5680.000 0.546
5685.000 0.546
5690.000 0.544
5695.000 0.545
5700.000 0.545
5705.000 0.543
5710.000 0.547
5715.000 0.547
5720.000 0.548
5725.000 0.548
5730.000 0.543
5735.000 0.542
5740.000 0.542
5745.000 0.539
5750.000 0.538
5755.000 0.538
5760.000 0.538
5765.000 0.537
5770.000 0.539
5775.000 0.540
5780.000 0.541
5785.000 0.541
5790.000 0.544
5795.000 0.544
5800.000 0.548
5805.000 0.540
5810.000 0.540
5815.000 0.539
5820.000 0.539
5825.000 0.536
5830.000 0.538
5835.000 0.537
5840.000 0.542
5845.000 0.544
5850.000 0.545
5855.000 0.547
5860.000 0.552
5865.000 0.549
5870.000 0.551
5875.000 0.547
5880.000 0.549
5885.000 0.550
5890.000 0.546
5895.000 0.548
5900.000 0.551
5905.000 0.550
5910.000 0.554
5915.000 0.558
5920.000 0.561
5925.000 0.564
5930.000 0.568
5935.000 0.566
5940.000 0.572
5945.000 0.571
5950.000 0.580
5955.000 0.576
5960.000 0.583
5965.000 0.576
5970.000 0.584
5975.000 0.586
5980.000 0.585
5985.000 0.602
5990.000 0.615
5995.000 0.609
6000.000 0.624
6005.000 0.631
6010.000 0.641
6015.000 0.634
6020.000 0.639
6025.000 0.655
6030.000 0.659
6035.000 0.669
6040.000 0.678
6045.000 0.687
6050.000 0.700
6055.000 0.719
6060.000 0.731
6065.000 0.751
6070.000 0.769
6075.000 0.789
6080.000 0.810
6085.000 0.832
6090.000 0.853
6095.000 0.869
6100.000 0.899
6105.000 0.930
6110.000 0.968
6115.000 1.010
6120.000 1.055
6125.000 1.109
6130.000 1.165
6135.000 1.239
6140.000 1.311
6145.000 1.345
6150.000 1.495
6155.000 1.600
6160.000 1.672
6165.000 1.825
6170.000 1.983
6175.000 2.211
6180.000 2.475
6185.000 2.794
6190.000 3.220
6195.000 3.705
6200.000 4.507
6205.000 4.987
6210.000 6.049
6215.000 7.998
6220.000 10.478
6225.000 13.251
6230.000 15.595
6235.000 13.923
6240.000 9.763
6245.000 6.974
6250.000 5.449
6255.000 4.755
6260.000 4.457
6265.000 3.940
6270.000 3.487
6275.000 3.131
6280.000 2.738
6285.000 2.419
6290.000 2.147
6295.000 1.914
6300.000 1.746
6305.000 1.571
6310.000 1.454
6315.000 1.344
6320.000 1.301
6325.000 1.226
6330.000 1.130
6335.000 1.088
6340.000 1.063
6345.000 1.020
6350.000 0.982
6355.000 0.950
6360.000 0.927
6365.000 0.909
6370.000 0.883
6375.000 0.860
6380.000 0.839
6385.000 0.823
6390.000 0.807
6395.000 0.781
6400.000 0.769
6405.000 0.758
6410.000 0.742
6415.000 0.723
6420.000 0.706
6425.000 0.689
6430.000 0.681
6435.000 0.665
6440.000 0.656
6445.000 0.641
6450.000 0.628
6455.000 0.612
6460.000 0.598
6465.000 0.587
6470.000 0.571
6475.000 0.551
6480.000 0.536
6485.000 0.513
6490.000 0.496
6495.000 0.480
6500.000 0.466
6505.000 0.451
6510.000 0.448
6515.000 0.449
6520.000 0.460
6525.000 0.491
6530.000 0.552
6535.000 0.657
6540.000 0.876
6545.000 1.214
6550.000 1.831
6555.000 3.029
6560.000 5.286
6565.000 7.207
6570.000 10.719
6575.000 3.899
6580.000 2.261
6585.000 2.312
6590.000 1.951
6595.000 1.730
6600.000 1.634
6605.000 1.521
6610.000 1.440
6615.000 1.356
6620.000 1.291
6625.000 1.239
6630.000 1.194
6635.000 1.164
6640.000 1.129
6645.000 1.112
6650.000 1.089
6655.000 1.072
6660.000 1.054
6665.000 1.042
6670.000 1.025
6675.000 1.013
6680.000 0.997
6685.000 0.986
6690.000 0.973
6695.000 0.965
6700.000 0.958
6705.000 0.943
6710.000 0.936
6715.000 0.931
6720.000 0.924
6725.000 0.914
6730.000 0.914
6735.000 0.908
6740.000 0.905
6745.000 0.904
6750.000 0.897
6755.000 0.895
6760.000 0.890
6765.000 0.894
6770.000 0.881
6775.000 0.878
6780.000 0.872
6785.000 0.873
6790.000 0.868
6795.000 0.865
6800.000 0.863
6805.000 0.864
6810.000 0.863
6815.000 0.865
6820.000 0.864
6825.000 0.863
6830.000 0.859
6835.000 0.859
6840.000 0.857
6845.000 0.850
6850.000 0.848
6855.000 0.848
6860.000 0.844
6865.000 0.848
6870.000 0.844
6875.000 0.845
6880.000 0.847
6885.000 0.849
6890.000 0.853
6895.000 0.849
6900.000 0.855
6905.000 0.854
6910.000 0.850
6915.000 0.849
6920.000 0.851
6925.000 0.848
6930.000 0.846
6935.000 0.849
6940.000 0.852
6945.000 0.852
6950.000 0.858
6955.000 0.859
6960.000 0.859
6965.000 0.860
6970.000 0.866
6975.000 0.867
6980.000 0.862
6985.000 0.866
6990.000 0.865
6995.000 0.863
7000.000 0.865
7005.000 0.865
7010.000 0.863
7015.000 0.876
7020.000 0.876
7025.000 0.886
7030.000 0.884
7035.000 0.894
7040.000 0.896
7045.000 0.896
7050.000 0.904
7055.000 0.899
7060.000 0.909
7065.000 0.904
7070.000 0.904
7075.000 0.912
7080.000 0.908
7085.000 0.919
7090.000 0.919
7095.000 0.932
7100.000 0.941
7105.000 0.944
7110.000 0.953
7115.000 0.957
7120.000 0.962
7125.000 0.970
7130.000 0.970
7135.000 0.974
7140.000 0.982
7145.000 0.986
7150.000 0.995
7155.000 0.999
7160.000 1.011
7165.000 1.019
7170.000 1.030
7175.000 1.041
7180.000 1.048
7185.000 1.066
7190.000 1.076
7195.000 1.079
7200.000 1.092
7205.000 1.104
7210.000 1.109
7215.000 1.122
7220.000 1.136
7225.000 1.152
7230.000 1.165
7235.000 1.171
7240.000 1.200
7245.000 1.214
7250.000 1.235
7255.000 1.254
7260.000 1.273
7265.000 1.300
7270.000 1.321
7275.000 1.345
7280.000 1.376
7285.000 1.398
7290.000 1.429
7295.000 1.463
7300.000 1.475
7305.000 1.537
7310.000 1.557
7315.000 1.602
7320.000 1.657
7325.000 1.699
7330.000 1.769
7335.000 1.832
7340.000 1.900
7345.000 1.979
7350.000 2.056
7355.000 2.157
7360.000 2.267
7365.000 2.311
7370.000 2.530
7375.000 2.609
7380.000 2.768
7385.000 2.996
7390.000 3.210
7395.000 3.545
7400.000 3.913
7405.000 4.322
7410.000 4.964
7415.000 5.610
7420.000 6.076
7425.000 8.072
7430.000 8.724
7435.000 11.856
7440.000 12.775
7445.000 13.585
7450.000 11.966
7455.000 9.184
7460.000 6.506
7465.000 4.411
7470.000 3.349
7475.000 2.982
7480.000 2.754
7485.000 2.628
7490.000 2.285
7495.000 2.206
7500.000 1.999
7505.000 1.832
7510.000 1.696
7515.000 1.563
7520.000 1.464
7525.000 1.355
7530.000 1.265
7535.000 1.188
7540.000 1.118
7545.000 1.063
7550.000 1.023
7555.000 0.967
7560.000 0.916
7565.000 0.866
7570.000 0.828
7575.000 0.789
7580.000 0.752
7585.000 0.724
7590.000 0.696
7595.000 0.668
7600.000 0.659
7605.000 0.625
7610.000 0.614
7615.000 0.581
7620.000 0.574
7625.000 0.556
7630.000 0.538
7635.000 0.522
7640.000 0.507
7645.000 0.490
7650.000 0.479
7655.000 0.470
7660.000 0.456
7665.000 0.452
7670.000 0.441
7675.000 0.439
7680.000 0.436
7685.000 0.427
7690.000 0.425
7695.000 0.417
7700.000 0.409
7705.000 0.405
7710.000 0.397
7715.000 0.392
7720.000 0.383
7725.000 0.383
7730.000 0.378
7735.000 0.377
7740.000 0.374
7745.000 0.375
7750.000 0.372
7755.000 0.374
7760.000 0.373
7765.000 0.371
7770.000 0.370
7775.000 0.370
7780.000 0.368
7785.000 0.367
7790.000 0.361
7795.000 0.356
7800.000 0.354
7805.000 0.356
7810.000 0.357
7815.000 0.356
7820.000 0.358
7825.000 0.361
7830.000 0.363
7835.000 0.369
7840.000 0.372
7845.000 0.367
7850.000 0.369
7855.000 0.370
7860.000 0.362
7865.000 0.367
7870.000 0.367
7875.000 0.367
7880.000 0.365
7885.000 0.367
7890.000 0.371
7895.000 0.375
7900.000 0.383
7905.000 0.388
7910.000 0.393
7915.000 0.398
7920.000 0.398
7925.000 0.404
7930.000 0.409
7935.000 0.408
7940.000 0.408
7945.000 0.412
7950.000 0.420
7955.000 0.427
7960.000 0.438
7965.000 0.451
7970.000 0.468
7975.000 0.471
7980.000 0.490
7985.000 0.511
7990.000 0.536
7995.000 0.565
8000.000 0.584
8005.000 0.624
8010.000 0.678
8015.000 0.732
8020.000 0.828
8025.000 0.882
8030.000 1.133
8035.000 1.248
8040.000 1.805
8045.000 2.223
8050.000 3.255
8055.000 3.925
8060.000 2.829
8065.000 3.626
8070.000 1.688
8075.000 1.351
8080.000 0.973
8085.000 0.911
8090.000 0.687
8095.000 0.587
8100.000 0.558
8105.000 0.514
8110.000 0.477
8115.000 0.451
8120.000 0.428
8125.000 0.411
8130.000 0.396
8135.000 0.380
8140.000 0.372
8145.000 0.358
8150.000 0.347
8155.000 0.340
8160.000 0.335
8165.000 0.330
8170.000 0.326
8175.000 0.322
8180.000 0.317
8185.000 0.319
8190.000 0.317
8195.000 0.316
8200.000 0.315
8205.000 0.310
8210.000 0.309
8215.000 0.304
8220.000 0.303
8225.000 0.298
8230.000 0.291
8235.000 0.289
8240.000 0.290
8245.000 0.289
8250.000 0.288
8255.000 0.283
8260.000 0.290
8265.000 0.292
8270.000 0.289
8275.000 0.288
8280.000 0.289
8285.000 0.285
8290.000 0.280
8295.000 0.282
8300.000 0.276
8305.000 0.272
8310.000 0.276
8315.000 0.272
8320.000 0.270
8325.000 0.268
8330.000 0.275
8335.000 0.274
8340.000 0.275
8345.000 0.274
8350.000 0.276
8355.000 0.272
8360.000 0.273
8365.000 0.268
8370.000 0.270
8375.000 0.268
8380.000 0.266
8385.000 0.266
8390.000 0.263
8395.000 0.272
8400.000 0.274
8405.000 0.278
8410.000 0.280
8415.000 0.283
8420.000 0.285
8425.000 0.286
8430.000 0.285
8435.000 0.286
8440.000 0.291
8445.000 0.290
8450.000 0.297
8455.000 0.299
8460.000 0.306
8465.000 0.310
8470.000 0.319
8475.000 0.322
8480.000 0.332
8485.000 0.333
8490.000 0.336
8495.000 0.331
8500.000 0.331
8505.000 0.320
8510.000 0.308
8515.000 0.280
8520.000 0.237
8525.000 0.302
8530.000 0.609
8535.000 1.393
8540.000 3.210
8545.000 3.271
8550.000 1.670
8555.000 1.593
8560.000 1.611
8565.000 1.602
8570.000 1.663
8575.000 1.710
8580.000 1.844
8585.000 1.980
8590.000 2.202
8595.000 2.457
8600.000 2.734
8605.000 3.178
8610.000 3.608
8615.000 4.352
8620.000 5.171
8625.000 6.027
8630.000 7.212
8635.000 7.956
8640.000 8.105
8645.000 7.242
8650.000 6.333
8655.000 5.727
8660.000 4.944
8665.000 4.390
8670.000 3.692
8675.000 3.170
8680.000 2.877
8685.000 2.696
8690.000 2.418
8695.000 2.161
8700.000 2.081
8705.000 1.948
8710.000 1.840
8715.000 1.770
8720.000 1.682
8725.000 1.615
8730.000 1.556
8735.000 1.501
8740.000 1.459
8745.000 1.403
8750.000 1.364
8755.000 1.317
8760.000 1.280
8765.000 1.251
8770.000 1.218
8775.000 1.205
8780.000 1.188
8785.000 1.164
8790.000 1.142
8795.000 1.125
8800.000 1.104
8805.000 1.085
8810.000 1.071
8815.000 1.056
8820.000 1.050
8825.000 0.997
8830.000 0.998
8835.000 0.973
8840.000 0.969
8845.000 0.966
8850.000 0.954
8855.000 0.941
8860.000 0.938
8865.000 0.931
8870.000 0.927
8875.000 0.911
8880.000 0.908
8885.000 0.899
8890.000 0.886
8895.000 0.877
8900.000 0.867
8905.000 0.861
8910.000 0.848
8915.000 0.842
8920.000 0.837
8925.000 0.834
8930.000 0.830
8935.000 0.834
8940.000 0.834
8945.000 0.829
8950.000 0.810
8955.000 0.811
8960.000 0.808
8965.000 0.799
8970.000 0.799
8975.000 0.786
8980.000 0.778
8985.000 0.778
8990.000 0.777
8995.000 0.775
9000.000 0.777
9005.000 0.770
9010.000 0.777
9015.000 0.764
9020.000 0.771
9025.000 0.763
9030.000 0.756
9035.000 0.750
9040.000 0.740
9045.000 0.745
9050.000 0.737
9055.000 0.733
9060.000 0.735
9065.000 0.733
9070.000 0.731
9075.000 0.730
9080.000 0.731
9085.000 0.733
9090.000 0.734
9095.000 0.732
9100.000 0.731
9105.000 0.722
9110.000 0.715
9115.000 0.715
9120.000 0.708
9125.000 0.708
9130.000 0.706
9135.000 0.704
9140.000 0.705
9145.000 0.709
9150.000 0.710
9155.000 0.711
9160.000 0.711
9165.000 0.708
9170.000 0.710
9175.000 0.708
9180.000 0.704
9185.000 0.698
9190.000 0.695
9195.000 0.689
9200.000 0.691
9205.000 0.690
9210.000 0.690
9215.000 0.691
9220.000 0.692
9225.000 0.695
9230.000 0.693
9235.000 0.697
9240.000 0.696
9245.000 0.695
9250.000 0.692
9255.000 0.692
9260.000 0.688
9265.000 0.680
9270.000 0.684
9275.000 0.678
9280.000 0.680
9285.000 0.682
9290.000 0.687
9295.000 0.686
9300.000 0.688
9305.000 0.690
9310.000 0.691
9315.000 0.691
9320.000 0.689
9325.000 0.687
9330.000 0.684
9335.000 0.684
9340.000 0.682
9345.000 0.679
9350.000 0.678
9355.000 0.681
9360.000 0.678
9365.000 0.684
9370.000 0.688
9375.000 0.691
9380.000 0.690
9385.000 0.694
9390.000 0.695
9395.000 0.694
9400.000 0.695
9405.000 0.692
9410.000 0.694
9415.000 0.689
9420.000 0.694
9425.000 0.692
9430.000 0.702
9435.000 0.709
9440.000 0.723
9445.000 0.734
9450.000 0.749
9455.000 0.776
9460.000 0.829
9465.000 0.923
9470.000 1.006
9475.000 1.100
9480.000 1.150
9485.000 1.737
9490.000 1.342
9495.000 1.018
9500.000 0.858
9505.000 0.785
9510.000 0.787
9515.000 0.767
9520.000 0.768
9525.000 0.761
9530.000 0.758
9535.000 0.752
9540.000 0.756
9545.000 0.750
9550.000 0.750
9555.000 0.747
9560.000 0.747
9565.000 0.747
9570.000 0.750
9575.000 0.750
9580.000 0.758
9585.000 0.767
9590.000 0.770
9595.000 0.775
9600.000 0.782
9605.000 0.788
9610.000 0.788
9615.000 0.792
9620.000 0.794
9625.000 0.793
9630.000 0.801
9635.000 0.802
9640.000 0.808
9645.000 0.813
9650.000 0.826
9655.000 0.831
9660.000 0.846
9665.000 0.859
9670.000 0.870
9675.000 0.884
9680.000 0.898
9685.000 0.903
9690.000 0.907
9695.000 0.927
9700.000 0.936
9705.000 0.952
9710.000 0.966
9715.000 0.990
9720.000 1.016
9725.000 1.042
9730.000 1.073
9735.000 1.105
9740.000 1.153
9745.000 1.173
9750.000 1.211
9755.000 1.270
9760.000 1.328
9765.000 1.382
9770.000 1.476
9775.000 1.556
9780.000 1.687
9785.000 1.833
9790.000 1.909
9795.000 2.109
9800.000 2.437
9805.000 2.502
9810.000 2.699
9815.000 2.647
9820.000 2.335
9825.000 1.867
9830.000 1.486
9835.000 1.087
9840.000 0.872
9845.000 0.680
9850.000 0.595
9855.000 0.587
9860.000 0.615
9865.000 0.644
9870.000 0.666
9875.000 0.725
9880.000 0.710
9885.000 0.583
9890.000 0.473
9895.000 0.390
9900.000 0.306
9905.000 0.261
9910.000 0.208
9915.000 0.177
9920.000 0.155
9925.000 0.139
9930.000 0.130
9935.000 0.132
9940.000 0.131
9945.000 0.135
9950.000 0.139
9955.000 0.149
9960.000 0.155
9965.000 0.163
9970.000 0.168
9975.000 0.178
9980.000 0.185
9985.000 0.183
9990.000 0.185
9995.000 0.192
10000.000 0.197
10005.000 0.201
10010.000 0.202
10015.000 0.210
10020.000 0.211
10025.000 0.231
10030.000 0.226
10035.000 0.232
10040.000 0.235
10045.000 0.235
10050.000 0.237
10055.000 0.235
10060.000 0.230
10065.000 0.225
10070.000 0.228
10075.000 0.218
10080.000 0.217
10085.000 0.211
10090.000 0.213
10095.000 0.205
10100.000 0.199
10105.000 0.195
10110.000 0.185
10115.000 0.178
10120.000 0.156
10125.000 0.137
10130.000 0.097
10135.000 0.059
10140.000 0.011
10145.000 0.082
10150.000 0.208
10155.000 0.417
10160.000 0.839
10165.000 1.542
10170.000 2.118
10175.000 2.838
10180.000 0.721
10185.000 1.295
10190.000 0.799
10195.000 0.776
10200.000 0.730
10205.000 0.687
10210.000 0.645
10215.000 0.622
10220.000 0.606
10225.000 0.578
10230.000 0.571
10235.000 0.558
10240.000 0.543
10245.000 0.546
10250.000 0.536
10255.000 0.532
10260.000 0.529
10265.000 0.523
10270.000 0.515
10275.000 0.509
10280.000 0.503
10285.000 0.496
10290.000 0.495
10295.000 0.489
10300.000 0.490
10305.000 0.485
10310.000 0.484
10315.000 0.483
10320.000 0.484
10325.000 0.491
10330.000 0.487
10335.000 0.485
10340.000 0.483
10345.000 0.481
10350.000 0.475
10355.000 0.472
10360.000 0.472
10365.000 0.468
10370.000 0.469
10375.000 0.465
10380.000 0.466
10385.000 0.462
10390.000 0.467
10395.000 0.466
10400.000 0.475
10405.000 0.473
10410.000 0.472
10415.000 0.469
10420.000 0.469
10425.000 0.465
10430.000 0.463
10435.000 0.462
10440.000 0.457
10445.000 0.457
10450.000 0.455
10455.000 0.456
10460.000 0.457
10465.000 0.462
10470.000 0.464
10475.000 0.462
10480.000 0.463
10485.000 0.461
10490.000 0.461
10495.000 0.459
10500.000 0.456
10505.000 0.448
10510.000 0.449
10515.000 0.448
10520.000 0.446
10525.000 0.443
10530.000 0.452
10535.000 0.449
10540.000 0.449
10545.000 0.454
10550.000 0.452
10555.000 0.455
10560.000 0.452
10565.000 0.453
10570.000 0.448
10575.000 0.446
10580.000 0.443
10585.000 0.436
10590.000 0.436
10595.000 0.434
10600.000 0.438
10605.000 0.436
10610.000 0.440
10615.000 0.438
10620.000 0.438
10625.000 0.440
10630.000 0.440
10635.000 0.439
10640.000 0.436
10645.000 0.430
10650.000 0.429
10655.000 0.426
10660.000 0.423
10665.000 0.417
10670.000 0.417
10675.000 0.419
10680.000 0.415
10685.000 0.421
10690.000 0.415
10695.000 0.419
10700.000 0.414
10705.000 0.410
10710.000 0.409
10715.000 0.399
10720.000 0.399
10725.000 0.390
10730.000 0.385
10735.000 0.379
10740.000 0.374
10745.000 0.365
10750.000 0.368
10755.000 0.361
10760.000 0.354
10765.000 0.353
10770.000 0.338
10775.000 0.334
10780.000 0.319
10785.000 0.306
10790.000 0.285
10795.000 0.264
10800.000 0.245
10805.000 0.221
10810.000 0.198
10815.000 0.193
10820.000 0.219
10825.000 0.291
10830.000 0.378
10835.000 0.772
10840.000 0.905
10845.000 1.443
10850.000 1.850
10855.000 1.878
10860.000 1.622
10865.000 1.514
10870.000 1.294
10875.000 0.827
10880.000 0.534
10885.000 0.567
10890.000 0.717
10895.000 0.725
10900.000 0.730
10905.000 0.735
10910.000 0.737
10915.000 0.737
10920.000 0.746
10925.000 0.751
10930.000 0.751
10935.000 0.758
10940.000 0.761
10945.000 0.774
10950.000 0.794
10955.000 0.809
10960.000 0.817
10965.000 0.834
10970.000 0.843
10975.000 0.836
10980.000 0.807
10985.000 0.689
10990.000 0.536
10995.000 0.371
11000.000 0.176
11005.000 0.057
11010.000 0.014
11015.000 0.192
11020.000 0.226
11025.000 0.335
11030.000 0.436
11035.000 0.528
11040.000 0.672
11045.000 0.790
11050.000 0.960
11055.000 1.083
11060.000 1.152
11065.000 1.167
11070.000 1.093
11075.000 1.002
11080.000 0.968
11085.000 0.907
11090.000 0.838
11095.000 0.787
11100.000 0.754
11105.000 0.712
11110.000 0.692
11115.000 0.666
11120.000 0.647
11125.000 0.637
11130.000 0.629
11135.000 0.609
11140.000 0.600
11145.000 0.584
11150.000 0.582
11155.000 0.570
11160.000 0.561
11165.000 0.549
11170.000 0.544
11175.000 0.538
11180.000 0.533
11185.000 0.528
11190.000 0.530
11195.000 0.524
11200.000 0.521
11205.000 0.524
11210.000 0.516
11215.000 0.513
11220.000 0.511
11225.000 0.507
11230.000 0.500
11235.000 0.501
11240.000 0.493
11245.000 0.491
11250.000 0.490
11255.000 0.487
11260.000 0.487
11265.000 0.484
11270.000 0.489
11275.000 0.486
11280.000 0.489
11285.000 0.487
11290.000 0.487
11295.000 0.479
11300.000 0.479
11305.000 0.473
11310.000 0.472
11315.000 0.471
11320.000 0.472
11325.000 0.467
11330.000 0.467
11335.000 0.468
11340.000 0.467
11345.000 0.472
11350.000 0.470
11355.000 0.472
11360.000 0.475
11365.000 0.469
11370.000 0.470
11375.000 0.465
11380.000 0.468
11385.000 0.463
11390.000 0.463
11395.000 0.465
11400.000 0.461
11405.000 0.462
11410.000 0.463
11415.000 0.464
11420.000 0.465
11425.000 0.470
11430.000 0.468
11435.000 0.467
11440.000 0.470
11445.000 0.462
11450.000 0.463
11455.000 0.464
11460.000 0.464
11465.000 0.458
11470.000 0.463
11475.000 0.464
11480.000 0.462
11485.000 0.466
11490.000 0.468
11495.000 0.469
11500.000 0.473
11505.000 0.471
11510.000 0.473
11515.000 0.468
11520.000 0.469
11525.000 0.473
11530.000 0.468
11535.000 0.469
11540.000 0.470
11545.000 0.470
11550.000 0.474
11555.000 0.473
11560.000 0.476
11565.000 0.482
11570.000 0.484
11575.000 0.480
11580.000 0.487
11585.000 0.489
11590.000 0.490
11595.000 0.486
11600.000 0.490
11605.000 0.489
11610.000 0.493
11615.000 0.490
11620.000 0.497
11625.000 0.499
11630.000 0.508
11635.000 0.513
11640.000 0.515
11645.000 0.525
11650.000 0.531
11655.000 0.538
11660.000 0.548
11665.000 0.554
11670.000 0.565
11675.000 0.583
11680.000 0.586
11685.000 0.627
11690.000 0.643
11695.000 0.678
11700.000 0.742
11705.000 0.821
11710.000 0.950
11715.000 1.071
11720.000 0.962
11725.000 0.287
11730.000 0.535
11735.000 0.443
11740.000 0.135
11745.000 0.154
11750.000 0.176
11755.000 0.215
11760.000 0.240
11765.000 0.261
11770.000 0.278
11775.000 0.293
11780.000 0.301
11785.000 0.318
11790.000 0.320
11795.000 0.326
11800.000 0.332
11805.000 0.340
11810.000 0.340
11815.000 0.344
11820.000 0.345
11825.000 0.345
11830.000 0.349
11835.000 0.349
11840.000 0.348
11845.000 0.352
11850.000 0.355
11855.000 0.358
11860.000 0.359
11865.000 0.362
11870.000 0.365
11875.000 0.363
11880.000 0.364
11885.000 0.363
11890.000 0.358
11895.000 0.359
11900.000 0.358
11905.000 0.361
11910.000 0.359
11915.000 0.357
11920.000 0.360
11925.000 0.356
11930.000 0.361
11935.000 0.363
11940.000 0.361
11945.000 0.361
11950.000 0.362
11955.000 0.361
11960.000 0.361
11965.000 0.356
11970.000 0.355
11975.000 0.358
11980.000 0.358
11985.000 0.356
11990.000 0.363
11995.000 0.361
12000.000 0.369
