105.000 1.485
110.000 1.809
115.000 2.017
120.000 2.021
125.000 2.095
130.000 2.138
135.000 2.062
140.000 2.124
145.000 2.258
150.000 2.219
155.000 2.167
160.000 2.174
165.000 2.155
170.000 2.198
175.000 2.181
180.000 2.182
185.000 2.266
190.000 2.288
195.000 2.269
200.000 2.258
205.000 2.246
210.000 2.346
215.000 2.342
220.000 2.385
225.000 2.411
230.000 2.418
235.000 2.468
240.000 2.506
245.000 2.536
250.000 2.571
255.000 2.595
260.000 2.646
265.000 2.696
270.000 2.725
275.000 2.779
280.000 2.836
285.000 2.916
290.000 2.972
295.000 3.076
300.000 3.143
305.000 3.211
310.000 3.306
315.000 3.363
320.000 3.457
325.000 3.560
330.000 3.704
335.000 3.823
340.000 3.993
345.000 4.137
350.000 4.317
355.000 4.498
360.000 4.686
365.000 4.885
370.000 5.099
375.000 5.340
380.000 5.456
385.000 5.654
390.000 5.845
395.000 6.034
400.000 6.123
405.000 6.187
410.000 6.205
415.000 6.141
420.000 6.000
425.000 5.796
430.000 5.550
435.000 5.241
440.000 5.094
445.000 4.780
450.000 4.471
455.000 4.170
460.000 3.881
465.000 3.625
470.000 3.374
475.000 3.156
480.000 2.950
485.000 2.766
490.000 2.612
495.000 2.510
500.000 2.365
505.000 2.244
510.000 2.104
515.000 2.003
520.000 1.896
525.000 1.816
530.000 1.739
535.000 1.647
540.000 1.576
545.000 1.493
550.000 1.431
555.000 1.378
560.000 1.351
565.000 1.300
570.000 1.254
575.000 1.207
580.000 1.169
585.000 1.124
590.000 1.089
595.000 1.052
600.000 1.024
605.000 0.994
610.000 0.959
615.000 0.922
620.000 0.917
625.000 0.898
630.000 0.862
635.000 0.839
640.000 0.826
645.000 0.815
650.000 0.781
655.000 0.767
660.000 0.749
665.000 0.733
670.000 0.720
675.000 0.716
680.000 0.683
685.000 0.688
690.000 0.689
695.000 0.662
700.000 0.652
705.000 0.640
710.000 0.633
715.000 0.623
720.000 0.613
725.000 0.607
730.000 0.601
735.000 0.586
740.000 0.585
745.000 0.574
750.000 0.566
755.000 0.559
760.000 0.560
765.000 0.560
770.000 0.552
775.000 0.539
780.000 0.544
785.000 0.539
790.000 0.540
795.000 0.541
800.000 0.535
805.000 0.530
810.000 0.527
815.000 0.525
820.000 0.514
825.000 0.516
830.000 0.507
835.000 0.506
840.000 0.501
845.000 0.503
850.000 0.501
855.000 0.495
860.000 0.491
865.000 0.492
870.000 0.491
875.000 0.484
880.000 0.487
885.000 0.479
890.000 0.485
895.000 0.478
900.000 0.478
905.000 0.479
910.000 0.476
915.000 0.480
920.000 0.478
925.000 0.480
930.000 0.479
935.000 0.474
940.000 0.474
945.000 0.473
950.000 0.469
955.000 0.473
960.000 0.463
965.000 0.474
970.000 0.463
975.000 0.466
980.000 0.471
985.000 0.464
990.000 0.476
995.000 0.464
1000.000 0.463
1005.000 0.462
1010.000 0.468
1015.000 0.470
1020.000 0.474
1025.000 0.473
1030.000 0.466
1035.000 0.469
1040.000 0.467
1045.000 0.469
1050.000 0.465
1055.000 0.474
1060.000 0.462
1065.000 0.476
1070.000 0.475
1075.000 0.472
1080.000 0.470
1085.000 0.473
1090.000 0.476
1095.000 0.468
1100.000 0.469
1105.000 0.473
1110.000 0.477
1115.000 0.472
1120.000 0.481
1125.000 0.479
1130.000 0.478
1135.000 0.478
1140.000 0.480
1145.000 0.472
1150.000 0.484
1155.000 0.477
1160.000 0.478
1165.000 0.485
1170.000 0.480
1175.000 0.481
1180.000 0.484
1185.000 0.483
1190.000 0.487
1195.000 0.481
1200.000 0.490
1205.000 0.491
1210.000 0.490
1215.000 0.492
1220.000 0.492
1225.000 0.492
1230.000 0.493
1235.000 0.490
1240.000 0.498
1245.000 0.500
1250.000 0.500
1255.000 0.494
1260.000 0.500
1265.000 0.500
1270.000 0.506
1275.000 0.504
1280.000 0.509
1285.000 0.503
1290.000 0.509
1295.000 0.511
1300.000 0.508
1305.000 0.517
1310.000 0.520
1315.000 0.514
1320.000 0.518
1325.000 0.521
1330.000 0.529
1335.000 0.527
1340.000 0.531
1345.000 0.529
1350.000 0.525
1355.000 0.535
1360.000 0.537
1365.000 0.536
1370.000 0.540
1375.000 0.538
1380.000 0.547
1385.000 0.548
1390.000 0.551
1395.000 0.550
1400.000 0.552
1405.000 0.550
1410.000 0.552
1415.000 0.561
1420.000 0.557
1425.000 0.554
1430.000 0.551
1435.000 0.551
1440.000 0.552
1445.000 0.552
1450.000 0.541
1455.000 0.546
1460.000 0.544
1465.000 0.540
1470.000 0.541
1475.000 0.549
1480.000 0.561
1485.000 0.562
1490.000 0.570
1495.000 0.586
1500.000 0.599
1505.000 0.603
1510.000 0.612
1515.000 0.623
1520.000 0.635
1525.000 0.645
1530.000 0.651
1535.000 0.654
1540.000 0.665
1545.000 0.676
1550.000 0.686
1555.000 0.698
1560.000 0.702
1565.000 0.718
1570.000 0.727
1575.000 0.735
1580.000 0.751
1585.000 0.760
1590.000 0.775
1595.000 0.783
1600.000 0.792
1605.000 0.802
1610.000 0.816
1615.000 0.830
1620.000 0.847
1625.000 0.861
1630.000 0.877
1635.000 0.893
1640.000 0.911
1645.000 0.929
1650.000 0.944
1655.000 0.957
1660.000 0.972
1665.000 0.994
1670.000 1.018
1675.000 1.032
1680.000 1.051
1685.000 1.080
1690.000 1.105
1695.000 1.126
1700.000 1.150
1705.000 1.175
1710.000 1.204
1715.000 1.228
1720.000 1.240
1725.000 1.271
1730.000 1.297
1735.000 1.333
1740.000 1.370
1745.000 1.395
1750.000 1.433
1755.000 1.463
1760.000 1.495
1765.000 1.535
1770.000 1.569
1775.000 1.587
1780.000 1.624
1785.000 1.665
1790.000 1.697
1795.000 1.729
1800.000 1.765
1805.000 1.808
1810.000 1.841
1815.000 1.878
1820.000 1.913
1825.000 1.949
1830.000 1.985
1835.000 2.000
1840.000 2.023
1845.000 2.051
1850.000 2.077
1855.000 2.100
1860.000 2.124
1865.000 2.145
1870.000 2.157
1875.000 2.180
1880.000 2.196
1885.000 2.205
1890.000 2.206
1895.000 2.217
1900.000 2.216
1905.000 2.227
1910.000 2.219
1915.000 2.225
1920.000 2.212
1925.000 2.213
1930.000 2.204
1935.000 2.204
1940.000 2.195
1945.000 2.184
1950.000 2.184
1955.000 2.176
1960.000 2.172
1965.000 2.161
1970.000 2.143
1975.000 2.136
1980.000 2.119
1985.000 2.121
1990.000 2.116
1995.000 2.105
2000.000 2.097
2005.000 2.081
2010.000 2.084
2015.000 2.065
2020.000 2.076
2025.000 2.074
2030.000 2.057
2035.000 2.058
2040.000 2.053
2045.000 2.037
2050.000 2.046
2055.000 2.052
2060.000 2.038
2065.000 2.047
2070.000 2.049
2075.000 2.053
2080.000 2.047
2085.000 2.053
2090.000 2.062
2095.000 2.069
2100.000 2.074
2105.000 2.093
2110.000 2.098
2115.000 2.118
2120.000 2.132
2125.000 2.147
2130.000 2.163
2135.000 2.186
2140.000 2.208
2145.000 2.218
2150.000 2.247
2155.000 2.278
2160.000 2.315
2165.000 2.350
2170.000 2.390
2175.000 2.435
2180.000 2.480
2185.000 2.534
2190.000 2.595
2195.000 2.663
2200.000 2.744
2205.000 2.787
2210.000 2.868
2215.000 2.979
2220.000 3.093
2225.000 3.219
2230.000 3.376
2235.000 3.541
2240.000 3.755
2245.000 3.998
2250.000 4.275
2255.000 4.637
2260.000 4.845
2265.000 5.324
2270.000 5.960
2275.000 6.759
2280.000 7.941
2285.000 9.586
2290.000 12.004
2295.000 16.091
2300.000 21.498
2305.000 23.948
2310.000 18.676
2315.000 16.951
2320.000 10.030
2325.000 8.536
2330.000 6.564
2335.000 5.267
2340.000 4.393
2345.000 3.706
2350.000 3.205
2355.000 2.813
2360.000 2.482
2365.000 2.209
2370.000 1.969
2375.000 1.766
2380.000 1.602
2385.000 1.524
2390.000 1.387
2395.000 1.270
2400.000 1.158
2405.000 1.071
2410.000 0.979
2415.000 0.931
2420.000 0.845
2425.000 0.771
2430.000 0.713
2435.000 0.660
2440.000 0.613
2445.000 0.567
2450.000 0.545
2455.000 0.507
2460.000 0.474
2465.000 0.455
2470.000 0.420
2475.000 0.389
2480.000 0.358
2485.000 0.331
2490.000 0.321
2495.000 0.299
2500.000 0.284
2505.000 0.273
2510.000 0.263
2515.000 0.249
2520.000 0.243
2525.000 0.236
2530.000 0.230
2535.000 0.227
2540.000 0.228
2545.000 0.230
2550.000 0.229
2555.000 0.233
2560.000 0.230
2565.000 0.236
2570.000 0.238
2575.000 0.239
2580.000 0.248
2585.000 0.252
2590.000 0.261
2595.000 0.270
2600.000 0.275
2605.000 0.280
2610.000 0.284
2615.000 0.300
2620.000 0.306
2625.000 0.311
2630.000 0.318
2635.000 0.324
2640.000 0.343
2645.000 0.343
2650.000 0.356
2655.000 0.361
2660.000 0.373
2665.000 0.377
2670.000 0.388
2675.000 0.399
2680.000 0.411
2685.000 0.421
2690.000 0.429
2695.000 0.439
2700.000 0.448
2705.000 0.459
2710.000 0.466
2715.000 0.485
2720.000 0.497
2725.000 0.506
2730.000 0.520
2735.000 0.531
2740.000 0.541
2745.000 0.545
2750.000 0.561
2755.000 0.575
2760.000 0.585
2765.000 0.607
2770.000 0.614
2775.000 0.625
2780.000 0.638
2785.000 0.652
2790.000 0.664
2795.000 0.681
2800.000 0.695
2805.000 0.706
2810.000 0.714
2815.000 0.722
2820.000 0.740
2825.000 0.754
2830.000 0.771
2835.000 0.782
2840.000 0.794
2845.000 0.809
2850.000 0.820
2855.000 0.832
2860.000 0.843
2865.000 0.852
2870.000 0.867
2875.000 0.872
2880.000 0.884
2885.000 0.898
2890.000 0.903
2895.000 0.918
2900.000 0.934
2905.000 0.944
2910.000 0.956
2915.000 0.963
2920.000 0.969
2925.000 0.982
2930.000 0.993
2935.000 0.991
2940.000 0.993
2945.000 1.001
2950.000 1.012
2955.000 1.017
2960.000 1.023
2965.000 1.039
2970.000 1.028
2975.000 1.037
2980.000 1.054
2985.000 1.046
2990.000 1.065
2995.000 1.063
3000.000 1.052
3005.000 1.054
3010.000 1.058
3015.000 1.074
3020.000 1.074
3025.000 1.081
3030.000 1.072
3035.000 1.086
3040.000 1.080
3045.000 1.076
3050.000 1.082
3055.000 1.086
3060.000 1.091
3065.000 1.080
3070.000 1.087
3075.000 1.086
3080.000 1.090
3085.000 1.093
3090.000 1.096
3095.000 1.093
3100.000 1.091
3105.000 1.099
3110.000 1.098
3115.000 1.094
3120.000 1.099
3125.000 1.098
3130.000 1.099
3135.000 1.101
3140.000 1.105
3145.000 1.107
3150.000 1.108
3155.000 1.109
3160.000 1.112
3165.000 1.114
3170.000 1.111
3175.000 1.117
3180.000 1.116
3185.000 1.125
3190.000 1.123
3195.000 1.131
3200.000 1.133
3205.000 1.141
3210.000 1.141
3215.000 1.140
3220.000 1.148
3225.000 1.146
3230.000 1.152
3235.000 1.153
3240.000 1.157
3245.000 1.161
3250.000 1.168
3255.000 1.170
3260.000 1.177
3265.000 1.187
3270.000 1.193
3275.000 1.196
3280.000 1.207
3285.000 1.209
3290.000 1.212
3295.000 1.219
3300.000 1.228
3305.000 1.233
3310.000 1.237
3315.000 1.249
3320.000 1.259
3325.000 1.264
3330.000 1.275
3335.000 1.288
3340.000 1.299
3345.000 1.310
3350.000 1.319
3355.000 1.329
3360.000 1.336
3365.000 1.349
3370.000 1.359
3375.000 1.371
3380.000 1.384
3385.000 1.400
3390.000 1.419
3395.000 1.434
3400.000 1.446
3405.000 1.465
3410.000 1.487
3415.000 1.504
3420.000 1.514
3425.000 1.535
3430.000 1.552
3435.000 1.577
3440.000 1.604
3445.000 1.622
3450.000 1.651
3455.000 1.677
3460.000 1.702
3465.000 1.734
3470.000 1.763
3475.000 1.783
3480.000 1.817
3485.000 1.853
3490.000 1.891
3495.000 1.928
3500.000 1.973
3505.000 2.015
3510.000 2.058
3515.000 2.112
3520.000 2.162
3525.000 2.222
3530.000 2.281
3535.000 2.347
3540.000 2.382
3545.000 2.450
3550.000 2.528
3555.000 2.613
3560.000 2.703
3565.000 2.800
3570.000 2.904
3575.000 3.018
3580.000 3.148
3585.000 3.274
3590.000 3.436
3595.000 3.598
3600.000 3.687
3605.000 3.884
3610.000 4.108
3615.000 4.342
3620.000 4.639
3625.000 4.943
3630.000 5.337
3635.000 5.775
3640.000 6.262
3645.000 6.913
3650.000 7.671
3655.000 8.619
3660.000 9.840
3665.000 10.560
3670.000 12.473
3675.000 15.053
3680.000 18.562
3685.000 24.521
3690.000 32.060
3695.000 39.400
3700.000 46.561
3705.000 36.911
3710.000 22.545
3715.000 16.873
3720.000 15.241
3725.000 12.298
3730.000 10.399
3735.000 8.998
3740.000 7.947
3745.000 7.156
3750.000 6.427
3755.000 5.870
3760.000 5.391
3765.000 4.996
3770.000 4.670
3775.000 4.353
3780.000 4.098
3785.000 3.984
3790.000 3.754
3795.000 3.557
3800.000 3.381
3805.000 3.220
3810.000 3.085
3815.000 2.950
3820.000 2.829
3825.000 2.719
3830.000 2.622
3835.000 2.531
3840.000 2.435
3845.000 2.399
3850.000 2.329
3855.000 2.254
3860.000 2.183
3865.000 2.121
3870.000 2.059
3875.000 2.007
3880.000 1.954
3885.000 1.905
3890.000 1.857
3895.000 1.817
3900.000 1.779
3905.000 1.735
3910.000 1.716
3915.000 1.683
3920.000 1.647
3925.000 1.619
3930.000 1.585
3935.000 1.553
3940.000 1.525
3945.000 1.495
3950.000 1.477
3955.000 1.443
3960.000 1.422
3965.000 1.409
3970.000 1.397
3975.000 1.376
3980.000 1.357
3985.000 1.327
3990.000 1.310
3995.000 1.299
4000.000 1.279
4005.000 1.265
4010.000 1.245
4015.000 1.237
4020.000 1.216
4025.000 1.205
4030.000 1.194
4035.000 1.176
4040.000 1.166
4045.000 1.157
4050.000 1.147
4055.000 1.133
4060.000 1.121
4065.000 1.110
4070.000 1.107
4075.000 1.092
4080.000 1.085
4085.000 1.072
4090.000 1.064
4095.000 1.053
4100.000 1.045
4105.000 1.034
4110.000 1.024
4115.000 1.016
4120.000 1.005
4125.000 0.998
4130.000 0.986
4135.000 0.975
4140.000 0.963
4145.000 0.952
4150.000 0.947
4155.000 0.937
4160.000 0.928
4165.000 0.914
4170.000 0.905
4175.000 0.896
4180.000 0.891
4185.000 0.879
4190.000 0.874
4195.000 0.860
4200.000 0.855
4205.000 0.844
4210.000 0.839
4215.000 0.832
4220.000 0.817
4225.000 0.811
4230.000 0.803
4235.000 0.794
4240.000 0.790
4245.000 0.785
4250.000 0.781
4255.000 0.786
4260.000 0.785
4265.000 0.788
4270.000 0.789
4275.000 0.796
4280.000 0.798
4285.000 0.803
4290.000 0.805
4295.000 0.806
4300.000 0.807
4305.000 0.810
4310.000 0.810
4315.000 0.814
4320.000 0.813
4325.000 0.814
4330.000 0.818
4335.000 0.818
4340.000 0.823
4345.000 0.825
4350.000 0.825
4355.000 0.827
4360.000 0.825
4365.000 0.832
4370.000 0.829
4375.000 0.829
4380.000 0.830
4385.000 0.827
4390.000 0.831
4395.000 0.828
4400.000 0.831
4405.000 0.833
4410.000 0.833
4415.000 0.841
4420.000 0.839
4425.000 0.842
4430.000 0.840
4435.000 0.843
4440.000 0.847
4445.000 0.843
4450.000 0.844
4455.000 0.847
4460.000 0.849
4465.000 0.847
4470.000 0.849
4475.000 0.850
4480.000 0.857
4485.000 0.855
4490.000 0.859
4495.000 0.863
4500.000 0.864
4505.000 0.869
4510.000 0.871
4515.000 0.873
4520.000 0.872
4525.000 0.875
4530.000 0.877
4535.000 0.877
4540.000 0.882
4545.000 0.886
4550.000 0.891
4555.000 0.896
4560.000 0.901
4565.000 0.904
4570.000 0.910
4575.000 0.910
4580.000 0.915
4585.000 0.923
4590.000 0.925
4595.000 0.930
4600.000 0.934
4605.000 0.939
4610.000 0.944
4615.000 0.950
4620.000 0.954
4625.000 0.962
4630.000 0.971
4635.000 0.981
4640.000 0.983
4645.000 0.990
4650.000 0.997
4655.000 1.008
4660.000 1.013
4665.000 1.021
4670.000 1.035
4675.000 1.039
4680.000 1.050
4685.000 1.058
4690.000 1.074
4695.000 1.082
4700.000 1.089
4705.000 1.105
4710.000 1.115
4715.000 1.133
4720.000 1.149
4725.000 1.161
4730.000 1.178
4735.000 1.197
4740.000 1.210
4745.000 1.229
4750.000 1.243
4755.000 1.255
4760.000 1.276
4765.000 1.295
4770.000 1.320
4775.000 1.347
4780.000 1.374
4785.000 1.400
4790.000 1.423
4795.000 1.458
4800.000 1.495
4805.000 1.523
4810.000 1.561
4815.000 1.594
4820.000 1.619
4825.000 1.657
4830.000 1.700
4835.000 1.752
4840.000 1.803
4845.000 1.859
4850.000 1.921
4855.000 1.984
4860.000 2.062
4865.000 2.139
4870.000 2.223
4875.000 2.314
4880.000 2.366
4885.000 2.469
4890.000 2.594
4895.000 2.714
4900.000 2.874
4905.000 3.041
4910.000 3.237
4915.000 3.460
4920.000 3.696
4925.000 4.021
4930.000 4.369
4935.000 4.805
4940.000 5.300
4945.000 5.584
4950.000 6.202
4955.000 6.982
4960.000 7.469
4965.000 10.001
4970.000 20.124
4975.000 20.582
4980.000 26.895
4985.000 26.498
4990.000 22.372
4995.000 15.083
5000.000 13.408
5005.000 10.271
5010.000 8.345
5015.000 7.039
5020.000 6.090
5025.000 5.394
5030.000 4.792
5035.000 4.331
5040.000 3.977
5045.000 3.658
5050.000 3.397
5055.000 3.156
5060.000 3.050
5065.000 2.888
5070.000 2.708
5075.000 2.578
5080.000 2.441
5085.000 2.332
5090.000 2.237
5095.000 2.140
5100.000 2.064
5105.000 1.993
5110.000 1.926
5115.000 1.869
5120.000 1.813
5125.000 1.785
5130.000 1.740
5135.000 1.695
5140.000 1.657
5145.000 1.617
5150.000 1.584
5155.000 1.555
5160.000 1.521
5165.000 1.497
5170.000 1.473
5175.000 1.450
5180.000 1.433
5185.000 1.429
5190.000 1.408
5195.000 1.388
5200.000 1.381
5205.000 1.367
5210.000 1.351
5215.000 1.340
5220.000 1.327
5225.000 1.319
5230.000 1.314
5235.000 1.305
5240.000 1.300
5245.000 1.296
5250.000 1.290
5255.000 1.286
5260.000 1.284
5265.000 1.280
5270.000 1.277
5275.000 1.274
5280.000 1.272
5285.000 1.267
5290.000 1.270
5295.000 1.263
5300.000 1.261
5305.000 1.261
5310.000 1.263
5315.000 1.262
5320.000 1.263
5325.000 1.260
5330.000 1.263
5335.000 1.262
5340.000 1.265
5345.000 1.265
5350.000 1.264
5355.000 1.264
5360.000 1.262
5365.000 1.260
5370.000 1.262
5375.000 1.263
5380.000 1.261
5385.000 1.264
5390.000 1.263
5395.000 1.261
5400.000 1.262
5405.000 1.262
5410.000 1.258
5415.000 1.260
5420.000 1.256
5425.000 1.251
5430.000 1.252
5435.000 1.246
5440.000 1.249
5445.000 1.244
5450.000 1.244
5455.000 1.243
5460.000 1.245
5465.000 1.244
5470.000 1.244
5475.000 1.244
5480.000 1.244
5485.000 1.246
5490.000 1.244
5495.000 1.242
5500.000 1.242
5505.000 1.242
5510.000 1.240
5515.000 1.239
5520.000 1.237
5525.000 1.238
5530.000 1.236
5535.000 1.236
5540.000 1.239
5545.000 1.239
5550.000 1.240
5555.000 1.243
5560.000 1.243
5565.000 1.240
5570.000 1.235
5575.000 1.232
5580.000 1.235
5585.000 1.236
5590.000 1.237
5595.000 1.236
5600.000 1.238
5605.000 1.239
5610.000 1.240
5615.000 1.239
5620.000 1.246
5625.000 1.243
5630.000 1.245
5635.000 1.247
5640.000 1.247
5645.000 1.248
5650.000 1.248
5655.000 1.254
5660.000 1.249
5665.000 1.255
5670.000 1.257
5675.000 1.258
5680.000 1.263
5685.000 1.266
5690.000 1.270
5695.000 1.274
5700.000 1.274
5705.000 1.280
5710.000 1.281
5715.000 1.287
5720.000 1.291
5725.000 1.296
5730.000 1.292
5735.000 1.295
5740.000 1.305
5745.000 1.307
5750.000 1.312
5755.000 1.319
5760.000 1.325
5765.000 1.334
5770.000 1.336
5775.000 1.344
5780.000 1.352
5785.000 1.355
5790.000 1.360
5795.000 1.368
5800.000 1.370
5805.000 1.381
5810.000 1.386
5815.000 1.398
5820.000 1.408
5825.000 1.419
5830.000 1.427
5835.000 1.439
5840.000 1.446
5845.000 1.459
5850.000 1.472
5855.000 1.475
5860.000 1.483
5865.000 1.497
5870.000 1.509
5875.000 1.522
5880.000 1.535
5885.000 1.548
5890.000 1.565
5895.000 1.581
5900.000 1.598
5905.000 1.614
5910.000 1.633
5915.000 1.641
5920.000 1.660
5925.000 1.677
5930.000 1.711
5935.000 1.718
5940.000 1.735
5945.000 1.758
5950.000 1.783
5955.000 1.802
5960.000 1.826
5965.000 1.863
5970.000 1.877
5975.000 1.902
5980.000 1.938
5985.000 1.959
5990.000 1.985
5995.000 2.024
6000.000 2.057
6005.000 2.106
6010.000 2.132
6015.000 2.171
6020.000 2.207
6025.000 2.258
6030.000 2.305
6035.000 2.335
6040.000 2.384
6045.000 2.437
6050.000 2.498
6055.000 2.556
6060.000 2.624
6065.000 2.686
6070.000 2.764
6075.000 2.847
6080.000 2.917
6085.000 3.016
6090.000 3.109
6095.000 3.156
6100.000 3.277
6105.000 3.391
6110.000 3.533
6115.000 3.675
6120.000 3.826
6125.000 4.017
6130.000 4.210
6135.000 4.434
6140.000 4.674
6145.000 4.925
6150.000 5.266
6155.000 5.612
6160.000 5.787
6165.000 6.277
6170.000 6.751
6175.000 7.440
6180.000 8.220
6185.000 9.075
6190.000 10.474
6195.000 12.031
6200.000 14.194
6205.000 17.092
6210.000 20.616
6215.000 23.411
6220.000 29.069
6225.000 33.143
6230.000 31.461
6235.000 24.264
6240.000 19.020
6245.000 14.974
6250.000 12.444
6255.000 10.344
6260.000 9.060
6265.000 8.006
6270.000 7.296
6275.000 7.069
6280.000 6.482
6285.000 6.041
6290.000 5.698
6295.000 5.321
6300.000 5.025
6305.000 4.733
6310.000 4.465
6315.000 4.259
6320.000 4.027
6325.000 3.849
6330.000 3.658
6335.000 3.497
6340.000 3.438
6345.000 3.282
6350.000 3.152
6355.000 3.046
6360.000 2.926
6365.000 2.832
6370.000 2.733
6375.000 2.650
6380.000 2.578
6385.000 2.502
6390.000 2.441
6395.000 2.374
6400.000 2.350
6405.000 2.296
6410.000 2.237
6415.000 2.199
6420.000 2.155
6425.000 2.109
6430.000 2.079
6435.000 2.044
6440.000 2.012
6445.000 1.997
6450.000 1.974
6455.000 1.959
6460.000 1.954
6465.000 1.940
6470.000 1.937
6475.000 1.938
6480.000 1.941
6485.000 1.947
6490.000 1.962
6495.000 1.984
6500.000 2.021
6505.000 2.069
6510.000 2.123
6515.000 2.221
6520.000 2.269
6525.000 2.388
6530.000 2.596
6535.000 2.822
6540.000 3.320
6545.000 4.003
6550.000 5.050
6555.000 7.804
6560.000 11.839
6565.000 12.801
6570.000 1.052
6575.000 2.283
6580.000 1.221
6585.000 0.945
6590.000 0.796
6595.000 0.614
6600.000 0.492
6605.000 0.465
6610.000 0.441
6615.000 0.430
6620.000 0.446
6625.000 0.457
6630.000 0.471
6635.000 0.486
6640.000 0.501
6645.000 0.504
6650.000 0.515
6655.000 0.523
6660.000 0.531
6665.000 0.536
6670.000 0.542
6675.000 0.549
6680.000 0.558
6685.000 0.562
6690.000 0.567
6695.000 0.582
6700.000 0.579
6705.000 0.580
6710.000 0.586
6715.000 0.589
6720.000 0.590
6725.000 0.589
6730.000 0.592
6735.000 0.590
6740.000 0.591
6745.000 0.595
6750.000 0.594
6755.000 0.597
6760.000 0.600
6765.000 0.602
6770.000 0.603
6775.000 0.607
6780.000 0.607
6785.000 0.610
6790.000 0.610
6795.000 0.603
6800.000 0.607
6805.000 0.609
6810.000 0.606
6815.000 0.607
6820.000 0.609
6825.000 0.611
6830.000 0.612
6835.000 0.613
6840.000 0.617
6845.000 0.617
6850.000 0.619
6855.000 0.623
6860.000 0.626
6865.000 0.619
6870.000 0.623
6875.000 0.621
6880.000 0.625
6885.000 0.625
6890.000 0.626
6895.000 0.630
6900.000 0.629
6905.000 0.632
6910.000 0.636
6915.000 0.642
6920.000 0.644
6925.000 0.647
6930.000 0.652
6935.000 0.648
6940.000 0.649
6945.000 0.653
6950.000 0.656
6955.000 0.654
6960.000 0.654
6965.000 0.662
6970.000 0.668
6975.000 0.667
6980.000 0.674
6985.000 0.683
6990.000 0.690
6995.000 0.690
7000.000 0.703
7005.000 0.706
7010.000 0.711
7015.000 0.703
7020.000 0.712
7025.000 0.713
7030.000 0.715
7035.000 0.725
7040.000 0.727
7045.000 0.742
7050.000 0.744
7055.000 0.754
7060.000 0.763
7065.000 0.769
7070.000 0.774
7075.000 0.784
7080.000 0.798
7085.000 0.800
7090.000 0.813
7095.000 0.817
7100.000 0.827
7105.000 0.840
7110.000 0.851
7115.000 0.862
7120.000 0.875
7125.000 0.893
7130.000 0.900
7135.000 0.913
7140.000 0.928
7145.000 0.944
7150.000 0.956
7155.000 0.970
7160.000 0.989
7165.000 1.005
7170.000 1.026
7175.000 1.042
7180.000 1.068
7185.000 1.077
7190.000 1.104
7195.000 1.129
7200.000 1.154
7205.000 1.185
7210.000 1.207
7215.000 1.241
7220.000 1.273
7225.000 1.296
7230.000 1.334
7235.000 1.368
7240.000 1.413
7245.000 1.454
7250.000 1.471
7255.000 1.521
7260.000 1.567
7265.000 1.620
7270.000 1.683
7275.000 1.736
7280.000 1.805
7285.000 1.871
7290.000 1.936
7295.000 2.018
7300.000 2.096
7305.000 2.195
7310.000 2.295
7315.000 2.334
7320.000 2.464
7325.000 2.587
7330.000 2.713
7335.000 2.879
7340.000 3.028
7345.000 3.235
7350.000 3.447
7355.000 3.655
7360.000 3.951
7365.000 4.223
7370.000 4.606
7375.000 4.806
7380.000 5.192
7385.000 5.774
7390.000 6.411
7395.000 7.094
7400.000 8.156
7405.000 9.192
7410.000 10.950
7415.000 12.972
7420.000 15.282
7425.000 18.913
7430.000 20.913
7435.000 23.781
7440.000 24.815
7445.000 22.255
7450.000 17.850
7455.000 14.543
7460.000 12.541
7465.000 10.804
7470.000 9.714
7475.000 8.480
7480.000 7.610
7485.000 6.973
7490.000 6.325
7495.000 6.076
7500.000 5.646
7505.000 5.255
7510.000 4.967
7515.000 4.650
7520.000 4.399
7525.000 4.183
7530.000 3.989
7535.000 3.832
7540.000 3.660
7545.000 3.510
7550.000 3.389
7555.000 3.316
7560.000 3.204
7565.000 3.100
7570.000 3.004
7575.000 2.924
7580.000 2.841
7585.000 2.761
7590.000 2.695
7595.000 2.631
7600.000 2.580
7605.000 2.517
7610.000 2.464
7615.000 2.416
7620.000 2.388
7625.000 2.342
7630.000 2.295
7635.000 2.252
7640.000 2.220
7645.000 2.180
7650.000 2.146
7655.000 2.121
7660.000 2.089
7665.000 2.065
7670.000 2.038
7675.000 2.017
7680.000 2.001
7685.000 1.975
7690.000 1.952
7695.000 1.928
7700.000 1.909
7705.000 1.885
7710.000 1.868
7715.000 1.852
7720.000 1.838
7725.000 1.821
7730.000 1.812
7735.000 1.808
7740.000 1.790
7745.000 1.781
7750.000 1.769
7755.000 1.760
7760.000 1.746
7765.000 1.736
7770.000 1.723
7775.000 1.713
7780.000 1.708
7785.000 1.696
7790.000 1.689
7795.000 1.689
7800.000 1.689
7805.000 1.683
7810.000 1.681
7815.000 1.678
7820.000 1.676
7825.000 1.673
7830.000 1.670
7835.000 1.665
7840.000 1.667
7845.000 1.665
7850.000 1.661
7855.000 1.663
7860.000 1.667
7865.000 1.667
7870.000 1.668
7875.000 1.679
7880.000 1.682
7885.000 1.692
7890.000 1.700
7895.000 1.710
7900.000 1.715
7905.000 1.723
7910.000 1.733
7915.000 1.749
7920.000 1.759
7925.000 1.765
7930.000 1.783
7935.000 1.801
7940.000 1.823
7945.000 1.853
7950.000 1.873
7955.000 1.916
7960.000 1.948
7965.000 1.992
7970.000 2.034
7975.000 2.084
7980.000 2.111
7985.000 2.191
7990.000 2.266
7995.000 2.371
8000.000 2.488
8005.000 2.616
8010.000 2.831
8015.000 3.059
8020.000 3.493
8025.000 3.994
8030.000 4.705
8035.000 6.300
8040.000 7.368
8045.000 10.178
8050.000 12.095
8055.000 5.003
8060.000 6.083
8065.000 1.843
8070.000 1.309
8075.000 0.946
8080.000 0.697
8085.000 0.488
8090.000 0.394
8095.000 0.382
8100.000 0.406
8105.000 0.430
8110.000 0.476
8115.000 0.529
8120.000 0.569
8125.000 0.613
8130.000 0.655
8135.000 0.682
8140.000 0.718
8145.000 0.745
8150.000 0.782
8155.000 0.807
8160.000 0.833
8165.000 0.846
8170.000 0.874
8175.000 0.899
8180.000 0.920
8185.000 0.940
8190.000 0.964
8195.000 0.980
8200.000 0.992
8205.000 1.008
8210.000 1.020
8215.000 1.041
8220.000 1.055
8225.000 1.058
8230.000 1.078
8235.000 1.092
8240.000 1.113
8245.000 1.129
8250.000 1.143
8255.000 1.168
8260.000 1.180
8265.000 1.191
8270.000 1.206
8275.000 1.216
8280.000 1.231
8285.000 1.240
8290.000 1.255
8295.000 1.270
8300.000 1.287
8305.000 1.303
8310.000 1.321
8315.000 1.344
8320.000 1.363
8325.000 1.382
8330.000 1.405
8335.000 1.423
8340.000 1.440
8345.000 1.460
8350.000 1.470
8355.000 1.487
8360.000 1.511
8365.000 1.530
8370.000 1.557
8375.000 1.580
8380.000 1.604
8385.000 1.638
8390.000 1.665
8395.000 1.702
8400.000 1.733
8405.000 1.763
8410.000 1.788
8415.000 1.817
8420.000 1.851
8425.000 1.894
8430.000 1.931
8435.000 1.975
8440.000 2.024
8445.000 2.067
8450.000 2.127
8455.000 2.176
8460.000 2.253
8465.000 2.288
8470.000 2.348
8475.000 2.442
8480.000 2.529
8485.000 2.613
8490.000 2.735
8495.000 2.851
8500.000 3.015
8505.000 3.194
8510.000 3.402
8515.000 3.767
8520.000 4.280
8525.000 5.004
8530.000 5.521
8535.000 5.188
8540.000 0.571
8545.000 2.707
8550.000 2.938
8555.000 3.367
8560.000 3.711
8565.000 4.134
8570.000 4.522
8575.000 4.898
8580.000 5.447
8585.000 5.930
8590.000 6.256
8595.000 7.094
8600.000 7.856
8605.000 9.119
8610.000 10.468
8615.000 11.856
8620.000 13.865
8625.000 15.483
8630.000 16.403
8635.000 15.982
8640.000 14.542
8645.000 12.172
8650.000 10.427
8655.000 9.705
8660.000 8.199
8665.000 7.353
8670.000 6.553
8675.000 6.113
8680.000 5.651
8685.000 5.062
8690.000 4.666
8695.000 4.231
8700.000 3.909
8705.000 3.655
8710.000 3.507
8715.000 3.276
8720.000 3.081
8725.000 2.904
8730.000 2.767
8735.000 2.609
8740.000 2.477
8745.000 2.369
8750.000 2.254
8755.000 2.162
8760.000 2.058
8765.000 1.975
8770.000 1.941
8775.000 1.854
8780.000 1.785
8785.000 1.725
8790.000 1.662
8795.000 1.612
8800.000 1.557
8805.000 1.511
8810.000 1.456
8815.000 1.409
8820.000 1.374
8825.000 1.328
8830.000 1.299
8835.000 1.298
8840.000 1.224
8845.000 1.202
8850.000 1.168
8855.000 1.141
8860.000 1.115
8865.000 1.089
8870.000 1.059
8875.000 1.040
8880.000 1.017
8885.000 1.003
8890.000 0.975
8895.000 0.961
8900.000 0.939
8905.000 0.918
8910.000 0.902
8915.000 0.874
8920.000 0.859
8925.000 0.843
8930.000 0.825
8935.000 0.811
8940.000 0.804
8945.000 0.788
8950.000 0.780
8955.000 0.772
8960.000 0.758
8965.000 0.748
8970.000 0.738
8975.000 0.726
8980.000 0.709
8985.000 0.697
8990.000 0.683
8995.000 0.678
9000.000 0.661
9005.000 0.654
9010.000 0.645
9015.000 0.652
9020.000 0.641
9025.000 0.632
9030.000 0.637
9035.000 0.622
9040.000 0.615
9045.000 0.610
9050.000 0.601
9055.000 0.589
9060.000 0.588
9065.000 0.575
9070.000 0.573
9075.000 0.569
9080.000 0.573
9085.000 0.566
9090.000 0.566
9095.000 0.565
9100.000 0.564
9105.000 0.558
9110.000 0.553
9115.000 0.554
9120.000 0.549
9125.000 0.545
9130.000 0.540
9135.000 0.538
9140.000 0.537
9145.000 0.534
9150.000 0.536
9155.000 0.533
9160.000 0.540
9165.000 0.540
9170.000 0.542
9175.000 0.542
9180.000 0.543
9185.000 0.543
9190.000 0.542
9195.000 0.545
9200.000 0.542
9205.000 0.544
9210.000 0.543
9215.000 0.544
9220.000 0.548
9225.000 0.557
9230.000 0.560
9235.000 0.566
9240.000 0.578
9245.000 0.582
9250.000 0.587
9255.000 0.596
9260.000 0.598
9265.000 0.599
9270.000 0.606
9275.000 0.608
9280.000 0.614
9285.000 0.628
9290.000 0.634
9295.000 0.648
9300.000 0.662
9305.000 0.677
9310.000 0.692
9315.000 0.711
9320.000 0.719
9325.000 0.737
9330.000 0.750
9335.000 0.768
9340.000 0.783
9345.000 0.804
9350.000 0.828
9355.000 0.850
9360.000 0.880
9365.000 0.910
9370.000 0.953
9375.000 0.994
9380.000 1.044
9385.000 1.066
9390.000 1.115
9395.000 1.183
9400.000 1.253
9405.000 1.318
9410.000 1.425
9415.000 1.515
9420.000 1.662
9425.000 1.833
9430.000 2.008
9435.000 2.332
9440.000 2.504
9445.000 2.885
9450.000 3.613
9455.000 4.611
9460.000 6.230
9465.000 9.032
9470.000 11.311
9475.000 8.444
9480.000 4.462
9485.000 3.379
9490.000 2.580
9495.000 1.959
9500.000 1.631
9505.000 1.341
9510.000 1.142
9515.000 0.918
9520.000 0.799
9525.000 0.643
9530.000 0.531
9535.000 0.450
9540.000 0.356
9545.000 0.296
9550.000 0.220
9555.000 0.160
9560.000 0.120
9565.000 0.092
9570.000 0.057
9575.000 0.049
9580.000 0.078
9585.000 0.121
9590.000 0.169
9595.000 0.216
9600.000 0.261
9605.000 0.308
9610.000 0.345
9615.000 0.394
9620.000 0.441
9625.000 0.457
9630.000 0.506
9635.000 0.555
9640.000 0.587
9645.000 0.647
9650.000 0.688
9655.000 0.755
9660.000 0.812
9665.000 0.882
9670.000 0.949
9675.000 1.010
9680.000 1.056
9685.000 1.134
9690.000 1.208
9695.000 1.304
9700.000 1.395
9705.000 1.499
9710.000 1.610
9715.000 1.718
9720.000 1.876
9725.000 2.017
9730.000 2.205
9735.000 2.403
9740.000 2.597
9745.000 2.763
9750.000 3.033
9755.000 3.305
9760.000 3.735
9765.000 4.165
9770.000 4.715
9775.000 5.353
9780.000 6.006
9785.000 7.080
9790.000 8.170
9795.000 9.381
9800.000 10.656
9805.000 11.122
9810.000 11.619
9815.000 11.239
9820.000 10.388
9825.000 8.974
9830.000 7.849
9835.000 6.874
9840.000 6.073
9845.000 5.514
9850.000 4.900
9855.000 4.532
9860.000 4.264
9865.000 4.177
9870.000 4.179
9875.000 4.037
9880.000 3.828
9885.000 3.641
9890.000 3.403
9895.000 3.240
9900.000 3.064
9905.000 2.913
9910.000 2.811
9915.000 2.679
9920.000 2.598
9925.000 2.552
9930.000 2.457
9935.000 2.387
9940.000 2.307
9945.000 2.243
9950.000 2.183
9955.000 2.116
9960.000 2.070
9965.000 2.005
9970.000 1.959
9975.000 1.920
9980.000 1.862
9985.000 1.835
9990.000 1.814
9995.000 1.777
10000.000 1.751
10005.000 1.723
10010.000 1.689
10015.000 1.653
10020.000 1.620
10025.000 1.599
10030.000 1.575
10035.000 1.542
10040.000 1.517
10045.000 1.492
10050.000 1.475
10055.000 1.452
10060.000 1.430
10065.000 1.415
10070.000 1.396
10075.000 1.369
10080.000 1.355
10085.000 1.332
10090.000 1.315
10095.000 1.284
10100.000 1.263
10105.000 1.227
10110.000 1.196
10115.000 1.184
10120.000 1.145
10125.000 1.101
10130.000 1.059
10135.000 0.991
10140.000 0.894
10145.000 0.784
10150.000 0.577
10155.000 0.574
10160.000 1.820
10165.000 3.325
10170.000 3.102
10175.000 1.841
10180.000 1.904
10185.000 1.748
10190.000 1.619
10195.000 1.553
10200.000 1.512
10205.000 1.475
10210.000 1.447
10215.000 1.426
10220.000 1.413
10225.000 1.394
10230.000 1.385
10235.000 1.375
10240.000 1.361
10245.000 1.349
10250.000 1.328
10255.000 1.321
10260.000 1.310
10265.000 1.296
10270.000 1.291
10275.000 1.282
10280.000 1.278
10285.000 1.274
10290.000 1.270
10295.000 1.266
10300.000 1.268
10305.000 1.263
10310.000 1.260
10315.000 1.252
10320.000 1.250
10325.000 1.237
10330.000 1.236
10335.000 1.231
10340.000 1.226
10345.000 1.220
10350.000 1.226
10355.000 1.220
10360.000 1.221
10365.000 1.223
10370.000 1.223
10375.000 1.224
10380.000 1.223
10385.000 1.222
10390.000 1.217
10395.000 1.213
10400.000 1.213
10405.000 1.210
10410.000 1.210
10415.000 1.207
10420.000 1.209
10425.000 1.211
10430.000 1.214
10435.000 1.216
10440.000 1.221
10445.000 1.224
10450.000 1.224
10455.000 1.225
10460.000 1.228
10465.000 1.227
10470.000 1.231
10475.000 1.230
10480.000 1.226
10485.000 1.233
10490.000 1.233
10495.000 1.235
10500.000 1.242
10505.000 1.247
10510.000 1.255
10515.000 1.260
10520.000 1.268
10525.000 1.273
10530.000 1.276
10535.000 1.278
10540.000 1.284
10545.000 1.281
10550.000 1.285
10555.000 1.295
10560.000 1.297
10565.000 1.306
10570.000 1.309
10575.000 1.321
10580.000 1.331
10585.000 1.345
10590.000 1.353
10595.000 1.364
10600.000 1.370
10605.000 1.380
10610.000 1.388
10615.000 1.397
10620.000 1.406
10625.000 1.417
10630.000 1.429
10635.000 1.433
10640.000 1.454
10645.000 1.469
10650.000 1.495
10655.000 1.501
10660.000 1.519
10665.000 1.541
10670.000 1.562
10675.000 1.575
10680.000 1.602
10685.000 1.618
10690.000 1.645
10695.000 1.670
10700.000 1.690
10705.000 1.729
10710.000 1.753
10715.000 1.772
10720.000 1.814
10725.000 1.849
10730.000 1.901
10735.000 1.948
10740.000 1.991
10745.000 2.055
10750.000 2.105
10755.000 2.181
10760.000 2.254
10765.000 2.319
10770.000 2.434
10775.000 2.522
10780.000 2.582
10785.000 2.735
10790.000 2.863
10795.000 3.088
10800.000 3.315
10805.000 3.567
10810.000 3.965
10815.000 4.330
10820.000 5.048
10825.000 5.822
10830.000 6.610
10835.000 7.693
10840.000 7.921
10845.000 7.545
10850.000 5.352
10855.000 3.736
10860.000 2.336
10865.000 1.736
10870.000 1.316
10875.000 0.780
10880.000 0.460
10885.000 0.258
10890.000 0.362
10895.000 0.570
10900.000 0.667
10905.000 0.848
10910.000 1.062
10915.000 1.272
10920.000 1.446
10925.000 1.715
10930.000 1.923
10935.000 2.239
10940.000 2.552
10945.000 2.844
10950.000 3.325
10955.000 3.796
10960.000 3.967
10965.000 4.601
10970.000 5.119
10975.000 5.531
10980.000 5.726
10985.000 5.600
10990.000 5.104
10995.000 4.578
11000.000 4.014
11005.000 3.538
11010.000 3.210
11015.000 2.833
11020.000 2.630
11025.000 2.534
11030.000 2.363
11035.000 2.319
11040.000 2.280
11045.000 2.268
11050.000 2.243
11055.000 2.124
11060.000 1.983
11065.000 1.779
11070.000 1.604
11075.000 1.485
11080.000 1.338
11085.000 1.283
11090.000 1.197
11095.000 1.095
11100.000 1.031
11105.000 0.947
11110.000 0.892
11115.000 0.847
11120.000 0.792
11125.000 0.757
11130.000 0.710
11135.000 0.674
11140.000 0.648
11145.000 0.623
11150.000 0.596
11155.000 0.560
11160.000 0.537
11165.000 0.516
11170.000 0.483
11175.000 0.460
11180.000 0.441
11185.000 0.416
11190.000 0.402
11195.000 0.385
11200.000 0.365
11205.000 0.365
11210.000 0.347
11215.000 0.330
11220.000 0.320
11225.000 0.304
11230.000 0.298
11235.000 0.278
11240.000 0.269
11245.000 0.249
11250.000 0.239
11255.000 0.233
11260.000 0.220
11265.000 0.214
11270.000 0.206
11275.000 0.201
11280.000 0.195
11285.000 0.188
11290.000 0.182
11295.000 0.177
11300.000 0.169
11305.000 0.161
11310.000 0.151
11315.000 0.143
11320.000 0.135
11325.000 0.126
11330.000 0.125
11335.000 0.120
11340.000 0.117
11345.000 0.113
11350.000 0.114
11355.000 0.106
11360.000 0.105
11365.000 0.099
11370.000 0.096
11375.000 0.090
11380.000 0.087
11385.000 0.079
11390.000 0.076
11395.000 0.069
11400.000 0.070
11405.000 0.063
11410.000 0.065
11415.000 0.063
11420.000 0.062
11425.000 0.063
11430.000 0.063
11435.000 0.060
11440.000 0.053
11445.000 0.054
11450.000 0.055
11455.000 0.050
11460.000 0.048
11465.000 0.045
11470.000 0.044
11475.000 0.043
11480.000 0.045
11485.000 0.048
11490.000 0.050
11495.000 0.052
11500.000 0.053
11505.000 0.052
11510.000 0.052
11515.000 0.048
11520.000 0.049
11525.000 0.049
11530.000 0.048
11535.000 0.046
11540.000 0.050
11545.000 0.055
11550.000 0.056
11555.000 0.059
11560.000 0.062
11565.000 0.064
11570.000 0.060
11575.000 0.062
11580.000 0.064
11585.000 0.064
11590.000 0.068
11595.000 0.066
11600.000 0.070
11605.000 0.071
11610.000 0.077
11615.000 0.081
11620.000 0.084
11625.000 0.091
11630.000 0.096
11635.000 0.098
11640.000 0.106
11645.000 0.110
11650.000 0.118
11655.000 0.131
11660.000 0.144
11665.000 0.164
11670.000 0.190
11675.000 0.229
11680.000 0.275
11685.000 0.356
11690.000 0.400
11695.000 0.546
11700.000 0.752
11705.000 1.192
11710.000 1.643
11715.000 1.642
11720.000 0.697
11725.000 0.725
11730.000 0.653
11735.000 0.551
11740.000 0.479
11745.000 0.440
11750.000 0.424
11755.000 0.393
11760.000 0.380
11765.000 0.359
11770.000 0.355
11775.000 0.348
11780.000 0.348
11785.000 0.346
11790.000 0.350
11795.000 0.345
11800.000 0.352
11805.000 0.356
11810.000 0.355
11815.000 0.355
11820.000 0.364
11825.000 0.365
11830.000 0.372
11835.000 0.379
11840.000 0.389
11845.000 0.395
11850.000 0.406
11855.000 0.421
11860.000 0.431
11865.000 0.442
11870.000 0.457
11875.000 0.466
11880.000 0.479
11885.000 0.492
11890.000 0.504
11895.000 0.525
11900.000 0.539
11905.000 0.559
11910.000 0.578
11915.000 0.601
11920.000 0.627
11925.000 0.651
11930.000 0.681
11935.000 0.695
11940.000 0.723
11945.000 0.756
11950.000 0.787
11955.000 0.820
11960.000 0.864
11965.000 0.907
11970.000 0.950
11975.000 1.001
11980.000 1.040
11985.000 1.112
11990.000 1.180
11995.000 1.207
12000.000 1.343
