105.000 0.310
110.000 2.153
115.000 1.986
120.000 2.043
125.000 2.213
130.000 2.074
135.000 2.135
140.000 2.131
145.000 2.211
150.000 2.527
155.000 2.162
160.000 2.300
165.000 2.194
170.000 2.231
175.000 2.254
180.000 2.259
185.000 2.296
190.000 2.323
195.000 2.261
200.000 2.299
205.000 2.340
210.000 2.388
215.000 2.391
220.000 2.399
225.000 2.437
230.000 2.457
235.000 2.505
240.000 2.527
245.000 2.569
250.000 2.545
255.000 2.624
260.000 2.684
265.000 2.737
270.000 2.757
275.000 2.829
280.000 2.886
285.000 2.938
290.000 3.019
295.000 3.077
300.000 3.147
305.000 3.213
310.000 3.321
315.000 3.411
320.000 3.544
325.000 3.614
330.000 3.744
335.000 3.925
340.000 4.078
345.000 4.214
350.000 4.306
355.000 4.463
360.000 4.680
365.000 4.887
370.000 5.091
375.000 5.311
380.000 5.550
385.000 5.758
390.000 5.931
395.000 6.095
400.000 6.196
405.000 6.248
410.000 6.266
415.000 6.205
420.000 6.084
425.000 5.898
430.000 5.643
435.000 5.352
440.000 5.041
445.000 4.726
450.000 4.417
455.000 4.120
460.000 3.841
465.000 3.572
470.000 3.324
475.000 3.227
480.000 3.008
485.000 2.836
490.000 2.660
495.000 2.509
500.000 2.353
505.000 2.232
510.000 2.109
515.000 1.991
520.000 1.898
525.000 1.802
530.000 1.706
535.000 1.672
540.000 1.595
545.000 1.519
550.000 1.457
555.000 1.402
560.000 1.345
565.000 1.289
570.000 1.247
575.000 1.195
580.000 1.165
585.000 1.114
590.000 1.095
595.000 1.059
600.000 1.023
605.000 0.993
610.000 0.969
615.000 0.937
620.000 0.913
625.000 0.880
630.000 0.861
635.000 0.850
640.000 0.819
645.000 0.798
650.000 0.791
655.000 0.785
660.000 0.757
665.000 0.742
670.000 0.726
675.000 0.718
680.000 0.698
685.000 0.690
690.000 0.683
695.000 0.671
700.000 0.652
705.000 0.646
710.000 0.643
715.000 0.630
720.000 0.612
725.000 0.615
730.000 0.600
735.000 0.596
740.000 0.595
745.000 0.586
750.000 0.575
755.000 0.570
760.000 0.567
765.000 0.567
770.000 0.554
775.000 0.545
780.000 0.542
785.000 0.555
790.000 0.548
795.000 0.548
800.000 0.544
805.000 0.530
810.000 0.532
815.000 0.524
820.000 0.519
825.000 0.518
830.000 0.513
835.000 0.513
840.000 0.517
845.000 0.509
850.000 0.507
855.000 0.501
860.000 0.503
865.000 0.509
870.000 0.498
875.000 0.489
880.000 0.495
885.000 0.486
890.000 0.487
895.000 0.489
900.000 0.489
905.000 0.487
910.000 0.485
915.000 0.486
920.000 0.489
925.000 0.484
930.000 0.487
935.000 0.485
940.000 0.481
945.000 0.483
950.000 0.479
955.000 0.483
960.000 0.481
965.000 0.486
970.000 0.487
975.000 0.492
980.000 0.477
985.000 0.488
990.000 0.482
995.000 0.483
1000.000 0.475
1005.000 0.470
1010.000 0.483
1015.000 0.474
1020.000 0.487
1025.000 0.478
1030.000 0.484
1035.000 0.485
1040.000 0.482
1045.000 0.482
1050.000 0.491
1055.000 0.486
1060.000 0.478
1065.000 0.482
1070.000 0.483
1075.000 0.480
1080.000 0.487
1085.000 0.485
1090.000 0.488
1095.000 0.477
1100.000 0.486
1105.000 0.481
1110.000 0.484
1115.000 0.488
1120.000 0.485
1125.000 0.486
1130.000 0.488
1135.000 0.488
1140.000 0.486
1145.000 0.484
1150.000 0.491
1155.000 0.491
1160.000 0.490
1165.000 0.492
1170.000 0.488
1175.000 0.492
1180.000 0.497
1185.000 0.495
1190.000 0.495
1195.000 0.497
1200.000 0.499
1205.000 0.504
1210.000 0.504
1215.000 0.502
1220.000 0.500
1225.000 0.508
1230.000 0.501
1235.000 0.506
1240.000 0.506
1245.000 0.504
1250.000 0.513
1255.000 0.517
1260.000 0.510
1265.000 0.511
1270.000 0.513
1275.000 0.513
1280.000 0.517
1285.000 0.520
1290.000 0.518
1295.000 0.523
1300.000 0.529
1305.000 0.529
1310.000 0.526
1315.000 0.534
1320.000 0.536
1325.000 0.536
1330.000 0.541
1335.000 0.536
1340.000 0.537
1345.000 0.544
1350.000 0.542
1355.000 0.543
1360.000 0.544
1365.000 0.550
1370.000 0.549
1375.000 0.553
1380.000 0.556
1385.000 0.557
1390.000 0.562
1395.000 0.560
1400.000 0.559
1405.000 0.564
1410.000 0.562
1415.000 0.571
1420.000 0.564
1425.000 0.564
1430.000 0.562
1435.000 0.560
1440.000 0.555
1445.000 0.560
1450.000 0.550
1455.000 0.549
1460.000 0.553
1465.000 0.555
1470.000 0.554
1475.000 0.559
1480.000 0.569
1485.000 0.579
1490.000 0.590
1495.000 0.593
1500.000 0.605
1505.000 0.615
1510.000 0.625
1515.000 0.630
1520.000 0.643
1525.000 0.649
1530.000 0.654
1535.000 0.670
1540.000 0.676
1545.000 0.682
1550.000 0.692
1555.000 0.697
1560.000 0.713
1565.000 0.727
1570.000 0.737
1575.000 0.744
1580.000 0.758
1585.000 0.762
1590.000 0.773
1595.000 0.786
1600.000 0.799
1605.000 0.809
1610.000 0.819
1615.000 0.839
1620.000 0.850
1625.000 0.865
1630.000 0.879
1635.000 0.895
1640.000 0.909
1645.000 0.925
1650.000 0.933
1655.000 0.952
1660.000 0.974
1665.000 0.988
1670.000 1.008
1675.000 1.030
1680.000 1.054
1685.000 1.076
1690.000 1.091
1695.000 1.117
1700.000 1.137
1705.000 1.162
1710.000 1.179
1715.000 1.201
1720.000 1.230
1725.000 1.259
1730.000 1.284
1735.000 1.319
1740.000 1.348
1745.000 1.378
1750.000 1.409
1755.000 1.442
1760.000 1.478
1765.000 1.510
1770.000 1.549
1775.000 1.567
1780.000 1.598
1785.000 1.635
1790.000 1.667
1795.000 1.699
1800.000 1.735
1805.000 1.769
1810.000 1.811
1815.000 1.848
1820.000 1.878
1825.000 1.908
1830.000 1.921
1835.000 1.955
1840.000 1.981
1845.000 2.008
1850.000 2.027
1855.000 2.054
1860.000 2.069
1865.000 2.094
1870.000 2.112
1875.000 2.127
1880.000 2.132
1885.000 2.147
1890.000 2.148
1895.000 2.156
1900.000 2.155
1905.000 2.163
1910.000 2.162
1915.000 2.159
1920.000 2.150
1925.000 2.147
1930.000 2.144
1935.000 2.143
1940.000 2.132
1945.000 2.122
1950.000 2.107
1955.000 2.110
1960.000 2.103
1965.000 2.096
1970.000 2.090
1975.000 2.076
1980.000 2.059
1985.000 2.051
1990.000 2.045
1995.000 2.030
2000.000 2.017
2005.000 2.001
2010.000 2.002
2015.000 1.996
2020.000 1.994
2025.000 1.987
2030.000 1.971
2035.000 1.961
2040.000 1.958
2045.000 1.963
2050.000 1.959
2055.000 1.960
2060.000 1.959
2065.000 1.957
2070.000 1.956
2075.000 1.963
2080.000 1.961
2085.000 1.964
2090.000 1.970
2095.000 1.978
2100.000 1.987
2105.000 2.001
2110.000 2.009
2115.000 2.025
2120.000 2.033
2125.000 2.048
2130.000 2.067
2135.000 2.074
2140.000 2.093
2145.000 2.112
2150.000 2.136
2155.000 2.168
2160.000 2.196
2165.000 2.231
2170.000 2.266
2175.000 2.307
2180.000 2.351
2185.000 2.400
2190.000 2.461
2195.000 2.493
2200.000 2.564
2205.000 2.637
2210.000 2.715
2215.000 2.809
2220.000 2.914
2225.000 3.037
2230.000 3.173
2235.000 3.332
2240.000 3.516
2245.000 3.754
2250.000 4.011
2255.000 4.345
2260.000 4.543
2265.000 4.987
2270.000 5.571
2275.000 6.388
2280.000 7.426
2285.000 9.029
2290.000 11.360
2295.000 15.026
2300.000 20.055
2305.000 21.994
2310.000 17.166
2315.000 18.039
2320.000 10.021
2325.000 7.653
2330.000 5.830
2335.000 4.729
2340.000 3.951
2345.000 3.368
2350.000 2.889
2355.000 2.522
2360.000 2.222
2365.000 1.963
2370.000 1.758
2375.000 1.657
2380.000 1.501
2385.000 1.355
2390.000 1.220
2395.000 1.115
2400.000 1.018
2405.000 0.925
2410.000 0.852
2415.000 0.782
2420.000 0.715
2425.000 0.656
2430.000 0.605
2435.000 0.556
2440.000 0.527
2445.000 0.485
2450.000 0.453
2455.000 0.417
2460.000 0.383
2465.000 0.354
2470.000 0.324
2475.000 0.296
2480.000 0.276
2485.000 0.252
2490.000 0.233
2495.000 0.215
2500.000 0.203
2505.000 0.193
2510.000 0.182
2515.000 0.170
2520.000 0.164
2525.000 0.160
2530.000 0.152
2535.000 0.149
2540.000 0.155
2545.000 0.152
2550.000 0.156
2555.000 0.158
2560.000 0.162
2565.000 0.163
2570.000 0.167
2575.000 0.176
2580.000 0.180
2585.000 0.188
2590.000 0.194
2595.000 0.204
2600.000 0.211
2605.000 0.216
2610.000 0.226
2615.000 0.232
2620.000 0.238
2625.000 0.242
2630.000 0.253
2635.000 0.262
2640.000 0.274
2645.000 0.277
2650.000 0.284
2655.000 0.290
2660.000 0.302
2665.000 0.312
2670.000 0.321
2675.000 0.329
2680.000 0.336
2685.000 0.340
2690.000 0.349
2695.000 0.358
2700.000 0.368
2705.000 0.373
2710.000 0.383
2715.000 0.394
2720.000 0.405
2725.000 0.414
2730.000 0.424
2735.000 0.431
2740.000 0.444
2745.000 0.446
2750.000 0.455
2755.000 0.467
2760.000 0.476
2765.000 0.485
2770.000 0.501
2775.000 0.507
2780.000 0.518
2785.000 0.531
2790.000 0.534
2795.000 0.550
2800.000 0.553
2805.000 0.563
2810.000 0.575
2815.000 0.586
2820.000 0.599
2825.000 0.609
2830.000 0.623
2835.000 0.632
2840.000 0.644
2845.000 0.656
2850.000 0.668
2855.000 0.677
2860.000 0.685
2865.000 0.687
2870.000 0.697
2875.000 0.711
2880.000 0.720
2885.000 0.732
2890.000 0.743
2895.000 0.752
2900.000 0.765
2905.000 0.769
2910.000 0.778
2915.000 0.786
2920.000 0.788
2925.000 0.799
2930.000 0.801
2935.000 0.807
2940.000 0.814
2945.000 0.818
2950.000 0.834
2955.000 0.838
2960.000 0.845
2965.000 0.843
2970.000 0.855
2975.000 0.855
2980.000 0.857
2985.000 0.863
2990.000 0.871
2995.000 0.881
3000.000 0.865
3005.000 0.867
3010.000 0.867
3015.000 0.885
3020.000 0.894
3025.000 0.890
3030.000 0.887
3035.000 0.886
3040.000 0.893
3045.000 0.901
3050.000 0.893
3055.000 0.896
3060.000 0.906
3065.000 0.898
3070.000 0.901
3075.000 0.906
3080.000 0.905
3085.000 0.912
3090.000 0.908
3095.000 0.914
3100.000 0.915
3105.000 0.916
3110.000 0.914
3115.000 0.917
3120.000 0.919
3125.000 0.923
3130.000 0.921
3135.000 0.923
3140.000 0.927
3145.000 0.927
3150.000 0.927
3155.000 0.926
3160.000 0.933
3165.000 0.932
3170.000 0.932
3175.000 0.939
3180.000 0.938
3185.000 0.943
3190.000 0.942
3195.000 0.949
3200.000 0.949
3205.000 0.952
3210.000 0.953
3215.000 0.957
3220.000 0.958
3225.000 0.957
3230.000 0.963
3235.000 0.966
3240.000 0.972
3245.000 0.975
3250.000 0.974
3255.000 0.980
3260.000 0.983
3265.000 0.991
3270.000 0.997
3275.000 0.999
3280.000 1.004
3285.000 1.005
3290.000 1.011
3295.000 1.014
3300.000 1.021
3305.000 1.028
3310.000 1.036
3315.000 1.039
3320.000 1.047
3325.000 1.052
3330.000 1.061
3335.000 1.069
3340.000 1.078
3345.000 1.084
3350.000 1.091
3355.000 1.097
3360.000 1.102
3365.000 1.112
3370.000 1.122
3375.000 1.134
3380.000 1.147
3385.000 1.152
3390.000 1.166
3395.000 1.182
3400.000 1.192
3405.000 1.205
3410.000 1.220
3415.000 1.229
3420.000 1.241
3425.000 1.261
3430.000 1.271
3435.000 1.287
3440.000 1.303
3445.000 1.322
3450.000 1.343
3455.000 1.364
3460.000 1.384
3465.000 1.406
3470.000 1.430
3475.000 1.444
3480.000 1.470
3485.000 1.491
3490.000 1.525
3495.000 1.554
3500.000 1.587
3505.000 1.621
3510.000 1.657
3515.000 1.697
3520.000 1.731
3525.000 1.779
3530.000 1.800
3535.000 1.843
3540.000 1.896
3545.000 1.955
3550.000 2.015
3555.000 2.076
3560.000 2.139
3565.000 2.222
3570.000 2.300
3575.000 2.388
3580.000 2.484
3585.000 2.580
3590.000 2.700
3595.000 2.764
3600.000 2.893
3605.000 3.046
3610.000 3.211
3615.000 3.398
3620.000 3.619
3625.000 3.851
3630.000 4.147
3635.000 4.484
3640.000 4.848
3645.000 5.337
3650.000 5.885
3655.000 6.214
3660.000 7.046
3665.000 7.981
3670.000 9.433
3675.000 11.329
3680.000 13.870
3685.000 18.046
3690.000 23.797
3695.000 32.352
3700.000 38.268
3705.000 29.971
3710.000 18.061
3715.000 13.736
3720.000 12.247
3725.000 9.843
3730.000 8.392
3735.000 7.170
3740.000 6.291
3745.000 5.646
3750.000 5.066
3755.000 4.648
3760.000 4.221
3765.000 3.906
3770.000 3.643
3775.000 3.512
3780.000 3.293
3785.000 3.108
3790.000 2.925
3795.000 2.780
3800.000 2.636
3805.000 2.511
3810.000 2.404
3815.000 2.297
3820.000 2.211
3825.000 2.122
3830.000 2.045
3835.000 2.009
3840.000 1.934
3845.000 1.867
3850.000 1.813
3855.000 1.754
3860.000 1.704
3865.000 1.652
3870.000 1.608
3875.000 1.568
3880.000 1.530
3885.000 1.493
3890.000 1.454
3895.000 1.422
3900.000 1.407
3905.000 1.375
3910.000 1.345
3915.000 1.314
3920.000 1.293
3925.000 1.269
3930.000 1.242
3935.000 1.214
3940.000 1.197
3945.000 1.170
3950.000 1.160
3955.000 1.145
3960.000 1.125
3965.000 1.119
3970.000 1.093
3975.000 1.072
3980.000 1.069
3985.000 1.043
3990.000 1.031
3995.000 1.016
4000.000 1.004
4005.000 0.997
4010.000 0.971
4015.000 0.981
4020.000 0.957
4025.000 0.947
4030.000 0.953
4035.000 0.938
4040.000 0.932
4045.000 0.922
4050.000 0.912
4055.000 0.905
4060.000 0.889
4065.000 0.884
4070.000 0.877
4075.000 0.862
4080.000 0.859
4085.000 0.855
4090.000 0.850
4095.000 0.840
4100.000 0.836
4105.000 0.824
4110.000 0.820
4115.000 0.811
4120.000 0.805
4125.000 0.799
4130.000 0.791
4135.000 0.779
4140.000 0.777
4145.000 0.772
4150.000 0.759
4155.000 0.752
4160.000 0.742
4165.000 0.741
4170.000 0.732
4175.000 0.724
4180.000 0.722
4185.000 0.714
4190.000 0.707
4195.000 0.703
4200.000 0.696
4205.000 0.695
4210.000 0.684
4215.000 0.677
4220.000 0.670
4225.000 0.667
4230.000 0.660
4235.000 0.658
4240.000 0.655
4245.000 0.654
4250.000 0.658
4255.000 0.660
4260.000 0.656
4265.000 0.661
4270.000 0.665
4275.000 0.669
4280.000 0.669
4285.000 0.670
4290.000 0.674
4295.000 0.673
4300.000 0.674
4305.000 0.676
4310.000 0.673
4315.000 0.678
4320.000 0.680
4325.000 0.678
4330.000 0.680
4335.000 0.686
4340.000 0.686
4345.000 0.685
4350.000 0.686
4355.000 0.687
4360.000 0.687
4365.000 0.685
4370.000 0.685
4375.000 0.684
4380.000 0.685
4385.000 0.679
4390.000 0.682
4395.000 0.682
4400.000 0.682
4405.000 0.686
4410.000 0.687
4415.000 0.690
4420.000 0.686
4425.000 0.687
4430.000 0.688
4435.000 0.687
4440.000 0.689
4445.000 0.683
4450.000 0.684
4455.000 0.686
4460.000 0.681
4465.000 0.686
4470.000 0.688
4475.000 0.687
4480.000 0.692
4485.000 0.691
4490.000 0.700
4495.000 0.695
4500.000 0.691
4505.000 0.697
4510.000 0.695
4515.000 0.694
4520.000 0.694
4525.000 0.694
4530.000 0.696
4535.000 0.698
4540.000 0.700
4545.000 0.700
4550.000 0.706
4555.000 0.707
4560.000 0.710
4565.000 0.707
4570.000 0.712
4575.000 0.714
4580.000 0.714
4585.000 0.717
4590.000 0.713
4595.000 0.714
4600.000 0.717
4605.000 0.721
4610.000 0.724
4615.000 0.723
4620.000 0.730
4625.000 0.735
4630.000 0.731
4635.000 0.739
4640.000 0.740
4645.000 0.744
4650.000 0.751
4655.000 0.752
4660.000 0.751
4665.000 0.758
4670.000 0.760
4675.000 0.764
4680.000 0.769
4685.000 0.777
4690.000 0.778
4695.000 0.783
4700.000 0.791
4705.000 0.795
4710.000 0.799
4715.000 0.808
4720.000 0.815
4725.000 0.821
4730.000 0.827
4735.000 0.833
4740.000 0.839
4745.000 0.848
4750.000 0.851
4755.000 0.862
4760.000 0.873
4765.000 0.884
4770.000 0.893
4775.000 0.906
4780.000 0.919
4785.000 0.932
4790.000 0.946
4795.000 0.958
4800.000 0.974
4805.000 0.988
4810.000 0.995
4815.000 1.012
4820.000 1.031
4825.000 1.048
4830.000 1.072
4835.000 1.096
4840.000 1.120
4845.000 1.151
4850.000 1.178
4855.000 1.209
4860.000 1.242
4865.000 1.273
4870.000 1.298
4875.000 1.337
4880.000 1.379
4885.000 1.432
4890.000 1.484
4895.000 1.546
4900.000 1.616
4905.000 1.683
4910.000 1.776
4915.000 1.869
4920.000 1.996
4925.000 2.116
4930.000 2.249
4935.000 2.337
4940.000 2.512
4945.000 2.683
4950.000 2.890
4955.000 2.965
4960.000 3.075
4965.000 4.448
4970.000 11.437
4975.000 12.718
4980.000 14.803
4985.000 15.939
4990.000 14.642
4995.000 12.828
5000.000 8.201
5005.000 5.969
5010.000 4.866
5015.000 3.939
5020.000 3.379
5025.000 2.894
5030.000 2.553
5035.000 2.301
5040.000 2.061
5045.000 1.875
5050.000 1.806
5055.000 1.649
5060.000 1.543
5065.000 1.426
5070.000 1.334
5075.000 1.268
5080.000 1.186
5085.000 1.137
5090.000 1.079
5095.000 1.031
5100.000 0.993
5105.000 0.951
5110.000 0.918
5115.000 0.907
5120.000 0.869
5125.000 0.845
5130.000 0.819
5135.000 0.801
5140.000 0.780
5145.000 0.762
5150.000 0.749
5155.000 0.738
5160.000 0.726
5165.000 0.716
5170.000 0.703
5175.000 0.695
5180.000 0.688
5185.000 0.679
5190.000 0.670
5195.000 0.658
5200.000 0.651
5205.000 0.642
5210.000 0.637
5215.000 0.629
5220.000 0.621
5225.000 0.618
5230.000 0.619
5235.000 0.614
5240.000 0.618
5245.000 0.610
5250.000 0.613
5255.000 0.615
5260.000 0.606
5265.000 0.607
5270.000 0.605
5275.000 0.603
5280.000 0.605
5285.000 0.606
5290.000 0.608
5295.000 0.605
5300.000 0.608
5305.000 0.612
5310.000 0.611
5315.000 0.614
5320.000 0.614
5325.000 0.614
5330.000 0.621
5335.000 0.617
5340.000 0.620
5345.000 0.620
5350.000 0.625
5355.000 0.626
5360.000 0.625
5365.000 0.629
5370.000 0.631
5375.000 0.636
5380.000 0.635
5385.000 0.638
5390.000 0.642
5395.000 0.641
5400.000 0.643
5405.000 0.647
5410.000 0.646
5415.000 0.646
5420.000 0.647
5425.000 0.648
5430.000 0.654
5435.000 0.652
5440.000 0.654
5445.000 0.655
5450.000 0.663
5455.000 0.662
5460.000 0.664
5465.000 0.663
5470.000 0.665
5475.000 0.664
5480.000 0.665
5485.000 0.665
5490.000 0.664
5495.000 0.666
5500.000 0.665
5505.000 0.670
5510.000 0.671
5515.000 0.673
5520.000 0.672
5525.000 0.674
5530.000 0.680
5535.000 0.677
5540.000 0.678
5545.000 0.679
5550.000 0.677
5555.000 0.678
5560.000 0.677
5565.000 0.680
5570.000 0.678
5575.000 0.675
5580.000 0.679
5585.000 0.680
5590.000 0.686
5595.000 0.687
5600.000 0.688
5605.000 0.688
5610.000 0.685
5615.000 0.691
5620.000 0.690
5625.000 0.688
5630.000 0.691
5635.000 0.688
5640.000 0.688
5645.000 0.686
5650.000 0.691
5655.000 0.691
5660.000 0.696
5665.000 0.696
5670.000 0.695
5675.000 0.700
5680.000 0.701
5685.000 0.699
5690.000 0.700
5695.000 0.699
5700.000 0.697
5705.000 0.699
5710.000 0.702
5715.000 0.701
5720.000 0.700
5725.000 0.702
5730.000 0.705
5735.000 0.709
5740.000 0.713
5745.000 0.715
5750.000 0.716
5755.000 0.718
5760.000 0.721
5765.000 0.719
5770.000 0.721
5775.000 0.721
5780.000 0.718
5785.000 0.719
5790.000 0.723
5795.000 0.725
5800.000 0.730
5805.000 0.732
5810.000 0.734
5815.000 0.739
5820.000 0.743
5825.000 0.745
5830.000 0.743
5835.000 0.750
5840.000 0.752
5845.000 0.750
5850.000 0.757
5855.000 0.756
5860.000 0.758
5865.000 0.758
5870.000 0.763
5875.000 0.768
5880.000 0.777
5885.000 0.777
5890.000 0.784
5895.000 0.787
5900.000 0.794
5905.000 0.797
5910.000 0.800
5915.000 0.806
5920.000 0.807
5925.000 0.812
5930.000 0.817
5935.000 0.820
5940.000 0.826
5945.000 0.837
5950.000 0.846
5955.000 0.853
5960.000 0.866
5965.000 0.868
5970.000 0.869
5975.000 0.875
5980.000 0.887
5985.000 0.894
5990.000 0.909
5995.000 0.905
6000.000 0.929
6005.000 0.940
6010.000 0.939
6015.000 0.958
6020.000 0.965
6025.000 0.968
6030.000 0.984
6035.000 0.993
6040.000 1.007
6045.000 1.028
6050.000 1.034
6055.000 1.050
6060.000 1.071
6065.000 1.080
6070.000 1.100
6075.000 1.122
6080.000 1.136
6085.000 1.160
6090.000 1.170
6095.000 1.195
6100.000 1.222
6105.000 1.256
6110.000 1.285
6115.000 1.318
6120.000 1.359
6125.000 1.394
6130.000 1.440
6135.000 1.487
6140.000 1.534
6145.000 1.598
6150.000 1.631
6155.000 1.697
6160.000 1.782
6165.000 1.866
6170.000 1.989
6175.000 2.108
6180.000 2.248
6185.000 2.442
6190.000 2.633
6195.000 2.925
6200.000 3.251
6205.000 3.627
6210.000 4.195
6215.000 4.485
6220.000 5.012
6225.000 5.296
6230.000 5.025
6235.000 5.529
6240.000 5.753
6245.000 5.086
6250.000 3.609
6255.000 3.024
6260.000 2.636
6265.000 2.475
6270.000 2.442
6275.000 2.355
6280.000 2.290
6285.000 2.227
6290.000 2.127
6295.000 2.033
6300.000 1.925
6305.000 1.803
6310.000 1.723
6315.000 1.609
6320.000 1.530
6325.000 1.438
6330.000 1.401
6335.000 1.339
6340.000 1.267
6345.000 1.211
6350.000 1.162
6355.000 1.112
6360.000 1.073
6365.000 1.037
6370.000 1.000
6375.000 0.978
6380.000 0.946
6385.000 0.928
6390.000 0.905
6395.000 0.893
6400.000 0.878
6405.000 0.859
6410.000 0.844
6415.000 0.831
6420.000 0.818
6425.000 0.812
6430.000 0.798
6435.000 0.793
6440.000 0.793
6445.000 0.790
6450.000 0.789
6455.000 0.790
6460.000 0.794
6465.000 0.801
6470.000 0.810
6475.000 0.821
6480.000 0.829
6485.000 0.849
6490.000 0.869
6495.000 0.900
6500.000 0.934
6505.000 0.974
6510.000 1.009
6515.000 1.072
6520.000 1.151
6525.000 1.276
6530.000 1.400
6535.000 1.640
6540.000 1.982
6545.000 2.454
6550.000 3.472
6555.000 5.264
6560.000 8.702
6565.000 12.474
6570.000 5.753
6575.000 2.048
6580.000 1.535
6585.000 2.034
6590.000 1.385
6595.000 1.262
6600.000 1.107
6605.000 1.016
6610.000 0.942
6615.000 0.872
6620.000 0.825
6625.000 0.777
6630.000 0.746
6635.000 0.732
6640.000 0.701
6645.000 0.681
6650.000 0.656
6655.000 0.643
6660.000 0.626
6665.000 0.611
6670.000 0.606
6675.000 0.597
6680.000 0.586
6685.000 0.583
6690.000 0.579
6695.000 0.574
6700.000 0.573
6705.000 0.570
6710.000 0.564
6715.000 0.555
6720.000 0.549
6725.000 0.549
6730.000 0.540
6735.000 0.535
6740.000 0.537
6745.000 0.529
6750.000 0.532
6755.000 0.532
6760.000 0.530
6765.000 0.532
6770.000 0.533
6775.000 0.530
6780.000 0.529
6785.000 0.522
6790.000 0.518
6795.000 0.517
6800.000 0.516
6805.000 0.509
6810.000 0.510
6815.000 0.510
6820.000 0.510
6825.000 0.510
6830.000 0.511
6835.000 0.512
6840.000 0.509
6845.000 0.514
6850.000 0.512
6855.000 0.513
6860.000 0.509
6865.000 0.511
6870.000 0.503
6875.000 0.499
6880.000 0.501
6885.000 0.497
6890.000 0.497
6895.000 0.501
6900.000 0.499
6905.000 0.499
6910.000 0.504
6915.000 0.500
6920.000 0.508
6925.000 0.506
6930.000 0.503
6935.000 0.501
6940.000 0.500
6945.000 0.503
6950.000 0.489
6955.000 0.491
6960.000 0.489
6965.000 0.485
6970.000 0.490
6975.000 0.496
6980.000 0.489
6985.000 0.499
6990.000 0.499
6995.000 0.496
7000.000 0.492
7005.000 0.499
7010.000 0.492
7015.000 0.493
7020.000 0.485
7025.000 0.490
7030.000 0.484
7035.000 0.491
7040.000 0.489
7045.000 0.483
7050.000 0.488
7055.000 0.485
7060.000 0.494
7065.000 0.491
7070.000 0.491
7075.000 0.492
7080.000 0.487
7085.000 0.487
7090.000 0.481
7095.000 0.480
7100.000 0.480
7105.000 0.476
7110.000 0.479
7115.000 0.479
7120.000 0.481
7125.000 0.480
7130.000 0.483
7135.000 0.483
7140.000 0.485
7145.000 0.482
7150.000 0.482
7155.000 0.481
7160.000 0.477
7165.000 0.474
7170.000 0.472
7175.000 0.468
7180.000 0.471
7185.000 0.469
7190.000 0.466
7195.000 0.470
7200.000 0.473
7205.000 0.469
7210.000 0.473
7215.000 0.470
7220.000 0.468
7225.000 0.466
7230.000 0.466
7235.000 0.460
7240.000 0.458
7245.000 0.456
7250.000 0.453
7255.000 0.450
7260.000 0.450
7265.000 0.452
7270.000 0.450
7275.000 0.454
7280.000 0.451
7285.000 0.454
7290.000 0.448
7295.000 0.443
7300.000 0.439
7305.000 0.435
7310.000 0.434
7315.000 0.428
7320.000 0.424
7325.000 0.418
7330.000 0.412
7335.000 0.411
7340.000 0.408
7345.000 0.401
7350.000 0.404
7355.000 0.401
7360.000 0.393
7365.000 0.390
7370.000 0.382
7375.000 0.367
7380.000 0.355
7385.000 0.343
7390.000 0.329
7395.000 0.317
7400.000 0.303
7405.000 0.287
7410.000 0.276
7415.000 0.268
7420.000 0.273
7425.000 0.302
7430.000 0.339
7435.000 0.494
7440.000 0.687
7445.000 0.982
7450.000 1.295
7455.000 1.605
7460.000 1.898
7465.000 1.959
7470.000 1.835
7475.000 1.498
7480.000 1.268
7485.000 1.172
7490.000 1.061
7495.000 0.994
7500.000 0.932
7505.000 0.892
7510.000 0.858
7515.000 0.831
7520.000 0.804
7525.000 0.784
7530.000 0.764
7535.000 0.750
7540.000 0.735
7545.000 0.725
7550.000 0.715
7555.000 0.706
7560.000 0.702
7565.000 0.695
7570.000 0.694
7575.000 0.690
7580.000 0.682
7585.000 0.681
7590.000 0.674
7595.000 0.669
7600.000 0.665
7605.000 0.663
7610.000 0.655
7615.000 0.652
7620.000 0.647
7625.000 0.644
7630.000 0.644
7635.000 0.646
7640.000 0.648
7645.000 0.645
7650.000 0.648
7655.000 0.650
7660.000 0.645
7665.000 0.640
7670.000 0.643
7675.000 0.638
7680.000 0.635
7685.000 0.635
7690.000 0.632
7695.000 0.631
7700.000 0.631
7705.000 0.634
7710.000 0.634
7715.000 0.637
7720.000 0.638
7725.000 0.640
7730.000 0.643
7735.000 0.641
7740.000 0.646
7745.000 0.641
7750.000 0.643
7755.000 0.639
7760.000 0.641
7765.000 0.637
7770.000 0.639
7775.000 0.642
7780.000 0.646
7785.000 0.648
7790.000 0.649
7795.000 0.658
7800.000 0.659
7805.000 0.662
7810.000 0.665
7815.000 0.664
7820.000 0.664
7825.000 0.664
7830.000 0.664
7835.000 0.668
7840.000 0.671
7845.000 0.676
7850.000 0.683
7855.000 0.680
7860.000 0.691
7865.000 0.695
7870.000 0.705
7875.000 0.711
7880.000 0.714
7885.000 0.721
7890.000 0.729
7895.000 0.727
7900.000 0.735
7905.000 0.744
7910.000 0.752
7915.000 0.757
7920.000 0.763
7925.000 0.781
7930.000 0.794
7935.000 0.807
7940.000 0.827
7945.000 0.841
7950.000 0.873
7955.000 0.884
7960.000 0.904
7965.000 0.933
7970.000 0.952
7975.000 0.981
7980.000 1.014
7985.000 1.050
7990.000 1.111
7995.000 1.177
8000.000 1.243
8005.000 1.335
8010.000 1.449
8015.000 1.620
8020.000 1.834
8025.000 2.103
8030.000 2.612
8035.000 2.959
8040.000 3.801
8045.000 5.835
8050.000 8.162
8055.000 7.264
8060.000 3.834
8065.000 2.914
8070.000 1.702
8075.000 1.347
8080.000 1.122
8085.000 0.867
8090.000 0.736
8095.000 0.671
8100.000 0.578
8105.000 0.510
8110.000 0.460
8115.000 0.424
8120.000 0.387
8125.000 0.366
8130.000 0.348
8135.000 0.338
8140.000 0.328
8145.000 0.327
8150.000 0.322
8155.000 0.321
8160.000 0.320
8165.000 0.318
8170.000 0.313
8175.000 0.317
8180.000 0.312
8185.000 0.310
8190.000 0.311
8195.000 0.312
8200.000 0.313
8205.000 0.315
8210.000 0.318
8215.000 0.318
8220.000 0.325
8225.000 0.329
8230.000 0.331
8235.000 0.337
8240.000 0.338
8245.000 0.340
8250.000 0.339
8255.000 0.335
8260.000 0.337
8265.000 0.335
8270.000 0.334
8275.000 0.335
8280.000 0.335
8285.000 0.337
8290.000 0.339
8295.000 0.338
8300.000 0.352
8305.000 0.351
8310.000 0.352
8315.000 0.354
8320.000 0.354
8325.000 0.349
8330.000 0.346
8335.000 0.345
8340.000 0.343
8345.000 0.345
8350.000 0.338
8355.000 0.343
8360.000 0.339
8365.000 0.348
8370.000 0.348
8375.000 0.351
8380.000 0.351
8385.000 0.352
8390.000 0.354
8395.000 0.348
8400.000 0.352
8405.000 0.346
8410.000 0.343
8415.000 0.337
8420.000 0.341
8425.000 0.339
8430.000 0.341
8435.000 0.341
8440.000 0.343
8445.000 0.344
8450.000 0.345
8455.000 0.352
8460.000 0.352
8465.000 0.355
8470.000 0.350
8475.000 0.353
8480.000 0.351
8485.000 0.360
8490.000 0.366
8495.000 0.382
8500.000 0.400
8505.000 0.432
8510.000 0.513
8515.000 0.609
8520.000 0.683
8525.000 1.027
8530.000 1.644
8535.000 2.778
8540.000 3.547
8545.000 0.611
8550.000 0.796
8555.000 0.660
8560.000 0.753
8565.000 0.715
8570.000 0.732
8575.000 0.766
8580.000 0.798
8585.000 0.861
8590.000 0.972
8595.000 1.081
8600.000 1.282
8605.000 1.524
8610.000 1.792
8615.000 2.266
8620.000 2.761
8625.000 3.511
8630.000 4.204
8635.000 4.616
8640.000 4.612
8645.000 4.434
8650.000 4.059
8655.000 3.620
8660.000 3.334
8665.000 2.934
8670.000 2.510
8675.000 2.098
8680.000 1.568
8685.000 1.029
8690.000 0.505
8695.000 0.394
8700.000 0.411
8705.000 0.453
8710.000 0.510
8715.000 0.541
8720.000 0.577
8725.000 0.598
8730.000 0.616
8735.000 0.628
8740.000 0.642
8745.000 0.647
8750.000 0.655
8755.000 0.658
8760.000 0.657
8765.000 0.660
8770.000 0.657
8775.000 0.660
8780.000 0.653
8785.000 0.646
8790.000 0.645
8795.000 0.645
8800.000 0.641
8805.000 0.645
8810.000 0.636
8815.000 0.656
8820.000 0.636
8825.000 0.675
8830.000 0.632
8835.000 0.651
8840.000 0.643
8845.000 0.634
8850.000 0.633
8855.000 0.620
8860.000 0.622
8865.000 0.616
8870.000 0.617
8875.000 0.613
8880.000 0.615
8885.000 0.618
8890.000 0.616
8895.000 0.620
8900.000 0.618
8905.000 0.616
8910.000 0.610
8915.000 0.610
8920.000 0.606
8925.000 0.602
8930.000 0.597
8935.000 0.596
8940.000 0.594
8945.000 0.593
8950.000 0.591
8955.000 0.589
8960.000 0.596
8965.000 0.600
8970.000 0.596
8975.000 0.598
8980.000 0.598
8985.000 0.591
8990.000 0.588
8995.000 0.587
9000.000 0.583
9005.000 0.574
9010.000 0.580
9015.000 0.568
9020.000 0.573
9025.000 0.574
9030.000 0.570
9035.000 0.573
9040.000 0.577
9045.000 0.579
9050.000 0.577
9055.000 0.573
9060.000 0.576
9065.000 0.567
9070.000 0.568
9075.000 0.564
9080.000 0.558
9085.000 0.554
9090.000 0.552
9095.000 0.555
9100.000 0.559
9105.000 0.560
9110.000 0.556
9115.000 0.566
9120.000 0.564
9125.000 0.561
9130.000 0.558
9135.000 0.556
9140.000 0.553
9145.000 0.544
9150.000 0.545
9155.000 0.540
9160.000 0.541
9165.000 0.539
9170.000 0.541
9175.000 0.539
9180.000 0.544
9185.000 0.542
9190.000 0.542
9195.000 0.544
9200.000 0.541
9205.000 0.540
9210.000 0.537
9215.000 0.531
9220.000 0.522
9225.000 0.523
9230.000 0.521
9235.000 0.515
9240.000 0.513
9245.000 0.516
9250.000 0.520
9255.000 0.515
9260.000 0.518
9265.000 0.514
9270.000 0.516
9275.000 0.510
9280.000 0.508
9285.000 0.499
9290.000 0.494
9295.000 0.488
9300.000 0.479
9305.000 0.478
9310.000 0.478
9315.000 0.475
9320.000 0.467
9325.000 0.472
9330.000 0.468
9335.000 0.466
9340.000 0.457
9345.000 0.452
9350.000 0.440
9355.000 0.432
9360.000 0.418
9365.000 0.404
9370.000 0.392
9375.000 0.386
9380.000 0.367
9385.000 0.353
9390.000 0.339
9395.000 0.320
9400.000 0.307
9405.000 0.279
9410.000 0.248
9415.000 0.207
9420.000 0.162
9425.000 0.115
9430.000 0.044
9435.000 0.032
9440.000 0.118
9445.000 0.277
9450.000 0.475
9455.000 0.846
9460.000 1.391
9465.000 2.201
9470.000 3.787
9475.000 4.604
9480.000 2.576
9485.000 3.198
9490.000 2.483
9495.000 2.252
9500.000 1.777
9505.000 1.590
9510.000 1.467
9515.000 1.384
9520.000 1.302
9525.000 1.247
9530.000 1.211
9535.000 1.174
9540.000 1.147
9545.000 1.128
9550.000 1.108
9555.000 1.109
9560.000 1.091
9565.000 1.077
9570.000 1.068
9575.000 1.055
9580.000 1.049
9585.000 1.042
9590.000 1.036
9595.000 1.032
9600.000 1.031
9605.000 1.032
9610.000 1.037
9615.000 1.039
9620.000 1.044
9625.000 1.050
9630.000 1.057
9635.000 1.064
9640.000 1.076
9645.000 1.081
9650.000 1.089
9655.000 1.097
9660.000 1.105
9665.000 1.116
9670.000 1.128
9675.000 1.149
9680.000 1.161
9685.000 1.178
9690.000 1.205
9695.000 1.231
9700.000 1.261
9705.000 1.298
9710.000 1.328
9715.000 1.366
9720.000 1.411
9725.000 1.449
9730.000 1.507
9735.000 1.533
9740.000 1.593
9745.000 1.676
9750.000 1.749
9755.000 1.869
9760.000 1.993
9765.000 2.135
9770.000 2.326
9775.000 2.512
9780.000 2.810
9785.000 3.139
9790.000 3.484
9795.000 4.004
9800.000 4.241
9805.000 4.625
9810.000 4.923
9815.000 4.766
9820.000 4.143
9825.000 3.449
9830.000 2.905
9835.000 2.374
9840.000 2.049
9845.000 1.707
9850.000 1.464
9855.000 1.243
9860.000 1.123
9865.000 0.872
9870.000 0.594
9875.000 0.349
9880.000 0.196
9885.000 0.101
9890.000 0.158
9895.000 0.191
9900.000 0.199
9905.000 0.201
9910.000 0.194
9915.000 0.186
9920.000 0.175
9925.000 0.174
9930.000 0.162
9935.000 0.152
9940.000 0.146
9945.000 0.142
9950.000 0.130
9955.000 0.131
9960.000 0.130
9965.000 0.127
9970.000 0.129
9975.000 0.132
9980.000 0.135
9985.000 0.142
9990.000 0.144
9995.000 0.140
10000.000 0.152
10005.000 0.153
10010.000 0.147
10015.000 0.146
10020.000 0.143
10025.000 0.142
10030.000 0.146
10035.000 0.148
10040.000 0.152
10045.000 0.141
10050.000 0.151
10055.000 0.149
10060.000 0.150
10065.000 0.152
10070.000 0.151
10075.000 0.145
10080.000 0.141
10085.000 0.132
10090.000 0.120
10095.000 0.111
10100.000 0.100
10105.000 0.090
10110.000 0.079
10115.000 0.076
10120.000 0.061
10125.000 0.059
10130.000 0.080
10135.000 0.127
10140.000 0.190
10145.000 0.323
10150.000 0.489
10155.000 0.949
10160.000 1.707
10165.000 2.245
10170.000 3.353
10175.000 1.720
10180.000 1.628
10185.000 1.043
10190.000 0.853
10195.000 0.736
10200.000 0.664
10205.000 0.629
10210.000 0.594
10215.000 0.571
10220.000 0.555
10225.000 0.537
10230.000 0.523
10235.000 0.502
10240.000 0.490
10245.000 0.474
10250.000 0.465
10255.000 0.456
10260.000 0.450
10265.000 0.446
10270.000 0.443
10275.000 0.441
10280.000 0.442
10285.000 0.440
10290.000 0.435
10295.000 0.436
10300.000 0.430
10305.000 0.430
10310.000 0.421
10315.000 0.416
10320.000 0.413
10325.000 0.406
10330.000 0.404
10335.000 0.406
10340.000 0.402
10345.000 0.400
10350.000 0.408
10355.000 0.408
10360.000 0.409
10365.000 0.409
10370.000 0.406
10375.000 0.402
10380.000 0.400
10385.000 0.396
10390.000 0.396
10395.000 0.393
10400.000 0.387
10405.000 0.387
10410.000 0.386
10415.000 0.388
10420.000 0.387
10425.000 0.394
10430.000 0.392
10435.000 0.396
10440.000 0.392
10445.000 0.391
10450.000 0.387
10455.000 0.385
10460.000 0.380
10465.000 0.379
10470.000 0.379
10475.000 0.375
10480.000 0.373
10485.000 0.372
10490.000 0.373
10495.000 0.378
10500.000 0.378
10505.000 0.378
10510.000 0.379
10515.000 0.380
10520.000 0.373
10525.000 0.376
10530.000 0.371
10535.000 0.365
10540.000 0.364
10545.000 0.363
10550.000 0.358
10555.000 0.359
10560.000 0.357
10565.000 0.361
10570.000 0.362
10575.000 0.359
10580.000 0.365
10585.000 0.364
10590.000 0.362
10595.000 0.356
10600.000 0.351
10605.000 0.350
10610.000 0.346
10615.000 0.343
10620.000 0.341
10625.000 0.334
10630.000 0.338
10635.000 0.337
10640.000 0.333
10645.000 0.339
10650.000 0.335
10655.000 0.336
10660.000 0.341
10665.000 0.336
10670.000 0.331
10675.000 0.324
10680.000 0.323
10685.000 0.314
10690.000 0.312
10695.000 0.310
10700.000 0.306
10705.000 0.302
10710.000 0.305
10715.000 0.303
10720.000 0.302
10725.000 0.303
10730.000 0.301
10735.000 0.295
10740.000 0.293
10745.000 0.290
10750.000 0.278
10755.000 0.276
10760.000 0.273
10765.000 0.267
10770.000 0.259
10775.000 0.261
10780.000 0.258
10785.000 0.254
10790.000 0.257
10795.000 0.254
10800.000 0.259
10805.000 0.261
10810.000 0.258
10815.000 0.269
10820.000 0.281
10825.000 0.294
10830.000 0.338
10835.000 0.366
10840.000 0.415
10845.000 0.476
10850.000 0.467
10855.000 0.447
10860.000 0.511
10865.000 0.636
10870.000 0.735
10875.000 0.610
10880.000 0.415
10885.000 0.304
10890.000 0.280
10895.000 0.279
10900.000 0.297
10905.000 0.329
10910.000 0.372
10915.000 0.411
10920.000 0.483
10925.000 0.555
10930.000 0.622
10935.000 0.740
10940.000 0.849
10945.000 1.032
10950.000 1.120
10955.000 1.293
10960.000 1.599
10965.000 1.913
10970.000 2.214
10975.000 2.647
10980.000 2.924
10985.000 3.108
10990.000 3.055
10995.000 2.895
11000.000 2.599
11005.000 2.401
11010.000 2.163
11015.000 2.075
11020.000 1.938
11025.000 1.785
11030.000 1.683
11035.000 1.588
11040.000 1.509
11045.000 1.435
11050.000 1.288
11055.000 1.111
11060.000 0.936
11065.000 0.848
11070.000 0.838
11075.000 0.838
11080.000 0.862
11085.000 0.870
11090.000 0.885
11095.000 0.885
11100.000 0.883
11105.000 0.879
11110.000 0.873
11115.000 0.869
11120.000 0.859
11125.000 0.849
11130.000 0.841
11135.000 0.836
11140.000 0.833
11145.000 0.825
11150.000 0.824
11155.000 0.816
11160.000 0.815
11165.000 0.814
11170.000 0.807
11175.000 0.802
11180.000 0.796
11185.000 0.792
11190.000 0.786
11195.000 0.781
11200.000 0.777
11205.000 0.774
11210.000 0.766
11215.000 0.765
11220.000 0.759
11225.000 0.759
11230.000 0.764
11235.000 0.761
11240.000 0.760
11245.000 0.761
11250.000 0.753
11255.000 0.752
11260.000 0.747
11265.000 0.746
11270.000 0.740
11275.000 0.736
11280.000 0.734
11285.000 0.733
11290.000 0.732
11295.000 0.731
11300.000 0.730
11305.000 0.738
11310.000 0.737
11315.000 0.735
11320.000 0.733
11325.000 0.732
11330.000 0.728
11335.000 0.727
11340.000 0.722
11345.000 0.718
11350.000 0.719
11355.000 0.716
11360.000 0.718
11365.000 0.719
11370.000 0.722
11375.000 0.718
11380.000 0.719
11385.000 0.724
11390.000 0.723
11395.000 0.724
11400.000 0.721
11405.000 0.723
11410.000 0.718
11415.000 0.713
11420.000 0.714
11425.000 0.713
11430.000 0.714
11435.000 0.716
11440.000 0.716
11445.000 0.717
11450.000 0.721
11455.000 0.722
11460.000 0.725
11465.000 0.724
11470.000 0.723
11475.000 0.722
11480.000 0.722
11485.000 0.722
11490.000 0.719
11495.000 0.719
11500.000 0.724
11505.000 0.725
11510.000 0.723
11515.000 0.728
11520.000 0.728
11525.000 0.738
11530.000 0.736
11535.000 0.739
11540.000 0.743
11545.000 0.741
11550.000 0.742
11555.000 0.745
11560.000 0.747
11565.000 0.747
11570.000 0.751
11575.000 0.754
11580.000 0.762
11585.000 0.763
11590.000 0.773
11595.000 0.779
11600.000 0.781
11605.000 0.792
11610.000 0.797
11615.000 0.804
11620.000 0.814
11625.000 0.822
11630.000 0.822
11635.000 0.836
11640.000 0.846
11645.000 0.863
11650.000 0.882
11655.000 0.897
11660.000 0.933
11665.000 0.953
11670.000 0.998
11675.000 1.046
11680.000 1.090
11685.000 1.144
11690.000 1.243
11695.000 1.351
11700.000 1.581
11705.000 1.866
11710.000 2.237
11715.000 2.378
11720.000 1.479
11725.000 0.471
11730.000 0.523
11735.000 0.042
11740.000 0.110
11745.000 0.132
11750.000 0.238
11755.000 0.299
11760.000 0.339
11765.000 0.381
11770.000 0.403
11775.000 0.434
11780.000 0.454
11785.000 0.472
11790.000 0.489
11795.000 0.502
11800.000 0.513
11805.000 0.522
11810.000 0.530
11815.000 0.550
11820.000 0.560
11825.000 0.571
11830.000 0.581
11835.000 0.585
11840.000 0.596
11845.000 0.603
11850.000 0.611
11855.000 0.619
11860.000 0.623
11865.000 0.632
11870.000 0.639
11875.000 0.643
11880.000 0.653
11885.000 0.664
11890.000 0.676
11895.000 0.683
11900.000 0.692
11905.000 0.699
11910.000 0.711
11915.000 0.717
11920.000 0.726
11925.000 0.736
11930.000 0.746
11935.000 0.758
11940.000 0.766
11945.000 0.784
11950.000 0.794
11955.000 0.817
11960.000 0.831
11965.000 0.849
11970.000 0.874
11975.000 0.889
11980.000 0.920
11985.000 0.936
11990.000 0.956
11995.000 0.991
12000.000 1.031
