105.000 0.952
110.000 2.369
115.000 2.189
120.000 2.123
125.000 2.065
130.000 2.196
135.000 2.124
140.000 2.171
145.000 2.316
150.000 2.317
155.000 2.249
160.000 2.247
165.000 2.245
170.000 2.226
175.000 2.235
180.000 2.267
185.000 2.285
190.000 2.361
195.000 2.275
200.000 2.384
205.000 2.389
210.000 2.295
215.000 2.380
220.000 2.421
225.000 2.423
230.000 2.516
235.000 2.524
240.000 2.565
245.000 2.591
250.000 2.624
255.000 2.694
260.000 2.721
265.000 2.729
270.000 2.802
275.000 2.870
280.000 2.914
285.000 2.978
290.000 2.983
295.000 3.073
300.000 3.172
305.000 3.238
310.000 3.339
315.000 3.419
320.000 3.534
325.000 3.665
330.000 3.760
335.000 3.901
340.000 4.067
345.000 4.158
350.000 4.309
355.000 4.496
360.000 4.705
365.000 4.872
370.000 5.086
375.000 5.314
380.000 5.525
385.000 5.734
390.000 5.914
395.000 6.052
400.000 6.155
405.000 6.179
410.000 6.207
415.000 6.120
420.000 6.001
425.000 5.802
430.000 5.551
435.000 5.255
440.000 4.956
445.000 4.633
450.000 4.304
455.000 4.013
460.000 3.750
465.000 3.471
470.000 3.375
475.000 3.188
480.000 2.926
485.000 2.663
490.000 2.597
495.000 2.416
500.000 2.281
505.000 2.159
510.000 2.044
515.000 1.944
520.000 1.846
525.000 1.754
530.000 1.714
535.000 1.625
540.000 1.536
545.000 1.476
550.000 1.416
555.000 1.359
560.000 1.306
565.000 1.261
570.000 1.202
575.000 1.161
580.000 1.119
585.000 1.072
590.000 1.059
595.000 1.036
600.000 1.000
605.000 0.956
610.000 0.927
615.000 0.913
620.000 0.881
625.000 0.860
630.000 0.831
635.000 0.821
640.000 0.803
645.000 0.780
650.000 0.760
655.000 0.748
660.000 0.738
665.000 0.720
670.000 0.702
675.000 0.687
680.000 0.680
685.000 0.667
690.000 0.658
695.000 0.648
700.000 0.627
705.000 0.616
710.000 0.617
715.000 0.616
720.000 0.605
725.000 0.598
730.000 0.594
735.000 0.583
740.000 0.577
745.000 0.567
750.000 0.558
755.000 0.562
760.000 0.559
765.000 0.544
770.000 0.548
775.000 0.550
780.000 0.546
785.000 0.551
790.000 0.546
795.000 0.552
800.000 0.544
805.000 0.542
810.000 0.538
815.000 0.529
820.000 0.528
825.000 0.524
830.000 0.518
835.000 0.518
840.000 0.521
845.000 0.518
850.000 0.517
855.000 0.511
860.000 0.509
865.000 0.506
870.000 0.500
875.000 0.506
880.000 0.499
885.000 0.496
890.000 0.500
895.000 0.501
900.000 0.499
905.000 0.496
910.000 0.494
915.000 0.496
920.000 0.497
925.000 0.495
930.000 0.492
935.000 0.491
940.000 0.488
945.000 0.490
950.000 0.494
955.000 0.493
960.000 0.490
965.000 0.481
970.000 0.492
975.000 0.491
980.000 0.483
985.000 0.497
990.000 0.491
995.000 0.490
1000.000 0.485
1005.000 0.477
1010.000 0.486
1015.000 0.483
1020.000 0.486
1025.000 0.485
1030.000 0.493
1035.000 0.491
1040.000 0.496
1045.000 0.494
1050.000 0.488
1055.000 0.490
1060.000 0.498
1065.000 0.486
1070.000 0.496
1075.000 0.493
1080.000 0.485
1085.000 0.494
1090.000 0.490
1095.000 0.488
1100.000 0.489
1105.000 0.490
1110.000 0.496
1115.000 0.495
1120.000 0.492
1125.000 0.494
1130.000 0.500
1135.000 0.490
1140.000 0.496
1145.000 0.493
1150.000 0.493
1155.000 0.496
1160.000 0.495
1165.000 0.499
1170.000 0.500
1175.000 0.498
1180.000 0.497
1185.000 0.502
1190.000 0.503
1195.000 0.502
1200.000 0.503
1205.000 0.499
1210.000 0.505
1215.000 0.504
1220.000 0.505
1225.000 0.508
1230.000 0.508
1235.000 0.506
1240.000 0.507
1245.000 0.511
1250.000 0.508
1255.000 0.512
1260.000 0.512
1265.000 0.512
1270.000 0.515
1275.000 0.512
1280.000 0.512
1285.000 0.510
1290.000 0.517
1295.000 0.514
1300.000 0.515
1305.000 0.520
1310.000 0.519
1315.000 0.520
1320.000 0.517
1325.000 0.519
1330.000 0.527
1335.000 0.526
1340.000 0.529
1345.000 0.528
1350.000 0.527
1355.000 0.529
1360.000 0.532
1365.000 0.532
1370.000 0.535
1375.000 0.531
1380.000 0.532
1385.000 0.541
1390.000 0.534
1395.000 0.538
1400.000 0.539
1405.000 0.539
1410.000 0.537
1415.000 0.542
1420.000 0.538
1425.000 0.538
1430.000 0.534
1435.000 0.539
1440.000 0.532
1445.000 0.526
1450.000 0.533
1455.000 0.532
1460.000 0.529
1465.000 0.525
1470.000 0.531
1475.000 0.532
1480.000 0.533
1485.000 0.540
1490.000 0.539
1495.000 0.553
1500.000 0.556
1505.000 0.551
1510.000 0.557
1515.000 0.566
1520.000 0.565
1525.000 0.571
1530.000 0.582
1535.000 0.581
1540.000 0.585
1545.000 0.593
1550.000 0.597
1555.000 0.597
1560.000 0.602
1565.000 0.611
1570.000 0.612
1575.000 0.615
1580.000 0.623
1585.000 0.626
1590.000 0.633
1595.000 0.641
1600.000 0.637
1605.000 0.644
1610.000 0.654
1615.000 0.661
1620.000 0.667
1625.000 0.673
1630.000 0.673
1635.000 0.682
1640.000 0.685
1645.000 0.691
1650.000 0.703
1655.000 0.713
1660.000 0.721
1665.000 0.730
1670.000 0.732
1675.000 0.742
1680.000 0.754
1685.000 0.757
1690.000 0.770
1695.000 0.779
1700.000 0.786
1705.000 0.797
1710.000 0.805
1715.000 0.818
1720.000 0.829
1725.000 0.842
1730.000 0.852
1735.000 0.864
1740.000 0.874
1745.000 0.885
1750.000 0.898
1755.000 0.908
1760.000 0.918
1765.000 0.940
1770.000 0.951
1775.000 0.961
1780.000 0.980
1785.000 0.984
1790.000 1.003
1795.000 1.013
1800.000 1.031
1805.000 1.045
1810.000 1.053
1815.000 1.065
1820.000 1.077
1825.000 1.090
1830.000 1.095
1835.000 1.108
1840.000 1.121
1845.000 1.124
1850.000 1.137
1855.000 1.137
1860.000 1.141
1865.000 1.143
1870.000 1.142
1875.000 1.149
1880.000 1.147
1885.000 1.148
1890.000 1.146
1895.000 1.142
1900.000 1.139
1905.000 1.134
1910.000 1.130
1915.000 1.123
1920.000 1.114
1925.000 1.111
1930.000 1.100
1935.000 1.096
1940.000 1.086
1945.000 1.078
1950.000 1.068
1955.000 1.058
1960.000 1.050
1965.000 1.041
1970.000 1.034
1975.000 1.021
1980.000 1.008
1985.000 1.003
1990.000 0.983
1995.000 0.972
2000.000 0.981
2005.000 0.964
2010.000 0.957
2015.000 0.945
2020.000 0.941
2025.000 0.930
2030.000 0.915
2035.000 0.909
2040.000 0.897
2045.000 0.895
2050.000 0.884
2055.000 0.887
2060.000 0.877
2065.000 0.875
2070.000 0.863
2075.000 0.857
2080.000 0.848
2085.000 0.844
2090.000 0.837
2095.000 0.837
2100.000 0.829
2105.000 0.828
2110.000 0.822
2115.000 0.817
2120.000 0.815
2125.000 0.806
2130.000 0.807
2135.000 0.803
2140.000 0.801
2145.000 0.795
2150.000 0.794
2155.000 0.797
2160.000 0.789
2165.000 0.792
2170.000 0.793
2175.000 0.793
2180.000 0.794
2185.000 0.794
2190.000 0.789
2195.000 0.794
2200.000 0.795
2205.000 0.793
2210.000 0.793
2215.000 0.794
2220.000 0.794
2225.000 0.797
2230.000 0.801
2235.000 0.800
2240.000 0.806
2245.000 0.802
2250.000 0.804
2255.000 0.805
2260.000 0.796
2265.000 0.788
2270.000 0.763
2275.000 0.724
2280.000 0.664
2285.000 0.531
2290.000 0.474
2295.000 0.744
2300.000 2.309
2305.000 6.411
2310.000 14.934
2315.000 17.534
2320.000 3.468
2325.000 1.759
2330.000 1.461
2335.000 0.761
2340.000 0.501
2345.000 0.354
2350.000 0.256
2355.000 0.233
2360.000 0.224
2365.000 0.236
2370.000 0.252
2375.000 0.277
2380.000 0.301
2385.000 0.319
2390.000 0.338
2395.000 0.353
2400.000 0.372
2405.000 0.380
2410.000 0.392
2415.000 0.395
2420.000 0.407
2425.000 0.415
2430.000 0.423
2435.000 0.429
2440.000 0.439
2445.000 0.445
2450.000 0.449
2455.000 0.454
2460.000 0.459
2465.000 0.466
2470.000 0.471
2475.000 0.474
2480.000 0.473
2485.000 0.482
2490.000 0.484
2495.000 0.488
2500.000 0.491
2505.000 0.489
2510.000 0.492
2515.000 0.497
2520.000 0.496
2525.000 0.502
2530.000 0.505
2535.000 0.504
2540.000 0.505
2545.000 0.510
2550.000 0.511
2555.000 0.513
2560.000 0.520
2565.000 0.523
2570.000 0.521
2575.000 0.525
2580.000 0.522
2585.000 0.529
2590.000 0.528
2595.000 0.534
2600.000 0.534
2605.000 0.536
2610.000 0.536
2615.000 0.542
2620.000 0.543
2625.000 0.547
2630.000 0.553
2635.000 0.554
2640.000 0.559
2645.000 0.558
2650.000 0.559
2655.000 0.561
2660.000 0.560
2665.000 0.569
2670.000 0.570
2675.000 0.573
2680.000 0.577
2685.000 0.579
2690.000 0.586
2695.000 0.587
2700.000 0.596
2705.000 0.596
2710.000 0.599
2715.000 0.603
2720.000 0.607
2725.000 0.609
2730.000 0.613
2735.000 0.623
2740.000 0.617
2745.000 0.623
2750.000 0.633
2755.000 0.638
2760.000 0.643
2765.000 0.647
2770.000 0.653
2775.000 0.660
2780.000 0.665
2785.000 0.666
2790.000 0.672
2795.000 0.684
2800.000 0.685
2805.000 0.690
2810.000 0.691
2815.000 0.701
2820.000 0.708
2825.000 0.711
2830.000 0.723
2835.000 0.729
2840.000 0.730
2845.000 0.736
2850.000 0.740
2855.000 0.747
2860.000 0.754
2865.000 0.761
2870.000 0.758
2875.000 0.768
2880.000 0.777
2885.000 0.779
2890.000 0.782
2895.000 0.783
2900.000 0.791
2905.000 0.795
2910.000 0.801
2915.000 0.807
2920.000 0.814
2925.000 0.817
2930.000 0.820
2935.000 0.818
2940.000 0.826
2945.000 0.825
2950.000 0.823
2955.000 0.824
2960.000 0.821
2965.000 0.827
2970.000 0.836
2975.000 0.835
2980.000 0.845
2985.000 0.828
2990.000 0.835
2995.000 0.837
3000.000 0.844
3005.000 0.854
3010.000 0.843
3015.000 0.840
3020.000 0.836
3025.000 0.849
3030.000 0.835
3035.000 0.850
3040.000 0.849
3045.000 0.840
3050.000 0.847
3055.000 0.843
3060.000 0.834
3065.000 0.844
3070.000 0.843
3075.000 0.841
3080.000 0.836
3085.000 0.836
3090.000 0.840
3095.000 0.837
3100.000 0.834
3105.000 0.836
3110.000 0.835
3115.000 0.834
3120.000 0.832
3125.000 0.832
3130.000 0.833
3135.000 0.832
3140.000 0.832
3145.000 0.835
3150.000 0.832
3155.000 0.832
3160.000 0.833
3165.000 0.831
3170.000 0.830
3175.000 0.828
3180.000 0.828
3185.000 0.824
3190.000 0.830
3195.000 0.829
3200.000 0.826
3205.000 0.828
3210.000 0.826
3215.000 0.830
3220.000 0.833
3225.000 0.829
3230.000 0.833
3235.000 0.831
3240.000 0.834
3245.000 0.832
3250.000 0.831
3255.000 0.830
3260.000 0.832
3265.000 0.832
3270.000 0.836
3275.000 0.837
3280.000 0.839
3285.000 0.842
3290.000 0.840
3295.000 0.845
3300.000 0.844
3305.000 0.847
3310.000 0.847
3315.000 0.848
3320.000 0.853
3325.000 0.852
3330.000 0.853
3335.000 0.855
3340.000 0.859
3345.000 0.865
3350.000 0.864
3355.000 0.871
3360.000 0.875
3365.000 0.875
3370.000 0.883
3375.000 0.885
3380.000 0.889
3385.000 0.895
3390.000 0.899
3395.000 0.902
3400.000 0.907
3405.000 0.914
3410.000 0.918
3415.000 0.928
3420.000 0.933
3425.000 0.944
3430.000 0.951
3435.000 0.959
3440.000 0.973
3445.000 0.981
3450.000 0.987
3455.000 0.996
3460.000 1.002
3465.000 1.015
3470.000 1.024
3475.000 1.037
3480.000 1.049
3485.000 1.067
3490.000 1.080
3495.000 1.095
3500.000 1.112
3505.000 1.131
3510.000 1.147
3515.000 1.154
3520.000 1.179
3525.000 1.196
3530.000 1.233
3535.000 1.249
3540.000 1.275
3545.000 1.298
3550.000 1.329
3555.000 1.363
3560.000 1.393
3565.000 1.434
3570.000 1.452
3575.000 1.495
3580.000 1.534
3585.000 1.617
3590.000 1.645
3595.000 1.700
3600.000 1.768
3605.000 1.839
3610.000 1.918
3615.000 2.004
3620.000 2.103
3625.000 2.223
3630.000 2.343
3635.000 2.422
3640.000 2.582
3645.000 2.754
3650.000 2.980
3655.000 3.225
3660.000 3.542
3665.000 3.900
3670.000 4.337
3675.000 4.908
3680.000 5.649
3685.000 6.670
3690.000 8.956
3695.000 11.493
3700.000 21.321
3705.000 32.818
3710.000 28.468
3715.000 17.375
3720.000 11.207
3725.000 8.424
3730.000 6.615
3735.000 5.561
3740.000 4.675
3745.000 4.055
3750.000 3.593
3755.000 3.386
3760.000 3.053
3765.000 2.784
3770.000 2.550
3775.000 2.366
3780.000 2.187
3785.000 2.043
3790.000 1.923
3795.000 1.806
3800.000 1.713
3805.000 1.622
3810.000 1.582
3815.000 1.515
3820.000 1.449
3825.000 1.391
3830.000 1.342
3835.000 1.291
3840.000 1.244
3845.000 1.206
3850.000 1.166
3855.000 1.132
3860.000 1.101
3865.000 1.073
3870.000 1.045
3875.000 1.033
3880.000 1.010
3885.000 0.984
3890.000 0.964
3895.000 0.948
3900.000 0.928
3905.000 0.911
3910.000 0.894
3915.000 0.880
3920.000 0.864
3925.000 0.850
3930.000 0.834
3935.000 0.832
3940.000 0.818
3945.000 0.814
3950.000 0.798
3955.000 0.793
3960.000 0.783
3965.000 0.774
3970.000 0.766
3975.000 0.760
3980.000 0.755
3985.000 0.742
3990.000 0.733
3995.000 0.736
4000.000 0.722
4005.000 0.708
4010.000 0.708
4015.000 0.715
4020.000 0.706
4025.000 0.704
4030.000 0.698
4035.000 0.699
4040.000 0.695
4045.000 0.680
4050.000 0.679
4055.000 0.678
4060.000 0.678
4065.000 0.669
4070.000 0.671
4075.000 0.665
4080.000 0.665
4085.000 0.667
4090.000 0.665
4095.000 0.663
4100.000 0.659
4105.000 0.658
4110.000 0.658
4115.000 0.656
4120.000 0.653
4125.000 0.655
4130.000 0.653
4135.000 0.650
4140.000 0.649
4145.000 0.642
4150.000 0.644
4155.000 0.641
4160.000 0.637
4165.000 0.635
4170.000 0.638
4175.000 0.636
4180.000 0.633
4185.000 0.633
4190.000 0.633
4195.000 0.629
4200.000 0.625
4205.000 0.620
4210.000 0.615
4215.000 0.614
4220.000 0.613
4225.000 0.604
4230.000 0.599
4235.000 0.595
4240.000 0.590
4245.000 0.585
4250.000 0.582
4255.000 0.580
4260.000 0.578
4265.000 0.574
4270.000 0.567
4275.000 0.567
4280.000 0.563
4285.000 0.560
4290.000 0.558
4295.000 0.555
4300.000 0.554
4305.000 0.554
4310.000 0.553
4315.000 0.556
4320.000 0.557
4325.000 0.556
4330.000 0.552
4335.000 0.553
4340.000 0.554
4345.000 0.553
4350.000 0.555
4355.000 0.550
4360.000 0.552
4365.000 0.552
4370.000 0.549
4375.000 0.550
4380.000 0.551
4385.000 0.549
4390.000 0.551
4395.000 0.552
4400.000 0.548
4405.000 0.553
4410.000 0.550
4415.000 0.553
4420.000 0.551
4425.000 0.551
4430.000 0.552
4435.000 0.549
4440.000 0.550
4445.000 0.547
4450.000 0.544
4455.000 0.545
4460.000 0.548
4465.000 0.548
4470.000 0.547
4475.000 0.549
4480.000 0.550
4485.000 0.549
4490.000 0.552
4495.000 0.550
4500.000 0.550
4505.000 0.550
4510.000 0.548
4515.000 0.546
4520.000 0.548
4525.000 0.546
4530.000 0.546
4535.000 0.550
4540.000 0.548
4545.000 0.549
4550.000 0.554
4555.000 0.552
4560.000 0.550
4565.000 0.551
4570.000 0.551
4575.000 0.552
4580.000 0.550
4585.000 0.553
4590.000 0.549
4595.000 0.546
4600.000 0.548
4605.000 0.547
4610.000 0.546
4615.000 0.553
4620.000 0.554
4625.000 0.554
4630.000 0.553
4635.000 0.553
4640.000 0.555
4645.000 0.553
4650.000 0.555
4655.000 0.555
4660.000 0.550
4665.000 0.551
4670.000 0.553
4675.000 0.555
4680.000 0.553
4685.000 0.556
4690.000 0.553
4695.000 0.555
4700.000 0.561
4705.000 0.564
4710.000 0.562
4715.000 0.561
4720.000 0.562
4725.000 0.564
4730.000 0.562
4735.000 0.560
4740.000 0.564
4745.000 0.563
4750.000 0.564
4755.000 0.569
4760.000 0.570
4765.000 0.574
4770.000 0.579
4775.000 0.579
4780.000 0.584
4785.000 0.588
4790.000 0.583
4795.000 0.588
4800.000 0.593
4805.000 0.595
4810.000 0.600
4815.000 0.601
4820.000 0.607
4825.000 0.613
4830.000 0.621
4835.000 0.629
4840.000 0.638
4845.000 0.643
4850.000 0.653
4855.000 0.667
4860.000 0.677
4865.000 0.695
4870.000 0.711
4875.000 0.726
4880.000 0.749
4885.000 0.771
4890.000 0.794
4895.000 0.826
4900.000 0.857
4905.000 0.907
4910.000 0.925
4915.000 0.977
4920.000 1.050
4925.000 1.127
4930.000 1.214
4935.000 1.335
4940.000 1.475
4945.000 1.670
4950.000 1.936
4955.000 2.284
4960.000 2.900
4965.000 3.922
4970.000 4.681
4975.000 6.961
4980.000 5.900
4985.000 5.054
4990.000 4.804
4995.000 5.538
5000.000 4.378
5005.000 4.160
5010.000 2.873
5015.000 2.396
5020.000 2.034
5025.000 1.781
5030.000 1.592
5035.000 1.499
5040.000 1.366
5045.000 1.276
5050.000 1.189
5055.000 1.117
5060.000 1.063
5065.000 1.016
5070.000 0.980
5075.000 0.934
5080.000 0.908
5085.000 0.883
5090.000 0.860
5095.000 0.842
5100.000 0.818
5105.000 0.788
5110.000 0.784
5115.000 0.764
5120.000 0.750
5125.000 0.742
5130.000 0.728
5135.000 0.722
5140.000 0.712
5145.000 0.704
5150.000 0.693
5155.000 0.687
5160.000 0.682
5165.000 0.672
5170.000 0.664
5175.000 0.656
5180.000 0.649
5185.000 0.644
5190.000 0.639
5195.000 0.633
5200.000 0.630
5205.000 0.628
5210.000 0.628
5215.000 0.622
5220.000 0.619
5225.000 0.611
5230.000 0.608
5235.000 0.603
5240.000 0.599
5245.000 0.594
5250.000 0.588
5255.000 0.583
5260.000 0.580
5265.000 0.575
5270.000 0.573
5275.000 0.571
5280.000 0.573
5285.000 0.568
5290.000 0.566
5295.000 0.567
5300.000 0.561
5305.000 0.561
5310.000 0.556
5315.000 0.548
5320.000 0.545
5325.000 0.545
5330.000 0.541
5335.000 0.538
5340.000 0.534
5345.000 0.539
5350.000 0.533
5355.000 0.531
5360.000 0.536
5365.000 0.534
5370.000 0.531
5375.000 0.533
5380.000 0.526
5385.000 0.523
5390.000 0.521
5395.000 0.522
5400.000 0.518
5405.000 0.517
5410.000 0.518
5415.000 0.513
5420.000 0.517
5425.000 0.519
5430.000 0.519
5435.000 0.518
5440.000 0.519
5445.000 0.519
5450.000 0.519
5455.000 0.518
5460.000 0.519
5465.000 0.517
5470.000 0.518
5475.000 0.511
5480.000 0.513
5485.000 0.515
5490.000 0.514
5495.000 0.517
5500.000 0.522
5505.000 0.521
5510.000 0.524
5515.000 0.525
5520.000 0.528
5525.000 0.526
5530.000 0.524
5535.000 0.524
5540.000 0.530
5545.000 0.522
5550.000 0.524
5555.000 0.529
5560.000 0.527
5565.000 0.530
5570.000 0.534
5575.000 0.534
5580.000 0.540
5585.000 0.541
5590.000 0.541
5595.000 0.544
5600.000 0.546
5605.000 0.549
5610.000 0.545
5615.000 0.548
5620.000 0.545
5625.000 0.547
5630.000 0.547
5635.000 0.551
5640.000 0.552
5645.000 0.556
5650.000 0.563
5655.000 0.561
5660.000 0.566
5665.000 0.568
5670.000 0.569
5675.000 0.570
5680.000 0.572
5685.000 0.570
5690.000 0.572
5695.000 0.569
5700.000 0.573
5705.000 0.573
5710.000 0.580
5715.000 0.581
5720.000 0.579
5725.000 0.586
5730.000 0.588
5735.000 0.589
5740.000 0.593
5745.000 0.596
5750.000 0.598
5755.000 0.599
5760.000 0.600
5765.000 0.598
5770.000 0.598
5775.000 0.604
5780.000 0.607
5785.000 0.608
5790.000 0.613
5795.000 0.615
5800.000 0.620
5805.000 0.624
5810.000 0.628
5815.000 0.635
5820.000 0.633
5825.000 0.638
5830.000 0.637
5835.000 0.644
5840.000 0.645
5845.000 0.644
5850.000 0.646
5855.000 0.651
5860.000 0.657
5865.000 0.660
5870.000 0.670
5875.000 0.669
5880.000 0.677
5885.000 0.684
5890.000 0.692
5895.000 0.695
5900.000 0.696
5905.000 0.702
5910.000 0.700
5915.000 0.707
5920.000 0.710
5925.000 0.718
5930.000 0.723
5935.000 0.730
5940.000 0.734
5945.000 0.745
5950.000 0.755
5955.000 0.768
5960.000 0.772
5965.000 0.781
5970.000 0.781
5975.000 0.781
5980.000 0.798
5985.000 0.804
5990.000 0.816
5995.000 0.817
6000.000 0.842
6005.000 0.853
6010.000 0.860
6015.000 0.876
6020.000 0.883
6025.000 0.893
6030.000 0.908
6035.000 0.921
6040.000 0.935
6045.000 0.965
6050.000 0.969
6055.000 0.989
6060.000 1.019
6065.000 1.029
6070.000 1.052
6075.000 1.078
6080.000 1.104
6085.000 1.118
6090.000 1.149
6095.000 1.180
6100.000 1.215
6105.000 1.254
6110.000 1.300
6115.000 1.337
6120.000 1.392
6125.000 1.445
6130.000 1.496
6135.000 1.563
6140.000 1.627
6145.000 1.667
6150.000 1.759
6155.000 1.850
6160.000 1.972
6165.000 2.096
6170.000 2.238
6175.000 2.426
6180.000 2.611
6185.000 2.877
6190.000 3.183
6195.000 3.522
6200.000 4.041
6205.000 4.587
6210.000 4.984
6215.000 6.057
6220.000 7.331
6225.000 9.243
6230.000 11.406
6235.000 12.677
6240.000 10.963
6245.000 7.408
6250.000 6.018
6255.000 5.361
6260.000 4.548
6265.000 3.797
6270.000 3.526
6275.000 3.099
6280.000 2.736
6285.000 2.496
6290.000 2.269
6295.000 2.098
6300.000 1.974
6305.000 1.834
6310.000 1.735
6315.000 1.617
6320.000 1.526
6325.000 1.494
6330.000 1.410
6335.000 1.342
6340.000 1.281
6345.000 1.217
6350.000 1.171
6355.000 1.118
6360.000 1.075
6365.000 1.042
6370.000 1.000
6375.000 0.970
6380.000 0.943
6385.000 0.910
6390.000 0.902
6395.000 0.876
6400.000 0.851
6405.000 0.829
6410.000 0.812
6415.000 0.792
6420.000 0.772
6425.000 0.753
6430.000 0.742
6435.000 0.729
6440.000 0.715
6445.000 0.708
6450.000 0.704
6455.000 0.693
6460.000 0.687
6465.000 0.674
6470.000 0.668
6475.000 0.658
6480.000 0.652
6485.000 0.642
6490.000 0.635
6495.000 0.628
6500.000 0.625
6505.000 0.619
6510.000 0.617
6515.000 0.615
6520.000 0.613
6525.000 0.615
6530.000 0.612
6535.000 0.615
6540.000 0.615
6545.000 0.619
6550.000 0.630
6555.000 0.641
6560.000 0.677
6565.000 1.099
6570.000 1.570
6575.000 3.667
6580.000 6.542
6585.000 4.715
6590.000 1.035
6595.000 0.590
6600.000 0.469
6605.000 0.420
6610.000 0.430
6615.000 0.454
6620.000 0.456
6625.000 0.455
6630.000 0.455
6635.000 0.456
6640.000 0.455
6645.000 0.449
6650.000 0.454
6655.000 0.452
6660.000 0.452
6665.000 0.452
6670.000 0.457
6675.000 0.458
6680.000 0.461
6685.000 0.458
6690.000 0.463
6695.000 0.460
6700.000 0.464
6705.000 0.458
6710.000 0.458
6715.000 0.451
6720.000 0.451
6725.000 0.451
6730.000 0.450
6735.000 0.450
6740.000 0.448
6745.000 0.452
6750.000 0.453
6755.000 0.453
6760.000 0.458
6765.000 0.455
6770.000 0.456
6775.000 0.454
6780.000 0.451
6785.000 0.443
6790.000 0.439
6795.000 0.443
6800.000 0.442
6805.000 0.440
6810.000 0.443
6815.000 0.445
6820.000 0.446
6825.000 0.450
6830.000 0.447
6835.000 0.452
6840.000 0.450
6845.000 0.449
6850.000 0.443
6855.000 0.445
6860.000 0.440
6865.000 0.438
6870.000 0.437
6875.000 0.438
6880.000 0.438
6885.000 0.435
6890.000 0.438
6895.000 0.439
6900.000 0.440
6905.000 0.442
6910.000 0.442
6915.000 0.441
6920.000 0.441
6925.000 0.442
6930.000 0.437
6935.000 0.439
6940.000 0.431
6945.000 0.434
6950.000 0.427
6955.000 0.433
6960.000 0.433
6965.000 0.428
6970.000 0.436
6975.000 0.435
6980.000 0.429
6985.000 0.439
6990.000 0.437
6995.000 0.427
7000.000 0.431
7005.000 0.436
7010.000 0.425
7015.000 0.425
7020.000 0.417
7025.000 0.422
7030.000 0.429
7035.000 0.428
7040.000 0.431
7045.000 0.426
7050.000 0.427
7055.000 0.428
7060.000 0.436
7065.000 0.426
7070.000 0.424
7075.000 0.427
7080.000 0.426
7085.000 0.421
7090.000 0.418
7095.000 0.417
7100.000 0.414
7105.000 0.416
7110.000 0.418
7115.000 0.421
7120.000 0.422
7125.000 0.427
7130.000 0.424
7135.000 0.420
7140.000 0.422
7145.000 0.423
7150.000 0.418
7155.000 0.417
7160.000 0.412
7165.000 0.412
7170.000 0.412
7175.000 0.416
7180.000 0.414
7185.000 0.412
7190.000 0.417
7195.000 0.419
7200.000 0.421
7205.000 0.422
7210.000 0.424
7215.000 0.422
7220.000 0.420
7225.000 0.418
7230.000 0.419
7235.000 0.417
7240.000 0.416
7245.000 0.418
7250.000 0.419
7255.000 0.426
7260.000 0.427
7265.000 0.432
7270.000 0.435
7275.000 0.438
7280.000 0.442
7285.000 0.449
7290.000 0.447
7295.000 0.450
7300.000 0.453
7305.000 0.457
7310.000 0.462
7315.000 0.471
7320.000 0.484
7325.000 0.493
7330.000 0.506
7335.000 0.524
7340.000 0.535
7345.000 0.555
7350.000 0.578
7355.000 0.596
7360.000 0.607
7365.000 0.637
7370.000 0.665
7375.000 0.710
7380.000 0.750
7385.000 0.811
7390.000 0.876
7395.000 0.947
7400.000 1.049
7405.000 1.148
7410.000 1.303
7415.000 1.480
7420.000 1.680
7425.000 1.840
7430.000 2.175
7435.000 2.560
7440.000 3.193
7445.000 3.811
7450.000 4.233
7455.000 3.972
7460.000 3.076
7465.000 2.199
7470.000 2.154
7475.000 2.455
7480.000 2.613
7485.000 2.531
7490.000 2.301
7495.000 2.073
7500.000 1.879
7505.000 1.686
7510.000 1.547
7515.000 1.429
7520.000 1.338
7525.000 1.270
7530.000 1.193
7535.000 1.138
7540.000 1.112
7545.000 1.060
7550.000 1.022
7555.000 0.986
7560.000 0.955
7565.000 0.929
7570.000 0.903
7575.000 0.882
7580.000 0.861
7585.000 0.844
7590.000 0.822
7595.000 0.803
7600.000 0.789
7605.000 0.784
7610.000 0.757
7615.000 0.749
7620.000 0.734
7625.000 0.723
7630.000 0.712
7635.000 0.710
7640.000 0.702
7645.000 0.696
7650.000 0.688
7655.000 0.678
7660.000 0.670
7665.000 0.670
7670.000 0.654
7675.000 0.645
7680.000 0.639
7685.000 0.632
7690.000 0.623
7695.000 0.618
7700.000 0.610
7705.000 0.609
7710.000 0.607
7715.000 0.601
7720.000 0.605
7725.000 0.598
7730.000 0.596
7735.000 0.592
7740.000 0.585
7745.000 0.578
7750.000 0.568
7755.000 0.566
7760.000 0.557
7765.000 0.552
7770.000 0.549
7775.000 0.544
7780.000 0.545
7785.000 0.542
7790.000 0.542
7795.000 0.539
7800.000 0.540
7805.000 0.534
7810.000 0.532
7815.000 0.523
7820.000 0.516
7825.000 0.508
7830.000 0.504
7835.000 0.502
7840.000 0.497
7845.000 0.492
7850.000 0.491
7855.000 0.492
7860.000 0.487
7865.000 0.490
7870.000 0.484
7875.000 0.482
7880.000 0.475
7885.000 0.468
7890.000 0.462
7895.000 0.457
7900.000 0.449
7905.000 0.439
7910.000 0.437
7915.000 0.432
7920.000 0.434
7925.000 0.422
7930.000 0.426
7935.000 0.419
7940.000 0.410
7945.000 0.401
7950.000 0.404
7955.000 0.390
7960.000 0.380
7965.000 0.367
7970.000 0.356
7975.000 0.347
7980.000 0.335
7985.000 0.330
7990.000 0.313
7995.000 0.315
8000.000 0.298
8005.000 0.292
8010.000 0.290
8015.000 0.306
8020.000 0.332
8025.000 0.344
8030.000 0.365
8035.000 0.429
8040.000 0.581
8045.000 0.755
8050.000 1.144
8055.000 1.713
8060.000 2.562
8065.000 4.743
8070.000 6.867
8075.000 2.659
8080.000 1.874
8085.000 1.568
8090.000 1.513
8095.000 1.353
8100.000 1.223
8105.000 1.113
8110.000 1.053
8115.000 0.985
8120.000 0.937
8125.000 0.899
8130.000 0.861
8135.000 0.838
8140.000 0.808
8145.000 0.786
8150.000 0.779
8155.000 0.770
8160.000 0.749
8165.000 0.744
8170.000 0.723
8175.000 0.722
8180.000 0.706
8185.000 0.694
8190.000 0.682
8195.000 0.670
8200.000 0.662
8205.000 0.651
8210.000 0.646
8215.000 0.641
8220.000 0.638
8225.000 0.633
8230.000 0.636
8235.000 0.628
8240.000 0.627
8245.000 0.622
8250.000 0.615
8255.000 0.605
8260.000 0.598
8265.000 0.592
8270.000 0.591
8275.000 0.584
8280.000 0.578
8285.000 0.577
8290.000 0.573
8295.000 0.572
8300.000 0.569
8305.000 0.569
8310.000 0.569
8315.000 0.563
8320.000 0.558
8325.000 0.552
8330.000 0.552
8335.000 0.545
8340.000 0.541
8345.000 0.536
8350.000 0.526
8355.000 0.524
8360.000 0.523
8365.000 0.518
8370.000 0.516
8375.000 0.521
8380.000 0.518
8385.000 0.518
8390.000 0.516
8395.000 0.511
8400.000 0.506
8405.000 0.498
8410.000 0.496
8415.000 0.488
8420.000 0.480
8425.000 0.473
8430.000 0.474
8435.000 0.472
8440.000 0.474
8445.000 0.471
8450.000 0.476
8455.000 0.470
8460.000 0.469
8465.000 0.470
8470.000 0.466
8475.000 0.467
8480.000 0.458
8485.000 0.459
8490.000 0.457
8495.000 0.462
8500.000 0.471
8505.000 0.487
8510.000 0.510
8515.000 0.520
8520.000 0.581
8525.000 0.665
8530.000 0.804
8535.000 1.107
8540.000 1.696
8545.000 2.811
8550.000 3.832
8555.000 1.257
8560.000 1.137
8565.000 0.753
8570.000 0.737
8575.000 0.699
8580.000 0.714
8585.000 0.755
8590.000 0.802
8595.000 0.873
8600.000 0.981
8605.000 1.097
8610.000 1.290
8615.000 1.521
8620.000 1.782
8625.000 2.220
8630.000 2.656
8635.000 3.361
8640.000 3.701
8645.000 4.289
8650.000 4.650
8655.000 4.450
8660.000 3.978
8665.000 3.332
8670.000 2.918
8675.000 2.517
8680.000 2.304
8685.000 2.136
8690.000 1.613
8695.000 1.055
8700.000 0.944
8705.000 1.021
8710.000 1.108
8715.000 1.166
8720.000 1.185
8725.000 1.182
8730.000 1.181
8735.000 1.173
8740.000 1.161
8745.000 1.143
8750.000 1.138
8755.000 1.123
8760.000 1.116
8765.000 1.101
8770.000 1.088
8775.000 1.075
8780.000 1.054
8785.000 1.041
8790.000 1.025
8795.000 1.015
8800.000 1.007
8805.000 0.996
8810.000 0.985
8815.000 0.999
8820.000 1.006
8825.000 0.995
8830.000 0.953
8835.000 0.973
8840.000 0.952
8845.000 0.940
8850.000 0.936
8855.000 0.918
8860.000 0.914
8865.000 0.906
8870.000 0.901
8875.000 0.897
8880.000 0.891
8885.000 0.892
8890.000 0.886
8895.000 0.888
8900.000 0.883
8905.000 0.882
8910.000 0.878
8915.000 0.874
8920.000 0.863
8925.000 0.859
8930.000 0.847
8935.000 0.848
8940.000 0.843
8945.000 0.841
8950.000 0.841
8955.000 0.839
8960.000 0.840
8965.000 0.833
8970.000 0.841
8975.000 0.838
8980.000 0.829
8985.000 0.832
8990.000 0.829
8995.000 0.821
9000.000 0.820
9005.000 0.815
9010.000 0.812
9015.000 0.800
9020.000 0.803
9025.000 0.802
9030.000 0.799
9035.000 0.804
9040.000 0.805
9045.000 0.808
9050.000 0.804
9055.000 0.803
9060.000 0.801
9065.000 0.799
9070.000 0.797
9075.000 0.793
9080.000 0.783
9085.000 0.786
9090.000 0.780
9095.000 0.781
9100.000 0.786
9105.000 0.786
9110.000 0.786
9115.000 0.789
9120.000 0.787
9125.000 0.790
9130.000 0.789
9135.000 0.789
9140.000 0.783
9145.000 0.781
9150.000 0.779
9155.000 0.777
9160.000 0.775
9165.000 0.773
9170.000 0.776
9175.000 0.772
9180.000 0.781
9185.000 0.781
9190.000 0.782
9195.000 0.787
9200.000 0.790
9205.000 0.787
9210.000 0.782
9215.000 0.785
9220.000 0.775
9225.000 0.776
9230.000 0.776
9235.000 0.775
9240.000 0.776
9245.000 0.777
9250.000 0.780
9255.000 0.785
9260.000 0.791
9265.000 0.792
9270.000 0.794
9275.000 0.798
9280.000 0.796
9285.000 0.792
9290.000 0.796
9295.000 0.788
9300.000 0.790
9305.000 0.792
9310.000 0.791
9315.000 0.794
9320.000 0.798
9325.000 0.803
9330.000 0.808
9335.000 0.815
9340.000 0.821
9345.000 0.824
9350.000 0.826
9355.000 0.830
9360.000 0.828
9365.000 0.832
9370.000 0.834
9375.000 0.832
9380.000 0.837
9385.000 0.846
9390.000 0.856
9395.000 0.861
9400.000 0.873
9405.000 0.885
9410.000 0.894
9415.000 0.914
9420.000 0.929
9425.000 0.941
9430.000 0.954
9435.000 0.975
9440.000 0.990
9445.000 1.024
9450.000 1.058
9455.000 1.122
9460.000 1.205
9465.000 1.314
9470.000 1.515
9475.000 1.826
9480.000 2.214
9485.000 2.591
9490.000 1.827
9495.000 0.729
9500.000 0.391
9505.000 0.211
9510.000 0.421
9515.000 0.459
9520.000 0.494
9525.000 0.533
9530.000 0.555
9535.000 0.582
9540.000 0.601
9545.000 0.624
9550.000 0.631
9555.000 0.659
9560.000 0.671
9565.000 0.679
9570.000 0.686
9575.000 0.700
9580.000 0.704
9585.000 0.709
9590.000 0.717
9595.000 0.722
9600.000 0.732
9605.000 0.737
9610.000 0.750
9615.000 0.762
9620.000 0.764
9625.000 0.784
9630.000 0.787
9635.000 0.801
9640.000 0.810
9645.000 0.819
9650.000 0.826
9655.000 0.836
9660.000 0.840
9665.000 0.851
9670.000 0.860
9675.000 0.865
9680.000 0.879
9685.000 0.892
9690.000 0.912
9695.000 0.926
9700.000 0.948
9705.000 0.967
9710.000 0.986
9715.000 1.006
9720.000 1.029
9725.000 1.046
9730.000 1.074
9735.000 1.096
9740.000 1.112
9745.000 1.149
9750.000 1.182
9755.000 1.234
9760.000 1.282
9765.000 1.344
9770.000 1.416
9775.000 1.487
9780.000 1.589
9785.000 1.699
9790.000 1.818
9795.000 1.902
9800.000 2.082
9805.000 2.247
9810.000 2.537
9815.000 2.734
9820.000 2.942
9825.000 2.934
9830.000 2.695
9835.000 2.171
9840.000 1.757
9845.000 1.295
9850.000 1.001
9855.000 0.913
9860.000 0.688
9865.000 0.566
9870.000 0.490
9875.000 0.482
9880.000 0.501
9885.000 0.562
9890.000 0.558
9895.000 0.484
9900.000 0.394
9905.000 0.332
9910.000 0.266
9915.000 0.222
9920.000 0.211
9925.000 0.178
9930.000 0.169
9935.000 0.157
9940.000 0.160
9945.000 0.158
9950.000 0.161
9955.000 0.173
9960.000 0.178
9965.000 0.192
9970.000 0.196
9975.000 0.215
9980.000 0.222
9985.000 0.229
9990.000 0.244
9995.000 0.252
10000.000 0.269
10005.000 0.278
10010.000 0.281
10015.000 0.289
10020.000 0.290
10025.000 0.294
10030.000 0.297
10035.000 0.302
10040.000 0.307
10045.000 0.309
10050.000 0.320
10055.000 0.332
10060.000 0.328
10065.000 0.344
10070.000 0.344
10075.000 0.353
10080.000 0.357
10085.000 0.360
10090.000 0.360
10095.000 0.362
10100.000 0.358
10105.000 0.355
10110.000 0.359
10115.000 0.362
10120.000 0.364
10125.000 0.369
10130.000 0.376
10135.000 0.379
10140.000 0.384
10145.000 0.390
10150.000 0.395
10155.000 0.407
10160.000 0.402
10165.000 0.425
10170.000 0.449
10175.000 0.535
10180.000 0.691
10185.000 1.032
10190.000 1.900
10195.000 1.478
10200.000 0.689
10205.000 0.596
10210.000 0.568
10215.000 0.530
10220.000 0.513
10225.000 0.510
10230.000 0.501
10235.000 0.490
10240.000 0.488
10245.000 0.479
10250.000 0.477
10255.000 0.472
10260.000 0.468
10265.000 0.469
10270.000 0.473
10275.000 0.472
10280.000 0.474
10285.000 0.482
10290.000 0.481
10295.000 0.484
10300.000 0.488
10305.000 0.485
10310.000 0.482
10315.000 0.482
10320.000 0.478
10325.000 0.475
10330.000 0.478
10335.000 0.479
10340.000 0.476
10345.000 0.479
10350.000 0.487
10355.000 0.487
10360.000 0.490
10365.000 0.498
10370.000 0.496
10375.000 0.498
10380.000 0.499
10385.000 0.497
10390.000 0.491
10395.000 0.492
10400.000 0.493
10405.000 0.495
10410.000 0.495
10415.000 0.495
10420.000 0.497
10425.000 0.499
10430.000 0.504
10435.000 0.505
10440.000 0.512
10445.000 0.514
10450.000 0.513
10455.000 0.511
10460.000 0.512
10465.000 0.507
10470.000 0.509
10475.000 0.511
10480.000 0.507
10485.000 0.509
10490.000 0.513
10495.000 0.516
10500.000 0.515
10505.000 0.526
10510.000 0.526
10515.000 0.533
10520.000 0.532
10525.000 0.533
10530.000 0.531
10535.000 0.531
10540.000 0.532
10545.000 0.529
10550.000 0.530
10555.000 0.530
10560.000 0.531
10565.000 0.535
10570.000 0.540
10575.000 0.545
10580.000 0.550
10585.000 0.551
10590.000 0.556
10595.000 0.558
10600.000 0.559
10605.000 0.564
10610.000 0.556
10615.000 0.556
10620.000 0.556
10625.000 0.560
10630.000 0.560
10635.000 0.571
10640.000 0.572
10645.000 0.575
10650.000 0.582
10655.000 0.583
10660.000 0.588
10665.000 0.595
10670.000 0.600
10675.000 0.599
10680.000 0.604
10685.000 0.599
10690.000 0.606
10695.000 0.608
10700.000 0.612
10705.000 0.619
10710.000 0.619
10715.000 0.631
10720.000 0.637
10725.000 0.648
10730.000 0.657
10735.000 0.664
10740.000 0.676
10745.000 0.683
10750.000 0.690
10755.000 0.697
10760.000 0.708
10765.000 0.707
10770.000 0.724
10775.000 0.737
10780.000 0.757
10785.000 0.776
10790.000 0.798
10795.000 0.827
10800.000 0.856
10805.000 0.897
10810.000 0.934
10815.000 0.974
10820.000 1.043
10825.000 1.108
10830.000 1.145
10835.000 1.272
10840.000 1.405
10845.000 1.608
10850.000 1.849
10855.000 2.026
10860.000 1.946
10865.000 1.405
10870.000 0.809
10875.000 0.402
10880.000 0.178
10885.000 0.319
10890.000 0.366
10895.000 0.173
10900.000 0.132
10905.000 0.147
10910.000 0.190
10915.000 0.239
10920.000 0.273
10925.000 0.315
10930.000 0.342
10935.000 0.389
10940.000 0.419
10945.000 0.454
10950.000 0.497
10955.000 0.517
10960.000 0.547
10965.000 0.602
10970.000 0.634
10975.000 0.691
10980.000 0.752
10985.000 0.785
10990.000 0.821
10995.000 0.818
11000.000 0.753
11005.000 0.636
11010.000 0.589
11015.000 0.392
11020.000 0.337
11025.000 0.267
11030.000 0.211
11035.000 0.187
11040.000 0.186
11045.000 0.215
11050.000 0.250
11055.000 0.308
11060.000 0.343
11065.000 0.382
11070.000 0.387
11075.000 0.376
11080.000 0.333
11085.000 0.294
11090.000 0.275
11095.000 0.264
11100.000 0.261
11105.000 0.260
11110.000 0.256
11115.000 0.255
11120.000 0.256
11125.000 0.251
11130.000 0.256
11135.000 0.256
11140.000 0.257
11145.000 0.264
11150.000 0.262
11155.000 0.267
11160.000 0.269
11165.000 0.274
11170.000 0.280
11175.000 0.282
11180.000 0.286
11185.000 0.289
11190.000 0.286
11195.000 0.281
11200.000 0.280
11205.000 0.282
11210.000 0.284
11215.000 0.284
11220.000 0.286
11225.000 0.287
11230.000 0.289
11235.000 0.299
11240.000 0.296
11245.000 0.301
11250.000 0.302
11255.000 0.302
11260.000 0.298
11265.000 0.302
11270.000 0.299
11275.000 0.297
11280.000 0.295
11285.000 0.298
11290.000 0.299
11295.000 0.293
11300.000 0.301
11305.000 0.297
11310.000 0.306
11315.000 0.306
11320.000 0.306
11325.000 0.311
11330.000 0.309
11335.000 0.310
11340.000 0.309
11345.000 0.304
11350.000 0.301
11355.000 0.301
11360.000 0.301
11365.000 0.301
11370.000 0.300
11375.000 0.307
11380.000 0.307
11385.000 0.305
11390.000 0.309
11395.000 0.308
11400.000 0.311
11405.000 0.310
11410.000 0.308
11415.000 0.305
11420.000 0.306
11425.000 0.302
11430.000 0.301
11435.000 0.297
11440.000 0.301
11445.000 0.302
11450.000 0.301
11455.000 0.305
11460.000 0.306
11465.000 0.309
11470.000 0.308
11475.000 0.307
11480.000 0.307
11485.000 0.306
11490.000 0.300
11495.000 0.299
11500.000 0.300
11505.000 0.298
11510.000 0.294
11515.000 0.294
11520.000 0.297
11525.000 0.293
11530.000 0.296
11535.000 0.297
11540.000 0.295
11545.000 0.295
11550.000 0.292
11555.000 0.286
11560.000 0.289
11565.000 0.288
11570.000 0.281
11575.000 0.278
11580.000 0.276
11585.000 0.272
11590.000 0.271
11595.000 0.272
11600.000 0.270
11605.000 0.266
11610.000 0.270
11615.000 0.263
11620.000 0.263
11625.000 0.258
11630.000 0.257
11635.000 0.251
11640.000 0.241
11645.000 0.235
11650.000 0.227
11655.000 0.216
11660.000 0.212
11665.000 0.201
11670.000 0.195
11675.000 0.185
11680.000 0.173
11685.000 0.173
11690.000 0.160
11695.000 0.151
11700.000 0.149
11705.000 0.170
11710.000 0.204
11715.000 0.322
11720.000 0.519
11725.000 0.757
11730.000 1.091
11735.000 0.946
11740.000 0.878
11745.000 1.609
11750.000 1.156
11755.000 0.871
11760.000 0.739
11765.000 0.681
11770.000 0.616
11775.000 0.583
11780.000 0.546
11785.000 0.520
11790.000 0.500
11795.000 0.485
11800.000 0.477
11805.000 0.461
11810.000 0.450
11815.000 0.443
11820.000 0.433
11825.000 0.421
11830.000 0.420
11835.000 0.417
11840.000 0.410
11845.000 0.401
11850.000 0.396
11855.000 0.386
11860.000 0.378
11865.000 0.377
11870.000 0.370
11875.000 0.368
11880.000 0.361
11885.000 0.358
11890.000 0.354
11895.000 0.352
11900.000 0.349
11905.000 0.347
11910.000 0.342
11915.000 0.339
11920.000 0.330
11925.000 0.329
11930.000 0.329
11935.000 0.319
11940.000 0.316
11945.000 0.309
11950.000 0.303
11955.000 0.303
11960.000 0.297
11965.000 0.295
11970.000 0.289
11975.000 0.285
11980.000 0.283
11985.000 0.286
11990.000 0.286
11995.000 0.277
12000.000 0.272
