105.000 0.505
110.000 2.074
115.000 2.195
120.000 2.340
125.000 2.264
130.000 2.135
135.000 2.159
140.000 2.153
145.000 2.163
150.000 2.193
155.000 2.191
160.000 2.279
165.000 2.540
170.000 2.569
175.000 2.407
180.000 2.396
185.000 2.395
190.000 2.377
195.000 2.331
200.000 2.340
205.000 2.374
210.000 2.392
215.000 2.405
220.000 2.448
225.000 2.487
230.000 2.476
235.000 2.504
240.000 2.575
245.000 2.570
250.000 2.645
255.000 2.679
260.000 2.699
265.000 2.751
270.000 2.823
275.000 2.846
280.000 2.906
285.000 2.961
290.000 3.041
295.000 3.102
300.000 3.174
305.000 3.266
310.000 3.344
315.000 3.464
320.000 3.563
325.000 3.693
330.000 3.808
335.000 3.961
340.000 4.002
345.000 4.176
350.000 4.346
355.000 4.523
360.000 4.730
365.000 4.923
370.000 5.135
375.000 5.352
380.000 5.568
385.000 5.770
390.000 5.939
395.000 6.072
400.000 6.138
405.000 6.209
410.000 6.189
415.000 6.129
420.000 5.989
425.000 5.776
430.000 5.508
435.000 5.195
440.000 4.871
445.000 4.548
450.000 4.248
455.000 4.101
460.000 3.817
465.000 3.562
470.000 3.321
475.000 3.097
480.000 2.902
485.000 2.707
490.000 2.557
495.000 2.390
500.000 2.242
505.000 2.119
510.000 2.013
515.000 1.902
520.000 1.857
525.000 1.773
530.000 1.679
535.000 1.601
540.000 1.540
545.000 1.470
550.000 1.402
555.000 1.337
560.000 1.285
565.000 1.225
570.000 1.183
575.000 1.153
580.000 1.126
585.000 1.089
590.000 1.054
595.000 1.012
600.000 0.993
605.000 0.950
610.000 0.933
615.000 0.897
620.000 0.872
625.000 0.859
630.000 0.837
635.000 0.807
640.000 0.800
645.000 0.786
650.000 0.770
655.000 0.747
660.000 0.745
665.000 0.714
670.000 0.702
675.000 0.686
680.000 0.675
685.000 0.668
690.000 0.661
695.000 0.636
700.000 0.634
705.000 0.625
710.000 0.618
715.000 0.614
720.000 0.611
725.000 0.594
730.000 0.588
735.000 0.582
740.000 0.575
745.000 0.572
750.000 0.566
755.000 0.556
760.000 0.556
765.000 0.548
770.000 0.555
775.000 0.545
780.000 0.550
785.000 0.548
790.000 0.549
795.000 0.553
800.000 0.548
805.000 0.543
810.000 0.536
815.000 0.532
820.000 0.529
825.000 0.528
830.000 0.525
835.000 0.519
840.000 0.524
845.000 0.521
850.000 0.507
855.000 0.512
860.000 0.506
865.000 0.510
870.000 0.511
875.000 0.508
880.000 0.502
885.000 0.495
890.000 0.506
895.000 0.507
900.000 0.500
905.000 0.498
910.000 0.492
915.000 0.495
920.000 0.501
925.000 0.504
930.000 0.494
935.000 0.497
940.000 0.494
945.000 0.488
950.000 0.498
955.000 0.493
960.000 0.492
965.000 0.499
970.000 0.491
975.000 0.493
980.000 0.494
985.000 0.485
990.000 0.489
995.000 0.501
1000.000 0.486
1005.000 0.487
1010.000 0.487
1015.000 0.502
1020.000 0.498
1025.000 0.500
1030.000 0.487
1035.000 0.494
1040.000 0.496
1045.000 0.496
1050.000 0.496
1055.000 0.492
1060.000 0.492
1065.000 0.486
1070.000 0.491
1075.000 0.496
1080.000 0.499
1085.000 0.498
1090.000 0.497
1095.000 0.503
1100.000 0.496
1105.000 0.494
1110.000 0.497
1115.000 0.492
1120.000 0.501
1125.000 0.500
1130.000 0.500
1135.000 0.498
1140.000 0.494
1145.000 0.500
1150.000 0.501
1155.000 0.500
1160.000 0.501
1165.000 0.502
1170.000 0.503
1175.000 0.502
1180.000 0.502
1185.000 0.508
1190.000 0.501
1195.000 0.505
1200.000 0.506
1205.000 0.505
1210.000 0.504
1215.000 0.508
1220.000 0.508
1225.000 0.506
1230.000 0.512
1235.000 0.512
1240.000 0.512
1245.000 0.510
1250.000 0.513
1255.000 0.513
1260.000 0.517
1265.000 0.517
1270.000 0.513
1275.000 0.520
1280.000 0.516
1285.000 0.520
1290.000 0.520
1295.000 0.518
1300.000 0.518
1305.000 0.518
1310.000 0.524
1315.000 0.524
1320.000 0.525
1325.000 0.522
1330.000 0.527
1335.000 0.529
1340.000 0.525
1345.000 0.528
1350.000 0.527
1355.000 0.522
1360.000 0.532
1365.000 0.533
1370.000 0.531
1375.000 0.539
1380.000 0.536
1385.000 0.534
1390.000 0.537
1395.000 0.537
1400.000 0.540
1405.000 0.537
1410.000 0.544
1415.000 0.538
1420.000 0.537
1425.000 0.540
1430.000 0.536
1435.000 0.536
1440.000 0.536
1445.000 0.528
1450.000 0.528
1455.000 0.527
1460.000 0.529
1465.000 0.527
1470.000 0.527
1475.000 0.533
1480.000 0.529
1485.000 0.539
1490.000 0.537
1495.000 0.540
1500.000 0.542
1505.000 0.550
1510.000 0.551
1515.000 0.560
1520.000 0.560
1525.000 0.571
1530.000 0.571
1535.000 0.574
1540.000 0.570
1545.000 0.581
1550.000 0.588
1555.000 0.592
1560.000 0.590
1565.000 0.597
1570.000 0.596
1575.000 0.604
1580.000 0.603
1585.000 0.611
1590.000 0.613
1595.000 0.622
1600.000 0.626
1605.000 0.633
1610.000 0.635
1615.000 0.636
1620.000 0.641
1625.000 0.646
1630.000 0.649
1635.000 0.656
1640.000 0.660
1645.000 0.671
1650.000 0.675
1655.000 0.677
1660.000 0.682
1665.000 0.691
1670.000 0.703
1675.000 0.711
1680.000 0.711
1685.000 0.719
1690.000 0.726
1695.000 0.734
1700.000 0.743
1705.000 0.749
1710.000 0.758
1715.000 0.771
1720.000 0.778
1725.000 0.790
1730.000 0.796
1735.000 0.798
1740.000 0.808
1745.000 0.820
1750.000 0.830
1755.000 0.840
1760.000 0.848
1765.000 0.865
1770.000 0.875
1775.000 0.884
1780.000 0.892
1785.000 0.900
1790.000 0.913
1795.000 0.930
1800.000 0.927
1805.000 0.942
1810.000 0.948
1815.000 0.957
1820.000 0.970
1825.000 0.975
1830.000 0.987
1835.000 0.990
1840.000 1.001
1845.000 1.005
1850.000 1.011
1855.000 1.005
1860.000 1.012
1865.000 1.016
1870.000 1.023
1875.000 1.023
1880.000 1.020
1885.000 1.020
1890.000 1.016
1895.000 1.018
1900.000 1.013
1905.000 1.004
1910.000 0.996
1915.000 0.991
1920.000 0.984
1925.000 0.973
1930.000 0.973
1935.000 0.961
1940.000 0.959
1945.000 0.954
1950.000 0.932
1955.000 0.928
1960.000 0.919
1965.000 0.914
1970.000 0.897
1975.000 0.884
1980.000 0.887
1985.000 0.878
1990.000 0.871
1995.000 0.856
2000.000 0.854
2005.000 0.837
2010.000 0.838
2015.000 0.811
2020.000 0.806
2025.000 0.793
2030.000 0.798
2035.000 0.786
2040.000 0.782
2045.000 0.778
2050.000 0.763
2055.000 0.756
2060.000 0.757
2065.000 0.746
2070.000 0.735
2075.000 0.732
2080.000 0.725
2085.000 0.720
2090.000 0.713
2095.000 0.708
2100.000 0.703
2105.000 0.701
2110.000 0.695
2115.000 0.693
2120.000 0.691
2125.000 0.684
2130.000 0.680
2135.000 0.671
2140.000 0.667
2145.000 0.669
2150.000 0.664
2155.000 0.660
2160.000 0.653
2165.000 0.649
2170.000 0.651
2175.000 0.642
2180.000 0.642
2185.000 0.635
2190.000 0.637
2195.000 0.629
2200.000 0.621
2205.000 0.620
2210.000 0.613
2215.000 0.608
2220.000 0.607
2225.000 0.595
2230.000 0.586
2235.000 0.576
2240.000 0.564
2245.000 0.551
2250.000 0.536
2255.000 0.511
2260.000 0.481
2265.000 0.451
2270.000 0.409
2275.000 0.373
2280.000 0.386
2285.000 0.467
2290.000 0.855
2295.000 1.816
2300.000 3.968
2305.000 9.256
2310.000 16.645
2315.000 13.135
2320.000 3.383
2325.000 1.551
2330.000 0.396
2335.000 0.245
2340.000 0.183
2345.000 0.217
2350.000 0.279
2355.000 0.329
2360.000 0.372
2365.000 0.407
2370.000 0.430
2375.000 0.449
2380.000 0.469
2385.000 0.478
2390.000 0.488
2395.000 0.501
2400.000 0.508
2405.000 0.514
2410.000 0.518
2415.000 0.521
2420.000 0.531
2425.000 0.532
2430.000 0.535
2435.000 0.537
2440.000 0.546
2445.000 0.543
2450.000 0.549
2455.000 0.550
2460.000 0.551
2465.000 0.553
2470.000 0.556
2475.000 0.560
2480.000 0.560
2485.000 0.563
2490.000 0.566
2495.000 0.565
2500.000 0.572
2505.000 0.572
2510.000 0.574
2515.000 0.573
2520.000 0.573
2525.000 0.576
2530.000 0.578
2535.000 0.579
2540.000 0.582
2545.000 0.581
2550.000 0.582
2555.000 0.587
2560.000 0.589
2565.000 0.591
2570.000 0.594
2575.000 0.596
2580.000 0.599
2585.000 0.603
2590.000 0.598
2595.000 0.604
2600.000 0.609
2605.000 0.610
2610.000 0.611
2615.000 0.615
2620.000 0.619
2625.000 0.621
2630.000 0.625
2635.000 0.628
2640.000 0.634
2645.000 0.639
2650.000 0.637
2655.000 0.643
2660.000 0.647
2665.000 0.652
2670.000 0.652
2675.000 0.654
2680.000 0.662
2685.000 0.665
2690.000 0.671
2695.000 0.674
2700.000 0.678
2705.000 0.689
2710.000 0.687
2715.000 0.695
2720.000 0.698
2725.000 0.704
2730.000 0.712
2735.000 0.717
2740.000 0.724
2745.000 0.727
2750.000 0.729
2755.000 0.742
2760.000 0.749
2765.000 0.751
2770.000 0.758
2775.000 0.763
2780.000 0.770
2785.000 0.777
2790.000 0.784
2795.000 0.794
2800.000 0.798
2805.000 0.811
2810.000 0.814
2815.000 0.825
2820.000 0.830
2825.000 0.836
2830.000 0.842
2835.000 0.847
2840.000 0.856
2845.000 0.862
2850.000 0.874
2855.000 0.877
2860.000 0.885
2865.000 0.894
2870.000 0.898
2875.000 0.906
2880.000 0.911
2885.000 0.919
2890.000 0.917
2895.000 0.926
2900.000 0.926
2905.000 0.934
2910.000 0.936
2915.000 0.939
2920.000 0.950
2925.000 0.951
2930.000 0.954
2935.000 0.955
2940.000 0.956
2945.000 0.958
2950.000 0.961
2955.000 0.958
2960.000 0.961
2965.000 0.967
2970.000 0.963
2975.000 0.960
2980.000 0.962
2985.000 0.964
2990.000 0.968
2995.000 0.965
3000.000 0.977
3005.000 0.977
3010.000 0.965
3015.000 0.961
3020.000 0.964
3025.000 0.961
3030.000 0.964
3035.000 0.951
3040.000 0.951
3045.000 0.964
3050.000 0.949
3055.000 0.951
3060.000 0.956
3065.000 0.950
3070.000 0.947
3075.000 0.952
3080.000 0.951
3085.000 0.951
3090.000 0.948
3095.000 0.943
3100.000 0.939
3105.000 0.934
3110.000 0.933
3115.000 0.935
3120.000 0.933
3125.000 0.928
3130.000 0.924
3135.000 0.922
3140.000 0.923
3145.000 0.921
3150.000 0.920
3155.000 0.918
3160.000 0.916
3165.000 0.913
3170.000 0.911
3175.000 0.908
3180.000 0.902
3185.000 0.901
3190.000 0.902
3195.000 0.902
3200.000 0.899
3205.000 0.898
3210.000 0.895
3215.000 0.894
3220.000 0.897
3225.000 0.895
3230.000 0.898
3235.000 0.895
3240.000 0.899
3245.000 0.896
3250.000 0.897
3255.000 0.897
3260.000 0.901
3265.000 0.901
3270.000 0.900
3275.000 0.902
3280.000 0.904
3285.000 0.908
3290.000 0.906
3295.000 0.910
3300.000 0.916
3305.000 0.914
3310.000 0.921
3315.000 0.925
3320.000 0.923
3325.000 0.926
3330.000 0.928
3335.000 0.929
3340.000 0.934
3345.000 0.937
3350.000 0.939
3355.000 0.947
3360.000 0.950
3365.000 0.956
3370.000 0.958
3375.000 0.967
3380.000 0.971
3385.000 0.976
3390.000 0.981
3395.000 0.991
3400.000 0.993
3405.000 0.999
3410.000 1.002
3415.000 1.010
3420.000 1.019
3425.000 1.027
3430.000 1.036
3435.000 1.043
3440.000 1.050
3445.000 1.057
3450.000 1.069
3455.000 1.080
3460.000 1.090
3465.000 1.100
3470.000 1.116
3475.000 1.125
3480.000 1.138
3485.000 1.151
3490.000 1.166
3495.000 1.185
3500.000 1.191
3505.000 1.210
3510.000 1.230
3515.000 1.248
3520.000 1.272
3525.000 1.296
3530.000 1.314
3535.000 1.345
3540.000 1.372
3545.000 1.400
3550.000 1.430
3555.000 1.461
3560.000 1.502
3565.000 1.518
3570.000 1.560
3575.000 1.602
3580.000 1.653
3585.000 1.708
3590.000 1.765
3595.000 1.827
3600.000 1.902
3605.000 1.970
3610.000 2.062
3615.000 2.160
3620.000 2.262
3625.000 2.324
3630.000 2.456
3635.000 2.599
3640.000 2.777
3645.000 2.963
3650.000 3.211
3655.000 3.491
3660.000 3.829
3665.000 4.266
3670.000 4.785
3675.000 5.486
3680.000 5.853
3685.000 6.868
3690.000 8.668
3695.000 12.918
3700.000 23.290
3705.000 33.383
3710.000 26.334
3715.000 15.908
3720.000 10.804
3725.000 8.318
3730.000 6.557
3735.000 5.466
3740.000 4.644
3745.000 4.343
3750.000 3.826
3755.000 3.402
3760.000 3.083
3765.000 2.822
3770.000 2.574
3775.000 2.390
3780.000 2.218
3785.000 2.073
3790.000 1.953
3795.000 1.837
3800.000 1.732
3805.000 1.702
3810.000 1.606
3815.000 1.533
3820.000 1.466
3825.000 1.405
3830.000 1.352
3835.000 1.300
3840.000 1.257
3845.000 1.211
3850.000 1.172
3855.000 1.139
3860.000 1.102
3865.000 1.071
3870.000 1.060
3875.000 1.029
3880.000 1.004
3885.000 0.982
3890.000 0.958
3895.000 0.937
3900.000 0.918
3905.000 0.902
3910.000 0.885
3915.000 0.868
3920.000 0.856
3925.000 0.844
3930.000 0.839
3935.000 0.820
3940.000 0.810
3945.000 0.800
3950.000 0.782
3955.000 0.777
3960.000 0.766
3965.000 0.754
3970.000 0.746
3975.000 0.737
3980.000 0.736
3985.000 0.739
3990.000 0.732
3995.000 0.724
4000.000 0.705
4005.000 0.698
4010.000 0.695
4015.000 0.691
4020.000 0.696
4025.000 0.691
4030.000 0.675
4035.000 0.672
4040.000 0.671
4045.000 0.677
4050.000 0.669
4055.000 0.666
4060.000 0.661
4065.000 0.665
4070.000 0.657
4075.000 0.658
4080.000 0.650
4085.000 0.646
4090.000 0.647
4095.000 0.646
4100.000 0.642
4105.000 0.638
4110.000 0.641
4115.000 0.642
4120.000 0.641
4125.000 0.640
4130.000 0.639
4135.000 0.636
4140.000 0.634
4145.000 0.629
4150.000 0.630
4155.000 0.627
4160.000 0.626
4165.000 0.620
4170.000 0.621
4175.000 0.621
4180.000 0.617
4185.000 0.616
4190.000 0.614
4195.000 0.615
4200.000 0.613
4205.000 0.612
4210.000 0.607
4215.000 0.602
4220.000 0.597
4225.000 0.594
4230.000 0.590
4235.000 0.586
4240.000 0.584
4245.000 0.578
4250.000 0.574
4255.000 0.572
4260.000 0.567
4265.000 0.562
4270.000 0.563
4275.000 0.562
4280.000 0.558
4285.000 0.556
4290.000 0.551
4295.000 0.548
4300.000 0.550
4305.000 0.546
4310.000 0.545
4315.000 0.546
4320.000 0.547
4325.000 0.544
4330.000 0.547
4335.000 0.544
4340.000 0.548
4345.000 0.546
4350.000 0.551
4355.000 0.547
4360.000 0.546
4365.000 0.548
4370.000 0.541
4375.000 0.543
4380.000 0.537
4385.000 0.542
4390.000 0.542
4395.000 0.541
4400.000 0.543
4405.000 0.540
4410.000 0.544
4415.000 0.544
4420.000 0.544
4425.000 0.546
4430.000 0.538
4435.000 0.541
4440.000 0.541
4445.000 0.539
4450.000 0.536
4455.000 0.539
4460.000 0.538
4465.000 0.538
4470.000 0.537
4475.000 0.540
4480.000 0.542
4485.000 0.540
4490.000 0.543
4495.000 0.541
4500.000 0.543
4505.000 0.541
4510.000 0.539
4515.000 0.540
4520.000 0.538
4525.000 0.540
4530.000 0.535
4535.000 0.536
4540.000 0.534
4545.000 0.536
4550.000 0.534
4555.000 0.540
4560.000 0.537
4565.000 0.541
4570.000 0.543
4575.000 0.537
4580.000 0.537
4585.000 0.544
4590.000 0.532
4595.000 0.534
4600.000 0.535
4605.000 0.537
4610.000 0.534
4615.000 0.533
4620.000 0.532
4625.000 0.535
4630.000 0.539
4635.000 0.539
4640.000 0.539
4645.000 0.537
4650.000 0.537
4655.000 0.535
4660.000 0.537
4665.000 0.535
4670.000 0.532
4675.000 0.530
4680.000 0.529
4685.000 0.533
4690.000 0.532
4695.000 0.534
4700.000 0.536
4705.000 0.535
4710.000 0.536
4715.000 0.535
4720.000 0.535
4725.000 0.536
4730.000 0.538
4735.000 0.533
4740.000 0.537
4745.000 0.532
4750.000 0.532
4755.000 0.534
4760.000 0.533
4765.000 0.537
4770.000 0.532
4775.000 0.537
4780.000 0.536
4785.000 0.541
4790.000 0.540
4795.000 0.543
4800.000 0.542
4805.000 0.540
4810.000 0.540
4815.000 0.538
4820.000 0.541
4825.000 0.543
4830.000 0.543
4835.000 0.542
4840.000 0.548
4845.000 0.548
4850.000 0.549
4855.000 0.554
4860.000 0.561
4865.000 0.563
4870.000 0.571
4875.000 0.571
4880.000 0.574
4885.000 0.586
4890.000 0.590
4895.000 0.603
4900.000 0.602
4905.000 0.616
4910.000 0.639
4915.000 0.652
4920.000 0.678
4925.000 0.708
4930.000 0.747
4935.000 0.792
4940.000 0.861
4945.000 0.957
4950.000 1.100
4955.000 1.311
4960.000 1.485
4965.000 2.049
4970.000 3.120
4975.000 5.294
4980.000 5.316
4985.000 2.705
4990.000 1.895
4995.000 2.083
5000.000 1.635
5005.000 2.035
5010.000 1.169
5015.000 1.057
5020.000 0.929
5025.000 0.821
5030.000 0.768
5035.000 0.708
5040.000 0.669
5045.000 0.637
5050.000 0.619
5055.000 0.599
5060.000 0.586
5065.000 0.580
5070.000 0.563
5075.000 0.550
5080.000 0.549
5085.000 0.545
5090.000 0.537
5095.000 0.531
5100.000 0.525
5105.000 0.522
5110.000 0.513
5115.000 0.511
5120.000 0.507
5125.000 0.503
5130.000 0.504
5135.000 0.498
5140.000 0.504
5145.000 0.499
5150.000 0.495
5155.000 0.496
5160.000 0.498
5165.000 0.493
5170.000 0.495
5175.000 0.487
5180.000 0.485
5185.000 0.482
5190.000 0.479
5195.000 0.480
5200.000 0.476
5205.000 0.475
5210.000 0.476
5215.000 0.476
5220.000 0.480
5225.000 0.475
5230.000 0.480
5235.000 0.480
5240.000 0.476
5245.000 0.473
5250.000 0.471
5255.000 0.466
5260.000 0.467
5265.000 0.469
5270.000 0.466
5275.000 0.468
5280.000 0.467
5285.000 0.471
5290.000 0.472
5295.000 0.475
5300.000 0.479
5305.000 0.479
5310.000 0.479
5315.000 0.479
5320.000 0.476
5325.000 0.476
5330.000 0.480
5335.000 0.475
5340.000 0.475
5345.000 0.477
5350.000 0.483
5355.000 0.485
5360.000 0.488
5365.000 0.494
5370.000 0.493
5375.000 0.499
5380.000 0.502
5385.000 0.500
5390.000 0.504
5395.000 0.500
5400.000 0.503
5405.000 0.506
5410.000 0.504
5415.000 0.511
5420.000 0.514
5425.000 0.514
5430.000 0.522
5435.000 0.527
5440.000 0.530
5445.000 0.531
5450.000 0.536
5455.000 0.540
5460.000 0.541
5465.000 0.538
5470.000 0.548
5475.000 0.545
5480.000 0.548
5485.000 0.547
5490.000 0.551
5495.000 0.556
5500.000 0.556
5505.000 0.563
5510.000 0.562
5515.000 0.567
5520.000 0.574
5525.000 0.576
5530.000 0.578
5535.000 0.581
5540.000 0.580
5545.000 0.585
5550.000 0.587
5555.000 0.585
5560.000 0.587
5565.000 0.589
5570.000 0.593
5575.000 0.599
5580.000 0.600
5585.000 0.607
5590.000 0.606
5595.000 0.614
5600.000 0.616
5605.000 0.618
5610.000 0.621
5615.000 0.624
5620.000 0.623
5625.000 0.628
5630.000 0.626
5635.000 0.631
5640.000 0.633
5645.000 0.636
5650.000 0.641
5655.000 0.643
5660.000 0.647
5665.000 0.646
5670.000 0.650
5675.000 0.657
5680.000 0.659
5685.000 0.660
5690.000 0.659
5695.000 0.665
5700.000 0.664
5705.000 0.663
5710.000 0.665
5715.000 0.669
5720.000 0.674
5725.000 0.678
5730.000 0.679
5735.000 0.685
5740.000 0.692
5745.000 0.697
5750.000 0.698
5755.000 0.699
5760.000 0.703
5765.000 0.702
5770.000 0.703
5775.000 0.710
5780.000 0.715
5785.000 0.714
5790.000 0.714
5795.000 0.725
5800.000 0.727
5805.000 0.741
5810.000 0.741
5815.000 0.745
5820.000 0.752
5825.000 0.758
5830.000 0.760
5835.000 0.764
5840.000 0.768
5845.000 0.769
5850.000 0.776
5855.000 0.777
5860.000 0.784
5865.000 0.788
5870.000 0.798
5875.000 0.802
5880.000 0.811
5885.000 0.818
5890.000 0.826
5895.000 0.832
5900.000 0.840
5905.000 0.847
5910.000 0.853
5915.000 0.860
5920.000 0.869
5925.000 0.877
5930.000 0.878
5935.000 0.888
5940.000 0.895
5945.000 0.908
5950.000 0.916
5955.000 0.933
5960.000 0.946
5965.000 0.948
5970.000 0.970
5975.000 0.980
5980.000 0.979
5985.000 0.999
5990.000 1.012
5995.000 1.009
6000.000 1.021
6005.000 1.042
6010.000 1.047
6015.000 1.056
6020.000 1.072
6025.000 1.087
6030.000 1.122
6035.000 1.130
6040.000 1.149
6045.000 1.164
6050.000 1.189
6055.000 1.201
6060.000 1.210
6065.000 1.228
6070.000 1.253
6075.000 1.270
6080.000 1.296
6085.000 1.319
6090.000 1.345
6095.000 1.372
6100.000 1.404
6105.000 1.441
6110.000 1.479
6115.000 1.509
6120.000 1.534
6125.000 1.576
6130.000 1.618
6135.000 1.668
6140.000 1.719
6145.000 1.778
6150.000 1.848
6155.000 1.913
6160.000 1.999
6165.000 2.080
6170.000 2.190
6175.000 2.250
6180.000 2.362
6185.000 2.521
6190.000 2.685
6195.000 2.867
6200.000 3.125
6205.000 3.388
6210.000 3.792
6215.000 4.267
6220.000 4.832
6225.000 5.747
6230.000 6.795
6235.000 7.779
6240.000 7.943
6245.000 6.390
6250.000 4.116
6255.000 4.368
6260.000 3.396
6265.000 2.877
6270.000 2.763
6275.000 2.747
6280.000 2.783
6285.000 2.798
6290.000 2.772
6295.000 2.703
6300.000 2.650
6305.000 2.530
6310.000 2.420
6315.000 2.261
6320.000 2.129
6325.000 2.014
6330.000 1.887
6335.000 1.790
6340.000 1.680
6345.000 1.585
6350.000 1.508
6355.000 1.427
6360.000 1.360
6365.000 1.334
6370.000 1.268
6375.000 1.216
6380.000 1.165
6385.000 1.118
6390.000 1.080
6395.000 1.039
6400.000 1.009
6405.000 0.967
6410.000 0.936
6415.000 0.908
6420.000 0.893
6425.000 0.866
6430.000 0.844
6435.000 0.820
6440.000 0.801
6445.000 0.780
6450.000 0.763
6455.000 0.754
6460.000 0.734
6465.000 0.719
6470.000 0.707
6475.000 0.698
6480.000 0.691
6485.000 0.675
6490.000 0.665
6495.000 0.651
6500.000 0.640
6505.000 0.630
6510.000 0.620
6515.000 0.612
6520.000 0.608
6525.000 0.602
6530.000 0.598
6535.000 0.590
6540.000 0.588
6545.000 0.584
6550.000 0.582
6555.000 0.591
6560.000 0.638
6565.000 0.932
6570.000 1.803
6575.000 3.756
6580.000 5.697
6585.000 2.758
6590.000 0.400
6595.000 0.334
6600.000 0.406
6605.000 0.421
6610.000 0.441
6615.000 0.477
6620.000 0.471
6625.000 0.477
6630.000 0.471
6635.000 0.475
6640.000 0.472
6645.000 0.475
6650.000 0.467
6655.000 0.469
6660.000 0.467
6665.000 0.466
6670.000 0.469
6675.000 0.468
6680.000 0.475
6685.000 0.473
6690.000 0.474
6695.000 0.477
6700.000 0.472
6705.000 0.472
6710.000 0.468
6715.000 0.463
6720.000 0.463
6725.000 0.462
6730.000 0.458
6735.000 0.456
6740.000 0.458
6745.000 0.459
6750.000 0.457
6755.000 0.465
6760.000 0.459
6765.000 0.465
6770.000 0.464
6775.000 0.462
6780.000 0.461
6785.000 0.458
6790.000 0.454
6795.000 0.454
6800.000 0.451
6805.000 0.447
6810.000 0.450
6815.000 0.449
6820.000 0.452
6825.000 0.452
6830.000 0.454
6835.000 0.454
6840.000 0.456
6845.000 0.456
6850.000 0.456
6855.000 0.458
6860.000 0.453
6865.000 0.449
6870.000 0.449
6875.000 0.444
6880.000 0.443
6885.000 0.445
6890.000 0.444
6895.000 0.443
6900.000 0.447
6905.000 0.449
6910.000 0.449
6915.000 0.452
6920.000 0.450
6925.000 0.447
6930.000 0.449
6935.000 0.449
6940.000 0.446
6945.000 0.442
6950.000 0.436
6955.000 0.437
6960.000 0.432
6965.000 0.442
6970.000 0.440
6975.000 0.439
6980.000 0.445
6985.000 0.436
6990.000 0.440
6995.000 0.446
7000.000 0.446
7005.000 0.446
7010.000 0.437
7015.000 0.439
7020.000 0.437
7025.000 0.439
7030.000 0.427
7035.000 0.430
7040.000 0.433
7045.000 0.432
7050.000 0.434
7055.000 0.440
7060.000 0.435
7065.000 0.441
7070.000 0.447
7075.000 0.438
7080.000 0.439
7085.000 0.437
7090.000 0.434
7095.000 0.429
7100.000 0.427
7105.000 0.426
7110.000 0.429
7115.000 0.428
7120.000 0.436
7125.000 0.433
7130.000 0.435
7135.000 0.438
7140.000 0.440
7145.000 0.435
7150.000 0.432
7155.000 0.432
7160.000 0.427
7165.000 0.427
7170.000 0.425
7175.000 0.419
7180.000 0.421
7185.000 0.421
7190.000 0.420
7195.000 0.423
7200.000 0.426
7205.000 0.425
7210.000 0.430
7215.000 0.429
7220.000 0.427
7225.000 0.422
7230.000 0.422
7235.000 0.414
7240.000 0.412
7245.000 0.414
7250.000 0.411
7255.000 0.411
7260.000 0.409
7265.000 0.411
7270.000 0.409
7275.000 0.410
7280.000 0.414
7285.000 0.413
7290.000 0.413
7295.000 0.409
7300.000 0.408
7305.000 0.401
7310.000 0.401
7315.000 0.391
7320.000 0.389
7325.000 0.389
7330.000 0.387
7335.000 0.386
7340.000 0.387
7345.000 0.387
7350.000 0.388
7355.000 0.386
7360.000 0.383
7365.000 0.379
7370.000 0.377
7375.000 0.372
7380.000 0.365
7385.000 0.357
7390.000 0.356
7395.000 0.352
7400.000 0.351
7405.000 0.347
7410.000 0.346
7415.000 0.346
7420.000 0.350
7425.000 0.353
7430.000 0.356
7435.000 0.370
7440.000 0.401
7445.000 0.445
7450.000 0.491
7455.000 0.515
7460.000 0.604
7465.000 0.859
7470.000 1.105
7475.000 1.105
7480.000 1.207
7485.000 1.281
7490.000 1.012
7495.000 0.765
7500.000 0.659
7505.000 0.625
7510.000 0.605
7515.000 0.597
7520.000 0.584
7525.000 0.566
7530.000 0.558
7535.000 0.543
7540.000 0.529
7545.000 0.524
7550.000 0.517
7555.000 0.511
7560.000 0.507
7565.000 0.503
7570.000 0.503
7575.000 0.503
7580.000 0.499
7585.000 0.501
7590.000 0.494
7595.000 0.489
7600.000 0.482
7605.000 0.477
7610.000 0.473
7615.000 0.465
7620.000 0.462
7625.000 0.465
7630.000 0.460
7635.000 0.461
7640.000 0.465
7645.000 0.463
7650.000 0.461
7655.000 0.464
7660.000 0.459
7665.000 0.454
7670.000 0.451
7675.000 0.450
7680.000 0.444
7685.000 0.442
7690.000 0.436
7695.000 0.433
7700.000 0.433
7705.000 0.437
7710.000 0.434
7715.000 0.436
7720.000 0.438
7725.000 0.439
7730.000 0.437
7735.000 0.433
7740.000 0.434
7745.000 0.425
7750.000 0.426
7755.000 0.419
7760.000 0.414
7765.000 0.415
7770.000 0.411
7775.000 0.412
7780.000 0.409
7785.000 0.414
7790.000 0.410
7795.000 0.414
7800.000 0.414
7805.000 0.410
7810.000 0.408
7815.000 0.409
7820.000 0.396
7825.000 0.395
7830.000 0.391
7835.000 0.390
7840.000 0.383
7845.000 0.382
7850.000 0.382
7855.000 0.380
7860.000 0.387
7865.000 0.384
7870.000 0.384
7875.000 0.379
7880.000 0.377
7885.000 0.376
7890.000 0.368
7895.000 0.365
7900.000 0.358
7905.000 0.353
7910.000 0.347
7915.000 0.348
7920.000 0.345
7925.000 0.344
7930.000 0.338
7935.000 0.339
7940.000 0.342
7945.000 0.334
7950.000 0.336
7955.000 0.326
7960.000 0.318
7965.000 0.316
7970.000 0.304
7975.000 0.299
7980.000 0.302
7985.000 0.297
7990.000 0.299
7995.000 0.308
8000.000 0.311
8005.000 0.322
8010.000 0.334
8015.000 0.358
8020.000 0.374
8025.000 0.441
8030.000 0.489
8035.000 0.581
8040.000 0.694
8045.000 0.947
8050.000 1.272
8055.000 1.725
8060.000 2.928
8065.000 3.868
8070.000 6.804
8075.000 5.952
8080.000 2.840
8085.000 1.958
8090.000 1.370
8095.000 1.271
8100.000 1.121
8105.000 1.020
8110.000 0.942
8115.000 0.880
8120.000 0.852
8125.000 0.806
8130.000 0.769
8135.000 0.732
8140.000 0.709
8145.000 0.685
8150.000 0.672
8155.000 0.651
8160.000 0.640
8165.000 0.629
8170.000 0.618
8175.000 0.606
8180.000 0.592
8185.000 0.586
8190.000 0.574
8195.000 0.566
8200.000 0.546
8205.000 0.538
8210.000 0.534
8215.000 0.526
8220.000 0.520
8225.000 0.520
8230.000 0.514
8235.000 0.513
8240.000 0.507
8245.000 0.504
8250.000 0.501
8255.000 0.492
8260.000 0.488
8265.000 0.479
8270.000 0.471
8275.000 0.463
8280.000 0.456
8285.000 0.451
8290.000 0.449
8295.000 0.444
8300.000 0.447
8305.000 0.446
8310.000 0.444
8315.000 0.445
8320.000 0.437
8325.000 0.432
8330.000 0.419
8335.000 0.418
8340.000 0.409
8345.000 0.403
8350.000 0.401
8355.000 0.391
8360.000 0.389
8365.000 0.387
8370.000 0.388
8375.000 0.384
8380.000 0.383
8385.000 0.381
8390.000 0.379
8395.000 0.370
8400.000 0.363
8405.000 0.361
8410.000 0.347
8415.000 0.343
8420.000 0.332
8425.000 0.333
8430.000 0.323
8435.000 0.321
8440.000 0.317
8445.000 0.319
8450.000 0.310
8455.000 0.312
8460.000 0.307
8465.000 0.302
8470.000 0.298
8475.000 0.289
8480.000 0.285
8485.000 0.274
8490.000 0.274
8495.000 0.269
8500.000 0.267
8505.000 0.273
8510.000 0.280
8515.000 0.297
8520.000 0.318
8525.000 0.403
8530.000 0.515
8535.000 0.700
8540.000 1.335
8545.000 2.447
8550.000 3.140
8555.000 3.416
8560.000 0.926
8565.000 0.803
8570.000 1.059
8575.000 0.930
8580.000 0.985
8585.000 1.042
8590.000 1.118
8595.000 1.218
8600.000 1.318
8605.000 1.497
8610.000 1.664
8615.000 1.800
8620.000 2.124
8625.000 2.451
8630.000 2.985
8635.000 3.568
8640.000 4.162
8645.000 4.874
8650.000 5.147
8655.000 4.819
8660.000 4.022
8665.000 3.322
8670.000 2.884
8675.000 2.413
8680.000 2.238
8685.000 2.246
8690.000 2.234
8695.000 2.080
8700.000 2.000
8705.000 1.981
8710.000 1.919
8715.000 1.850
8720.000 1.760
8725.000 1.682
8730.000 1.624
8735.000 1.587
8740.000 1.531
8745.000 1.492
8750.000 1.439
8755.000 1.402
8760.000 1.365
8765.000 1.326
8770.000 1.292
8775.000 1.261
8780.000 1.236
8785.000 1.199
8790.000 1.177
8795.000 1.168
8800.000 1.142
8805.000 1.128
8810.000 1.116
8815.000 1.099
8820.000 1.088
8825.000 1.096
8830.000 1.080
8835.000 1.032
8840.000 1.022
8845.000 1.014
8850.000 0.996
8855.000 0.985
8860.000 0.979
8865.000 0.962
8870.000 0.956
8875.000 0.946
8880.000 0.935
8885.000 0.931
8890.000 0.930
8895.000 0.919
8900.000 0.921
8905.000 0.910
8910.000 0.904
8915.000 0.897
8920.000 0.889
8925.000 0.878
8930.000 0.872
8935.000 0.865
8940.000 0.858
8945.000 0.851
8950.000 0.847
8955.000 0.843
8960.000 0.834
8965.000 0.843
8970.000 0.831
8975.000 0.828
8980.000 0.832
8985.000 0.831
8990.000 0.826
8995.000 0.814
9000.000 0.816
9005.000 0.802
9010.000 0.806
9015.000 0.788
9020.000 0.789
9025.000 0.783
9030.000 0.794
9035.000 0.788
9040.000 0.786
9045.000 0.796
9050.000 0.787
9055.000 0.784
9060.000 0.786
9065.000 0.774
9070.000 0.766
9075.000 0.767
9080.000 0.758
9085.000 0.759
9090.000 0.754
9095.000 0.756
9100.000 0.757
9105.000 0.753
9110.000 0.755
9115.000 0.755
9120.000 0.759
9125.000 0.757
9130.000 0.755
9135.000 0.752
9140.000 0.749
9145.000 0.741
9150.000 0.738
9155.000 0.736
9160.000 0.734
9165.000 0.732
9170.000 0.731
9175.000 0.735
9180.000 0.731
9185.000 0.732
9190.000 0.730
9195.000 0.735
9200.000 0.737
9205.000 0.735
9210.000 0.731
9215.000 0.729
9220.000 0.731
9225.000 0.720
9230.000 0.715
9235.000 0.716
9240.000 0.717
9245.000 0.714
9250.000 0.719
9255.000 0.719
9260.000 0.721
9265.000 0.724
9270.000 0.727
9275.000 0.722
9280.000 0.724
9285.000 0.726
9290.000 0.715
9295.000 0.714
9300.000 0.712
9305.000 0.709
9310.000 0.708
9315.000 0.710
9320.000 0.710
9325.000 0.710
9330.000 0.719
9335.000 0.718
9340.000 0.720
9345.000 0.721
9350.000 0.725
9355.000 0.722
9360.000 0.720
9365.000 0.716
9370.000 0.713
9375.000 0.717
9380.000 0.714
9385.000 0.715
9390.000 0.719
9395.000 0.727
9400.000 0.722
9405.000 0.730
9410.000 0.737
9415.000 0.743
9420.000 0.745
9425.000 0.752
9430.000 0.755
9435.000 0.764
9440.000 0.770
9445.000 0.778
9450.000 0.795
9455.000 0.812
9460.000 0.826
9465.000 0.900
9470.000 0.981
9475.000 1.139
9480.000 1.237
9485.000 1.497
9490.000 1.583
9495.000 1.337
9500.000 1.040
9505.000 0.971
9510.000 0.697
9515.000 0.692
9520.000 0.661
9525.000 0.649
9530.000 0.642
9535.000 0.642
9540.000 0.645
9545.000 0.651
9550.000 0.659
9555.000 0.661
9560.000 0.663
9565.000 0.666
9570.000 0.668
9575.000 0.667
9580.000 0.668
9585.000 0.668
9590.000 0.663
9595.000 0.669
9600.000 0.664
9605.000 0.669
9610.000 0.674
9615.000 0.678
9620.000 0.679
9625.000 0.687
9630.000 0.691
9635.000 0.692
9640.000 0.693
9645.000 0.701
9650.000 0.697
9655.000 0.696
9660.000 0.698
9665.000 0.697
9670.000 0.698
9675.000 0.703
9680.000 0.704
9685.000 0.713
9690.000 0.718
9695.000 0.723
9700.000 0.731
9705.000 0.742
9710.000 0.749
9715.000 0.752
9720.000 0.760
9725.000 0.764
9730.000 0.765
9735.000 0.771
9740.000 0.783
9745.000 0.790
9750.000 0.804
9755.000 0.813
9760.000 0.841
9765.000 0.857
9770.000 0.889
9775.000 0.915
9780.000 0.945
9785.000 0.989
9790.000 1.012
9795.000 1.052
9800.000 1.117
9805.000 1.186
9810.000 1.238
9815.000 1.319
9820.000 1.347
9825.000 1.274
9830.000 1.096
9835.000 0.842
9840.000 0.599
9845.000 0.438
9850.000 0.338
9855.000 0.208
9860.000 0.110
9865.000 0.025
9870.000 0.121
9875.000 0.246
9880.000 0.357
9885.000 0.436
9890.000 0.543
9895.000 0.566
9900.000 0.571
9905.000 0.570
9910.000 0.561
9915.000 0.567
9920.000 0.563
9925.000 0.568
9930.000 0.566
9935.000 0.560
9940.000 0.560
9945.000 0.559
9950.000 0.554
9955.000 0.553
9960.000 0.555
9965.000 0.544
9970.000 0.547
9975.000 0.548
9980.000 0.553
9985.000 0.552
9990.000 0.561
9995.000 0.560
10000.000 0.570
10005.000 0.571
10010.000 0.567
10015.000 0.571
10020.000 0.569
10025.000 0.571
10030.000 0.563
10035.000 0.557
10040.000 0.560
10045.000 0.567
10050.000 0.566
10055.000 0.569
10060.000 0.574
10065.000 0.574
10070.000 0.578
10075.000 0.583
10080.000 0.581
10085.000 0.583
10090.000 0.584
10095.000 0.581
10100.000 0.583
10105.000 0.580
10110.000 0.580
10115.000 0.583
10120.000 0.584
10125.000 0.593
10130.000 0.595
10135.000 0.600
10140.000 0.609
10145.000 0.618
10150.000 0.622
10155.000 0.636
10160.000 0.653
10165.000 0.685
10170.000 0.750
10175.000 0.868
10180.000 1.083
10185.000 1.313
10190.000 2.142
10195.000 1.170
10200.000 0.728
10205.000 0.708
10210.000 0.629
10215.000 0.638
10220.000 0.630
10225.000 0.622
10230.000 0.616
10235.000 0.610
10240.000 0.603
10245.000 0.604
10250.000 0.599
10255.000 0.598
10260.000 0.594
10265.000 0.594
10270.000 0.595
10275.000 0.600
10280.000 0.601
10285.000 0.604
10290.000 0.610
10295.000 0.612
10300.000 0.614
10305.000 0.609
10310.000 0.612
10315.000 0.602
10320.000 0.605
10325.000 0.604
10330.000 0.602
10335.000 0.605
10340.000 0.606
10345.000 0.609
10350.000 0.607
10355.000 0.613
10360.000 0.613
10365.000 0.620
10370.000 0.623
10375.000 0.628
10380.000 0.615
10385.000 0.620
10390.000 0.622
10395.000 0.619
10400.000 0.616
10405.000 0.616
10410.000 0.617
10415.000 0.620
10420.000 0.621
10425.000 0.621
10430.000 0.629
10435.000 0.632
10440.000 0.634
10445.000 0.636
10450.000 0.640
10455.000 0.639
10460.000 0.633
10465.000 0.634
10470.000 0.634
10475.000 0.634
10480.000 0.634
10485.000 0.638
10490.000 0.636
10495.000 0.643
10500.000 0.646
10505.000 0.650
10510.000 0.654
10515.000 0.657
10520.000 0.658
10525.000 0.661
10530.000 0.659
10535.000 0.656
10540.000 0.660
10545.000 0.659
10550.000 0.657
10555.000 0.660
10560.000 0.663
10565.000 0.668
10570.000 0.670
10575.000 0.678
10580.000 0.681
10585.000 0.679
10590.000 0.689
10595.000 0.690
10600.000 0.690
10605.000 0.693
10610.000 0.696
10615.000 0.695
10620.000 0.697
10625.000 0.698
10630.000 0.703
10635.000 0.702
10640.000 0.714
10645.000 0.717
10650.000 0.722
10655.000 0.730
10660.000 0.738
10665.000 0.740
10670.000 0.749
10675.000 0.755
10680.000 0.753
10685.000 0.758
10690.000 0.761
10695.000 0.768
10700.000 0.768
10705.000 0.780
10710.000 0.785
10715.000 0.797
10720.000 0.810
10725.000 0.817
10730.000 0.831
10735.000 0.847
10740.000 0.852
10745.000 0.862
10750.000 0.876
10755.000 0.888
10760.000 0.898
10765.000 0.914
10770.000 0.924
10775.000 0.948
10780.000 0.966
10785.000 1.001
10790.000 1.029
10795.000 1.064
10800.000 1.108
10805.000 1.146
10810.000 1.207
10815.000 1.270
10820.000 1.334
10825.000 1.391
10830.000 1.499
10835.000 1.607
10840.000 1.819
10845.000 2.029
10850.000 2.396
10855.000 2.704
10860.000 2.793
10865.000 2.278
10870.000 1.526
10875.000 0.798
10880.000 0.577
10885.000 0.181
10890.000 0.248
10895.000 0.190
10900.000 0.192
10905.000 0.245
10910.000 0.293
10915.000 0.369
10920.000 0.431
10925.000 0.494
10930.000 0.546
10935.000 0.599
10940.000 0.639
10945.000 0.699
10950.000 0.754
10955.000 0.843
10960.000 0.915
10965.000 1.002
10970.000 1.105
10975.000 1.194
10980.000 1.335
10985.000 1.465
10990.000 1.577
10995.000 1.643
11000.000 1.624
11005.000 1.555
11010.000 1.350
11015.000 1.158
11020.000 0.906
11025.000 0.737
11030.000 0.581
11035.000 0.463
11040.000 0.375
11045.000 0.270
11050.000 0.207
11055.000 0.178
11060.000 0.219
11065.000 0.251
11070.000 0.290
11075.000 0.271
11080.000 0.232
11085.000 0.176
11090.000 0.152
11095.000 0.140
11100.000 0.135
11105.000 0.128
11110.000 0.131
11115.000 0.138
11120.000 0.132
11125.000 0.140
11130.000 0.143
11135.000 0.150
11140.000 0.157
11145.000 0.164
11150.000 0.172
11155.000 0.180
11160.000 0.189
11165.000 0.196
11170.000 0.202
11175.000 0.209
11180.000 0.216
11185.000 0.213
11190.000 0.222
11195.000 0.221
11200.000 0.224
11205.000 0.229
11210.000 0.227
11215.000 0.234
11220.000 0.236
11225.000 0.243
11230.000 0.247
11235.000 0.255
11240.000 0.258
11245.000 0.258
11250.000 0.264
11255.000 0.266
11260.000 0.268
11265.000 0.268
11270.000 0.268
11275.000 0.266
11280.000 0.271
11285.000 0.270
11290.000 0.275
11295.000 0.275
11300.000 0.280
11305.000 0.284
11310.000 0.284
11315.000 0.292
11320.000 0.290
11325.000 0.295
11330.000 0.294
11335.000 0.296
11340.000 0.293
11345.000 0.293
11350.000 0.294
11355.000 0.292
11360.000 0.296
11365.000 0.293
11370.000 0.295
11375.000 0.298
11380.000 0.300
11385.000 0.304
11390.000 0.309
11395.000 0.311
11400.000 0.311
11405.000 0.311
11410.000 0.310
11415.000 0.307
11420.000 0.308
11425.000 0.310
11430.000 0.306
11435.000 0.307
11440.000 0.303
11445.000 0.313
11450.000 0.308
11455.000 0.312
11460.000 0.314
11465.000 0.315
11470.000 0.318
11475.000 0.320
11480.000 0.315
11485.000 0.316
11490.000 0.313
11495.000 0.316
11500.000 0.310
11505.000 0.311
11510.000 0.314
11515.000 0.310
11520.000 0.310
11525.000 0.314
11530.000 0.314
11535.000 0.315
11540.000 0.316
11545.000 0.317
11550.000 0.317
11555.000 0.314
11560.000 0.310
11565.000 0.306
11570.000 0.308
11575.000 0.303
11580.000 0.302
11585.000 0.302
11590.000 0.297
11595.000 0.298
11600.000 0.298
11605.000 0.298
11610.000 0.296
11615.000 0.296
11620.000 0.294
11625.000 0.289
11630.000 0.281
11635.000 0.281
11640.000 0.269
11645.000 0.267
11650.000 0.262
11655.000 0.254
11660.000 0.250
11665.000 0.239
11670.000 0.232
11675.000 0.229
11680.000 0.219
11685.000 0.207
11690.000 0.195
11695.000 0.172
11700.000 0.166
11705.000 0.164
11710.000 0.191
11715.000 0.251
11720.000 0.416
11725.000 0.649
11730.000 1.009
11735.000 1.169
11740.000 1.210
11745.000 1.614
11750.000 1.074
11755.000 0.948
11760.000 0.785
11765.000 0.740
11770.000 0.670
11775.000 0.635
11780.000 0.605
11785.000 0.578
11790.000 0.564
11795.000 0.551
11800.000 0.535
11805.000 0.529
11810.000 0.513
11815.000 0.501
11820.000 0.503
11825.000 0.490
11830.000 0.489
11835.000 0.481
11840.000 0.478
11845.000 0.471
11850.000 0.469
11855.000 0.465
11860.000 0.456
11865.000 0.456
11870.000 0.452
11875.000 0.452
11880.000 0.443
11885.000 0.447
11890.000 0.443
11895.000 0.445
11900.000 0.440
11905.000 0.443
11910.000 0.442
11915.000 0.437
11920.000 0.437
11925.000 0.433
11930.000 0.431
11935.000 0.426
11940.000 0.426
11945.000 0.426
11950.000 0.425
11955.000 0.427
11960.000 0.426
11965.000 0.425
11970.000 0.427
11975.000 0.430
11980.000 0.430
11985.000 0.433
11990.000 0.431
11995.000 0.435
12000.000 0.434
