105.000 2.121
110.000 1.891
115.000 1.950
120.000 2.152
125.000 2.047
130.000 2.093
135.000 2.223
140.000 2.190
145.000 2.244
150.000 2.182
155.000 2.222
160.000 2.205
165.000 2.210
170.000 2.278
175.000 2.295
180.000 2.331
185.000 2.345
190.000 2.300
195.000 2.330
200.000 2.343
205.000 2.396
210.000 2.377
215.000 2.429
220.000 2.431
225.000 2.448
230.000 2.499
235.000 2.526
240.000 2.546
245.000 2.588
250.000 2.653
255.000 2.636
260.000 2.720
265.000 2.753
270.000 2.796
275.000 2.847
280.000 2.931
285.000 2.988
290.000 3.012
295.000 3.125
300.000 3.197
305.000 3.273
310.000 3.346
315.000 3.459
320.000 3.560
325.000 3.687
330.000 3.817
335.000 3.938
340.000 4.087
345.000 4.259
350.000 4.332
355.000 4.513
360.000 4.706
365.000 4.916
370.000 5.143
375.000 5.347
380.000 5.551
385.000 5.771
390.000 5.955
395.000 6.089
400.000 6.195
405.000 6.198
410.000 6.191
415.000 6.143
420.000 6.012
425.000 5.788
430.000 5.534
435.000 5.210
440.000 4.909
445.000 4.583
450.000 4.270
455.000 3.995
460.000 3.709
465.000 3.443
470.000 3.333
475.000 3.097
480.000 2.909
485.000 2.726
490.000 2.548
495.000 2.408
500.000 2.266
505.000 2.141
510.000 2.035
515.000 1.904
520.000 1.813
525.000 1.723
530.000 1.689
535.000 1.604
540.000 1.532
545.000 1.467
550.000 1.397
555.000 1.342
560.000 1.283
565.000 1.238
570.000 1.192
575.000 1.150
580.000 1.109
585.000 1.070
590.000 1.041
595.000 1.025
600.000 0.975
605.000 0.954
610.000 0.928
615.000 0.904
620.000 0.868
625.000 0.857
630.000 0.832
635.000 0.812
640.000 0.795
645.000 0.774
650.000 0.764
655.000 0.740
660.000 0.738
665.000 0.726
670.000 0.701
675.000 0.684
680.000 0.671
685.000 0.672
690.000 0.651
695.000 0.644
700.000 0.636
705.000 0.619
710.000 0.618
715.000 0.609
720.000 0.605
725.000 0.602
730.000 0.586
735.000 0.586
740.000 0.575
745.000 0.573
750.000 0.566
755.000 0.567
760.000 0.558
765.000 0.553
770.000 0.551
775.000 0.554
780.000 0.548
785.000 0.556
790.000 0.553
795.000 0.542
800.000 0.545
805.000 0.544
810.000 0.537
815.000 0.528
820.000 0.533
825.000 0.533
830.000 0.524
835.000 0.519
840.000 0.512
845.000 0.515
850.000 0.513
855.000 0.512
860.000 0.508
865.000 0.511
870.000 0.505
875.000 0.502
880.000 0.507
885.000 0.505
890.000 0.500
895.000 0.503
900.000 0.502
905.000 0.499
910.000 0.498
915.000 0.490
920.000 0.500
925.000 0.501
930.000 0.496
935.000 0.497
940.000 0.490
945.000 0.495
950.000 0.489
955.000 0.493
960.000 0.495
965.000 0.498
970.000 0.494
975.000 0.493
980.000 0.496
985.000 0.488
990.000 0.486
995.000 0.500
1000.000 0.485
1005.000 0.483
1010.000 0.495
1015.000 0.488
1020.000 0.499
1025.000 0.500
1030.000 0.487
1035.000 0.498
1040.000 0.496
1045.000 0.491
1050.000 0.488
1055.000 0.493
1060.000 0.487
1065.000 0.496
1070.000 0.494
1075.000 0.495
1080.000 0.497
1085.000 0.492
1090.000 0.497
1095.000 0.494
1100.000 0.500
1105.000 0.492
1110.000 0.496
1115.000 0.498
1120.000 0.501
1125.000 0.499
1130.000 0.496
1135.000 0.499
1140.000 0.501
1145.000 0.498
1150.000 0.500
1155.000 0.502
1160.000 0.500
1165.000 0.497
1170.000 0.497
1175.000 0.503
1180.000 0.500
1185.000 0.500
1190.000 0.502
1195.000 0.501
1200.000 0.498
1205.000 0.503
1210.000 0.507
1215.000 0.507
1220.000 0.508
1225.000 0.508
1230.000 0.503
1235.000 0.509
1240.000 0.511
1245.000 0.516
1250.000 0.512
1255.000 0.513
1260.000 0.513
1265.000 0.517
1270.000 0.516
1275.000 0.518
1280.000 0.514
1285.000 0.522
1290.000 0.517
1295.000 0.515
1300.000 0.518
1305.000 0.522
1310.000 0.521
1315.000 0.524
1320.000 0.523
1325.000 0.526
1330.000 0.525
1335.000 0.525
1340.000 0.528
1345.000 0.534
1350.000 0.529
1355.000 0.526
1360.000 0.535
1365.000 0.531
1370.000 0.534
1375.000 0.530
1380.000 0.537
1385.000 0.534
1390.000 0.536
1395.000 0.538
1400.000 0.537
1405.000 0.542
1410.000 0.539
1415.000 0.532
1420.000 0.538
1425.000 0.539
1430.000 0.542
1435.000 0.531
1440.000 0.532
1445.000 0.531
1450.000 0.527
1455.000 0.526
1460.000 0.526
1465.000 0.527
1470.000 0.525
1475.000 0.530
1480.000 0.531
1485.000 0.534
1490.000 0.544
1495.000 0.546
1500.000 0.551
1505.000 0.554
1510.000 0.557
1515.000 0.556
1520.000 0.561
1525.000 0.570
1530.000 0.573
1535.000 0.575
1540.000 0.578
1545.000 0.582
1550.000 0.589
1555.000 0.592
1560.000 0.592
1565.000 0.603
1570.000 0.600
1575.000 0.607
1580.000 0.610
1585.000 0.610
1590.000 0.619
1595.000 0.618
1600.000 0.627
1605.000 0.631
1610.000 0.634
1615.000 0.643
1620.000 0.649
1625.000 0.649
1630.000 0.655
1635.000 0.660
1640.000 0.667
1645.000 0.669
1650.000 0.680
1655.000 0.684
1660.000 0.691
1665.000 0.695
1670.000 0.703
1675.000 0.715
1680.000 0.714
1685.000 0.723
1690.000 0.737
1695.000 0.741
1700.000 0.749
1705.000 0.759
1710.000 0.768
1715.000 0.776
1720.000 0.785
1725.000 0.796
1730.000 0.805
1735.000 0.813
1740.000 0.825
1745.000 0.835
1750.000 0.838
1755.000 0.850
1760.000 0.861
1765.000 0.874
1770.000 0.893
1775.000 0.898
1780.000 0.909
1785.000 0.921
1790.000 0.933
1795.000 0.945
1800.000 0.952
1805.000 0.967
1810.000 0.971
1815.000 0.983
1820.000 0.989
1825.000 1.002
1830.000 1.015
1835.000 1.023
1840.000 1.030
1845.000 1.032
1850.000 1.039
1855.000 1.038
1860.000 1.043
1865.000 1.050
1870.000 1.049
1875.000 1.048
1880.000 1.050
1885.000 1.047
1890.000 1.046
1895.000 1.041
1900.000 1.035
1905.000 1.030
1910.000 1.024
1915.000 1.019
1920.000 1.003
1925.000 1.000
1930.000 0.995
1935.000 0.987
1940.000 0.982
1945.000 0.971
1950.000 0.960
1955.000 0.953
1960.000 0.936
1965.000 0.935
1970.000 0.917
1975.000 0.907
1980.000 0.914
1985.000 0.890
1990.000 0.895
1995.000 0.878
2000.000 0.878
2005.000 0.864
2010.000 0.861
2015.000 0.837
2020.000 0.833
2025.000 0.821
2030.000 0.828
2035.000 0.806
2040.000 0.804
2045.000 0.797
2050.000 0.795
2055.000 0.781
2060.000 0.780
2065.000 0.768
2070.000 0.763
2075.000 0.755
2080.000 0.752
2085.000 0.750
2090.000 0.740
2095.000 0.737
2100.000 0.728
2105.000 0.722
2110.000 0.718
2115.000 0.717
2120.000 0.710
2125.000 0.709
2130.000 0.702
2135.000 0.698
2140.000 0.698
2145.000 0.696
2150.000 0.688
2155.000 0.680
2160.000 0.681
2165.000 0.680
2170.000 0.679
2175.000 0.673
2180.000 0.670
2185.000 0.673
2190.000 0.663
2195.000 0.661
2200.000 0.655
2205.000 0.654
2210.000 0.647
2215.000 0.643
2220.000 0.633
2225.000 0.628
2230.000 0.624
2235.000 0.619
2240.000 0.607
2245.000 0.597
2250.000 0.579
2255.000 0.559
2260.000 0.535
2265.000 0.501
2270.000 0.447
2275.000 0.389
2280.000 0.354
2285.000 0.502
2290.000 1.066
2295.000 1.620
2300.000 3.708
2305.000 8.958
2310.000 16.575
2315.000 13.725
2320.000 3.724
2325.000 1.722
2330.000 0.587
2335.000 0.364
2340.000 0.198
2345.000 0.196
2350.000 0.261
2355.000 0.301
2360.000 0.326
2365.000 0.357
2370.000 0.390
2375.000 0.413
2380.000 0.432
2385.000 0.451
2390.000 0.459
2395.000 0.471
2400.000 0.480
2405.000 0.488
2410.000 0.494
2415.000 0.502
2420.000 0.502
2425.000 0.507
2430.000 0.513
2435.000 0.516
2440.000 0.522
2445.000 0.523
2450.000 0.530
2455.000 0.532
2460.000 0.532
2465.000 0.536
2470.000 0.538
2475.000 0.540
2480.000 0.543
2485.000 0.543
2490.000 0.547
2495.000 0.546
2500.000 0.550
2505.000 0.551
2510.000 0.554
2515.000 0.559
2520.000 0.560
2525.000 0.562
2530.000 0.565
2535.000 0.566
2540.000 0.564
2545.000 0.570
2550.000 0.570
2555.000 0.569
2560.000 0.574
2565.000 0.576
2570.000 0.581
2575.000 0.580
2580.000 0.580
2585.000 0.586
2590.000 0.591
2595.000 0.593
2600.000 0.593
2605.000 0.595
2610.000 0.598
2615.000 0.598
2620.000 0.605
2625.000 0.605
2630.000 0.611
2635.000 0.611
2640.000 0.615
2645.000 0.614
2650.000 0.625
2655.000 0.629
2660.000 0.629
2665.000 0.631
2670.000 0.639
2675.000 0.641
2680.000 0.646
2685.000 0.649
2690.000 0.654
2695.000 0.656
2700.000 0.666
2705.000 0.669
2710.000 0.671
2715.000 0.679
2720.000 0.681
2725.000 0.684
2730.000 0.690
2735.000 0.696
2740.000 0.704
2745.000 0.709
2750.000 0.714
2755.000 0.719
2760.000 0.728
2765.000 0.734
2770.000 0.741
2775.000 0.741
2780.000 0.756
2785.000 0.759
2790.000 0.763
2795.000 0.772
2800.000 0.779
2805.000 0.785
2810.000 0.794
2815.000 0.803
2820.000 0.807
2825.000 0.816
2830.000 0.823
2835.000 0.827
2840.000 0.835
2845.000 0.839
2850.000 0.842
2855.000 0.849
2860.000 0.859
2865.000 0.863
2870.000 0.869
2875.000 0.875
2880.000 0.885
2885.000 0.888
2890.000 0.897
2895.000 0.900
2900.000 0.902
2905.000 0.908
2910.000 0.911
2915.000 0.915
2920.000 0.918
2925.000 0.921
2930.000 0.924
2935.000 0.931
2940.000 0.929
2945.000 0.931
2950.000 0.940
2955.000 0.943
2960.000 0.941
2965.000 0.939
2970.000 0.933
2975.000 0.937
2980.000 0.939
2985.000 0.940
2990.000 0.940
2995.000 0.928
3000.000 0.946
3005.000 0.946
3010.000 0.935
3015.000 0.942
3020.000 0.936
3025.000 0.934
3030.000 0.931
3035.000 0.928
3040.000 0.926
3045.000 0.937
3050.000 0.922
3055.000 0.927
3060.000 0.928
3065.000 0.919
3070.000 0.918
3075.000 0.919
3080.000 0.913
3085.000 0.914
3090.000 0.913
3095.000 0.911
3100.000 0.910
3105.000 0.908
3110.000 0.904
3115.000 0.904
3120.000 0.902
3125.000 0.898
3130.000 0.899
3135.000 0.896
3140.000 0.893
3145.000 0.890
3150.000 0.888
3155.000 0.890
3160.000 0.888
3165.000 0.888
3170.000 0.886
3175.000 0.883
3180.000 0.883
3185.000 0.886
3190.000 0.884
3195.000 0.884
3200.000 0.887
3205.000 0.885
3210.000 0.884
3215.000 0.887
3220.000 0.880
3225.000 0.882
3230.000 0.880
3235.000 0.886
3240.000 0.886
3245.000 0.890
3250.000 0.893
3255.000 0.892
3260.000 0.895
3265.000 0.894
3270.000 0.894
3275.000 0.896
3280.000 0.900
3285.000 0.898
3290.000 0.905
3295.000 0.903
3300.000 0.902
3305.000 0.908
3310.000 0.911
3315.000 0.912
3320.000 0.915
3325.000 0.919
3330.000 0.924
3335.000 0.925
3340.000 0.930
3345.000 0.930
3350.000 0.938
3355.000 0.941
3360.000 0.944
3365.000 0.946
3370.000 0.950
3375.000 0.955
3380.000 0.962
3385.000 0.971
3390.000 0.972
3395.000 0.975
3400.000 0.985
3405.000 0.988
3410.000 0.995
3415.000 1.003
3420.000 1.015
3425.000 1.016
3430.000 1.027
3435.000 1.033
3440.000 1.043
3445.000 1.051
3450.000 1.058
3455.000 1.069
3460.000 1.080
3465.000 1.093
3470.000 1.106
3475.000 1.115
3480.000 1.131
3485.000 1.146
3490.000 1.165
3495.000 1.179
3500.000 1.193
3505.000 1.209
3510.000 1.230
3515.000 1.239
3520.000 1.260
3525.000 1.279
3530.000 1.306
3535.000 1.335
3540.000 1.359
3545.000 1.390
3550.000 1.424
3555.000 1.455
3560.000 1.493
3565.000 1.534
3570.000 1.574
3575.000 1.598
3580.000 1.643
3585.000 1.696
3590.000 1.755
3595.000 1.814
3600.000 1.891
3605.000 1.960
3610.000 2.045
3615.000 2.148
3620.000 2.257
3625.000 2.383
3630.000 2.521
3635.000 2.685
3640.000 2.778
3645.000 2.960
3650.000 3.204
3655.000 3.484
3660.000 3.808
3665.000 4.261
3670.000 4.789
3675.000 5.466
3680.000 6.411
3685.000 7.684
3690.000 10.640
3695.000 13.283
3700.000 23.376
3705.000 33.048
3710.000 25.827
3715.000 15.733
3720.000 10.696
3725.000 8.248
3730.000 6.519
3735.000 5.427
3740.000 4.620
3745.000 4.057
3750.000 3.617
3755.000 3.398
3760.000 3.073
3765.000 2.820
3770.000 2.571
3775.000 2.379
3780.000 2.219
3785.000 2.073
3790.000 1.952
3795.000 1.840
3800.000 1.739
3805.000 1.650
3810.000 1.572
3815.000 1.505
3820.000 1.472
3825.000 1.407
3830.000 1.358
3835.000 1.302
3840.000 1.258
3845.000 1.218
3850.000 1.176
3855.000 1.141
3860.000 1.106
3865.000 1.082
3870.000 1.050
3875.000 1.023
3880.000 1.008
3885.000 0.990
3890.000 0.965
3895.000 0.942
3900.000 0.925
3905.000 0.904
3910.000 0.888
3915.000 0.875
3920.000 0.857
3925.000 0.844
3930.000 0.828
3935.000 0.826
3940.000 0.813
3945.000 0.805
3950.000 0.787
3955.000 0.783
3960.000 0.765
3965.000 0.761
3970.000 0.744
3975.000 0.739
3980.000 0.740
3985.000 0.724
3990.000 0.716
3995.000 0.723
4000.000 0.713
4005.000 0.700
4010.000 0.701
4015.000 0.709
4020.000 0.702
4025.000 0.696
4030.000 0.679
4035.000 0.680
4040.000 0.669
4045.000 0.679
4050.000 0.666
4055.000 0.664
4060.000 0.665
4065.000 0.666
4070.000 0.663
4075.000 0.657
4080.000 0.652
4085.000 0.649
4090.000 0.654
4095.000 0.650
4100.000 0.651
4105.000 0.647
4110.000 0.645
4115.000 0.644
4120.000 0.639
4125.000 0.640
4130.000 0.637
4135.000 0.636
4140.000 0.638
4145.000 0.637
4150.000 0.633
4155.000 0.633
4160.000 0.631
4165.000 0.629
4170.000 0.626
4175.000 0.623
4180.000 0.623
4185.000 0.621
4190.000 0.618
4195.000 0.613
4200.000 0.613
4205.000 0.611
4210.000 0.611
4215.000 0.605
4220.000 0.601
4225.000 0.597
4230.000 0.594
4235.000 0.591
4240.000 0.582
4245.000 0.582
4250.000 0.578
4255.000 0.573
4260.000 0.567
4265.000 0.567
4270.000 0.560
4275.000 0.556
4280.000 0.555
4285.000 0.555
4290.000 0.557
4295.000 0.552
4300.000 0.553
4305.000 0.553
4310.000 0.551
4315.000 0.548
4320.000 0.550
4325.000 0.546
4330.000 0.547
4335.000 0.543
4340.000 0.545
4345.000 0.544
4350.000 0.544
4355.000 0.547
4360.000 0.545
4365.000 0.545
4370.000 0.546
4375.000 0.549
4380.000 0.545
4385.000 0.545
4390.000 0.545
4395.000 0.545
4400.000 0.545
4405.000 0.543
4410.000 0.542
4415.000 0.539
4420.000 0.541
4425.000 0.539
4430.000 0.542
4435.000 0.544
4440.000 0.541
4445.000 0.542
4450.000 0.546
4455.000 0.544
4460.000 0.540
4465.000 0.542
4470.000 0.540
4475.000 0.541
4480.000 0.538
4485.000 0.537
4490.000 0.536
4495.000 0.538
4500.000 0.540
4505.000 0.542
4510.000 0.537
4515.000 0.545
4520.000 0.544
4525.000 0.542
4530.000 0.543
4535.000 0.543
4540.000 0.541
4545.000 0.538
4550.000 0.540
4555.000 0.538
4560.000 0.539
4565.000 0.537
4570.000 0.536
4575.000 0.536
4580.000 0.536
4585.000 0.539
4590.000 0.541
4595.000 0.541
4600.000 0.541
4605.000 0.543
4610.000 0.541
4615.000 0.539
4620.000 0.540
4625.000 0.536
4630.000 0.535
4635.000 0.536
4640.000 0.533
4645.000 0.535
4650.000 0.533
4655.000 0.541
4660.000 0.540
4665.000 0.537
4670.000 0.543
4675.000 0.540
4680.000 0.540
4685.000 0.537
4690.000 0.542
4695.000 0.534
4700.000 0.535
4705.000 0.536
4710.000 0.536
4715.000 0.534
4720.000 0.535
4725.000 0.537
4730.000 0.537
4735.000 0.538
4740.000 0.539
4745.000 0.541
4750.000 0.540
4755.000 0.546
4760.000 0.537
4765.000 0.544
4770.000 0.540
4775.000 0.539
4780.000 0.538
4785.000 0.540
4790.000 0.542
4795.000 0.544
4800.000 0.544
4805.000 0.546
4810.000 0.549
4815.000 0.551
4820.000 0.556
4825.000 0.555
4830.000 0.558
4835.000 0.559
4840.000 0.563
4845.000 0.564
4850.000 0.565
4855.000 0.568
4860.000 0.576
4865.000 0.576
4870.000 0.587
4875.000 0.591
4880.000 0.603
4885.000 0.611
4890.000 0.623
4895.000 0.639
4900.000 0.658
4905.000 0.672
4910.000 0.699
4915.000 0.713
4920.000 0.738
4925.000 0.782
4930.000 0.827
4935.000 0.891
4940.000 0.960
4945.000 1.085
4950.000 1.259
4955.000 1.500
4960.000 1.967
4965.000 2.794
4970.000 3.470
4975.000 5.693
4980.000 5.323
4985.000 3.216
4990.000 2.395
4995.000 2.626
5000.000 2.393
5005.000 2.417
5010.000 1.527
5015.000 1.333
5020.000 1.151
5025.000 0.992
5030.000 0.916
5035.000 0.875
5040.000 0.812
5045.000 0.771
5050.000 0.727
5055.000 0.697
5060.000 0.673
5065.000 0.648
5070.000 0.634
5075.000 0.617
5080.000 0.604
5085.000 0.593
5090.000 0.586
5095.000 0.582
5100.000 0.576
5105.000 0.573
5110.000 0.566
5115.000 0.561
5120.000 0.554
5125.000 0.552
5130.000 0.543
5135.000 0.538
5140.000 0.534
5145.000 0.528
5150.000 0.524
5155.000 0.522
5160.000 0.520
5165.000 0.520
5170.000 0.517
5175.000 0.517
5180.000 0.516
5185.000 0.513
5190.000 0.509
5195.000 0.510
5200.000 0.504
5205.000 0.500
5210.000 0.495
5215.000 0.497
5220.000 0.496
5225.000 0.492
5230.000 0.491
5235.000 0.491
5240.000 0.489
5245.000 0.491
5250.000 0.491
5255.000 0.490
5260.000 0.490
5265.000 0.486
5270.000 0.490
5275.000 0.486
5280.000 0.486
5285.000 0.479
5290.000 0.479
5295.000 0.480
5300.000 0.479
5305.000 0.479
5310.000 0.481
5315.000 0.485
5320.000 0.485
5325.000 0.487
5330.000 0.489
5335.000 0.489
5340.000 0.488
5345.000 0.490
5350.000 0.492
5355.000 0.488
5360.000 0.489
5365.000 0.484
5370.000 0.487
5375.000 0.490
5380.000 0.494
5385.000 0.497
5390.000 0.500
5395.000 0.503
5400.000 0.510
5405.000 0.509
5410.000 0.507
5415.000 0.511
5420.000 0.513
5425.000 0.513
5430.000 0.513
5435.000 0.517
5440.000 0.517
5445.000 0.514
5450.000 0.521
5455.000 0.520
5460.000 0.524
5465.000 0.531
5470.000 0.538
5475.000 0.537
5480.000 0.542
5485.000 0.540
5490.000 0.547
5495.000 0.547
5500.000 0.549
5505.000 0.550
5510.000 0.553
5515.000 0.554
5520.000 0.549
5525.000 0.553
5530.000 0.559
5535.000 0.563
5540.000 0.565
5545.000 0.574
5550.000 0.575
5555.000 0.580
5560.000 0.583
5565.000 0.587
5570.000 0.587
5575.000 0.592
5580.000 0.590
5585.000 0.590
5590.000 0.593
5595.000 0.589
5600.000 0.596
5605.000 0.596
5610.000 0.607
5615.000 0.604
5620.000 0.605
5625.000 0.612
5630.000 0.614
5635.000 0.616
5640.000 0.619
5645.000 0.620
5650.000 0.618
5655.000 0.621
5660.000 0.624
5665.000 0.623
5670.000 0.626
5675.000 0.625
5680.000 0.630
5685.000 0.638
5690.000 0.641
5695.000 0.647
5700.000 0.646
5705.000 0.650
5710.000 0.656
5715.000 0.654
5720.000 0.655
5725.000 0.659
5730.000 0.660
5735.000 0.662
5740.000 0.665
5745.000 0.668
5750.000 0.674
5755.000 0.677
5760.000 0.680
5765.000 0.686
5770.000 0.690
5775.000 0.693
5780.000 0.699
5785.000 0.705
5790.000 0.707
5795.000 0.702
5800.000 0.709
5805.000 0.711
5810.000 0.715
5815.000 0.720
5820.000 0.724
5825.000 0.725
5830.000 0.734
5835.000 0.735
5840.000 0.741
5845.000 0.752
5850.000 0.758
5855.000 0.761
5860.000 0.768
5865.000 0.775
5870.000 0.778
5875.000 0.780
5880.000 0.786
5885.000 0.788
5890.000 0.794
5895.000 0.797
5900.000 0.808
5905.000 0.814
5910.000 0.823
5915.000 0.832
5920.000 0.843
5925.000 0.853
5930.000 0.860
5935.000 0.868
5940.000 0.879
5945.000 0.881
5950.000 0.884
5955.000 0.896
5960.000 0.905
5965.000 0.909
5970.000 0.924
5975.000 0.944
5980.000 0.939
5985.000 0.965
5990.000 0.978
5995.000 0.979
6000.000 1.007
6005.000 1.015
6010.000 1.024
6015.000 1.027
6020.000 1.042
6025.000 1.052
6030.000 1.079
6035.000 1.082
6040.000 1.109
6045.000 1.126
6050.000 1.146
6055.000 1.170
6060.000 1.185
6065.000 1.212
6070.000 1.224
6075.000 1.244
6080.000 1.267
6085.000 1.292
6090.000 1.320
6095.000 1.348
6100.000 1.381
6105.000 1.408
6110.000 1.449
6115.000 1.486
6120.000 1.533
6125.000 1.579
6130.000 1.635
6135.000 1.660
6140.000 1.716
6145.000 1.785
6150.000 1.858
6155.000 1.935
6160.000 2.036
6165.000 2.136
6170.000 2.256
6175.000 2.388
6180.000 2.530
6185.000 2.730
6190.000 2.834
6195.000 3.054
6200.000 3.383
6205.000 3.754
6210.000 4.231
6215.000 4.868
6220.000 5.607
6225.000 6.859
6230.000 8.244
6235.000 9.321
6240.000 8.571
6245.000 5.333
6250.000 4.607
6255.000 4.782
6260.000 3.804
6265.000 3.133
6270.000 2.832
6275.000 2.689
6280.000 2.651
6285.000 2.634
6290.000 2.592
6295.000 2.528
6300.000 2.439
6305.000 2.316
6310.000 2.198
6315.000 2.127
6320.000 2.008
6325.000 1.904
6330.000 1.788
6335.000 1.691
6340.000 1.602
6345.000 1.515
6350.000 1.453
6355.000 1.374
6360.000 1.313
6365.000 1.250
6370.000 1.199
6375.000 1.175
6380.000 1.123
6385.000 1.080
6390.000 1.042
6395.000 1.005
6400.000 0.971
6405.000 0.943
6410.000 0.912
6415.000 0.888
6420.000 0.867
6425.000 0.846
6430.000 0.836
6435.000 0.812
6440.000 0.790
6445.000 0.772
6450.000 0.755
6455.000 0.739
6460.000 0.722
6465.000 0.711
6470.000 0.697
6475.000 0.685
6480.000 0.675
6485.000 0.664
6490.000 0.656
6495.000 0.652
6500.000 0.644
6505.000 0.638
6510.000 0.626
6515.000 0.621
6520.000 0.615
6525.000 0.604
6530.000 0.600
6535.000 0.592
6540.000 0.585
6545.000 0.584
6550.000 0.579
6555.000 0.586
6560.000 0.613
6565.000 0.914
6570.000 1.781
6575.000 3.784
6580.000 5.659
6585.000 2.593
6590.000 0.426
6595.000 0.307
6600.000 0.408
6605.000 0.423
6610.000 0.458
6615.000 0.452
6620.000 0.460
6625.000 0.462
6630.000 0.464
6635.000 0.465
6640.000 0.474
6645.000 0.472
6650.000 0.473
6655.000 0.476
6660.000 0.475
6665.000 0.469
6670.000 0.471
6675.000 0.470
6680.000 0.463
6685.000 0.463
6690.000 0.459
6695.000 0.462
6700.000 0.460
6705.000 0.463
6710.000 0.462
6715.000 0.466
6720.000 0.464
6725.000 0.468
6730.000 0.463
6735.000 0.466
6740.000 0.464
6745.000 0.459
6750.000 0.460
6755.000 0.455
6760.000 0.452
6765.000 0.452
6770.000 0.450
6775.000 0.453
6780.000 0.454
6785.000 0.461
6790.000 0.454
6795.000 0.459
6800.000 0.457
6805.000 0.456
6810.000 0.454
6815.000 0.453
6820.000 0.449
6825.000 0.448
6830.000 0.447
6835.000 0.441
6840.000 0.445
6845.000 0.444
6850.000 0.447
6855.000 0.447
6860.000 0.449
6865.000 0.451
6870.000 0.450
6875.000 0.450
6880.000 0.453
6885.000 0.449
6890.000 0.443
6895.000 0.447
6900.000 0.441
6905.000 0.436
6910.000 0.441
6915.000 0.438
6920.000 0.438
6925.000 0.439
6930.000 0.442
6935.000 0.440
6940.000 0.448
6945.000 0.449
6950.000 0.444
6955.000 0.442
6960.000 0.442
6965.000 0.445
6970.000 0.437
6975.000 0.439
6980.000 0.436
6985.000 0.426
6990.000 0.426
6995.000 0.430
7000.000 0.431
7005.000 0.442
7010.000 0.435
7015.000 0.444
7020.000 0.435
7025.000 0.446
7030.000 0.434
7035.000 0.440
7040.000 0.430
7045.000 0.426
7050.000 0.433
7055.000 0.429
7060.000 0.423
7065.000 0.430
7070.000 0.430
7075.000 0.428
7080.000 0.434
7085.000 0.435
7090.000 0.434
7095.000 0.434
7100.000 0.432
7105.000 0.434
7110.000 0.429
7115.000 0.430
7120.000 0.425
7125.000 0.423
7130.000 0.419
7135.000 0.418
7140.000 0.417
7145.000 0.422
7150.000 0.419
7155.000 0.425
7160.000 0.427
7165.000 0.426
7170.000 0.426
7175.000 0.424
7180.000 0.422
7185.000 0.421
7190.000 0.416
7195.000 0.414
7200.000 0.412
7205.000 0.412
7210.000 0.410
7215.000 0.409
7220.000 0.410
7225.000 0.410
7230.000 0.418
7235.000 0.416
7240.000 0.417
7245.000 0.415
7250.000 0.412
7255.000 0.409
7260.000 0.409
7265.000 0.403
7270.000 0.398
7275.000 0.395
7280.000 0.395
7285.000 0.392
7290.000 0.399
7295.000 0.396
7300.000 0.396
7305.000 0.398
7310.000 0.397
7315.000 0.400
7320.000 0.392
7325.000 0.393
7330.000 0.384
7335.000 0.386
7340.000 0.378
7345.000 0.383
7350.000 0.381
7355.000 0.378
7360.000 0.383
7365.000 0.380
7370.000 0.391
7375.000 0.387
7380.000 0.395
7385.000 0.397
7390.000 0.400
7395.000 0.406
7400.000 0.421
7405.000 0.428
7410.000 0.450
7415.000 0.481
7420.000 0.521
7425.000 0.589
7430.000 0.663
7435.000 0.786
7440.000 0.935
7445.000 1.084
7450.000 1.232
7455.000 1.187
7460.000 1.023
7465.000 1.014
7470.000 1.164
7475.000 1.218
7480.000 1.397
7485.000 1.450
7490.000 1.193
7495.000 0.974
7500.000 0.856
7505.000 0.804
7510.000 0.768
7515.000 0.728
7520.000 0.704
7525.000 0.683
7530.000 0.671
7535.000 0.659
7540.000 0.643
7545.000 0.630
7550.000 0.614
7555.000 0.603
7560.000 0.590
7565.000 0.576
7570.000 0.567
7575.000 0.555
7580.000 0.550
7585.000 0.544
7590.000 0.542
7595.000 0.538
7600.000 0.536
7605.000 0.535
7610.000 0.528
7615.000 0.526
7620.000 0.522
7625.000 0.516
7630.000 0.511
7635.000 0.504
7640.000 0.496
7645.000 0.489
7650.000 0.488
7655.000 0.487
7660.000 0.485
7665.000 0.486
7670.000 0.484
7675.000 0.481
7680.000 0.483
7685.000 0.478
7690.000 0.479
7695.000 0.475
7700.000 0.471
7705.000 0.463
7710.000 0.464
7715.000 0.461
7720.000 0.455
7725.000 0.452
7730.000 0.451
7735.000 0.452
7740.000 0.449
7745.000 0.453
7750.000 0.448
7755.000 0.452
7760.000 0.450
7765.000 0.445
7770.000 0.442
7775.000 0.439
7780.000 0.440
7785.000 0.427
7790.000 0.427
7795.000 0.424
7800.000 0.420
7805.000 0.417
7810.000 0.420
7815.000 0.420
7820.000 0.422
7825.000 0.422
7830.000 0.420
7835.000 0.418
7840.000 0.413
7845.000 0.408
7850.000 0.398
7855.000 0.397
7860.000 0.394
7865.000 0.390
7870.000 0.386
7875.000 0.383
7880.000 0.383
7885.000 0.379
7890.000 0.382
7895.000 0.379
7900.000 0.378
7905.000 0.374
7910.000 0.376
7915.000 0.363
7920.000 0.361
7925.000 0.357
7930.000 0.347
7935.000 0.339
7940.000 0.332
7945.000 0.326
7950.000 0.327
7955.000 0.325
7960.000 0.322
7965.000 0.329
7970.000 0.315
7975.000 0.316
7980.000 0.316
7985.000 0.304
7990.000 0.301
7995.000 0.305
8000.000 0.304
8005.000 0.308
8010.000 0.321
8015.000 0.340
8020.000 0.362
8025.000 0.426
8030.000 0.485
8035.000 0.580
8040.000 0.720
8045.000 0.924
8050.000 1.280
8055.000 1.751
8060.000 2.961
8065.000 5.313
8070.000 7.422
8075.000 1.917
8080.000 2.806
8085.000 2.010
8090.000 1.370
8095.000 1.253
8100.000 1.110
8105.000 1.020
8110.000 0.950
8115.000 0.895
8120.000 0.864
8125.000 0.815
8130.000 0.787
8135.000 0.753
8140.000 0.740
8145.000 0.720
8150.000 0.690
8155.000 0.668
8160.000 0.653
8165.000 0.635
8170.000 0.623
8175.000 0.614
8180.000 0.605
8185.000 0.604
8190.000 0.593
8195.000 0.583
8200.000 0.583
8205.000 0.573
8210.000 0.571
8215.000 0.556
8220.000 0.547
8225.000 0.541
8230.000 0.527
8235.000 0.524
8240.000 0.514
8245.000 0.510
8250.000 0.507
8255.000 0.504
8260.000 0.501
8265.000 0.498
8270.000 0.497
8275.000 0.495
8280.000 0.490
8285.000 0.487
8290.000 0.474
8295.000 0.470
8300.000 0.463
8305.000 0.453
8310.000 0.450
8315.000 0.443
8320.000 0.445
8325.000 0.440
8330.000 0.441
8335.000 0.439
8340.000 0.436
8345.000 0.434
8350.000 0.429
8355.000 0.424
8360.000 0.420
8365.000 0.412
8370.000 0.404
8375.000 0.399
8380.000 0.391
8385.000 0.386
8390.000 0.380
8395.000 0.385
8400.000 0.376
8405.000 0.378
8410.000 0.376
8415.000 0.370
8420.000 0.369
8425.000 0.362
8430.000 0.359
8435.000 0.346
8440.000 0.343
8445.000 0.333
8450.000 0.327
8455.000 0.322
8460.000 0.315
8465.000 0.314
8470.000 0.312
8475.000 0.308
8480.000 0.309
8485.000 0.311
8490.000 0.309
8495.000 0.309
8500.000 0.301
8505.000 0.308
8510.000 0.315
8515.000 0.325
8520.000 0.357
8525.000 0.412
8530.000 0.537
8535.000 0.742
8540.000 1.376
8545.000 2.578
8550.000 3.807
8555.000 1.571
8560.000 1.480
8565.000 0.854
8570.000 1.048
8575.000 0.920
8580.000 0.967
8585.000 1.028
8590.000 1.098
8595.000 1.210
8600.000 1.331
8605.000 1.513
8610.000 1.725
8615.000 1.965
8620.000 2.339
8625.000 2.547
8630.000 2.970
8635.000 3.659
8640.000 4.322
8645.000 5.020
8650.000 5.243
8655.000 4.907
8660.000 4.041
8665.000 3.370
8670.000 2.670
8675.000 2.316
8680.000 2.250
8685.000 2.224
8690.000 2.174
8695.000 1.976
8700.000 1.806
8705.000 1.799
8710.000 1.774
8715.000 1.726
8720.000 1.672
8725.000 1.616
8730.000 1.568
8735.000 1.507
8740.000 1.456
8745.000 1.439
8750.000 1.391
8755.000 1.355
8760.000 1.318
8765.000 1.286
8770.000 1.262
8775.000 1.235
8780.000 1.212
8785.000 1.194
8790.000 1.172
8795.000 1.151
8800.000 1.133
8805.000 1.114
8810.000 1.103
8815.000 1.079
8820.000 1.053
8825.000 1.025
8830.000 1.021
8835.000 1.028
8840.000 1.017
8845.000 1.002
8850.000 0.999
8855.000 0.988
8860.000 0.985
8865.000 0.972
8870.000 0.968
8875.000 0.956
8880.000 0.945
8885.000 0.938
8890.000 0.924
8895.000 0.914
8900.000 0.907
8905.000 0.900
8910.000 0.895
8915.000 0.890
8920.000 0.890
8925.000 0.886
8930.000 0.884
8935.000 0.879
8940.000 0.877
8945.000 0.873
8950.000 0.864
8955.000 0.853
8960.000 0.846
8965.000 0.840
8970.000 0.830
8975.000 0.826
8980.000 0.835
8985.000 0.823
8990.000 0.827
8995.000 0.821
9000.000 0.830
9005.000 0.825
9010.000 0.826
9015.000 0.813
9020.000 0.809
9025.000 0.803
9030.000 0.802
9035.000 0.791
9040.000 0.791
9045.000 0.783
9050.000 0.781
9055.000 0.783
9060.000 0.784
9065.000 0.776
9070.000 0.788
9075.000 0.786
9080.000 0.782
9085.000 0.786
9090.000 0.780
9095.000 0.773
9100.000 0.768
9105.000 0.767
9110.000 0.758
9115.000 0.759
9120.000 0.754
9125.000 0.756
9130.000 0.756
9135.000 0.759
9140.000 0.760
9145.000 0.759
9150.000 0.760
9155.000 0.759
9160.000 0.757
9165.000 0.757
9170.000 0.757
9175.000 0.745
9180.000 0.748
9185.000 0.742
9190.000 0.739
9195.000 0.735
9200.000 0.738
9205.000 0.741
9210.000 0.743
9215.000 0.742
9220.000 0.746
9225.000 0.749
9230.000 0.746
9235.000 0.745
9240.000 0.742
9245.000 0.740
9250.000 0.735
9255.000 0.730
9260.000 0.731
9265.000 0.729
9270.000 0.728
9275.000 0.729
9280.000 0.732
9285.000 0.735
9290.000 0.741
9295.000 0.744
9300.000 0.741
9305.000 0.743
9310.000 0.743
9315.000 0.742
9320.000 0.737
9325.000 0.739
9330.000 0.731
9335.000 0.732
9340.000 0.732
9345.000 0.733
9350.000 0.733
9355.000 0.738
9360.000 0.742
9365.000 0.743
9370.000 0.753
9375.000 0.755
9380.000 0.758
9385.000 0.757
9390.000 0.764
9395.000 0.758
9400.000 0.759
9405.000 0.760
9410.000 0.763
9415.000 0.764
9420.000 0.771
9425.000 0.783
9430.000 0.792
9435.000 0.812
9440.000 0.823
9445.000 0.843
9450.000 0.863
9455.000 0.895
9460.000 0.932
9465.000 0.996
9470.000 1.069
9475.000 1.161
9480.000 1.385
9485.000 1.701
9490.000 1.736
9495.000 1.197
9500.000 0.701
9505.000 0.809
9510.000 0.635
9515.000 0.646
9520.000 0.634
9525.000 0.639
9530.000 0.639
9535.000 0.644
9540.000 0.641
9545.000 0.650
9550.000 0.650
9555.000 0.654
9560.000 0.655
9565.000 0.660
9570.000 0.665
9575.000 0.675
9580.000 0.683
9585.000 0.683
9590.000 0.692
9595.000 0.695
9600.000 0.699
9605.000 0.698
9610.000 0.700
9615.000 0.701
9620.000 0.701
9625.000 0.701
9630.000 0.706
9635.000 0.707
9640.000 0.717
9645.000 0.719
9650.000 0.727
9655.000 0.734
9660.000 0.737
9665.000 0.743
9670.000 0.751
9675.000 0.751
9680.000 0.756
9685.000 0.758
9690.000 0.762
9695.000 0.766
9700.000 0.773
9705.000 0.778
9710.000 0.789
9715.000 0.799
9720.000 0.807
9725.000 0.821
9730.000 0.833
9735.000 0.850
9740.000 0.865
9745.000 0.881
9750.000 0.902
9755.000 0.919
9760.000 0.939
9765.000 0.969
9770.000 0.988
9775.000 1.030
9780.000 1.053
9785.000 1.096
9790.000 1.162
9795.000 1.222
9800.000 1.330
9805.000 1.420
9810.000 1.507
9815.000 1.632
9820.000 1.680
9825.000 1.591
9830.000 1.360
9835.000 1.097
9840.000 0.772
9845.000 0.658
9850.000 0.495
9855.000 0.332
9860.000 0.235
9865.000 0.104
9870.000 0.023
9875.000 0.143
9880.000 0.269
9885.000 0.365
9890.000 0.451
9895.000 0.442
9900.000 0.425
9905.000 0.400
9910.000 0.404
9915.000 0.404
9920.000 0.415
9925.000 0.421
9930.000 0.429
9935.000 0.431
9940.000 0.444
9945.000 0.452
9950.000 0.461
9955.000 0.468
9960.000 0.468
9965.000 0.473
9970.000 0.473
9975.000 0.477
9980.000 0.479
9985.000 0.484
9990.000 0.483
9995.000 0.481
10000.000 0.494
10005.000 0.497
10010.000 0.495
10015.000 0.503
10020.000 0.508
10025.000 0.509
10030.000 0.515
10035.000 0.513
10040.000 0.519
10045.000 0.522
10050.000 0.517
10055.000 0.519
10060.000 0.519
10065.000 0.519
10070.000 0.519
10075.000 0.524
10080.000 0.524
10085.000 0.530
10090.000 0.533
10095.000 0.534
10100.000 0.544
10105.000 0.541
10110.000 0.547
10115.000 0.549
10120.000 0.552
10125.000 0.551
10130.000 0.551
10135.000 0.553
10140.000 0.552
10145.000 0.557
10150.000 0.560
10155.000 0.575
10160.000 0.593
10165.000 0.633
10170.000 0.705
10175.000 0.789
10180.000 1.007
10185.000 1.272
10190.000 2.196
10195.000 1.095
10200.000 0.778
10205.000 0.591
10210.000 0.615
10215.000 0.604
10220.000 0.593
10225.000 0.588
10230.000 0.585
10235.000 0.581
10240.000 0.583
10245.000 0.582
10250.000 0.587
10255.000 0.587
10260.000 0.581
10265.000 0.585
10270.000 0.582
10275.000 0.580
10280.000 0.573
10285.000 0.577
10290.000 0.573
10295.000 0.574
10300.000 0.576
10305.000 0.581
10310.000 0.582
10315.000 0.588
10320.000 0.590
10325.000 0.592
10330.000 0.591
10335.000 0.596
10340.000 0.588
10345.000 0.589
10350.000 0.588
10355.000 0.582
10360.000 0.586
10365.000 0.583
10370.000 0.588
10375.000 0.592
10380.000 0.594
10385.000 0.594
10390.000 0.594
10395.000 0.603
10400.000 0.607
10405.000 0.604
10410.000 0.609
10415.000 0.607
10420.000 0.603
10425.000 0.602
10430.000 0.601
10435.000 0.600
10440.000 0.600
10445.000 0.603
10450.000 0.605
10455.000 0.609
10460.000 0.614
10465.000 0.620
10470.000 0.623
10475.000 0.623
10480.000 0.626
10485.000 0.624
10490.000 0.624
10495.000 0.625
10500.000 0.620
10505.000 0.622
10510.000 0.619
10515.000 0.624
10520.000 0.626
10525.000 0.634
10530.000 0.633
10535.000 0.640
10540.000 0.644
10545.000 0.647
10550.000 0.650
10555.000 0.653
10560.000 0.647
10565.000 0.651
10570.000 0.651
10575.000 0.649
10580.000 0.649
10585.000 0.655
10590.000 0.654
10595.000 0.661
10600.000 0.665
10605.000 0.671
10610.000 0.670
10615.000 0.684
10620.000 0.686
10625.000 0.687
10630.000 0.692
10635.000 0.694
10640.000 0.690
10645.000 0.696
10650.000 0.694
10655.000 0.702
10660.000 0.704
10665.000 0.710
10670.000 0.718
10675.000 0.726
10680.000 0.734
10685.000 0.738
10690.000 0.742
10695.000 0.752
10700.000 0.758
10705.000 0.763
10710.000 0.769
10715.000 0.775
10720.000 0.780
10725.000 0.790
10730.000 0.796
10735.000 0.806
10740.000 0.817
10745.000 0.838
10750.000 0.848
10755.000 0.853
10760.000 0.877
10765.000 0.897
10770.000 0.910
10775.000 0.931
10780.000 0.954
10785.000 0.975
10790.000 0.999
10795.000 1.029
10800.000 1.069
10805.000 1.105
10810.000 1.166
10815.000 1.197
10820.000 1.255
10825.000 1.361
10830.000 1.470
10835.000 1.590
10840.000 1.799
10845.000 2.024
10850.000 2.331
10855.000 2.643
10860.000 2.707
10865.000 2.104
10870.000 1.668
10875.000 1.071
10880.000 0.512
10885.000 0.161
10890.000 0.279
10895.000 0.166
10900.000 0.178
10905.000 0.235
10910.000 0.287
10915.000 0.361
10920.000 0.418
10925.000 0.469
10930.000 0.526
10935.000 0.554
10940.000 0.597
10945.000 0.657
10950.000 0.709
10955.000 0.785
10960.000 0.865
10965.000 0.939
10970.000 1.044
10975.000 1.135
10980.000 1.277
10985.000 1.399
10990.000 1.493
10995.000 1.542
11000.000 1.547
11005.000 1.461
11010.000 1.264
11015.000 1.079
11020.000 0.848
11025.000 0.690
11030.000 0.559
11035.000 0.447
11040.000 0.372
11045.000 0.282
11050.000 0.236
11055.000 0.213
11060.000 0.232
11065.000 0.276
11070.000 0.286
11075.000 0.248
11080.000 0.192
11085.000 0.146
11090.000 0.131
11095.000 0.122
11100.000 0.122
11105.000 0.123
11110.000 0.130
11115.000 0.133
11120.000 0.139
11125.000 0.150
11130.000 0.155
11135.000 0.163
11140.000 0.171
11145.000 0.170
11150.000 0.177
11155.000 0.180
11160.000 0.185
11165.000 0.191
11170.000 0.198
11175.000 0.202
11180.000 0.204
11185.000 0.214
11190.000 0.221
11195.000 0.226
11200.000 0.231
11205.000 0.236
11210.000 0.237
11215.000 0.241
11220.000 0.243
11225.000 0.242
11230.000 0.247
11235.000 0.246
11240.000 0.250
11245.000 0.250
11250.000 0.252
11255.000 0.255
11260.000 0.259
11265.000 0.268
11270.000 0.269
11275.000 0.275
11280.000 0.275
11285.000 0.281
11290.000 0.278
11295.000 0.278
11300.000 0.277
11305.000 0.278
11310.000 0.279
11315.000 0.279
11320.000 0.279
11325.000 0.283
11330.000 0.286
11335.000 0.286
11340.000 0.292
11345.000 0.296
11350.000 0.298
11355.000 0.295
11360.000 0.300
11365.000 0.297
11370.000 0.299
11375.000 0.297
11380.000 0.296
11385.000 0.292
11390.000 0.291
11395.000 0.300
11400.000 0.297
11405.000 0.299
11410.000 0.299
11415.000 0.305
11420.000 0.308
11425.000 0.307
11430.000 0.308
11435.000 0.307
11440.000 0.310
11445.000 0.305
11450.000 0.304
11455.000 0.302
11460.000 0.302
11465.000 0.305
11470.000 0.304
11475.000 0.305
11480.000 0.308
11485.000 0.307
11490.000 0.308
11495.000 0.311
11500.000 0.311
11505.000 0.311
11510.000 0.307
11515.000 0.307
11520.000 0.304
11525.000 0.303
11530.000 0.300
11535.000 0.302
11540.000 0.300
11545.000 0.301
11550.000 0.302
11555.000 0.301
11560.000 0.304
11565.000 0.301
11570.000 0.301
11575.000 0.301
11580.000 0.299
11585.000 0.295
11590.000 0.294
11595.000 0.291
11600.000 0.287
11605.000 0.285
11610.000 0.277
11615.000 0.280
11620.000 0.274
11625.000 0.272
11630.000 0.271
11635.000 0.268
11640.000 0.268
11645.000 0.259
11650.000 0.259
11655.000 0.251
11660.000 0.241
11665.000 0.237
11670.000 0.225
11675.000 0.214
11680.000 0.205
11685.000 0.192
11690.000 0.176
11695.000 0.162
11700.000 0.158
11705.000 0.163
11710.000 0.198
11715.000 0.264
11720.000 0.444
11725.000 0.561
11730.000 0.831
11735.000 1.223
11740.000 1.250
11745.000 1.582
11750.000 1.026
11755.000 0.908
11760.000 0.757
11765.000 0.721
11770.000 0.653
11775.000 0.615
11780.000 0.589
11785.000 0.564
11790.000 0.556
11795.000 0.542
11800.000 0.526
11805.000 0.511
11810.000 0.500
11815.000 0.493
11820.000 0.479
11825.000 0.470
11830.000 0.464
11835.000 0.461
11840.000 0.455
11845.000 0.452
11850.000 0.448
11855.000 0.446
11860.000 0.445
11865.000 0.441
11870.000 0.437
11875.000 0.433
11880.000 0.428
11885.000 0.424
11890.000 0.421
11895.000 0.413
11900.000 0.413
11905.000 0.414
11910.000 0.409
11915.000 0.410
11920.000 0.407
11925.000 0.409
11930.000 0.407
11935.000 0.403
11940.000 0.405
11945.000 0.402
11950.000 0.401
11955.000 0.397
11960.000 0.394
11965.000 0.391
11970.000 0.392
11975.000 0.391
11980.000 0.387
11985.000 0.392
11990.000 0.391
11995.000 0.389
12000.000 0.394
