105.000 1.931
110.000 2.043
115.000 2.110
120.000 2.113
125.000 2.154
130.000 2.132
135.000 2.151
140.000 2.186
145.000 2.176
150.000 2.172
155.000 2.169
160.000 2.221
165.000 2.160
170.000 2.214
175.000 2.217
180.000 2.309
185.000 2.301
190.000 2.292
195.000 2.314
200.000 2.298
205.000 2.353
210.000 2.369
215.000 2.406
220.000 2.441
225.000 2.472
230.000 2.492
235.000 2.505
240.000 2.536
245.000 2.563
250.000 2.610
255.000 2.672
260.000 2.729
265.000 2.736
270.000 2.820
275.000 2.882
280.000 2.920
285.000 2.980
290.000 3.056
295.000 3.103
300.000 3.165
305.000 3.296
310.000 3.345
315.000 3.429
320.000 3.576
325.000 3.693
330.000 3.789
335.000 3.940
340.000 4.066
345.000 4.266
350.000 4.430
355.000 4.621
360.000 4.721
365.000 4.919
370.000 5.267
375.000 5.361
380.000 5.565
385.000 5.790
390.000 5.982
395.000 6.132
400.000 6.232
405.000 6.285
410.000 6.261
415.000 6.178
420.000 6.096
425.000 5.785
430.000 5.641
435.000 5.194
440.000 5.038
445.000 4.727
450.000 4.408
455.000 4.111
460.000 3.826
465.000 3.559
470.000 3.331
475.000 3.108
480.000 2.993
485.000 2.725
490.000 2.644
495.000 2.487
500.000 2.328
505.000 2.215
510.000 2.097
515.000 1.979
520.000 1.875
525.000 1.783
530.000 1.695
535.000 1.668
540.000 1.590
545.000 1.498
550.000 1.455
555.000 1.390
560.000 1.336
565.000 1.292
570.000 1.240
575.000 1.188
580.000 1.144
585.000 1.115
590.000 1.082
595.000 1.040
600.000 1.009
605.000 0.975
610.000 0.972
615.000 0.927
620.000 0.915
625.000 0.881
630.000 0.858
635.000 0.842
640.000 0.814
645.000 0.802
650.000 0.785
655.000 0.765
660.000 0.755
665.000 0.736
670.000 0.731
675.000 0.711
680.000 0.702
685.000 0.692
690.000 0.680
695.000 0.660
700.000 0.652
705.000 0.649
710.000 0.637
715.000 0.624
720.000 0.623
725.000 0.618
730.000 0.601
735.000 0.596
740.000 0.594
745.000 0.585
750.000 0.575
755.000 0.582
760.000 0.561
765.000 0.567
770.000 0.554
775.000 0.548
780.000 0.560
785.000 0.557
790.000 0.552
795.000 0.557
800.000 0.548
805.000 0.544
810.000 0.541
815.000 0.535
820.000 0.529
825.000 0.524
830.000 0.524
835.000 0.521
840.000 0.516
845.000 0.519
850.000 0.515
855.000 0.511
860.000 0.509
865.000 0.507
870.000 0.501
875.000 0.504
880.000 0.499
885.000 0.500
890.000 0.495
895.000 0.508
900.000 0.498
905.000 0.495
910.000 0.492
915.000 0.495
920.000 0.498
925.000 0.501
930.000 0.500
935.000 0.492
940.000 0.493
945.000 0.485
950.000 0.492
955.000 0.493
960.000 0.498
965.000 0.489
970.000 0.496
975.000 0.493
980.000 0.486
985.000 0.494
990.000 0.489
995.000 0.497
1000.000 0.487
1005.000 0.480
1010.000 0.495
1015.000 0.488
1020.000 0.493
1025.000 0.488
1030.000 0.496
1035.000 0.499
1040.000 0.495
1045.000 0.496
1050.000 0.496
1055.000 0.491
1060.000 0.487
1065.000 0.494
1070.000 0.495
1075.000 0.487
1080.000 0.488
1085.000 0.491
1090.000 0.495
1095.000 0.494
1100.000 0.493
1105.000 0.497
1110.000 0.498
1115.000 0.499
1120.000 0.493
1125.000 0.497
1130.000 0.502
1135.000 0.500
1140.000 0.499
1145.000 0.501
1150.000 0.497
1155.000 0.500
1160.000 0.498
1165.000 0.504
1170.000 0.502
1175.000 0.500
1180.000 0.504
1185.000 0.505
1190.000 0.506
1195.000 0.510
1200.000 0.510
1205.000 0.503
1210.000 0.509
1215.000 0.513
1220.000 0.512
1225.000 0.507
1230.000 0.515
1235.000 0.519
1240.000 0.511
1245.000 0.512
1250.000 0.521
1255.000 0.516
1260.000 0.521
1265.000 0.520
1270.000 0.521
1275.000 0.525
1280.000 0.525
1285.000 0.523
1290.000 0.526
1295.000 0.526
1300.000 0.529
1305.000 0.534
1310.000 0.529
1315.000 0.533
1320.000 0.538
1325.000 0.537
1330.000 0.537
1335.000 0.537
1340.000 0.537
1345.000 0.547
1350.000 0.546
1355.000 0.548
1360.000 0.550
1365.000 0.547
1370.000 0.551
1375.000 0.550
1380.000 0.554
1385.000 0.556
1390.000 0.554
1395.000 0.560
1400.000 0.564
1405.000 0.559
1410.000 0.564
1415.000 0.562
1420.000 0.565
1425.000 0.562
1430.000 0.565
1435.000 0.558
1440.000 0.552
1445.000 0.555
1450.000 0.551
1455.000 0.554
1460.000 0.551
1465.000 0.553
1470.000 0.556
1475.000 0.561
1480.000 0.565
1485.000 0.571
1490.000 0.579
1495.000 0.587
1500.000 0.592
1505.000 0.604
1510.000 0.609
1515.000 0.615
1520.000 0.624
1525.000 0.634
1530.000 0.636
1535.000 0.640
1540.000 0.651
1545.000 0.659
1550.000 0.666
1555.000 0.674
1560.000 0.681
1565.000 0.687
1570.000 0.695
1575.000 0.702
1580.000 0.713
1585.000 0.719
1590.000 0.733
1595.000 0.738
1600.000 0.747
1605.000 0.760
1610.000 0.773
1615.000 0.776
1620.000 0.788
1625.000 0.801
1630.000 0.814
1635.000 0.819
1640.000 0.830
1645.000 0.847
1650.000 0.861
1655.000 0.871
1660.000 0.888
1665.000 0.898
1670.000 0.918
1675.000 0.934
1680.000 0.948
1685.000 0.966
1690.000 0.984
1695.000 0.999
1700.000 1.008
1705.000 1.027
1710.000 1.057
1715.000 1.080
1720.000 1.089
1725.000 1.112
1730.000 1.135
1735.000 1.162
1740.000 1.186
1745.000 1.212
1750.000 1.241
1755.000 1.247
1760.000 1.275
1765.000 1.302
1770.000 1.325
1775.000 1.354
1780.000 1.381
1785.000 1.402
1790.000 1.436
1795.000 1.458
1800.000 1.496
1805.000 1.519
1810.000 1.546
1815.000 1.560
1820.000 1.588
1825.000 1.613
1830.000 1.638
1835.000 1.657
1840.000 1.678
1845.000 1.697
1850.000 1.715
1855.000 1.728
1860.000 1.742
1865.000 1.766
1870.000 1.773
1875.000 1.786
1880.000 1.784
1885.000 1.793
1890.000 1.797
1895.000 1.803
1900.000 1.800
1905.000 1.798
1910.000 1.800
1915.000 1.794
1920.000 1.786
1925.000 1.779
1930.000 1.777
1935.000 1.773
1940.000 1.763
1945.000 1.756
1950.000 1.742
1955.000 1.729
1960.000 1.726
1965.000 1.725
1970.000 1.708
1975.000 1.689
1980.000 1.682
1985.000 1.669
1990.000 1.659
1995.000 1.653
2000.000 1.642
2005.000 1.628
2010.000 1.625
2015.000 1.611
2020.000 1.610
2025.000 1.598
2030.000 1.581
2035.000 1.577
2040.000 1.564
2045.000 1.569
2050.000 1.561
2055.000 1.552
2060.000 1.555
2065.000 1.548
2070.000 1.543
2075.000 1.547
2080.000 1.543
2085.000 1.540
2090.000 1.542
2095.000 1.548
2100.000 1.551
2105.000 1.554
2110.000 1.558
2115.000 1.557
2120.000 1.565
2125.000 1.572
2130.000 1.575
2135.000 1.583
2140.000 1.594
2145.000 1.607
2150.000 1.619
2155.000 1.633
2160.000 1.652
2165.000 1.673
2170.000 1.692
2175.000 1.714
2180.000 1.744
2185.000 1.756
2190.000 1.791
2195.000 1.822
2200.000 1.880
2205.000 1.903
2210.000 1.950
2215.000 2.010
2220.000 2.070
2225.000 2.145
2230.000 2.226
2235.000 2.323
2240.000 2.426
2245.000 2.500
2250.000 2.725
2255.000 2.909
2260.000 3.028
2265.000 3.279
2270.000 3.592
2275.000 4.025
2280.000 4.561
2285.000 5.381
2290.000 6.518
2295.000 8.138
2300.000 10.425
2305.000 12.161
2310.000 14.431
2315.000 15.938
2320.000 7.910
2325.000 5.581
2330.000 4.170
2335.000 3.306
2340.000 2.648
2345.000 2.210
2350.000 1.851
2355.000 1.582
2360.000 1.373
2365.000 1.191
2370.000 1.040
2375.000 0.975
2380.000 0.858
2385.000 0.761
2390.000 0.676
2395.000 0.600
2400.000 0.537
2405.000 0.476
2410.000 0.422
2415.000 0.376
2420.000 0.334
2425.000 0.298
2430.000 0.262
2435.000 0.231
2440.000 0.203
2445.000 0.196
2450.000 0.171
2455.000 0.153
2460.000 0.132
2465.000 0.123
2470.000 0.110
2475.000 0.101
2480.000 0.097
2485.000 0.087
2490.000 0.093
2495.000 0.093
2500.000 0.095
2505.000 0.096
2510.000 0.103
2515.000 0.103
2520.000 0.113
2525.000 0.116
2530.000 0.122
2535.000 0.131
2540.000 0.133
2545.000 0.138
2550.000 0.144
2555.000 0.148
2560.000 0.151
2565.000 0.155
2570.000 0.157
2575.000 0.161
2580.000 0.159
2585.000 0.165
2590.000 0.167
2595.000 0.171
2600.000 0.172
2605.000 0.177
2610.000 0.180
2615.000 0.182
2620.000 0.186
2625.000 0.182
2630.000 0.182
2635.000 0.184
2640.000 0.185
2645.000 0.183
2650.000 0.183
2655.000 0.179
2660.000 0.186
2665.000 0.184
2670.000 0.179
2675.000 0.179
2680.000 0.178
2685.000 0.176
2690.000 0.175
2695.000 0.173
2700.000 0.172
2705.000 0.171
2710.000 0.166
2715.000 0.162
2720.000 0.158
2725.000 0.154
2730.000 0.149
2735.000 0.147
2740.000 0.142
2745.000 0.135
2750.000 0.131
2755.000 0.129
2760.000 0.125
2765.000 0.120
2770.000 0.111
2775.000 0.105
2780.000 0.094
2785.000 0.090
2790.000 0.082
2795.000 0.079
2800.000 0.075
2805.000 0.066
2810.000 0.063
2815.000 0.055
2820.000 0.052
2825.000 0.043
2830.000 0.039
2835.000 0.035
2840.000 0.033
2845.000 0.034
2850.000 0.039
2855.000 0.044
2860.000 0.052
2865.000 0.062
2870.000 0.064
2875.000 0.073
2880.000 0.082
2885.000 0.092
2890.000 0.102
2895.000 0.110
2900.000 0.118
2905.000 0.127
2910.000 0.136
2915.000 0.151
2920.000 0.153
2925.000 0.166
2930.000 0.181
2935.000 0.179
2940.000 0.192
2945.000 0.197
2950.000 0.213
2955.000 0.219
2960.000 0.227
2965.000 0.242
2970.000 0.250
2975.000 0.259
2980.000 0.261
2985.000 0.279
2990.000 0.269
2995.000 0.284
3000.000 0.289
3005.000 0.297
3010.000 0.296
3015.000 0.319
3020.000 0.320
3025.000 0.333
3030.000 0.322
3035.000 0.336
3040.000 0.336
3045.000 0.354
3050.000 0.346
3055.000 0.352
3060.000 0.353
3065.000 0.368
3070.000 0.375
3075.000 0.369
3080.000 0.386
3085.000 0.384
3090.000 0.385
3095.000 0.392
3100.000 0.395
3105.000 0.402
3110.000 0.402
3115.000 0.405
3120.000 0.409
3125.000 0.413
3130.000 0.416
3135.000 0.421
3140.000 0.424
3145.000 0.426
3150.000 0.426
3155.000 0.430
3160.000 0.432
3165.000 0.435
3170.000 0.435
3175.000 0.439
3180.000 0.440
3185.000 0.439
3190.000 0.444
3195.000 0.447
3200.000 0.449
3205.000 0.451
3210.000 0.453
3215.000 0.455
3220.000 0.457
3225.000 0.455
3230.000 0.458
3235.000 0.459
3240.000 0.461
3245.000 0.460
3250.000 0.464
3255.000 0.465
3260.000 0.466
3265.000 0.467
3270.000 0.472
3275.000 0.476
3280.000 0.472
3285.000 0.476
3290.000 0.474
3295.000 0.473
3300.000 0.475
3305.000 0.475
3310.000 0.480
3315.000 0.477
3320.000 0.477
3325.000 0.481
3330.000 0.481
3335.000 0.483
3340.000 0.486
3345.000 0.483
3350.000 0.484
3355.000 0.486
3360.000 0.487
3365.000 0.490
3370.000 0.490
3375.000 0.491
3380.000 0.491
3385.000 0.489
3390.000 0.490
3395.000 0.493
3400.000 0.492
3405.000 0.496
3410.000 0.495
3415.000 0.497
3420.000 0.498
3425.000 0.499
3430.000 0.501
3435.000 0.501
3440.000 0.503
3445.000 0.500
3450.000 0.502
3455.000 0.507
3460.000 0.507
3465.000 0.505
3470.000 0.506
3475.000 0.506
3480.000 0.508
3485.000 0.507
3490.000 0.511
3495.000 0.512
3500.000 0.513
3505.000 0.513
3510.000 0.517
3515.000 0.515
3520.000 0.517
3525.000 0.517
3530.000 0.519
3535.000 0.519
3540.000 0.522
3545.000 0.523
3550.000 0.523
3555.000 0.520
3560.000 0.529
3565.000 0.529
3570.000 0.529
3575.000 0.537
3580.000 0.541
3585.000 0.541
3590.000 0.541
3595.000 0.545
3600.000 0.547
3605.000 0.546
3610.000 0.549
3615.000 0.551
3620.000 0.556
3625.000 0.556
3630.000 0.562
3635.000 0.567
3640.000 0.573
3645.000 0.577
3650.000 0.575
3655.000 0.576
3660.000 0.564
3665.000 0.559
3670.000 0.527
3675.000 0.477
3680.000 0.480
3685.000 0.939
3690.000 2.713
3695.000 6.522
3700.000 10.346
3705.000 5.935
3710.000 2.984
3715.000 1.788
3720.000 1.558
3725.000 1.147
3730.000 0.934
3735.000 0.799
3740.000 0.721
3745.000 0.662
3750.000 0.620
3755.000 0.592
3760.000 0.566
3765.000 0.556
3770.000 0.546
3775.000 0.535
3780.000 0.532
3785.000 0.528
3790.000 0.526
3795.000 0.519
3800.000 0.517
3805.000 0.518
3810.000 0.511
3815.000 0.512
3820.000 0.508
3825.000 0.505
3830.000 0.507
3835.000 0.505
3840.000 0.505
3845.000 0.502
3850.000 0.504
3855.000 0.508
3860.000 0.503
3865.000 0.506
3870.000 0.504
3875.000 0.509
3880.000 0.506
3885.000 0.508
3890.000 0.503
3895.000 0.505
3900.000 0.506
3905.000 0.502
3910.000 0.505
3915.000 0.501
3920.000 0.506
3925.000 0.509
3930.000 0.508
3935.000 0.502
3940.000 0.503
3945.000 0.509
3950.000 0.508
3955.000 0.510
3960.000 0.502
3965.000 0.510
3970.000 0.500
3975.000 0.500
3980.000 0.510
3985.000 0.500
3990.000 0.498
3995.000 0.513
4000.000 0.504
4005.000 0.507
4010.000 0.503
4015.000 0.511
4020.000 0.508
4025.000 0.510
4030.000 0.518
4035.000 0.520
4040.000 0.518
4045.000 0.508
4050.000 0.518
4055.000 0.517
4060.000 0.510
4065.000 0.516
4070.000 0.514
4075.000 0.519
4080.000 0.518
4085.000 0.518
4090.000 0.521
4095.000 0.521
4100.000 0.522
4105.000 0.523
4110.000 0.522
4115.000 0.524
4120.000 0.521
4125.000 0.520
4130.000 0.519
4135.000 0.525
4140.000 0.524
4145.000 0.525
4150.000 0.525
4155.000 0.527
4160.000 0.529
4165.000 0.528
4170.000 0.532
4175.000 0.530
4180.000 0.529
4185.000 0.534
4190.000 0.526
4195.000 0.527
4200.000 0.527
4205.000 0.525
4210.000 0.530
4215.000 0.526
4220.000 0.529
4225.000 0.527
4230.000 0.529
4235.000 0.528
4240.000 0.526
4245.000 0.526
4250.000 0.520
4255.000 0.521
4260.000 0.522
4265.000 0.519
4270.000 0.515
4275.000 0.516
4280.000 0.511
4285.000 0.513
4290.000 0.509
4295.000 0.515
4300.000 0.513
4305.000 0.516
4310.000 0.514
4315.000 0.515
4320.000 0.513
4325.000 0.517
4330.000 0.514
4335.000 0.511
4340.000 0.510
4345.000 0.510
4350.000 0.513
4355.000 0.510
4360.000 0.510
4365.000 0.509
4370.000 0.512
4375.000 0.514
4380.000 0.514
4385.000 0.517
4390.000 0.513
4395.000 0.516
4400.000 0.514
4405.000 0.513
4410.000 0.512
4415.000 0.518
4420.000 0.512
4425.000 0.510
4430.000 0.511
4435.000 0.511
4440.000 0.519
4445.000 0.512
4450.000 0.515
4455.000 0.522
4460.000 0.519
4465.000 0.517
4470.000 0.517
4475.000 0.515
4480.000 0.514
4485.000 0.513
4490.000 0.515
4495.000 0.515
4500.000 0.515
4505.000 0.515
4510.000 0.517
4515.000 0.516
4520.000 0.516
4525.000 0.520
4530.000 0.518
4535.000 0.524
4540.000 0.520
4545.000 0.519
4550.000 0.520
4555.000 0.520
4560.000 0.517
4565.000 0.517
4570.000 0.517
4575.000 0.519
4580.000 0.520
4585.000 0.520
4590.000 0.521
4595.000 0.522
4600.000 0.525
4605.000 0.522
4610.000 0.528
4615.000 0.527
4620.000 0.528
4625.000 0.527
4630.000 0.526
4635.000 0.527
4640.000 0.523
4645.000 0.522
4650.000 0.528
4655.000 0.526
4660.000 0.530
4665.000 0.530
4670.000 0.534
4675.000 0.536
4680.000 0.532
4685.000 0.537
4690.000 0.539
4695.000 0.543
4700.000 0.537
4705.000 0.545
4710.000 0.540
4715.000 0.546
4720.000 0.546
4725.000 0.550
4730.000 0.553
4735.000 0.557
4740.000 0.561
4745.000 0.563
4750.000 0.569
4755.000 0.573
4760.000 0.577
4765.000 0.581
4770.000 0.588
4775.000 0.591
4780.000 0.598
4785.000 0.605
4790.000 0.610
4795.000 0.621
4800.000 0.626
4805.000 0.640
4810.000 0.651
4815.000 0.658
4820.000 0.675
4825.000 0.690
4830.000 0.705
4835.000 0.731
4840.000 0.751
4845.000 0.772
4850.000 0.800
4855.000 0.825
4860.000 0.860
4865.000 0.879
4870.000 0.914
4875.000 0.958
4880.000 1.004
4885.000 1.059
4890.000 1.120
4895.000 1.188
4900.000 1.279
4905.000 1.357
4910.000 1.470
4915.000 1.600
4920.000 1.664
4925.000 1.835
4930.000 2.027
4935.000 2.402
4940.000 2.571
4945.000 2.918
4950.000 3.522
4955.000 4.309
4960.000 5.385
4965.000 7.550
4970.000 9.678
4975.000 9.223
4980.000 4.187
4985.000 9.981
4990.000 12.581
4995.000 10.137
5000.000 6.302
5005.000 5.207
5010.000 4.492
5015.000 3.819
5020.000 3.397
5025.000 3.086
5030.000 2.777
5035.000 2.581
5040.000 2.483
5045.000 2.310
5050.000 2.119
5055.000 2.012
5060.000 1.957
5065.000 1.876
5070.000 1.797
5075.000 1.731
5080.000 1.670
5085.000 1.618
5090.000 1.577
5095.000 1.534
5100.000 1.499
5105.000 1.468
5110.000 1.454
5115.000 1.427
5120.000 1.403
5125.000 1.378
5130.000 1.357
5135.000 1.335
5140.000 1.317
5145.000 1.295
5150.000 1.280
5155.000 1.267
5160.000 1.254
5165.000 1.249
5170.000 1.231
5175.000 1.223
5180.000 1.221
5185.000 1.212
5190.000 1.206
5195.000 1.198
5200.000 1.188
5205.000 1.179
5210.000 1.172
5215.000 1.165
5220.000 1.159
5225.000 1.149
5230.000 1.149
5235.000 1.142
5240.000 1.136
5245.000 1.136
5250.000 1.130
5255.000 1.130
5260.000 1.124
5265.000 1.120
5270.000 1.116
5275.000 1.112
5280.000 1.109
5285.000 1.103
5290.000 1.096
5295.000 1.088
5300.000 1.082
5305.000 1.078
5310.000 1.076
5315.000 1.070
5320.000 1.069
5325.000 1.065
5330.000 1.063
5335.000 1.057
5340.000 1.052
5345.000 1.047
5350.000 1.045
5355.000 1.036
5360.000 1.028
5365.000 1.022
5370.000 1.019
5375.000 1.008
5380.000 1.004
5385.000 0.998
5390.000 0.995
5395.000 0.989
5400.000 0.987
5405.000 0.981
5410.000 0.978
5415.000 0.975
5420.000 0.965
5425.000 0.961
5430.000 0.952
5435.000 0.949
5440.000 0.937
5445.000 0.930
5450.000 0.924
5455.000 0.919
5460.000 0.915
5465.000 0.910
5470.000 0.907
5475.000 0.902
5480.000 0.898
5485.000 0.894
5490.000 0.889
5495.000 0.881
5500.000 0.874
5505.000 0.872
5510.000 0.864
5515.000 0.855
5520.000 0.850
5525.000 0.849
5530.000 0.841
5535.000 0.838
5540.000 0.836
5545.000 0.834
5550.000 0.824
5555.000 0.822
5560.000 0.820
5565.000 0.814
5570.000 0.809
5575.000 0.803
5580.000 0.798
5585.000 0.792
5590.000 0.789
5595.000 0.788
5600.000 0.782
5605.000 0.780
5610.000 0.776
5615.000 0.775
5620.000 0.768
5625.000 0.770
5630.000 0.769
5635.000 0.763
5640.000 0.763
5645.000 0.760
5650.000 0.761
5655.000 0.753
5660.000 0.746
5665.000 0.746
5670.000 0.742
5675.000 0.742
5680.000 0.741
5685.000 0.738
5690.000 0.740
5695.000 0.737
5700.000 0.737
5705.000 0.734
5710.000 0.735
5715.000 0.735
5720.000 0.730
5725.000 0.729
5730.000 0.722
5735.000 0.721
5740.000 0.720
5745.000 0.717
5750.000 0.716
5755.000 0.721
5760.000 0.720
5765.000 0.722
5770.000 0.721
5775.000 0.721
5780.000 0.720
5785.000 0.720
5790.000 0.722
5795.000 0.720
5800.000 0.715
5805.000 0.716
5810.000 0.712
5815.000 0.713
5820.000 0.713
5825.000 0.715
5830.000 0.717
5835.000 0.723
5840.000 0.724
5845.000 0.723
5850.000 0.728
5855.000 0.731
5860.000 0.727
5865.000 0.731
5870.000 0.732
5875.000 0.730
5880.000 0.739
5885.000 0.737
5890.000 0.735
5895.000 0.738
5900.000 0.746
5905.000 0.744
5910.000 0.755
5915.000 0.756
5920.000 0.759
5925.000 0.762
5930.000 0.767
5935.000 0.770
5940.000 0.776
5945.000 0.781
5950.000 0.777
5955.000 0.790
5960.000 0.787
5965.000 0.798
5970.000 0.811
5975.000 0.815
5980.000 0.823
5985.000 0.831
5990.000 0.840
5995.000 0.854
6000.000 0.849
6005.000 0.863
6010.000 0.869
6015.000 0.881
6020.000 0.896
6025.000 0.902
6030.000 0.927
6035.000 0.938
6040.000 0.953
6045.000 0.962
6050.000 0.983
6055.000 1.011
6060.000 1.025
6065.000 1.053
6070.000 1.077
6075.000 1.090
6080.000 1.126
6085.000 1.158
6090.000 1.174
6095.000 1.211
6100.000 1.249
6105.000 1.288
6110.000 1.338
6115.000 1.386
6120.000 1.451
6125.000 1.513
6130.000 1.580
6135.000 1.664
6140.000 1.740
6145.000 1.851
6150.000 1.963
6155.000 2.080
6160.000 2.161
6165.000 2.325
6170.000 2.498
6175.000 2.747
6180.000 2.990
6185.000 3.371
6190.000 3.793
6195.000 4.268
6200.000 5.022
6205.000 5.870
6210.000 7.249
6215.000 8.057
6220.000 10.076
6225.000 12.553
6230.000 14.766
6235.000 14.516
6240.000 11.906
6245.000 9.269
6250.000 6.586
6255.000 5.479
6260.000 4.726
6265.000 4.068
6270.000 3.656
6275.000 3.440
6280.000 3.077
6285.000 2.834
6290.000 2.586
6295.000 2.390
6300.000 2.245
6305.000 2.093
6310.000 1.984
6315.000 1.857
6320.000 1.764
6325.000 1.681
6330.000 1.597
6335.000 1.535
6340.000 1.500
6345.000 1.433
6350.000 1.386
6355.000 1.329
6360.000 1.285
6365.000 1.250
6370.000 1.207
6375.000 1.174
6380.000 1.135
6385.000 1.103
6390.000 1.074
6395.000 1.055
6400.000 1.025
6405.000 0.998
6410.000 0.970
6415.000 0.944
6420.000 0.923
6425.000 0.898
6430.000 0.882
6435.000 0.858
6440.000 0.847
6445.000 0.820
6450.000 0.809
6455.000 0.792
6460.000 0.764
6465.000 0.748
6470.000 0.723
6475.000 0.702
6480.000 0.679
6485.000 0.652
6490.000 0.631
6495.000 0.610
6500.000 0.597
6505.000 0.564
6510.000 0.531
6515.000 0.514
6520.000 0.488
6525.000 0.452
6530.000 0.433
6535.000 0.427
6540.000 0.468
6545.000 0.572
6550.000 0.889
6555.000 1.454
6560.000 2.490
6565.000 4.978
6570.000 6.484
6575.000 2.529
6580.000 3.462
6585.000 2.153
6590.000 2.249
6595.000 1.593
6600.000 1.472
6605.000 1.417
6610.000 1.314
6615.000 1.245
6620.000 1.196
6625.000 1.155
6630.000 1.130
6635.000 1.084
6640.000 1.070
6645.000 1.039
6650.000 1.024
6655.000 1.003
6660.000 0.988
6665.000 0.976
6670.000 0.963
6675.000 0.949
6680.000 0.937
6685.000 0.923
6690.000 0.907
6695.000 0.899
6700.000 0.894
6705.000 0.882
6710.000 0.877
6715.000 0.872
6720.000 0.864
6725.000 0.858
6730.000 0.856
6735.000 0.853
6740.000 0.845
6745.000 0.844
6750.000 0.838
6755.000 0.829
6760.000 0.827
6765.000 0.820
6770.000 0.812
6775.000 0.811
6780.000 0.800
6785.000 0.801
6790.000 0.804
6795.000 0.797
6800.000 0.797
6805.000 0.795
6810.000 0.796
6815.000 0.789
6820.000 0.792
6825.000 0.791
6830.000 0.786
6835.000 0.779
6840.000 0.776
6845.000 0.772
6850.000 0.766
6855.000 0.767
6860.000 0.768
6865.000 0.768
6870.000 0.766
6875.000 0.767
6880.000 0.767
6885.000 0.769
6890.000 0.767
6895.000 0.767
6900.000 0.764
6905.000 0.763
6910.000 0.759
6915.000 0.754
6920.000 0.753
6925.000 0.750
6930.000 0.749
6935.000 0.745
6940.000 0.745
6945.000 0.747
6950.000 0.757
6955.000 0.754
6960.000 0.757
6965.000 0.755
6970.000 0.760
6975.000 0.755
6980.000 0.746
6985.000 0.748
6990.000 0.746
6995.000 0.743
7000.000 0.748
7005.000 0.749
7010.000 0.741
7015.000 0.744
7020.000 0.743
7025.000 0.747
7030.000 0.752
7035.000 0.756
7040.000 0.759
7045.000 0.749
7050.000 0.754
7055.000 0.745
7060.000 0.753
7065.000 0.745
7070.000 0.742
7075.000 0.745
7080.000 0.748
7085.000 0.750
7090.000 0.750
7095.000 0.757
7100.000 0.760
7105.000 0.761
7110.000 0.761
7115.000 0.761
7120.000 0.766
7125.000 0.761
7130.000 0.765
7135.000 0.760
7140.000 0.762
7145.000 0.764
7150.000 0.764
7155.000 0.767
7160.000 0.772
7165.000 0.775
7170.000 0.782
7175.000 0.784
7180.000 0.786
7185.000 0.788
7190.000 0.791
7195.000 0.797
7200.000 0.793
7205.000 0.795
7210.000 0.796
7215.000 0.800
7220.000 0.802
7225.000 0.808
7230.000 0.810
7235.000 0.815
7240.000 0.827
7245.000 0.829
7250.000 0.839
7255.000 0.846
7260.000 0.849
7265.000 0.853
7270.000 0.864
7275.000 0.865
7280.000 0.870
7285.000 0.881
7290.000 0.886
7295.000 0.892
7300.000 0.901
7305.000 0.919
7310.000 0.924
7315.000 0.942
7320.000 0.959
7325.000 0.972
7330.000 0.992
7335.000 1.010
7340.000 1.023
7345.000 1.045
7350.000 1.065
7355.000 1.095
7360.000 1.107
7365.000 1.151
7370.000 1.174
7375.000 1.217
7380.000 1.259
7385.000 1.319
7390.000 1.376
7395.000 1.467
7400.000 1.557
7405.000 1.660
7410.000 1.808
7415.000 1.894
7420.000 2.215
7425.000 2.366
7430.000 2.659
7435.000 3.117
7440.000 3.527
7445.000 3.692
7450.000 3.203
7455.000 2.403
7460.000 1.889
7465.000 1.736
7470.000 1.653
7475.000 1.691
7480.000 1.496
7485.000 1.412
7490.000 1.170
7495.000 0.994
7500.000 0.833
7505.000 0.729
7510.000 0.654
7515.000 0.592
7520.000 0.551
7525.000 0.517
7530.000 0.490
7535.000 0.484
7540.000 0.457
7545.000 0.449
7550.000 0.442
7555.000 0.435
7560.000 0.427
7565.000 0.420
7570.000 0.418
7575.000 0.413
7580.000 0.418
7585.000 0.419
7590.000 0.422
7595.000 0.423
7600.000 0.433
7605.000 0.432
7610.000 0.436
7615.000 0.447
7620.000 0.444
7625.000 0.445
7630.000 0.451
7635.000 0.454
7640.000 0.450
7645.000 0.451
7650.000 0.450
7655.000 0.455
7660.000 0.451
7665.000 0.456
7670.000 0.462
7675.000 0.466
7680.000 0.476
7685.000 0.479
7690.000 0.481
7695.000 0.483
7700.000 0.485
7705.000 0.488
7710.000 0.488
7715.000 0.486
7720.000 0.483
7725.000 0.487
7730.000 0.484
7735.000 0.485
7740.000 0.490
7745.000 0.501
7750.000 0.502
7755.000 0.506
7760.000 0.512
7765.000 0.509
7770.000 0.515
7775.000 0.518
7780.000 0.518
7785.000 0.513
7790.000 0.515
7795.000 0.510
7800.000 0.511
7805.000 0.509
7810.000 0.512
7815.000 0.516
7820.000 0.522
7825.000 0.527
7830.000 0.526
7835.000 0.535
7840.000 0.533
7845.000 0.536
7850.000 0.536
7855.000 0.538
7860.000 0.531
7865.000 0.535
7870.000 0.530
7875.000 0.532
7880.000 0.537
7885.000 0.534
7890.000 0.537
7895.000 0.540
7900.000 0.549
7905.000 0.551
7910.000 0.555
7915.000 0.557
7920.000 0.556
7925.000 0.554
7930.000 0.554
7935.000 0.556
7940.000 0.555
7945.000 0.558
7950.000 0.548
7955.000 0.549
7960.000 0.558
7965.000 0.565
7970.000 0.565
7975.000 0.571
7980.000 0.578
7985.000 0.573
7990.000 0.570
7995.000 0.579
8000.000 0.569
8005.000 0.572
8010.000 0.566
8015.000 0.571
8020.000 0.558
8025.000 0.554
8030.000 0.531
8035.000 0.488
8040.000 0.456
8045.000 0.318
8050.000 0.320
8055.000 1.449
8060.000 4.059
8065.000 4.269
8070.000 0.470
8075.000 0.319
8080.000 0.282
8085.000 0.446
8090.000 0.491
8095.000 0.486
8100.000 0.501
8105.000 0.505
8110.000 0.522
8115.000 0.531
8120.000 0.541
8125.000 0.548
8130.000 0.553
8135.000 0.559
8140.000 0.566
8145.000 0.562
8150.000 0.568
8155.000 0.566
8160.000 0.563
8165.000 0.566
8170.000 0.567
8175.000 0.568
8180.000 0.575
8185.000 0.586
8190.000 0.588
8195.000 0.593
8200.000 0.596
8205.000 0.597
8210.000 0.602
8215.000 0.605
8220.000 0.604
8225.000 0.603
8230.000 0.608
8235.000 0.601
8240.000 0.603
8245.000 0.606
8250.000 0.610
8255.000 0.613
8260.000 0.619
8265.000 0.626
8270.000 0.625
8275.000 0.634
8280.000 0.637
8285.000 0.643
8290.000 0.641
8295.000 0.644
8300.000 0.645
8305.000 0.641
8310.000 0.646
8315.000 0.648
8320.000 0.649
8325.000 0.652
8330.000 0.660
8335.000 0.665
8340.000 0.671
8345.000 0.680
8350.000 0.681
8355.000 0.692
8360.000 0.694
8365.000 0.699
8370.000 0.704
8375.000 0.707
8380.000 0.708
8385.000 0.715
8390.000 0.717
8395.000 0.721
8400.000 0.732
8405.000 0.741
8410.000 0.751
8415.000 0.762
8420.000 0.776
8425.000 0.785
8430.000 0.795
8435.000 0.809
8440.000 0.817
8445.000 0.824
8450.000 0.832
8455.000 0.847
8460.000 0.860
8465.000 0.878
8470.000 0.893
8475.000 0.919
8480.000 0.946
8485.000 0.983
8490.000 1.015
8495.000 1.058
8500.000 1.108
8505.000 1.135
8510.000 1.192
8515.000 1.293
8520.000 1.397
8525.000 1.602
8530.000 1.914
8535.000 2.403
8540.000 3.336
8545.000 3.673
8550.000 1.209
8555.000 0.411
8560.000 0.384
8565.000 0.828
8570.000 0.861
8575.000 1.002
8580.000 1.112
8585.000 1.217
8590.000 1.293
8595.000 1.443
8600.000 1.583
8605.000 1.804
8610.000 2.014
8615.000 2.361
8620.000 2.745
8625.000 3.152
8630.000 3.476
8635.000 4.019
8640.000 4.431
8645.000 4.348
8650.000 3.863
8655.000 3.140
8660.000 2.520
8665.000 2.040
8670.000 1.553
8675.000 1.168
8680.000 0.614
8685.000 0.386
8690.000 0.257
8695.000 0.500
8700.000 0.595
8705.000 0.623
8710.000 0.615
8715.000 0.602
8720.000 0.576
8725.000 0.552
8730.000 0.522
8735.000 0.502
8740.000 0.481
8745.000 0.459
8750.000 0.438
8755.000 0.429
8760.000 0.419
8765.000 0.408
8770.000 0.400
8775.000 0.387
8780.000 0.379
8785.000 0.369
8790.000 0.359
8795.000 0.348
8800.000 0.347
8805.000 0.339
8810.000 0.339
8815.000 0.298
8820.000 0.306
8825.000 0.290
8830.000 0.323
8835.000 0.315
8840.000 0.313
8845.000 0.305
8850.000 0.308
8855.000 0.307
8860.000 0.305
8865.000 0.303
8870.000 0.301
8875.000 0.298
8880.000 0.300
8885.000 0.293
8890.000 0.292
8895.000 0.290
8900.000 0.290
8905.000 0.288
8910.000 0.295
8915.000 0.295
8920.000 0.296
8925.000 0.303
8930.000 0.301
8935.000 0.305
8940.000 0.308
8945.000 0.303
8950.000 0.301
8955.000 0.298
8960.000 0.300
8965.000 0.297
8970.000 0.297
8975.000 0.297
8980.000 0.304
8985.000 0.300
8990.000 0.304
8995.000 0.314
9000.000 0.311
9005.000 0.309
9010.000 0.321
9015.000 0.321
9020.000 0.325
9025.000 0.322
9030.000 0.311
9035.000 0.314
9040.000 0.311
9045.000 0.311
9050.000 0.309
9055.000 0.314
9060.000 0.318
9065.000 0.323
9070.000 0.323
9075.000 0.328
9080.000 0.331
9085.000 0.331
9090.000 0.334
9095.000 0.330
9100.000 0.332
9105.000 0.328
9110.000 0.328
9115.000 0.326
9120.000 0.326
9125.000 0.325
9130.000 0.330
9135.000 0.330
9140.000 0.332
9145.000 0.337
9150.000 0.340
9155.000 0.344
9160.000 0.344
9165.000 0.345
9170.000 0.339
9175.000 0.340
9180.000 0.344
9185.000 0.336
9190.000 0.337
9195.000 0.333
9200.000 0.337
9205.000 0.340
9210.000 0.343
9215.000 0.347
9220.000 0.348
9225.000 0.356
9230.000 0.354
9235.000 0.354
9240.000 0.358
9245.000 0.354
9250.000 0.350
9255.000 0.353
9260.000 0.349
9265.000 0.346
9270.000 0.351
9275.000 0.352
9280.000 0.354
9285.000 0.361
9290.000 0.365
9295.000 0.368
9300.000 0.371
9305.000 0.374
9310.000 0.376
9315.000 0.374
9320.000 0.375
9325.000 0.377
9330.000 0.373
9335.000 0.376
9340.000 0.375
9345.000 0.378
9350.000 0.384
9355.000 0.390
9360.000 0.395
9365.000 0.402
9370.000 0.416
9375.000 0.425
9380.000 0.427
9385.000 0.436
9390.000 0.443
9395.000 0.451
9400.000 0.461
9405.000 0.472
9410.000 0.491
9415.000 0.505
9420.000 0.530
9425.000 0.558
9430.000 0.607
9435.000 0.625
9440.000 0.673
9445.000 0.756
9450.000 0.852
9455.000 0.967
9460.000 1.198
9465.000 1.532
9470.000 2.083
9475.000 3.153
9480.000 4.128
9485.000 3.112
9490.000 0.771
9495.000 0.591
9500.000 0.576
9505.000 0.509
9510.000 0.379
9515.000 0.321
9520.000 0.283
9525.000 0.239
9530.000 0.212
9535.000 0.184
9540.000 0.170
9545.000 0.162
9550.000 0.150
9555.000 0.140
9560.000 0.139
9565.000 0.131
9570.000 0.131
9575.000 0.124
9580.000 0.120
9585.000 0.114
9590.000 0.114
9595.000 0.110
9600.000 0.106
9605.000 0.106
9610.000 0.105
9615.000 0.109
9620.000 0.112
9625.000 0.116
9630.000 0.125
9635.000 0.131
9640.000 0.140
9645.000 0.148
9650.000 0.155
9655.000 0.165
9660.000 0.170
9665.000 0.174
9670.000 0.198
9675.000 0.204
9680.000 0.224
9685.000 0.244
9690.000 0.268
9695.000 0.292
9700.000 0.320
9705.000 0.358
9710.000 0.394
9715.000 0.421
9720.000 0.464
9725.000 0.500
9730.000 0.528
9735.000 0.612
9740.000 0.631
9745.000 0.711
9750.000 0.790
9755.000 0.871
9760.000 0.992
9765.000 1.101
9770.000 1.276
9775.000 1.462
9780.000 1.655
9785.000 1.962
9790.000 2.244
9795.000 2.475
9800.000 3.234
9805.000 3.479
9810.000 4.175
9815.000 4.762
9820.000 5.029
9825.000 4.832
9830.000 4.388
9835.000 3.739
9840.000 3.264
9845.000 2.863
9850.000 2.689
9855.000 2.309
9860.000 2.060
9865.000 1.888
9870.000 1.820
9875.000 1.653
9880.000 1.571
9885.000 1.468
9890.000 1.340
9895.000 1.296
9900.000 1.258
9905.000 1.232
9910.000 1.192
9915.000 1.175
9920.000 1.147
9925.000 1.112
9930.000 1.082
9935.000 1.063
9940.000 1.034
9945.000 1.018
9950.000 1.002
9955.000 0.981
9960.000 0.968
9965.000 0.957
9970.000 0.932
9975.000 0.919
9980.000 0.896
9985.000 0.888
9990.000 0.872
9995.000 0.851
10000.000 0.845
10005.000 0.826
10010.000 0.820
10015.000 0.804
10020.000 0.791
10025.000 0.789
10030.000 0.783
10035.000 0.782
10040.000 0.774
10045.000 0.749
10050.000 0.753
10055.000 0.736
10060.000 0.728
10065.000 0.717
10070.000 0.704
10075.000 0.692
10080.000 0.685
10085.000 0.675
10090.000 0.672
10095.000 0.658
10100.000 0.654
10105.000 0.655
10110.000 0.641
10115.000 0.628
10120.000 0.608
10125.000 0.592
10130.000 0.567
10135.000 0.540
10140.000 0.515
10145.000 0.468
10150.000 0.433
10155.000 0.382
10160.000 0.261
10165.000 0.230
10170.000 0.568
10175.000 1.539
10180.000 1.726
10185.000 1.098
10190.000 1.290
10195.000 1.041
10200.000 0.958
10205.000 0.910
10210.000 0.860
10215.000 0.837
10220.000 0.814
10225.000 0.805
10230.000 0.792
10235.000 0.779
10240.000 0.769
10245.000 0.767
10250.000 0.755
10255.000 0.748
10260.000 0.746
10265.000 0.737
10270.000 0.736
10275.000 0.724
10280.000 0.716
10285.000 0.707
10290.000 0.706
10295.000 0.701
10300.000 0.700
10305.000 0.696
10310.000 0.696
10315.000 0.690
10320.000 0.688
10325.000 0.691
10330.000 0.690
10335.000 0.687
10340.000 0.682
10345.000 0.679
10350.000 0.670
10355.000 0.670
10360.000 0.666
10365.000 0.661
10370.000 0.661
10375.000 0.659
10380.000 0.656
10385.000 0.658
10390.000 0.662
10395.000 0.660
10400.000 0.659
10405.000 0.659
10410.000 0.656
10415.000 0.652
10420.000 0.652
10425.000 0.650
10430.000 0.644
10435.000 0.640
10440.000 0.635
10445.000 0.636
10450.000 0.637
10455.000 0.636
10460.000 0.639
10465.000 0.642
10470.000 0.643
10475.000 0.643
10480.000 0.640
10485.000 0.641
10490.000 0.639
10495.000 0.636
10500.000 0.633
10505.000 0.625
10510.000 0.627
10515.000 0.626
10520.000 0.623
10525.000 0.624
10530.000 0.623
10535.000 0.629
10540.000 0.628
10545.000 0.630
10550.000 0.632
10555.000 0.629
10560.000 0.629
10565.000 0.629
10570.000 0.617
10575.000 0.619
10580.000 0.616
10585.000 0.618
10590.000 0.612
10595.000 0.613
10600.000 0.618
10605.000 0.613
10610.000 0.619
10615.000 0.621
10620.000 0.620
10625.000 0.622
10630.000 0.619
10635.000 0.614
10640.000 0.614
10645.000 0.607
10650.000 0.608
10655.000 0.605
10660.000 0.603
10665.000 0.605
10670.000 0.599
10675.000 0.606
10680.000 0.604
10685.000 0.606
10690.000 0.609
10695.000 0.611
10700.000 0.608
10705.000 0.604
10710.000 0.597
10715.000 0.597
10720.000 0.594
10725.000 0.585
10730.000 0.586
10735.000 0.578
10740.000 0.580
10745.000 0.577
10750.000 0.575
10755.000 0.573
10760.000 0.566
10765.000 0.565
10770.000 0.561
10775.000 0.549
10780.000 0.542
10785.000 0.531
10790.000 0.517
10795.000 0.497
10800.000 0.478
10805.000 0.451
10810.000 0.425
10815.000 0.397
10820.000 0.367
10825.000 0.306
10830.000 0.312
10835.000 0.401
10840.000 0.467
10845.000 0.850
10850.000 1.332
10855.000 1.674
10860.000 1.671
10865.000 1.461
10870.000 1.332
10875.000 1.422
10880.000 1.522
10885.000 1.220
10890.000 1.253
10895.000 1.248
10900.000 1.225
10905.000 1.220
10910.000 1.228
10915.000 1.234
10920.000 1.246
10925.000 1.264
10930.000 1.284
10935.000 1.317
10940.000 1.341
10945.000 1.403
10950.000 1.437
10955.000 1.525
10960.000 1.574
10965.000 1.679
10970.000 1.772
10975.000 1.900
10980.000 1.986
10985.000 2.018
10990.000 1.942
10995.000 1.772
11000.000 1.458
11005.000 1.317
11010.000 1.105
11015.000 0.806
11020.000 0.750
11025.000 0.667
11030.000 0.618
11035.000 0.605
11040.000 0.600
11045.000 0.617
11050.000 0.603
11055.000 0.586
11060.000 0.537
11065.000 0.423
11070.000 0.305
11075.000 0.269
11080.000 0.153
11085.000 0.084
11090.000 0.054
11095.000 0.073
11100.000 0.094
11105.000 0.138
11110.000 0.161
11115.000 0.192
11120.000 0.215
11125.000 0.224
11130.000 0.256
11135.000 0.269
11140.000 0.280
11145.000 0.294
11150.000 0.307
11155.000 0.317
11160.000 0.325
11165.000 0.328
11170.000 0.338
11175.000 0.345
11180.000 0.346
11185.000 0.356
11190.000 0.369
11195.000 0.372
11200.000 0.382
11205.000 0.388
11210.000 0.395
11215.000 0.397
11220.000 0.401
11225.000 0.408
11230.000 0.401
11235.000 0.410
11240.000 0.412
11245.000 0.412
11250.000 0.418
11255.000 0.418
11260.000 0.428
11265.000 0.428
11270.000 0.435
11275.000 0.439
11280.000 0.441
11285.000 0.447
11290.000 0.448
11295.000 0.443
11300.000 0.451
11305.000 0.450
11310.000 0.450
11315.000 0.452
11320.000 0.452
11325.000 0.453
11330.000 0.458
11335.000 0.461
11340.000 0.463
11345.000 0.465
11350.000 0.469
11355.000 0.472
11360.000 0.473
11365.000 0.473
11370.000 0.475
11375.000 0.469
11380.000 0.474
11385.000 0.470
11390.000 0.473
11395.000 0.471
11400.000 0.475
11405.000 0.474
11410.000 0.479
11415.000 0.480
11420.000 0.480
11425.000 0.485
11430.000 0.487
11435.000 0.488
11440.000 0.484
11445.000 0.489
11450.000 0.487
11455.000 0.483
11460.000 0.484
11465.000 0.485
11470.000 0.487
11475.000 0.484
11480.000 0.491
11485.000 0.487
11490.000 0.493
11495.000 0.494
11500.000 0.493
11505.000 0.497
11510.000 0.496
11515.000 0.495
11520.000 0.492
11525.000 0.490
11530.000 0.492
11535.000 0.493
11540.000 0.490
11545.000 0.493
11550.000 0.494
11555.000 0.495
11560.000 0.498
11565.000 0.499
11570.000 0.503
11575.000 0.506
11580.000 0.503
11585.000 0.502
11590.000 0.502
11595.000 0.500
11600.000 0.497
11605.000 0.499
11610.000 0.498
11615.000 0.499
11620.000 0.498
11625.000 0.503
11630.000 0.504
11635.000 0.506
11640.000 0.506
11645.000 0.507
11650.000 0.506
11655.000 0.509
11660.000 0.508
11665.000 0.505
11670.000 0.504
11675.000 0.500
11680.000 0.501
11685.000 0.499
11690.000 0.498
11695.000 0.496
11700.000 0.486
11705.000 0.477
11710.000 0.470
11715.000 0.461
11720.000 0.534
11725.000 0.868
11730.000 0.996
11735.000 0.945
11740.000 0.536
11745.000 0.438
11750.000 0.402
11755.000 0.466
11760.000 0.469
11765.000 0.486
11770.000 0.492
11775.000 0.500
11780.000 0.507
11785.000 0.506
11790.000 0.513
11795.000 0.512
11800.000 0.517
11805.000 0.521
11810.000 0.516
11815.000 0.514
11820.000 0.520
11825.000 0.518
11830.000 0.523
11835.000 0.521
11840.000 0.525
11845.000 0.528
11850.000 0.531
11855.000 0.535
11860.000 0.539
11865.000 0.539
11870.000 0.543
11875.000 0.544
11880.000 0.543
11885.000 0.547
11890.000 0.544
11895.000 0.544
11900.000 0.547
11905.000 0.550
11910.000 0.552
11915.000 0.559
11920.000 0.563
11925.000 0.562
11930.000 0.570
11935.000 0.572
11940.000 0.576
11945.000 0.581
11950.000 0.590
11955.000 0.589
11960.000 0.599
11965.000 0.601
11970.000 0.610
11975.000 0.617
11980.000 0.616
11985.000 0.627
11990.000 0.641
11995.000 0.656
12000.000 0.667
