105.000 1.446
110.000 2.032
115.000 2.204
120.000 2.047
125.000 2.030
130.000 2.129
135.000 2.147
140.000 2.249
145.000 2.175
150.000 2.224
155.000 2.228
160.000 2.410
165.000 2.280
170.000 2.215
175.000 2.253
180.000 2.303
185.000 2.280
190.000 2.292
195.000 2.303
200.000 2.322
205.000 2.343
210.000 2.384
215.000 2.357
220.000 2.412
225.000 2.450
230.000 2.486
235.000 2.548
240.000 2.541
245.000 2.596
250.000 2.642
255.000 2.651
260.000 2.694
265.000 2.740
270.000 2.804
275.000 2.850
280.000 2.881
285.000 2.979
290.000 3.031
295.000 3.120
300.000 3.164
305.000 3.267
310.000 3.366
315.000 3.441
320.000 3.563
325.000 3.636
330.000 3.807
335.000 3.967
340.000 4.025
345.000 4.212
350.000 4.362
355.000 4.557
360.000 4.717
365.000 4.936
370.000 5.170
375.000 5.364
380.000 5.583
385.000 5.702
390.000 5.975
395.000 6.024
400.000 6.135
405.000 6.216
410.000 6.214
415.000 6.121
420.000 5.973
425.000 5.765
430.000 5.494
435.000 5.183
440.000 4.875
445.000 4.528
450.000 4.384
455.000 4.098
460.000 3.803
465.000 3.537
470.000 3.313
475.000 3.087
480.000 2.893
485.000 2.712
490.000 2.546
495.000 2.391
500.000 2.319
505.000 2.128
510.000 2.058
515.000 1.910
520.000 1.852
525.000 1.770
530.000 1.696
535.000 1.615
540.000 1.540
545.000 1.465
550.000 1.407
555.000 1.350
560.000 1.294
565.000 1.259
570.000 1.193
575.000 1.164
580.000 1.140
585.000 1.090
590.000 1.062
595.000 1.014
600.000 0.988
605.000 0.959
610.000 0.930
615.000 0.900
620.000 0.880
625.000 0.864
630.000 0.835
635.000 0.816
640.000 0.798
645.000 0.783
650.000 0.770
655.000 0.754
660.000 0.737
665.000 0.718
670.000 0.704
675.000 0.699
680.000 0.685
685.000 0.677
690.000 0.652
695.000 0.651
700.000 0.643
705.000 0.631
710.000 0.622
715.000 0.613
720.000 0.603
725.000 0.598
730.000 0.598
735.000 0.587
740.000 0.578
745.000 0.571
750.000 0.567
755.000 0.567
760.000 0.563
765.000 0.559
770.000 0.558
775.000 0.542
780.000 0.545
785.000 0.542
790.000 0.543
795.000 0.540
800.000 0.544
805.000 0.549
810.000 0.535
815.000 0.524
820.000 0.529
825.000 0.528
830.000 0.523
835.000 0.521
840.000 0.514
845.000 0.512
850.000 0.512
855.000 0.511
860.000 0.504
865.000 0.513
870.000 0.503
875.000 0.507
880.000 0.504
885.000 0.494
890.000 0.496
895.000 0.500
900.000 0.489
905.000 0.496
910.000 0.497
915.000 0.493
920.000 0.488
925.000 0.492
930.000 0.494
935.000 0.497
940.000 0.488
945.000 0.496
950.000 0.487
955.000 0.487
960.000 0.490
965.000 0.486
970.000 0.482
975.000 0.484
980.000 0.491
985.000 0.493
990.000 0.498
995.000 0.485
1000.000 0.490
1005.000 0.485
1010.000 0.490
1015.000 0.490
1020.000 0.489
1025.000 0.493
1030.000 0.481
1035.000 0.485
1040.000 0.480
1045.000 0.492
1050.000 0.489
1055.000 0.491
1060.000 0.488
1065.000 0.493
1070.000 0.488
1075.000 0.495
1080.000 0.491
1085.000 0.487
1090.000 0.496
1095.000 0.493
1100.000 0.491
1105.000 0.494
1110.000 0.493
1115.000 0.489
1120.000 0.496
1125.000 0.497
1130.000 0.498
1135.000 0.491
1140.000 0.495
1145.000 0.497
1150.000 0.502
1155.000 0.498
1160.000 0.500
1165.000 0.496
1170.000 0.500
1175.000 0.497
1180.000 0.499
1185.000 0.501
1190.000 0.503
1195.000 0.505
1200.000 0.504
1205.000 0.505
1210.000 0.504
1215.000 0.502
1220.000 0.509
1225.000 0.511
1230.000 0.506
1235.000 0.505
1240.000 0.510
1245.000 0.510
1250.000 0.510
1255.000 0.512
1260.000 0.511
1265.000 0.510
1270.000 0.514
1275.000 0.513
1280.000 0.517
1285.000 0.515
1290.000 0.515
1295.000 0.521
1300.000 0.522
1305.000 0.522
1310.000 0.524
1315.000 0.524
1320.000 0.519
1325.000 0.525
1330.000 0.525
1335.000 0.526
1340.000 0.527
1345.000 0.528
1350.000 0.532
1355.000 0.534
1360.000 0.531
1365.000 0.532
1370.000 0.537
1375.000 0.537
1380.000 0.541
1385.000 0.542
1390.000 0.540
1395.000 0.544
1400.000 0.544
1405.000 0.542
1410.000 0.540
1415.000 0.545
1420.000 0.545
1425.000 0.544
1430.000 0.541
1435.000 0.542
1440.000 0.540
1445.000 0.537
1450.000 0.534
1455.000 0.531
1460.000 0.532
1465.000 0.530
1470.000 0.535
1475.000 0.543
1480.000 0.538
1485.000 0.552
1490.000 0.551
1495.000 0.558
1500.000 0.563
1505.000 0.563
1510.000 0.571
1515.000 0.578
1520.000 0.584
1525.000 0.584
1530.000 0.595
1535.000 0.590
1540.000 0.601
1545.000 0.608
1550.000 0.617
1555.000 0.618
1560.000 0.616
1565.000 0.627
1570.000 0.630
1575.000 0.637
1580.000 0.646
1585.000 0.652
1590.000 0.657
1595.000 0.662
1600.000 0.669
1605.000 0.670
1610.000 0.680
1615.000 0.684
1620.000 0.692
1625.000 0.695
1630.000 0.708
1635.000 0.713
1640.000 0.720
1645.000 0.732
1650.000 0.740
1655.000 0.748
1660.000 0.759
1665.000 0.767
1670.000 0.771
1675.000 0.784
1680.000 0.794
1685.000 0.805
1690.000 0.816
1695.000 0.834
1700.000 0.845
1705.000 0.857
1710.000 0.870
1715.000 0.884
1720.000 0.889
1725.000 0.904
1730.000 0.916
1735.000 0.931
1740.000 0.943
1745.000 0.963
1750.000 0.977
1755.000 0.988
1760.000 1.008
1765.000 1.031
1770.000 1.040
1775.000 1.057
1780.000 1.070
1785.000 1.080
1790.000 1.106
1795.000 1.115
1800.000 1.132
1805.000 1.146
1810.000 1.165
1815.000 1.182
1820.000 1.197
1825.000 1.210
1830.000 1.224
1835.000 1.234
1840.000 1.240
1845.000 1.249
1850.000 1.260
1855.000 1.270
1860.000 1.274
1865.000 1.281
1870.000 1.284
1875.000 1.291
1880.000 1.290
1885.000 1.288
1890.000 1.287
1895.000 1.285
1900.000 1.283
1905.000 1.276
1910.000 1.272
1915.000 1.266
1920.000 1.258
1925.000 1.250
1930.000 1.243
1935.000 1.236
1940.000 1.223
1945.000 1.216
1950.000 1.211
1955.000 1.201
1960.000 1.185
1965.000 1.175
1970.000 1.167
1975.000 1.161
1980.000 1.143
1985.000 1.145
1990.000 1.137
1995.000 1.120
2000.000 1.111
2005.000 1.100
2010.000 1.099
2015.000 1.072
2020.000 1.069
2025.000 1.079
2030.000 1.061
2035.000 1.061
2040.000 1.051
2045.000 1.033
2050.000 1.035
2055.000 1.025
2060.000 1.014
2065.000 1.012
2070.000 1.004
2075.000 0.995
2080.000 0.991
2085.000 0.989
2090.000 0.984
2095.000 0.981
2100.000 0.980
2105.000 0.974
2110.000 0.974
2115.000 0.969
2120.000 0.963
2125.000 0.964
2130.000 0.958
2135.000 0.962
2140.000 0.960
2145.000 0.962
2150.000 0.961
2155.000 0.963
2160.000 0.964
2165.000 0.966
2170.000 0.974
2175.000 0.974
2180.000 0.982
2185.000 0.987
2190.000 0.993
2195.000 0.996
2200.000 1.001
2205.000 1.008
2210.000 1.018
2215.000 1.027
2220.000 1.043
2225.000 1.061
2230.000 1.076
2235.000 1.098
2240.000 1.117
2245.000 1.143
2250.000 1.175
2255.000 1.209
2260.000 1.247
2265.000 1.264
2270.000 1.305
2275.000 1.354
2280.000 1.394
2285.000 1.410
2290.000 1.366
2295.000 1.131
2300.000 1.652
2305.000 5.990
2310.000 14.596
2315.000 15.275
2320.000 3.756
2325.000 2.580
2330.000 1.891
2335.000 1.414
2340.000 0.994
2345.000 0.748
2350.000 0.581
2355.000 0.449
2360.000 0.366
2365.000 0.297
2370.000 0.261
2375.000 0.236
2380.000 0.231
2385.000 0.227
2390.000 0.234
2395.000 0.246
2400.000 0.252
2405.000 0.267
2410.000 0.278
2415.000 0.287
2420.000 0.302
2425.000 0.309
2430.000 0.324
2435.000 0.332
2440.000 0.341
2445.000 0.341
2450.000 0.359
2455.000 0.362
2460.000 0.368
2465.000 0.372
2470.000 0.379
2475.000 0.385
2480.000 0.387
2485.000 0.395
2490.000 0.398
2495.000 0.403
2500.000 0.407
2505.000 0.409
2510.000 0.413
2515.000 0.415
2520.000 0.420
2525.000 0.423
2530.000 0.427
2535.000 0.429
2540.000 0.431
2545.000 0.435
2550.000 0.439
2555.000 0.442
2560.000 0.441
2565.000 0.443
2570.000 0.448
2575.000 0.447
2580.000 0.441
2585.000 0.452
2590.000 0.453
2595.000 0.451
2600.000 0.456
2605.000 0.455
2610.000 0.461
2615.000 0.461
2620.000 0.464
2625.000 0.467
2630.000 0.467
2635.000 0.468
2640.000 0.468
2645.000 0.469
2650.000 0.472
2655.000 0.478
2660.000 0.478
2665.000 0.481
2670.000 0.482
2675.000 0.486
2680.000 0.487
2685.000 0.488
2690.000 0.496
2695.000 0.496
2700.000 0.498
2705.000 0.501
2710.000 0.500
2715.000 0.502
2720.000 0.505
2725.000 0.505
2730.000 0.507
2735.000 0.511
2740.000 0.518
2745.000 0.519
2750.000 0.525
2755.000 0.530
2760.000 0.532
2765.000 0.535
2770.000 0.536
2775.000 0.537
2780.000 0.547
2785.000 0.545
2790.000 0.550
2795.000 0.554
2800.000 0.559
2805.000 0.561
2810.000 0.568
2815.000 0.569
2820.000 0.579
2825.000 0.578
2830.000 0.583
2835.000 0.586
2840.000 0.591
2845.000 0.596
2850.000 0.601
2855.000 0.602
2860.000 0.608
2865.000 0.609
2870.000 0.618
2875.000 0.613
2880.000 0.618
2885.000 0.626
2890.000 0.629
2895.000 0.629
2900.000 0.634
2905.000 0.637
2910.000 0.643
2915.000 0.645
2920.000 0.649
2925.000 0.653
2930.000 0.656
2935.000 0.662
2940.000 0.663
2945.000 0.667
2950.000 0.660
2955.000 0.669
2960.000 0.673
2965.000 0.669
2970.000 0.680
2975.000 0.682
2980.000 0.672
2985.000 0.686
2990.000 0.691
2995.000 0.681
3000.000 0.687
3005.000 0.696
3010.000 0.684
3015.000 0.684
3020.000 0.686
3025.000 0.683
3030.000 0.699
3035.000 0.690
3040.000 0.697
3045.000 0.703
3050.000 0.709
3055.000 0.697
3060.000 0.702
3065.000 0.704
3070.000 0.705
3075.000 0.704
3080.000 0.701
3085.000 0.703
3090.000 0.704
3095.000 0.707
3100.000 0.706
3105.000 0.703
3110.000 0.710
3115.000 0.709
3120.000 0.708
3125.000 0.708
3130.000 0.707
3135.000 0.715
3140.000 0.711
3145.000 0.713
3150.000 0.716
3155.000 0.713
3160.000 0.713
3165.000 0.713
3170.000 0.717
3175.000 0.716
3180.000 0.718
3185.000 0.715
3190.000 0.721
3195.000 0.721
3200.000 0.721
3205.000 0.725
3210.000 0.726
3215.000 0.726
3220.000 0.730
3225.000 0.728
3230.000 0.729
3235.000 0.728
3240.000 0.729
3245.000 0.731
3250.000 0.732
3255.000 0.737
3260.000 0.737
3265.000 0.738
3270.000 0.742
3275.000 0.743
3280.000 0.749
3285.000 0.751
3290.000 0.752
3295.000 0.754
3300.000 0.752
3305.000 0.757
3310.000 0.759
3315.000 0.761
3320.000 0.761
3325.000 0.765
3330.000 0.768
3335.000 0.768
3340.000 0.775
3345.000 0.777
3350.000 0.781
3355.000 0.784
3360.000 0.794
3365.000 0.799
3370.000 0.798
3375.000 0.807
3380.000 0.808
3385.000 0.811
3390.000 0.816
3395.000 0.820
3400.000 0.828
3405.000 0.830
3410.000 0.838
3415.000 0.846
3420.000 0.849
3425.000 0.858
3430.000 0.865
3435.000 0.868
3440.000 0.877
3445.000 0.886
3450.000 0.894
3455.000 0.903
3460.000 0.909
3465.000 0.916
3470.000 0.929
3475.000 0.940
3480.000 0.956
3485.000 0.960
3490.000 0.983
3495.000 0.994
3500.000 1.002
3505.000 1.018
3510.000 1.035
3515.000 1.052
3520.000 1.069
3525.000 1.091
3530.000 1.108
3535.000 1.127
3540.000 1.153
3545.000 1.181
3550.000 1.210
3555.000 1.234
3560.000 1.272
3565.000 1.288
3570.000 1.326
3575.000 1.368
3580.000 1.413
3585.000 1.458
3590.000 1.512
3595.000 1.568
3600.000 1.629
3605.000 1.699
3610.000 1.734
3615.000 1.867
3620.000 1.960
3625.000 2.023
3630.000 2.142
3635.000 2.277
3640.000 2.449
3645.000 2.640
3650.000 2.869
3655.000 3.155
3660.000 3.483
3665.000 3.977
3670.000 4.562
3675.000 5.314
3680.000 5.905
3685.000 7.360
3690.000 9.579
3695.000 14.110
3700.000 20.784
3705.000 25.151
3710.000 18.726
3715.000 11.211
3720.000 7.950
3725.000 6.256
3730.000 5.610
3735.000 4.266
3740.000 3.997
3745.000 3.467
3750.000 3.080
3755.000 2.788
3760.000 2.520
3765.000 2.325
3770.000 2.137
3775.000 1.994
3780.000 1.872
3785.000 1.758
3790.000 1.664
3795.000 1.623
3800.000 1.506
3805.000 1.472
3810.000 1.406
3815.000 1.352
3820.000 1.302
3825.000 1.254
3830.000 1.212
3835.000 1.172
3840.000 1.138
3845.000 1.102
3850.000 1.074
3855.000 1.058
3860.000 1.017
3865.000 1.005
3870.000 0.986
3875.000 0.963
3880.000 0.942
3885.000 0.928
3890.000 0.908
3895.000 0.891
3900.000 0.875
3905.000 0.864
3910.000 0.845
3915.000 0.843
3920.000 0.820
3925.000 0.817
3930.000 0.804
3935.000 0.792
3940.000 0.788
3945.000 0.773
3950.000 0.771
3955.000 0.767
3960.000 0.759
3965.000 0.744
3970.000 0.741
3975.000 0.741
3980.000 0.723
3985.000 0.734
3990.000 0.725
3995.000 0.721
4000.000 0.701
4005.000 0.697
4010.000 0.697
4015.000 0.699
4020.000 0.697
4025.000 0.683
4030.000 0.686
4035.000 0.679
4040.000 0.679
4045.000 0.685
4050.000 0.674
4055.000 0.668
4060.000 0.671
4065.000 0.665
4070.000 0.665
4075.000 0.659
4080.000 0.664
4085.000 0.666
4090.000 0.656
4095.000 0.660
4100.000 0.659
4105.000 0.658
4110.000 0.654
4115.000 0.656
4120.000 0.656
4125.000 0.654
4130.000 0.651
4135.000 0.656
4140.000 0.652
4145.000 0.649
4150.000 0.649
4155.000 0.644
4160.000 0.640
4165.000 0.642
4170.000 0.642
4175.000 0.636
4180.000 0.639
4185.000 0.636
4190.000 0.634
4195.000 0.630
4200.000 0.626
4205.000 0.629
4210.000 0.624
4215.000 0.617
4220.000 0.615
4225.000 0.612
4230.000 0.604
4235.000 0.605
4240.000 0.600
4245.000 0.590
4250.000 0.586
4255.000 0.586
4260.000 0.582
4265.000 0.574
4270.000 0.573
4275.000 0.570
4280.000 0.568
4285.000 0.564
4290.000 0.560
4295.000 0.559
4300.000 0.563
4305.000 0.560
4310.000 0.562
4315.000 0.562
4320.000 0.562
4325.000 0.562
4330.000 0.563
4335.000 0.559
4340.000 0.557
4345.000 0.558
4350.000 0.561
4355.000 0.555
4360.000 0.557
4365.000 0.558
4370.000 0.553
4375.000 0.560
4380.000 0.557
4385.000 0.557
4390.000 0.558
4395.000 0.560
4400.000 0.564
4405.000 0.563
4410.000 0.559
4415.000 0.558
4420.000 0.559
4425.000 0.556
4430.000 0.557
4435.000 0.557
4440.000 0.560
4445.000 0.553
4450.000 0.558
4455.000 0.560
4460.000 0.556
4465.000 0.560
4470.000 0.560
4475.000 0.562
4480.000 0.563
4485.000 0.563
4490.000 0.561
4495.000 0.560
4500.000 0.562
4505.000 0.558
4510.000 0.558
4515.000 0.561
4520.000 0.562
4525.000 0.562
4530.000 0.565
4535.000 0.565
4540.000 0.566
4545.000 0.565
4550.000 0.564
4555.000 0.565
4560.000 0.569
4565.000 0.562
4570.000 0.566
4575.000 0.567
4580.000 0.565
4585.000 0.563
4590.000 0.564
4595.000 0.565
4600.000 0.570
4605.000 0.564
4610.000 0.571
4615.000 0.573
4620.000 0.571
4625.000 0.574
4630.000 0.574
4635.000 0.575
4640.000 0.577
4645.000 0.573
4650.000 0.574
4655.000 0.579
4660.000 0.576
4665.000 0.578
4670.000 0.581
4675.000 0.581
4680.000 0.587
4685.000 0.590
4690.000 0.589
4695.000 0.591
4700.000 0.594
4705.000 0.592
4710.000 0.598
4715.000 0.597
4720.000 0.604
4725.000 0.604
4730.000 0.599
4735.000 0.607
4740.000 0.606
4745.000 0.611
4750.000 0.618
4755.000 0.623
4760.000 0.624
4765.000 0.625
4770.000 0.635
4775.000 0.639
4780.000 0.644
4785.000 0.650
4790.000 0.653
4795.000 0.662
4800.000 0.670
4805.000 0.676
4810.000 0.685
4815.000 0.699
4820.000 0.708
4825.000 0.715
4830.000 0.735
4835.000 0.744
4840.000 0.759
4845.000 0.777
4850.000 0.795
4855.000 0.815
4860.000 0.838
4865.000 0.863
4870.000 0.895
4875.000 0.926
4880.000 0.961
4885.000 0.980
4890.000 1.046
4895.000 1.073
4900.000 1.130
4905.000 1.195
4910.000 1.276
4915.000 1.366
4920.000 1.457
4925.000 1.589
4930.000 1.728
4935.000 1.918
4940.000 2.026
4945.000 2.251
4950.000 2.615
4955.000 3.077
4960.000 3.698
4965.000 4.969
4970.000 6.870
4975.000 8.381
4980.000 1.156
4985.000 7.401
4990.000 9.367
4995.000 10.132
5000.000 10.665
5005.000 5.772
5010.000 5.181
5015.000 4.018
5020.000 3.396
5025.000 2.974
5030.000 2.612
5035.000 2.369
5040.000 2.141
5045.000 1.955
5050.000 1.835
5055.000 1.708
5060.000 1.613
5065.000 1.518
5070.000 1.484
5075.000 1.386
5080.000 1.354
5085.000 1.298
5090.000 1.262
5095.000 1.211
5100.000 1.176
5105.000 1.141
5110.000 1.113
5115.000 1.088
5120.000 1.064
5125.000 1.056
5130.000 1.038
5135.000 1.004
5140.000 0.999
5145.000 0.976
5150.000 0.962
5155.000 0.945
5160.000 0.931
5165.000 0.920
5170.000 0.906
5175.000 0.894
5180.000 0.890
5185.000 0.880
5190.000 0.869
5195.000 0.864
5200.000 0.856
5205.000 0.850
5210.000 0.842
5215.000 0.835
5220.000 0.829
5225.000 0.816
5230.000 0.811
5235.000 0.802
5240.000 0.795
5245.000 0.793
5250.000 0.787
5255.000 0.778
5260.000 0.774
5265.000 0.770
5270.000 0.766
5275.000 0.762
5280.000 0.758
5285.000 0.752
5290.000 0.745
5295.000 0.735
5300.000 0.727
5305.000 0.724
5310.000 0.720
5315.000 0.715
5320.000 0.704
5325.000 0.703
5330.000 0.696
5335.000 0.692
5340.000 0.692
5345.000 0.685
5350.000 0.684
5355.000 0.679
5360.000 0.674
5365.000 0.664
5370.000 0.663
5375.000 0.658
5380.000 0.646
5385.000 0.642
5390.000 0.640
5395.000 0.636
5400.000 0.629
5405.000 0.628
5410.000 0.624
5415.000 0.622
5420.000 0.617
5425.000 0.614
5430.000 0.612
5435.000 0.607
5440.000 0.605
5445.000 0.597
5450.000 0.594
5455.000 0.590
5460.000 0.582
5465.000 0.579
5470.000 0.577
5475.000 0.576
5480.000 0.571
5485.000 0.571
5490.000 0.569
5495.000 0.569
5500.000 0.566
5505.000 0.565
5510.000 0.560
5515.000 0.559
5520.000 0.556
5525.000 0.548
5530.000 0.546
5535.000 0.543
5540.000 0.540
5545.000 0.540
5550.000 0.539
5555.000 0.537
5560.000 0.538
5565.000 0.538
5570.000 0.537
5575.000 0.539
5580.000 0.535
5585.000 0.537
5590.000 0.532
5595.000 0.529
5600.000 0.527
5605.000 0.522
5610.000 0.523
5615.000 0.520
5620.000 0.519
5625.000 0.522
5630.000 0.524
5635.000 0.520
5640.000 0.524
5645.000 0.524
5650.000 0.523
5655.000 0.524
5660.000 0.522
5665.000 0.519
5670.000 0.517
5675.000 0.521
5680.000 0.516
5685.000 0.514
5690.000 0.515
5695.000 0.511
5700.000 0.512
5705.000 0.519
5710.000 0.516
5715.000 0.520
5720.000 0.522
5725.000 0.522
5730.000 0.524
5735.000 0.520
5740.000 0.519
5745.000 0.520
5750.000 0.520
5755.000 0.516
5760.000 0.516
5765.000 0.517
5770.000 0.518
5775.000 0.515
5780.000 0.519
5785.000 0.527
5790.000 0.521
5795.000 0.528
5800.000 0.527
5805.000 0.528
5810.000 0.527
5815.000 0.529
5820.000 0.529
5825.000 0.529
5830.000 0.525
5835.000 0.525
5840.000 0.523
5845.000 0.527
5850.000 0.529
5855.000 0.531
5860.000 0.540
5865.000 0.537
5870.000 0.541
5875.000 0.542
5880.000 0.541
5885.000 0.544
5890.000 0.541
5895.000 0.541
5900.000 0.543
5905.000 0.538
5910.000 0.538
5915.000 0.547
5920.000 0.544
5925.000 0.550
5930.000 0.553
5935.000 0.548
5940.000 0.560
5945.000 0.557
5950.000 0.566
5955.000 0.565
5960.000 0.567
5965.000 0.571
5970.000 0.569
5975.000 0.577
5980.000 0.578
5985.000 0.588
5990.000 0.589
5995.000 0.579
6000.000 0.595
6005.000 0.605
6010.000 0.609
6015.000 0.608
6020.000 0.615
6025.000 0.621
6030.000 0.642
6035.000 0.645
6040.000 0.656
6045.000 0.654
6050.000 0.673
6055.000 0.674
6060.000 0.690
6065.000 0.700
6070.000 0.713
6075.000 0.738
6080.000 0.752
6085.000 0.777
6090.000 0.799
6095.000 0.826
6100.000 0.844
6105.000 0.868
6110.000 0.897
6115.000 0.930
6120.000 0.964
6125.000 1.005
6130.000 1.051
6135.000 1.098
6140.000 1.165
6145.000 1.224
6150.000 1.307
6155.000 1.350
6160.000 1.432
6165.000 1.547
6170.000 1.672
6175.000 1.807
6180.000 1.994
6185.000 2.182
6190.000 2.460
6195.000 2.777
6200.000 3.143
6205.000 3.722
6210.000 4.386
6215.000 5.432
6220.000 6.049
6225.000 7.540
6230.000 10.528
6235.000 11.426
6240.000 11.117
6245.000 9.261
6250.000 7.818
6255.000 6.304
6260.000 5.126
6265.000 4.313
6270.000 3.558
6275.000 3.053
6280.000 2.531
6285.000 2.121
6290.000 1.806
6295.000 1.499
6300.000 1.386
6305.000 1.212
6310.000 1.065
6315.000 0.978
6320.000 0.895
6325.000 0.846
6330.000 0.809
6335.000 0.777
6340.000 0.754
6345.000 0.747
6350.000 0.726
6355.000 0.714
6360.000 0.704
6365.000 0.693
6370.000 0.686
6375.000 0.677
6380.000 0.666
6385.000 0.657
6390.000 0.650
6395.000 0.642
6400.000 0.636
6405.000 0.629
6410.000 0.622
6415.000 0.615
6420.000 0.610
6425.000 0.606
6430.000 0.602
6435.000 0.601
6440.000 0.601
6445.000 0.593
6450.000 0.594
6455.000 0.592
6460.000 0.588
6465.000 0.586
6470.000 0.585
6475.000 0.577
6480.000 0.577
6485.000 0.578
6490.000 0.576
6495.000 0.577
6500.000 0.577
6505.000 0.580
6510.000 0.584
6515.000 0.590
6520.000 0.596
6525.000 0.603
6530.000 0.613
6535.000 0.631
6540.000 0.650
6545.000 0.666
6550.000 0.710
6555.000 0.764
6560.000 0.891
6565.000 1.074
6570.000 1.520
6575.000 1.831
6580.000 3.454
6585.000 4.459
6590.000 1.545
6595.000 0.608
6600.000 0.468
6605.000 0.496
6610.000 0.486
6615.000 0.472
6620.000 0.464
6625.000 0.464
6630.000 0.455
6635.000 0.452
6640.000 0.449
6645.000 0.448
6650.000 0.446
6655.000 0.449
6660.000 0.453
6665.000 0.451
6670.000 0.453
6675.000 0.454
6680.000 0.454
6685.000 0.456
6690.000 0.455
6695.000 0.450
6700.000 0.448
6705.000 0.447
6710.000 0.444
6715.000 0.442
6720.000 0.444
6725.000 0.441
6730.000 0.445
6735.000 0.448
6740.000 0.451
6745.000 0.449
6750.000 0.452
6755.000 0.448
6760.000 0.448
6765.000 0.449
6770.000 0.447
6775.000 0.440
6780.000 0.442
6785.000 0.441
6790.000 0.437
6795.000 0.435
6800.000 0.435
6805.000 0.440
6810.000 0.440
6815.000 0.445
6820.000 0.446
6825.000 0.447
6830.000 0.442
6835.000 0.442
6840.000 0.439
6845.000 0.436
6850.000 0.441
6855.000 0.436
6860.000 0.431
6865.000 0.431
6870.000 0.431
6875.000 0.433
6880.000 0.438
6885.000 0.435
6890.000 0.441
6895.000 0.441
6900.000 0.442
6905.000 0.441
6910.000 0.437
6915.000 0.436
6920.000 0.432
6925.000 0.433
6930.000 0.430
6935.000 0.427
6940.000 0.425
6945.000 0.426
6950.000 0.430
6955.000 0.435
6960.000 0.435
6965.000 0.439
6970.000 0.429
6975.000 0.427
6980.000 0.437
6985.000 0.424
6990.000 0.432
6995.000 0.420
7000.000 0.426
7005.000 0.426
7010.000 0.420
7015.000 0.430
7020.000 0.426
7025.000 0.434
7030.000 0.422
7035.000 0.426
7040.000 0.427
7045.000 0.432
7050.000 0.426
7055.000 0.426
7060.000 0.425
7065.000 0.422
7070.000 0.420
7075.000 0.418
7080.000 0.422
7085.000 0.420
7090.000 0.422
7095.000 0.422
7100.000 0.427
7105.000 0.429
7110.000 0.429
7115.000 0.432
7120.000 0.435
7125.000 0.433
7130.000 0.434
7135.000 0.431
7140.000 0.425
7145.000 0.427
7150.000 0.427
7155.000 0.427
7160.000 0.427
7165.000 0.434
7170.000 0.434
7175.000 0.437
7180.000 0.442
7185.000 0.443
7190.000 0.445
7195.000 0.448
7200.000 0.451
7205.000 0.449
7210.000 0.446
7215.000 0.454
7220.000 0.450
7225.000 0.456
7230.000 0.460
7235.000 0.467
7240.000 0.472
7245.000 0.485
7250.000 0.490
7255.000 0.500
7260.000 0.505
7265.000 0.513
7270.000 0.516
7275.000 0.526
7280.000 0.536
7285.000 0.543
7290.000 0.556
7295.000 0.573
7300.000 0.589
7305.000 0.607
7310.000 0.631
7315.000 0.653
7320.000 0.678
7325.000 0.708
7330.000 0.721
7335.000 0.750
7340.000 0.784
7345.000 0.820
7350.000 0.864
7355.000 0.915
7360.000 0.963
7365.000 1.033
7370.000 1.097
7375.000 1.194
7380.000 1.251
7385.000 1.401
7390.000 1.478
7395.000 1.621
7400.000 1.777
7405.000 2.005
7410.000 2.235
7415.000 2.600
7420.000 3.019
7425.000 3.504
7430.000 4.301
7435.000 5.223
7440.000 6.497
7445.000 7.197
7450.000 8.429
7455.000 8.208
7460.000 6.589
7465.000 5.100
7470.000 3.934
7475.000 3.534
7480.000 3.483
7485.000 3.137
7490.000 2.878
7495.000 2.720
7500.000 2.400
7505.000 2.319
7510.000 2.058
7515.000 2.007
7520.000 1.872
7525.000 1.771
7530.000 1.683
7535.000 1.596
7540.000 1.530
7545.000 1.467
7550.000 1.410
7555.000 1.368
7560.000 1.321
7565.000 1.298
7570.000 1.244
7575.000 1.228
7580.000 1.196
7585.000 1.159
7590.000 1.132
7595.000 1.105
7600.000 1.080
7605.000 1.057
7610.000 1.034
7615.000 1.011
7620.000 0.997
7625.000 0.992
7630.000 0.968
7635.000 0.965
7640.000 0.944
7645.000 0.935
7650.000 0.914
7655.000 0.905
7660.000 0.891
7665.000 0.875
7670.000 0.866
7675.000 0.858
7680.000 0.848
7685.000 0.837
7690.000 0.827
7695.000 0.821
7700.000 0.819
7705.000 0.809
7710.000 0.809
7715.000 0.797
7720.000 0.791
7725.000 0.785
7730.000 0.773
7735.000 0.768
7740.000 0.754
7745.000 0.745
7750.000 0.741
7755.000 0.731
7760.000 0.727
7765.000 0.731
7770.000 0.724
7775.000 0.719
7780.000 0.716
7785.000 0.710
7790.000 0.709
7795.000 0.704
7800.000 0.697
7805.000 0.692
7810.000 0.682
7815.000 0.676
7820.000 0.666
7825.000 0.662
7830.000 0.658
7835.000 0.654
7840.000 0.651
7845.000 0.651
7850.000 0.647
7855.000 0.647
7860.000 0.641
7865.000 0.636
7870.000 0.630
7875.000 0.625
7880.000 0.622
7885.000 0.605
7890.000 0.604
7895.000 0.596
7900.000 0.591
7905.000 0.583
7910.000 0.576
7915.000 0.576
7920.000 0.575
7925.000 0.567
7930.000 0.565
7935.000 0.553
7940.000 0.549
7945.000 0.541
7950.000 0.524
7955.000 0.512
7960.000 0.498
7965.000 0.488
7970.000 0.470
7975.000 0.455
7980.000 0.447
7985.000 0.443
7990.000 0.412
7995.000 0.409
8000.000 0.372
8005.000 0.359
8010.000 0.334
8015.000 0.309
8020.000 0.269
8025.000 0.264
8030.000 0.272
8035.000 0.346
8040.000 0.562
8045.000 0.915
8050.000 1.169
8055.000 2.065
8060.000 3.766
8065.000 4.558
8070.000 1.349
8075.000 2.978
8080.000 1.418
8085.000 1.472
8090.000 1.406
8095.000 1.271
8100.000 1.200
8105.000 1.124
8110.000 1.072
8115.000 1.059
8120.000 0.998
8125.000 0.985
8130.000 0.961
8135.000 0.941
8140.000 0.928
8145.000 0.910
8150.000 0.896
8155.000 0.887
8160.000 0.874
8165.000 0.869
8170.000 0.851
8175.000 0.846
8180.000 0.833
8185.000 0.823
8190.000 0.813
8195.000 0.810
8200.000 0.802
8205.000 0.799
8210.000 0.796
8215.000 0.793
8220.000 0.795
8225.000 0.790
8230.000 0.787
8235.000 0.784
8240.000 0.779
8245.000 0.774
8250.000 0.767
8255.000 0.767
8260.000 0.758
8265.000 0.755
8270.000 0.750
8275.000 0.750
8280.000 0.748
8285.000 0.754
8290.000 0.755
8295.000 0.752
8300.000 0.747
8305.000 0.749
8310.000 0.748
8315.000 0.742
8320.000 0.747
8325.000 0.736
8330.000 0.736
8335.000 0.732
8340.000 0.732
8345.000 0.728
8350.000 0.732
8355.000 0.735
8360.000 0.735
8365.000 0.739
8370.000 0.737
8375.000 0.741
8380.000 0.741
8385.000 0.738
8390.000 0.737
8395.000 0.736
8400.000 0.738
8405.000 0.732
8410.000 0.736
8415.000 0.734
8420.000 0.734
8425.000 0.737
8430.000 0.746
8435.000 0.745
8440.000 0.755
8445.000 0.760
8450.000 0.764
8455.000 0.766
8460.000 0.769
8465.000 0.776
8470.000 0.776
8475.000 0.788
8480.000 0.791
8485.000 0.799
8490.000 0.813
8495.000 0.836
8500.000 0.857
8505.000 0.887
8510.000 0.937
8515.000 0.991
8520.000 1.057
8525.000 1.202
8530.000 1.286
8535.000 1.529
8540.000 2.640
8545.000 3.180
8550.000 3.849
8555.000 1.214
8560.000 0.872
8565.000 0.298
8570.000 0.350
8575.000 0.288
8580.000 0.306
8585.000 0.306
8590.000 0.294
8595.000 0.289
8600.000 0.246
8605.000 0.209
8610.000 0.187
8615.000 0.141
8620.000 0.144
8625.000 0.245
8630.000 0.454
8635.000 0.699
8640.000 1.092
8645.000 1.455
8650.000 1.682
8655.000 1.733
8660.000 1.724
8665.000 1.658
8670.000 1.635
8675.000 1.626
8680.000 1.562
8685.000 1.323
8690.000 0.923
8695.000 0.403
8700.000 0.111
8705.000 0.179
8710.000 0.310
8715.000 0.404
8720.000 0.436
8725.000 0.510
8730.000 0.538
8735.000 0.568
8740.000 0.597
8745.000 0.618
8750.000 0.633
8755.000 0.641
8760.000 0.653
8765.000 0.658
8770.000 0.661
8775.000 0.666
8780.000 0.671
8785.000 0.675
8790.000 0.682
8795.000 0.684
8800.000 0.686
8805.000 0.695
8810.000 0.691
8815.000 0.705
8820.000 0.687
8825.000 0.728
8830.000 0.719
8835.000 0.688
8840.000 0.708
8845.000 0.700
8850.000 0.702
8855.000 0.700
8860.000 0.702
8865.000 0.701
8870.000 0.705
8875.000 0.706
8880.000 0.708
8885.000 0.714
8890.000 0.713
8895.000 0.713
8900.000 0.717
8905.000 0.715
8910.000 0.709
8915.000 0.706
8920.000 0.705
8925.000 0.705
8930.000 0.701
8935.000 0.702
8940.000 0.703
8945.000 0.706
8950.000 0.714
8955.000 0.712
8960.000 0.712
8965.000 0.710
8970.000 0.712
8975.000 0.714
8980.000 0.709
8985.000 0.716
8990.000 0.712
8995.000 0.703
9000.000 0.709
9005.000 0.705
9010.000 0.713
9015.000 0.703
9020.000 0.707
9025.000 0.716
9030.000 0.717
9035.000 0.722
9040.000 0.724
9045.000 0.716
9050.000 0.720
9055.000 0.717
9060.000 0.713
9065.000 0.711
9070.000 0.707
9075.000 0.710
9080.000 0.711
9085.000 0.711
9090.000 0.711
9095.000 0.719
9100.000 0.717
9105.000 0.723
9110.000 0.727
9115.000 0.726
9120.000 0.727
9125.000 0.726
9130.000 0.721
9135.000 0.721
9140.000 0.720
9145.000 0.718
9150.000 0.722
9155.000 0.719
9160.000 0.725
9165.000 0.730
9170.000 0.731
9175.000 0.736
9180.000 0.738
9185.000 0.742
9190.000 0.742
9195.000 0.741
9200.000 0.740
9205.000 0.743
9210.000 0.736
9215.000 0.739
9220.000 0.740
9225.000 0.739
9230.000 0.743
9235.000 0.750
9240.000 0.754
9245.000 0.756
9250.000 0.765
9255.000 0.766
9260.000 0.768
9265.000 0.769
9270.000 0.772
9275.000 0.769
9280.000 0.772
9285.000 0.773
9290.000 0.771
9295.000 0.776
9300.000 0.777
9305.000 0.782
9310.000 0.787
9315.000 0.800
9320.000 0.803
9325.000 0.808
9330.000 0.818
9335.000 0.821
9340.000 0.828
9345.000 0.825
9350.000 0.828
9355.000 0.834
9360.000 0.838
9365.000 0.843
9370.000 0.851
9375.000 0.858
9380.000 0.866
9385.000 0.879
9390.000 0.892
9395.000 0.912
9400.000 0.923
9405.000 0.943
9410.000 0.959
9415.000 0.972
9420.000 0.994
9425.000 1.019
9430.000 1.039
9435.000 1.079
9440.000 1.121
9445.000 1.181
9450.000 1.251
9455.000 1.337
9460.000 1.421
9465.000 1.581
9470.000 1.799
9475.000 2.239
9480.000 2.763
9485.000 2.957
9490.000 1.534
9495.000 1.911
9500.000 0.814
9505.000 0.519
9510.000 0.244
9515.000 0.218
9520.000 0.283
9525.000 0.323
9530.000 0.373
9535.000 0.422
9540.000 0.461
9545.000 0.490
9550.000 0.520
9555.000 0.548
9560.000 0.563
9565.000 0.584
9570.000 0.596
9575.000 0.611
9580.000 0.627
9585.000 0.631
9590.000 0.649
9595.000 0.665
9600.000 0.682
9605.000 0.693
9610.000 0.711
9615.000 0.731
9620.000 0.738
9625.000 0.747
9630.000 0.766
9635.000 0.780
9640.000 0.787
9645.000 0.798
9650.000 0.806
9655.000 0.823
9660.000 0.836
9665.000 0.853
9670.000 0.867
9675.000 0.888
9680.000 0.909
9685.000 0.932
9690.000 0.956
9695.000 0.981
9700.000 1.002
9705.000 1.016
9710.000 1.043
9715.000 1.062
9720.000 1.091
9725.000 1.126
9730.000 1.161
9735.000 1.206
9740.000 1.243
9745.000 1.305
9750.000 1.364
9755.000 1.436
9760.000 1.514
9765.000 1.594
9770.000 1.657
9775.000 1.768
9780.000 1.881
9785.000 2.059
9790.000 2.246
9795.000 2.479
9800.000 2.761
9805.000 3.055
9810.000 3.493
9815.000 3.822
9820.000 3.960
9825.000 3.762
9830.000 3.530
9835.000 2.959
9840.000 2.327
9845.000 1.917
9850.000 1.475
9855.000 1.188
9860.000 0.937
9865.000 0.773
9870.000 0.701
9875.000 0.718
9880.000 0.760
9885.000 0.757
9890.000 0.657
9895.000 0.578
9900.000 0.504
9905.000 0.448
9910.000 0.403
9915.000 0.347
9920.000 0.313
9925.000 0.270
9930.000 0.236
9935.000 0.214
9940.000 0.197
9945.000 0.174
9950.000 0.167
9955.000 0.144
9960.000 0.138
9965.000 0.129
9970.000 0.123
9975.000 0.123
9980.000 0.117
9985.000 0.124
9990.000 0.127
9995.000 0.123
10000.000 0.133
10005.000 0.136
10010.000 0.139
10015.000 0.134
10020.000 0.141
10025.000 0.142
10030.000 0.156
10035.000 0.157
10040.000 0.164
10045.000 0.177
10050.000 0.183
10055.000 0.186
10060.000 0.195
10065.000 0.200
10070.000 0.204
10075.000 0.208
10080.000 0.200
10085.000 0.205
10090.000 0.206
10095.000 0.202
10100.000 0.207
10105.000 0.207
10110.000 0.209
10115.000 0.210
10120.000 0.218
10125.000 0.214
10130.000 0.216
10135.000 0.216
10140.000 0.213
10145.000 0.201
10150.000 0.193
10155.000 0.179
10160.000 0.153
10165.000 0.129
10170.000 0.088
10175.000 0.064
10180.000 0.171
10185.000 0.617
10190.000 1.000
10195.000 1.176
10200.000 0.477
10205.000 0.464
10210.000 0.475
10215.000 0.436
10220.000 0.424
10225.000 0.406
10230.000 0.398
10235.000 0.387
10240.000 0.383
10245.000 0.377
10250.000 0.375
10255.000 0.372
10260.000 0.371
10265.000 0.375
10270.000 0.375
10275.000 0.377
10280.000 0.381
10285.000 0.378
10290.000 0.378
10295.000 0.382
10300.000 0.376
10305.000 0.371
10310.000 0.369
10315.000 0.364
10320.000 0.369
10325.000 0.366
10330.000 0.368
10335.000 0.370
10340.000 0.375
10345.000 0.376
10350.000 0.378
10355.000 0.383
10360.000 0.380
10365.000 0.378
10370.000 0.378
10375.000 0.380
10380.000 0.373
10385.000 0.373
10390.000 0.371
10395.000 0.371
10400.000 0.372
10405.000 0.375
10410.000 0.374
10415.000 0.379
10420.000 0.383
10425.000 0.385
10430.000 0.386
10435.000 0.391
10440.000 0.390
10445.000 0.385
10450.000 0.384
10455.000 0.382
10460.000 0.379
10465.000 0.383
10470.000 0.378
10475.000 0.379
10480.000 0.382
10485.000 0.386
10490.000 0.385
10495.000 0.389
10500.000 0.394
10505.000 0.392
10510.000 0.393
10515.000 0.394
10520.000 0.389
10525.000 0.388
10530.000 0.387
10535.000 0.384
10540.000 0.384
10545.000 0.384
10550.000 0.387
10555.000 0.387
10560.000 0.392
10565.000 0.393
10570.000 0.395
10575.000 0.400
10580.000 0.399
10585.000 0.401
10590.000 0.401
10595.000 0.396
10600.000 0.392
10605.000 0.392
10610.000 0.393
10615.000 0.392
10620.000 0.391
10625.000 0.390
10630.000 0.393
10635.000 0.396
10640.000 0.401
10645.000 0.403
10650.000 0.406
10655.000 0.406
10660.000 0.406
10665.000 0.405
10670.000 0.403
10675.000 0.399
10680.000 0.396
10685.000 0.396
10690.000 0.398
10695.000 0.400
10700.000 0.400
10705.000 0.404
10710.000 0.410
10715.000 0.414
10720.000 0.413
10725.000 0.414
10730.000 0.416
10735.000 0.418
10740.000 0.418
10745.000 0.415
10750.000 0.415
10755.000 0.414
10760.000 0.413
10765.000 0.417
10770.000 0.425
10775.000 0.430
10780.000 0.437
10785.000 0.442
10790.000 0.451
10795.000 0.456
10800.000 0.469
10805.000 0.474
10810.000 0.484
10815.000 0.500
10820.000 0.512
10825.000 0.539
10830.000 0.567
10835.000 0.616
10840.000 0.673
10845.000 0.739
10850.000 0.780
10855.000 0.797
10860.000 0.729
10865.000 0.422
10870.000 0.238
10875.000 0.150
10880.000 0.159
10885.000 0.073
10890.000 0.171
10895.000 0.086
10900.000 0.093
10905.000 0.093
10910.000 0.094
10915.000 0.095
10920.000 0.102
10925.000 0.110
10930.000 0.108
10935.000 0.110
10940.000 0.116
10945.000 0.127
10950.000 0.146
10955.000 0.178
10960.000 0.212
10965.000 0.269
10970.000 0.344
10975.000 0.367
10980.000 0.550
10985.000 0.616
10990.000 0.726
10995.000 0.857
11000.000 0.911
11005.000 0.924
11010.000 0.889
11015.000 0.862
11020.000 0.808
11025.000 0.774
11030.000 0.737
11035.000 0.719
11040.000 0.705
11045.000 0.708
11050.000 0.720
11055.000 0.739
11060.000 0.785
11065.000 0.850
11070.000 0.937
11075.000 0.947
11080.000 0.903
11085.000 0.823
11090.000 0.784
11095.000 0.747
11100.000 0.707
11105.000 0.681
11110.000 0.643
11115.000 0.623
11120.000 0.601
11125.000 0.586
11130.000 0.574
11135.000 0.562
11140.000 0.554
11145.000 0.548
11150.000 0.541
11155.000 0.535
11160.000 0.533
11165.000 0.524
11170.000 0.519
11175.000 0.516
11180.000 0.504
11185.000 0.496
11190.000 0.489
11195.000 0.487
11200.000 0.482
11205.000 0.479
11210.000 0.476
11215.000 0.471
11220.000 0.473
11225.000 0.474
11230.000 0.466
11235.000 0.470
11240.000 0.466
11245.000 0.465
11250.000 0.455
11255.000 0.453
11260.000 0.449
11265.000 0.446
11270.000 0.443
11275.000 0.440
11280.000 0.434
11285.000 0.438
11290.000 0.438
11295.000 0.437
11300.000 0.439
11305.000 0.436
11310.000 0.441
11315.000 0.433
11320.000 0.432
11325.000 0.430
11330.000 0.420
11335.000 0.421
11340.000 0.418
11345.000 0.413
11350.000 0.415
11355.000 0.415
11360.000 0.412
11365.000 0.416
11370.000 0.413
11375.000 0.415
11380.000 0.414
11385.000 0.413
11390.000 0.414
11395.000 0.411
11400.000 0.408
11405.000 0.401
11410.000 0.399
11415.000 0.399
11420.000 0.396
11425.000 0.398
11430.000 0.395
11435.000 0.395
11440.000 0.396
11445.000 0.397
11450.000 0.396
11455.000 0.399
11460.000 0.395
11465.000 0.395
11470.000 0.395
11475.000 0.389
11480.000 0.388
11485.000 0.381
11490.000 0.377
11495.000 0.378
11500.000 0.375
11505.000 0.375
11510.000 0.376
11515.000 0.373
11520.000 0.375
11525.000 0.377
11530.000 0.374
11535.000 0.378
11540.000 0.373
11545.000 0.369
11550.000 0.364
11555.000 0.361
11560.000 0.356
11565.000 0.350
11570.000 0.352
11575.000 0.353
11580.000 0.348
11585.000 0.351
11590.000 0.346
11595.000 0.343
11600.000 0.344
11605.000 0.340
11610.000 0.340
11615.000 0.330
11620.000 0.325
11625.000 0.316
11630.000 0.315
11635.000 0.311
11640.000 0.299
11645.000 0.296
11650.000 0.292
11655.000 0.281
11660.000 0.277
11665.000 0.270
11670.000 0.257
11675.000 0.249
11680.000 0.230
11685.000 0.215
11690.000 0.198
11695.000 0.172
11700.000 0.167
11705.000 0.168
11710.000 0.261
11715.000 0.300
11720.000 0.599
11725.000 1.042
11730.000 1.486
11735.000 1.293
11740.000 0.789
11745.000 0.887
11750.000 0.872
11755.000 0.789
11760.000 0.661
11765.000 0.620
11770.000 0.580
11775.000 0.567
11780.000 0.547
11785.000 0.526
11790.000 0.509
11795.000 0.497
11800.000 0.485
11805.000 0.477
11810.000 0.469
11815.000 0.461
11820.000 0.462
11825.000 0.453
11830.000 0.443
11835.000 0.434
11840.000 0.430
11845.000 0.425
11850.000 0.416
11855.000 0.410
11860.000 0.405
11865.000 0.399
11870.000 0.397
11875.000 0.395
11880.000 0.389
11885.000 0.389
11890.000 0.384
11895.000 0.380
11900.000 0.378
11905.000 0.371
11910.000 0.368
11915.000 0.359
11920.000 0.356
11925.000 0.350
11930.000 0.345
11935.000 0.344
11940.000 0.337
11945.000 0.334
11950.000 0.330
11955.000 0.327
11960.000 0.324
11965.000 0.322
11970.000 0.317
11975.000 0.314
11980.000 0.306
11985.000 0.305
11990.000 0.294
11995.000 0.292
12000.000 0.292
