105.000 2.123
110.000 2.009
115.000 2.054
120.000 2.007
125.000 2.118
130.000 2.182
135.000 2.164
140.000 2.091
145.000 2.169
150.000 2.222
155.000 2.144
160.000 2.201
165.000 2.208
170.000 2.179
175.000 2.184
180.000 2.204
185.000 2.348
190.000 2.364
195.000 2.295
200.000 2.261
205.000 2.276
210.000 2.352
215.000 2.371
220.000 2.401
225.000 2.436
230.000 2.470
235.000 2.501
240.000 2.525
245.000 2.534
250.000 2.592
255.000 2.651
260.000 2.681
265.000 2.733
270.000 2.766
275.000 2.822
280.000 2.867
285.000 2.957
290.000 3.001
295.000 3.094
300.000 3.124
305.000 3.181
310.000 3.259
315.000 3.496
320.000 3.455
325.000 3.611
330.000 3.735
335.000 3.881
340.000 4.035
345.000 4.161
350.000 4.360
355.000 4.547
360.000 4.748
365.000 4.844
370.000 5.059
375.000 5.278
380.000 5.524
385.000 5.725
390.000 5.904
395.000 6.084
400.000 6.193
405.000 6.253
410.000 6.259
415.000 6.184
420.000 6.017
425.000 5.826
430.000 5.700
435.000 5.394
440.000 5.104
445.000 4.775
450.000 4.467
455.000 4.161
460.000 3.885
465.000 3.623
470.000 3.384
475.000 3.167
480.000 2.947
485.000 2.767
490.000 2.679
495.000 2.517
500.000 2.374
505.000 2.236
510.000 2.112
515.000 2.010
520.000 1.905
525.000 1.825
530.000 1.735
535.000 1.649
540.000 1.574
545.000 1.529
550.000 1.475
555.000 1.409
560.000 1.345
565.000 1.294
570.000 1.247
575.000 1.209
580.000 1.174
585.000 1.134
590.000 1.085
595.000 1.052
600.000 1.019
605.000 0.980
610.000 0.974
615.000 0.940
620.000 0.928
625.000 0.892
630.000 0.873
635.000 0.845
640.000 0.833
645.000 0.813
650.000 0.788
655.000 0.776
660.000 0.762
665.000 0.740
670.000 0.733
675.000 0.716
680.000 0.701
685.000 0.695
690.000 0.681
695.000 0.666
700.000 0.661
705.000 0.646
710.000 0.639
715.000 0.628
720.000 0.620
725.000 0.614
730.000 0.604
735.000 0.605
740.000 0.594
745.000 0.586
750.000 0.578
755.000 0.564
760.000 0.567
765.000 0.568
770.000 0.562
775.000 0.553
780.000 0.552
785.000 0.551
790.000 0.549
795.000 0.551
800.000 0.541
805.000 0.546
810.000 0.536
815.000 0.530
820.000 0.528
825.000 0.517
830.000 0.519
835.000 0.516
840.000 0.514
845.000 0.517
850.000 0.509
855.000 0.509
860.000 0.500
865.000 0.508
870.000 0.500
875.000 0.496
880.000 0.499
885.000 0.496
890.000 0.493
895.000 0.490
900.000 0.496
905.000 0.488
910.000 0.494
915.000 0.489
920.000 0.488
925.000 0.485
930.000 0.485
935.000 0.492
940.000 0.490
945.000 0.490
950.000 0.486
955.000 0.484
960.000 0.486
965.000 0.478
970.000 0.481
975.000 0.482
980.000 0.476
985.000 0.486
990.000 0.491
995.000 0.486
1000.000 0.481
1005.000 0.478
1010.000 0.483
1015.000 0.484
1020.000 0.489
1025.000 0.484
1030.000 0.482
1035.000 0.478
1040.000 0.472
1045.000 0.481
1050.000 0.478
1055.000 0.481
1060.000 0.489
1065.000 0.485
1070.000 0.490
1075.000 0.478
1080.000 0.485
1085.000 0.480
1090.000 0.483
1095.000 0.490
1100.000 0.489
1105.000 0.488
1110.000 0.486
1115.000 0.485
1120.000 0.490
1125.000 0.490
1130.000 0.493
1135.000 0.491
1140.000 0.489
1145.000 0.495
1150.000 0.493
1155.000 0.491
1160.000 0.494
1165.000 0.496
1170.000 0.497
1175.000 0.498
1180.000 0.493
1185.000 0.491
1190.000 0.497
1195.000 0.497
1200.000 0.496
1205.000 0.499
1210.000 0.506
1215.000 0.502
1220.000 0.507
1225.000 0.506
1230.000 0.508
1235.000 0.509
1240.000 0.510
1245.000 0.504
1250.000 0.514
1255.000 0.510
1260.000 0.516
1265.000 0.514
1270.000 0.518
1275.000 0.520
1280.000 0.517
1285.000 0.520
1290.000 0.522
1295.000 0.524
1300.000 0.523
1305.000 0.527
1310.000 0.525
1315.000 0.527
1320.000 0.533
1325.000 0.534
1330.000 0.538
1335.000 0.547
1340.000 0.541
1345.000 0.545
1350.000 0.544
1355.000 0.553
1360.000 0.549
1365.000 0.550
1370.000 0.550
1375.000 0.555
1380.000 0.554
1385.000 0.559
1390.000 0.563
1395.000 0.562
1400.000 0.566
1405.000 0.566
1410.000 0.566
1415.000 0.572
1420.000 0.567
1425.000 0.573
1430.000 0.568
1435.000 0.567
1440.000 0.563
1445.000 0.562
1450.000 0.557
1455.000 0.554
1460.000 0.558
1465.000 0.556
1470.000 0.560
1475.000 0.565
1480.000 0.570
1485.000 0.580
1490.000 0.590
1495.000 0.595
1500.000 0.602
1505.000 0.615
1510.000 0.625
1515.000 0.636
1520.000 0.642
1525.000 0.653
1530.000 0.662
1535.000 0.668
1540.000 0.678
1545.000 0.685
1550.000 0.697
1555.000 0.706
1560.000 0.714
1565.000 0.731
1570.000 0.734
1575.000 0.750
1580.000 0.753
1585.000 0.764
1590.000 0.773
1595.000 0.788
1600.000 0.800
1605.000 0.817
1610.000 0.834
1615.000 0.840
1620.000 0.854
1625.000 0.871
1630.000 0.884
1635.000 0.898
1640.000 0.915
1645.000 0.928
1650.000 0.942
1655.000 0.961
1660.000 0.980
1665.000 0.991
1670.000 1.019
1675.000 1.036
1680.000 1.061
1685.000 1.085
1690.000 1.101
1695.000 1.127
1700.000 1.154
1705.000 1.163
1710.000 1.190
1715.000 1.214
1720.000 1.244
1725.000 1.267
1730.000 1.299
1735.000 1.334
1740.000 1.365
1745.000 1.397
1750.000 1.429
1755.000 1.464
1760.000 1.477
1765.000 1.511
1770.000 1.551
1775.000 1.581
1780.000 1.616
1785.000 1.650
1790.000 1.691
1795.000 1.718
1800.000 1.759
1805.000 1.798
1810.000 1.833
1815.000 1.875
1820.000 1.907
1825.000 1.921
1830.000 1.947
1835.000 1.982
1840.000 2.012
1845.000 2.040
1850.000 2.063
1855.000 2.084
1860.000 2.109
1865.000 2.130
1870.000 2.152
1875.000 2.163
1880.000 2.176
1885.000 2.182
1890.000 2.186
1895.000 2.203
1900.000 2.200
1905.000 2.203
1910.000 2.205
1915.000 2.206
1920.000 2.194
1925.000 2.196
1930.000 2.197
1935.000 2.183
1940.000 2.179
1945.000 2.162
1950.000 2.162
1955.000 2.156
1960.000 2.142
1965.000 2.136
1970.000 2.132
1975.000 2.121
1980.000 2.100
1985.000 2.101
1990.000 2.097
1995.000 2.079
2000.000 2.074
2005.000 2.061
2010.000 2.056
2015.000 2.047
2020.000 2.047
2025.000 2.042
2030.000 2.022
2035.000 2.022
2040.000 2.015
2045.000 2.010
2050.000 2.012
2055.000 2.011
2060.000 2.008
2065.000 2.007
2070.000 2.005
2075.000 2.003
2080.000 2.014
2085.000 2.011
2090.000 2.025
2095.000 2.027
2100.000 2.040
2105.000 2.053
2110.000 2.060
2115.000 2.069
2120.000 2.087
2125.000 2.096
2130.000 2.104
2135.000 2.124
2140.000 2.146
2145.000 2.167
2150.000 2.193
2155.000 2.220
2160.000 2.250
2165.000 2.288
2170.000 2.328
2175.000 2.365
2180.000 2.414
2185.000 2.465
2190.000 2.524
2195.000 2.555
2200.000 2.617
2205.000 2.693
2210.000 2.781
2215.000 2.873
2220.000 2.974
2225.000 3.096
2230.000 3.244
2235.000 3.399
2240.000 3.581
2245.000 3.821
2250.000 3.938
2255.000 4.225
2260.000 4.595
2265.000 5.003
2270.000 5.585
2275.000 6.326
2280.000 7.294
2285.000 8.765
2290.000 10.863
2295.000 14.211
2300.000 18.885
2305.000 21.777
2310.000 21.470
2315.000 22.616
2320.000 12.485
2325.000 8.811
2330.000 6.704
2335.000 5.329
2340.000 4.390
2345.000 3.726
2350.000 3.178
2355.000 2.781
2360.000 2.436
2365.000 2.152
2370.000 1.927
2375.000 1.818
2380.000 1.642
2385.000 1.491
2390.000 1.346
2395.000 1.229
2400.000 1.120
2405.000 1.022
2410.000 0.940
2415.000 0.862
2420.000 0.793
2425.000 0.730
2430.000 0.668
2435.000 0.645
2440.000 0.595
2445.000 0.543
2450.000 0.509
2455.000 0.473
2460.000 0.437
2465.000 0.404
2470.000 0.375
2475.000 0.349
2480.000 0.324
2485.000 0.300
2490.000 0.289
2495.000 0.273
2500.000 0.254
2505.000 0.240
2510.000 0.226
2515.000 0.214
2520.000 0.210
2525.000 0.203
2530.000 0.193
2535.000 0.193
2540.000 0.194
2545.000 0.190
2550.000 0.194
2555.000 0.196
2560.000 0.188
2565.000 0.193
2570.000 0.200
2575.000 0.200
2580.000 0.202
2585.000 0.209
2590.000 0.219
2595.000 0.222
2600.000 0.229
2605.000 0.236
2610.000 0.248
2615.000 0.248
2620.000 0.258
2625.000 0.266
2630.000 0.277
2635.000 0.286
2640.000 0.297
2645.000 0.302
2650.000 0.311
2655.000 0.321
2660.000 0.330
2665.000 0.339
2670.000 0.350
2675.000 0.360
2680.000 0.371
2685.000 0.380
2690.000 0.393
2695.000 0.399
2700.000 0.408
2705.000 0.417
2710.000 0.425
2715.000 0.437
2720.000 0.448
2725.000 0.462
2730.000 0.468
2735.000 0.480
2740.000 0.490
2745.000 0.500
2750.000 0.511
2755.000 0.521
2760.000 0.529
2765.000 0.546
2770.000 0.555
2775.000 0.567
2780.000 0.579
2785.000 0.593
2790.000 0.599
2795.000 0.611
2800.000 0.624
2805.000 0.641
2810.000 0.646
2815.000 0.656
2820.000 0.667
2825.000 0.684
2830.000 0.698
2835.000 0.705
2840.000 0.717
2845.000 0.735
2850.000 0.742
2855.000 0.756
2860.000 0.761
2865.000 0.775
2870.000 0.786
2875.000 0.801
2880.000 0.804
2885.000 0.819
2890.000 0.829
2895.000 0.838
2900.000 0.849
2905.000 0.859
2910.000 0.865
2915.000 0.873
2920.000 0.880
2925.000 0.890
2930.000 0.896
2935.000 0.907
2940.000 0.916
2945.000 0.914
2950.000 0.917
2955.000 0.927
2960.000 0.932
2965.000 0.940
2970.000 0.945
2975.000 0.947
2980.000 0.957
2985.000 0.954
2990.000 0.958
2995.000 0.966
3000.000 0.962
3005.000 0.962
3010.000 0.968
3015.000 0.988
3020.000 0.989
3025.000 0.990
3030.000 0.977
3035.000 0.987
3040.000 0.985
3045.000 0.998
3050.000 0.991
3055.000 0.994
3060.000 0.994
3065.000 1.000
3070.000 1.001
3075.000 1.004
3080.000 1.003
3085.000 1.000
3090.000 1.002
3095.000 1.005
3100.000 1.007
3105.000 1.005
3110.000 1.008
3115.000 1.012
3120.000 1.012
3125.000 1.015
3130.000 1.017
3135.000 1.017
3140.000 1.017
3145.000 1.017
3150.000 1.023
3155.000 1.022
3160.000 1.024
3165.000 1.025
3170.000 1.030
3175.000 1.032
3180.000 1.033
3185.000 1.035
3190.000 1.040
3195.000 1.039
3200.000 1.044
3205.000 1.049
3210.000 1.049
3215.000 1.052
3220.000 1.058
3225.000 1.058
3230.000 1.063
3235.000 1.068
3240.000 1.069
3245.000 1.071
3250.000 1.076
3255.000 1.081
3260.000 1.088
3265.000 1.091
3270.000 1.097
3275.000 1.102
3280.000 1.108
3285.000 1.114
3290.000 1.117
3295.000 1.123
3300.000 1.132
3305.000 1.136
3310.000 1.142
3315.000 1.147
3320.000 1.153
3325.000 1.165
3330.000 1.173
3335.000 1.184
3340.000 1.192
3345.000 1.200
3350.000 1.209
3355.000 1.220
3360.000 1.229
3365.000 1.235
3370.000 1.245
3375.000 1.258
3380.000 1.271
3385.000 1.282
3390.000 1.296
3395.000 1.311
3400.000 1.324
3405.000 1.339
3410.000 1.354
3415.000 1.376
3420.000 1.389
3425.000 1.407
3430.000 1.416
3435.000 1.435
3440.000 1.449
3445.000 1.476
3450.000 1.497
3455.000 1.523
3460.000 1.547
3465.000 1.571
3470.000 1.600
3475.000 1.628
3480.000 1.663
3485.000 1.677
3490.000 1.708
3495.000 1.743
3500.000 1.779
3505.000 1.819
3510.000 1.859
3515.000 1.900
3520.000 1.949
3525.000 2.000
3530.000 2.046
3535.000 2.106
3540.000 2.163
3545.000 2.195
3550.000 2.265
3555.000 2.338
3560.000 2.415
3565.000 2.503
3570.000 2.592
3575.000 2.694
3580.000 2.796
3585.000 2.918
3590.000 3.047
3595.000 3.189
3600.000 3.356
3605.000 3.529
3610.000 3.623
3615.000 3.845
3620.000 4.072
3625.000 4.368
3630.000 4.682
3635.000 5.035
3640.000 5.495
3645.000 5.979
3650.000 6.645
3655.000 7.442
3660.000 8.377
3665.000 9.748
3670.000 10.553
3675.000 12.481
3680.000 15.540
3685.000 19.774
3690.000 26.002
3695.000 35.108
3700.000 43.084
3705.000 36.919
3710.000 22.170
3715.000 16.141
3720.000 12.761
3725.000 10.626
3730.000 9.664
3735.000 8.348
3740.000 7.388
3745.000 6.536
3750.000 5.935
3755.000 5.360
3760.000 4.926
3765.000 4.571
3770.000 4.228
3775.000 3.968
3780.000 3.709
3785.000 3.493
3790.000 3.407
3795.000 3.214
3800.000 3.053
3805.000 2.919
3810.000 2.778
3815.000 2.664
3820.000 2.551
3825.000 2.453
3830.000 2.366
3835.000 2.274
3840.000 2.197
3845.000 2.121
3850.000 2.052
3855.000 2.024
3860.000 1.959
3865.000 1.897
3870.000 1.848
3875.000 1.795
3880.000 1.753
3885.000 1.711
3890.000 1.670
3895.000 1.628
3900.000 1.594
3905.000 1.558
3910.000 1.524
3915.000 1.508
3920.000 1.478
3925.000 1.447
3930.000 1.418
3935.000 1.393
3940.000 1.369
3945.000 1.341
3950.000 1.316
3955.000 1.292
3960.000 1.274
3965.000 1.261
3970.000 1.244
3975.000 1.228
3980.000 1.221
3985.000 1.191
3990.000 1.171
3995.000 1.164
4000.000 1.147
4005.000 1.135
4010.000 1.111
4015.000 1.113
4020.000 1.098
4025.000 1.090
4030.000 1.067
4035.000 1.058
4040.000 1.048
4045.000 1.048
4050.000 1.028
4055.000 1.017
4060.000 1.014
4065.000 0.999
4070.000 0.989
4075.000 0.987
4080.000 0.970
4085.000 0.963
4090.000 0.954
4095.000 0.950
4100.000 0.943
4105.000 0.934
4110.000 0.925
4115.000 0.919
4120.000 0.906
4125.000 0.900
4130.000 0.889
4135.000 0.879
4140.000 0.872
4145.000 0.860
4150.000 0.853
4155.000 0.837
4160.000 0.835
4165.000 0.827
4170.000 0.815
4175.000 0.812
4180.000 0.807
4185.000 0.797
4190.000 0.791
4195.000 0.781
4200.000 0.773
4205.000 0.764
4210.000 0.756
4215.000 0.754
4220.000 0.746
4225.000 0.734
4230.000 0.729
4235.000 0.724
4240.000 0.720
4245.000 0.721
4250.000 0.724
4255.000 0.721
4260.000 0.723
4265.000 0.729
4270.000 0.731
4275.000 0.732
4280.000 0.737
4285.000 0.740
4290.000 0.737
4295.000 0.741
4300.000 0.744
4305.000 0.743
4310.000 0.743
4315.000 0.749
4320.000 0.747
4325.000 0.750
4330.000 0.756
4335.000 0.754
4340.000 0.752
4345.000 0.757
4350.000 0.757
4355.000 0.760
4360.000 0.758
4365.000 0.758
4370.000 0.756
4375.000 0.753
4380.000 0.755
4385.000 0.753
4390.000 0.757
4395.000 0.758
4400.000 0.759
4405.000 0.759
4410.000 0.763
4415.000 0.760
4420.000 0.765
4425.000 0.764
4430.000 0.765
4435.000 0.764
4440.000 0.763
4445.000 0.761
4450.000 0.762
4455.000 0.761
4460.000 0.765
4465.000 0.764
4470.000 0.767
4475.000 0.770
4480.000 0.770
4485.000 0.776
4490.000 0.774
4495.000 0.775
4500.000 0.782
4505.000 0.780
4510.000 0.781
4515.000 0.782
4520.000 0.782
4525.000 0.780
4530.000 0.784
4535.000 0.787
4540.000 0.789
4545.000 0.793
4550.000 0.793
4555.000 0.798
4560.000 0.802
4565.000 0.805
4570.000 0.809
4575.000 0.813
4580.000 0.808
4585.000 0.812
4590.000 0.816
4595.000 0.820
4600.000 0.822
4605.000 0.827
4610.000 0.829
4615.000 0.836
4620.000 0.839
4625.000 0.845
4630.000 0.849
4635.000 0.858
4640.000 0.861
4645.000 0.863
4650.000 0.869
4655.000 0.875
4660.000 0.881
4665.000 0.882
4670.000 0.891
4675.000 0.896
4680.000 0.906
4685.000 0.911
4690.000 0.921
4695.000 0.929
4700.000 0.938
4705.000 0.943
4710.000 0.955
4715.000 0.961
4720.000 0.972
4725.000 0.983
4730.000 0.993
4735.000 1.005
4740.000 1.016
4745.000 1.028
4750.000 1.041
4755.000 1.055
4760.000 1.074
4765.000 1.078
4770.000 1.102
4775.000 1.117
4780.000 1.135
4785.000 1.155
4790.000 1.176
4795.000 1.196
4800.000 1.225
4805.000 1.240
4810.000 1.273
4815.000 1.293
4820.000 1.329
4825.000 1.341
4830.000 1.373
4835.000 1.415
4840.000 1.449
4845.000 1.489
4850.000 1.539
4855.000 1.580
4860.000 1.638
4865.000 1.697
4870.000 1.750
4875.000 1.819
4880.000 1.890
4885.000 1.975
4890.000 2.017
4895.000 2.106
4900.000 2.216
4905.000 2.338
4910.000 2.474
4915.000 2.632
4920.000 2.797
4925.000 3.011
4930.000 3.260
4935.000 3.505
4940.000 3.862
4945.000 4.188
4950.000 4.413
4955.000 4.844
4960.000 5.035
4965.000 6.396
4970.000 14.655
4975.000 16.504
4980.000 20.652
4985.000 21.722
4990.000 18.733
4995.000 13.401
5000.000 9.689
5005.000 8.256
5010.000 6.705
5015.000 5.641
5020.000 4.747
5025.000 4.202
5030.000 3.700
5035.000 3.310
5040.000 3.028
5045.000 2.755
5050.000 2.557
5055.000 2.360
5060.000 2.197
5065.000 2.072
5070.000 2.000
5075.000 1.890
5080.000 1.800
5085.000 1.705
5090.000 1.630
5095.000 1.557
5100.000 1.490
5105.000 1.445
5110.000 1.389
5115.000 1.345
5120.000 1.298
5125.000 1.261
5130.000 1.244
5135.000 1.206
5140.000 1.173
5145.000 1.147
5150.000 1.121
5155.000 1.100
5160.000 1.077
5165.000 1.058
5170.000 1.042
5175.000 1.025
5180.000 1.011
5185.000 0.997
5190.000 0.978
5195.000 0.973
5200.000 0.963
5205.000 0.954
5210.000 0.943
5215.000 0.937
5220.000 0.930
5225.000 0.927
5230.000 0.919
5235.000 0.914
5240.000 0.912
5245.000 0.910
5250.000 0.910
5255.000 0.903
5260.000 0.905
5265.000 0.901
5270.000 0.898
5275.000 0.898
5280.000 0.896
5285.000 0.895
5290.000 0.894
5295.000 0.899
5300.000 0.902
5305.000 0.897
5310.000 0.904
5315.000 0.904
5320.000 0.903
5325.000 0.900
5330.000 0.899
5335.000 0.899
5340.000 0.898
5345.000 0.897
5350.000 0.894
5355.000 0.893
5360.000 0.898
5365.000 0.897
5370.000 0.896
5375.000 0.895
5380.000 0.899
5385.000 0.904
5390.000 0.901
5395.000 0.902
5400.000 0.903
5405.000 0.905
5410.000 0.904
5415.000 0.903
5420.000 0.904
5425.000 0.907
5430.000 0.906
5435.000 0.904
5440.000 0.905
5445.000 0.909
5450.000 0.909
5455.000 0.915
5460.000 0.909
5465.000 0.916
5470.000 0.915
5475.000 0.912
5480.000 0.912
5485.000 0.911
5490.000 0.911
5495.000 0.911
5500.000 0.914
5505.000 0.910
5510.000 0.915
5515.000 0.910
5520.000 0.915
5525.000 0.915
5530.000 0.918
5535.000 0.920
5540.000 0.917
5545.000 0.921
5550.000 0.920
5555.000 0.919
5560.000 0.916
5565.000 0.919
5570.000 0.915
5575.000 0.918
5580.000 0.920
5585.000 0.919
5590.000 0.921
5595.000 0.923
5600.000 0.924
5605.000 0.925
5610.000 0.927
5615.000 0.929
5620.000 0.930
5625.000 0.926
5630.000 0.926
5635.000 0.927
5640.000 0.927
5645.000 0.928
5650.000 0.932
5655.000 0.934
5660.000 0.936
5665.000 0.936
5670.000 0.939
5675.000 0.943
5680.000 0.943
5685.000 0.942
5690.000 0.945
5695.000 0.947
5700.000 0.945
5705.000 0.949
5710.000 0.949
5715.000 0.953
5720.000 0.957
5725.000 0.955
5730.000 0.962
5735.000 0.966
5740.000 0.968
5745.000 0.974
5750.000 0.974
5755.000 0.976
5760.000 0.984
5765.000 0.985
5770.000 0.985
5775.000 0.988
5780.000 0.990
5785.000 0.992
5790.000 0.999
5795.000 1.004
5800.000 1.006
5805.000 1.013
5810.000 1.018
5815.000 1.024
5820.000 1.029
5825.000 1.037
5830.000 1.041
5835.000 1.045
5840.000 1.055
5845.000 1.057
5850.000 1.064
5855.000 1.068
5860.000 1.073
5865.000 1.073
5870.000 1.088
5875.000 1.097
5880.000 1.105
5885.000 1.113
5890.000 1.124
5895.000 1.133
5900.000 1.145
5905.000 1.152
5910.000 1.164
5915.000 1.167
5920.000 1.184
5925.000 1.188
5930.000 1.197
5935.000 1.208
5940.000 1.223
5945.000 1.241
5950.000 1.252
5955.000 1.266
5960.000 1.281
5965.000 1.306
5970.000 1.313
5975.000 1.333
5980.000 1.351
5985.000 1.355
5990.000 1.370
5995.000 1.388
6000.000 1.416
6005.000 1.442
6010.000 1.458
6015.000 1.486
6020.000 1.502
6025.000 1.533
6030.000 1.558
6035.000 1.591
6040.000 1.605
6045.000 1.631
6050.000 1.675
6055.000 1.707
6060.000 1.738
6065.000 1.780
6070.000 1.820
6075.000 1.864
6080.000 1.913
6085.000 1.961
6090.000 2.014
6095.000 2.078
6100.000 2.141
6105.000 2.177
6110.000 2.257
6115.000 2.334
6120.000 2.427
6125.000 2.525
6130.000 2.623
6135.000 2.749
6140.000 2.883
6145.000 3.030
6150.000 3.202
6155.000 3.376
6160.000 3.622
6165.000 3.751
6170.000 4.006
6175.000 4.371
6180.000 4.779
6185.000 5.283
6190.000 5.941
6195.000 6.665
6200.000 7.802
6205.000 9.223
6210.000 11.159
6215.000 13.847
6220.000 15.326
6225.000 17.642
6230.000 16.932
6235.000 12.707
6240.000 10.817
6245.000 10.165
6250.000 8.001
6255.000 6.547
6260.000 5.719
6265.000 5.053
6270.000 4.673
6275.000 4.342
6280.000 4.094
6285.000 3.987
6290.000 3.757
6295.000 3.542
6300.000 3.375
6305.000 3.166
6310.000 2.984
6315.000 2.821
6320.000 2.673
6325.000 2.552
6330.000 2.414
6335.000 2.311
6340.000 2.197
6345.000 2.149
6350.000 2.031
6355.000 1.943
6360.000 1.905
6365.000 1.848
6370.000 1.777
6375.000 1.727
6380.000 1.675
6385.000 1.625
6390.000 1.585
6395.000 1.542
6400.000 1.511
6405.000 1.469
6410.000 1.456
6415.000 1.429
6420.000 1.400
6425.000 1.377
6430.000 1.361
6435.000 1.341
6440.000 1.326
6445.000 1.317
6450.000 1.305
6455.000 1.300
6460.000 1.299
6465.000 1.294
6470.000 1.297
6475.000 1.300
6480.000 1.308
6485.000 1.318
6490.000 1.340
6495.000 1.360
6500.000 1.400
6505.000 1.430
6510.000 1.500
6515.000 1.571
6520.000 1.660
6525.000 1.793
6530.000 1.877
6535.000 2.061
6540.000 2.400
6545.000 2.820
6550.000 3.765
6555.000 5.332
6560.000 8.051
6565.000 11.183
6570.000 7.292
6575.000 3.899
6580.000 1.974
6585.000 1.740
6590.000 1.087
6595.000 0.991
6600.000 0.920
6605.000 0.782
6610.000 0.709
6615.000 0.638
6620.000 0.595
6625.000 0.567
6630.000 0.536
6635.000 0.519
6640.000 0.497
6645.000 0.485
6650.000 0.475
6655.000 0.467
6660.000 0.460
6665.000 0.458
6670.000 0.451
6675.000 0.453
6680.000 0.452
6685.000 0.451
6690.000 0.451
6695.000 0.453
6700.000 0.450
6705.000 0.449
6710.000 0.447
6715.000 0.444
6720.000 0.439
6725.000 0.441
6730.000 0.437
6735.000 0.439
6740.000 0.438
6745.000 0.442
6750.000 0.438
6755.000 0.445
6760.000 0.445
6765.000 0.445
6770.000 0.445
6775.000 0.448
6780.000 0.444
6785.000 0.442
6790.000 0.432
6795.000 0.434
6800.000 0.432
6805.000 0.434
6810.000 0.433
6815.000 0.432
6820.000 0.440
6825.000 0.437
6830.000 0.442
6835.000 0.441
6840.000 0.440
6845.000 0.438
6850.000 0.439
6855.000 0.437
6860.000 0.429
6865.000 0.432
6870.000 0.431
6875.000 0.430
6880.000 0.427
6885.000 0.431
6890.000 0.431
6895.000 0.431
6900.000 0.435
6905.000 0.434
6910.000 0.439
6915.000 0.436
6920.000 0.436
6925.000 0.432
6930.000 0.435
6935.000 0.430
6940.000 0.428
6945.000 0.426
6950.000 0.421
6955.000 0.426
6960.000 0.423
6965.000 0.429
6970.000 0.425
6975.000 0.429
6980.000 0.430
6985.000 0.434
6990.000 0.438
6995.000 0.428
7000.000 0.432
7005.000 0.435
7010.000 0.416
7015.000 0.420
7020.000 0.418
7025.000 0.418
7030.000 0.430
7035.000 0.424
7040.000 0.431
7045.000 0.434
7050.000 0.435
7055.000 0.435
7060.000 0.433
7065.000 0.434
7070.000 0.438
7075.000 0.436
7080.000 0.427
7085.000 0.431
7090.000 0.432
7095.000 0.434
7100.000 0.434
7105.000 0.438
7110.000 0.441
7115.000 0.444
7120.000 0.446
7125.000 0.452
7130.000 0.449
7135.000 0.453
7140.000 0.455
7145.000 0.454
7150.000 0.453
7155.000 0.452
7160.000 0.454
7165.000 0.460
7170.000 0.462
7175.000 0.471
7180.000 0.479
7185.000 0.482
7190.000 0.490
7195.000 0.489
7200.000 0.499
7205.000 0.504
7210.000 0.509
7215.000 0.514
7220.000 0.522
7225.000 0.531
7230.000 0.538
7235.000 0.547
7240.000 0.560
7245.000 0.572
7250.000 0.589
7255.000 0.598
7260.000 0.612
7265.000 0.631
7270.000 0.648
7275.000 0.664
7280.000 0.688
7285.000 0.709
7290.000 0.732
7295.000 0.759
7300.000 0.789
7305.000 0.825
7310.000 0.855
7315.000 0.902
7320.000 0.921
7325.000 0.965
7330.000 1.025
7335.000 1.081
7340.000 1.142
7345.000 1.212
7350.000 1.277
7355.000 1.378
7360.000 1.478
7365.000 1.592
7370.000 1.727
7375.000 1.867
7380.000 2.069
7385.000 2.172
7390.000 2.381
7395.000 2.698
7400.000 3.051
7405.000 3.494
7410.000 4.059
7415.000 4.695
7420.000 5.780
7425.000 7.055
7430.000 8.640
7435.000 10.206
7440.000 10.581
7445.000 10.007
7450.000 7.547
7455.000 5.782
7460.000 4.770
7465.000 4.943
7470.000 5.216
7475.000 4.848
7480.000 4.358
7485.000 3.841
7490.000 3.500
7495.000 3.189
7500.000 3.062
7505.000 2.873
7510.000 2.668
7515.000 2.512
7520.000 2.387
7525.000 2.255
7530.000 2.160
7535.000 2.058
7540.000 1.976
7545.000 1.909
7550.000 1.838
7555.000 1.781
7560.000 1.728
7565.000 1.702
7570.000 1.662
7575.000 1.620
7580.000 1.583
7585.000 1.553
7590.000 1.512
7595.000 1.484
7600.000 1.447
7605.000 1.418
7610.000 1.393
7615.000 1.369
7620.000 1.347
7625.000 1.340
7630.000 1.318
7635.000 1.304
7640.000 1.287
7645.000 1.269
7650.000 1.263
7655.000 1.247
7660.000 1.234
7665.000 1.218
7670.000 1.207
7675.000 1.189
7680.000 1.182
7685.000 1.173
7690.000 1.164
7695.000 1.153
7700.000 1.147
7705.000 1.145
7710.000 1.132
7715.000 1.127
7720.000 1.124
7725.000 1.122
7730.000 1.114
7735.000 1.110
7740.000 1.097
7745.000 1.098
7750.000 1.095
7755.000 1.079
7760.000 1.079
7765.000 1.075
7770.000 1.077
7775.000 1.071
7780.000 1.076
7785.000 1.072
7790.000 1.074
7795.000 1.076
7800.000 1.071
7805.000 1.075
7810.000 1.072
7815.000 1.070
7820.000 1.067
7825.000 1.068
7830.000 1.066
7835.000 1.062
7840.000 1.067
7845.000 1.071
7850.000 1.073
7855.000 1.082
7860.000 1.089
7865.000 1.092
7870.000 1.100
7875.000 1.099
7880.000 1.105
7885.000 1.110
7890.000 1.116
7895.000 1.119
7900.000 1.127
7905.000 1.131
7910.000 1.141
7915.000 1.155
7920.000 1.169
7925.000 1.177
7930.000 1.190
7935.000 1.215
7940.000 1.231
7945.000 1.250
7950.000 1.274
7955.000 1.304
7960.000 1.324
7965.000 1.351
7970.000 1.384
7975.000 1.422
7980.000 1.476
7985.000 1.499
7990.000 1.567
7995.000 1.645
8000.000 1.721
8005.000 1.838
8010.000 1.958
8015.000 2.166
8020.000 2.412
8025.000 2.726
8030.000 3.271
8035.000 4.056
8040.000 5.558
8045.000 8.088
8050.000 9.378
8055.000 9.128
8060.000 5.687
8065.000 2.086
8070.000 1.424
8075.000 1.439
8080.000 0.996
8085.000 0.768
8090.000 0.631
8095.000 0.499
8100.000 0.427
8105.000 0.372
8110.000 0.358
8115.000 0.338
8120.000 0.332
8125.000 0.338
8130.000 0.347
8135.000 0.359
8140.000 0.373
8145.000 0.392
8150.000 0.406
8155.000 0.426
8160.000 0.441
8165.000 0.454
8170.000 0.462
8175.000 0.468
8180.000 0.480
8185.000 0.488
8190.000 0.497
8195.000 0.506
8200.000 0.515
8205.000 0.526
8210.000 0.541
8215.000 0.549
8220.000 0.562
8225.000 0.570
8230.000 0.573
8235.000 0.589
8240.000 0.594
8245.000 0.604
8250.000 0.605
8255.000 0.613
8260.000 0.613
8265.000 0.619
8270.000 0.623
8275.000 0.630
8280.000 0.644
8285.000 0.657
8290.000 0.660
8295.000 0.665
8300.000 0.676
8305.000 0.685
8310.000 0.695
8315.000 0.700
8320.000 0.709
8325.000 0.709
8330.000 0.716
8335.000 0.720
8340.000 0.727
8345.000 0.731
8350.000 0.742
8355.000 0.748
8360.000 0.758
8365.000 0.771
8370.000 0.781
8375.000 0.792
8380.000 0.805
8385.000 0.814
8390.000 0.824
8395.000 0.834
8400.000 0.842
8405.000 0.852
8410.000 0.860
8415.000 0.872
8420.000 0.881
8425.000 0.896
8430.000 0.914
8435.000 0.932
8440.000 0.953
8445.000 0.973
8450.000 0.994
8455.000 1.020
8460.000 1.045
8465.000 1.067
8470.000 1.101
8475.000 1.119
8480.000 1.142
8485.000 1.189
8490.000 1.232
8495.000 1.298
8500.000 1.376
8505.000 1.462
8510.000 1.612
8515.000 1.796
8520.000 2.152
8525.000 2.755
8530.000 3.683
8535.000 4.123
8540.000 3.152
8545.000 1.030
8550.000 0.821
8555.000 0.913
8560.000 0.951
8565.000 1.088
8570.000 1.202
8575.000 1.343
8580.000 1.453
8585.000 1.617
8590.000 1.776
8595.000 1.937
8600.000 2.070
8605.000 2.309
8610.000 2.568
8615.000 2.951
8620.000 3.315
8625.000 3.785
8630.000 4.097
8635.000 4.078
8640.000 3.540
8645.000 2.914
8650.000 2.298
8655.000 2.048
8660.000 2.033
8665.000 2.189
8670.000 2.539
8675.000 2.830
8680.000 2.854
8685.000 2.500
8690.000 2.009
8695.000 1.682
8700.000 1.431
8705.000 1.238
8710.000 1.106
8715.000 1.022
8720.000 0.910
8725.000 0.829
8730.000 0.740
8735.000 0.668
8740.000 0.606
8745.000 0.555
8750.000 0.513
8755.000 0.469
8760.000 0.434
8765.000 0.402
8770.000 0.374
8775.000 0.357
8780.000 0.344
8785.000 0.326
8790.000 0.311
8795.000 0.293
8800.000 0.281
8805.000 0.267
8810.000 0.259
8815.000 0.266
8820.000 0.275
8825.000 0.211
8830.000 0.245
8835.000 0.218
8840.000 0.220
8845.000 0.208
8850.000 0.204
8855.000 0.204
8860.000 0.202
8865.000 0.201
8870.000 0.204
8875.000 0.203
8880.000 0.204
8885.000 0.207
8890.000 0.207
8895.000 0.200
8900.000 0.205
8905.000 0.201
8910.000 0.201
8915.000 0.201
8920.000 0.197
8925.000 0.196
8930.000 0.204
8935.000 0.204
8940.000 0.206
8945.000 0.212
8950.000 0.209
8955.000 0.212
8960.000 0.221
8965.000 0.217
8970.000 0.224
8975.000 0.219
8980.000 0.212
8985.000 0.215
8990.000 0.216
8995.000 0.215
9000.000 0.211
9005.000 0.212
9010.000 0.223
9015.000 0.215
9020.000 0.223
9025.000 0.228
9030.000 0.223
9035.000 0.231
9040.000 0.230
9045.000 0.224
9050.000 0.224
9055.000 0.224
9060.000 0.217
9065.000 0.217
9070.000 0.218
9075.000 0.219
9080.000 0.216
9085.000 0.220
9090.000 0.222
9095.000 0.223
9100.000 0.227
9105.000 0.226
9110.000 0.228
9115.000 0.227
9120.000 0.226
9125.000 0.225
9130.000 0.216
9135.000 0.214
9140.000 0.213
9145.000 0.210
9150.000 0.208
9155.000 0.212
9160.000 0.210
9165.000 0.213
9170.000 0.214
9175.000 0.211
9180.000 0.217
9185.000 0.211
9190.000 0.216
9195.000 0.206
9200.000 0.204
9205.000 0.197
9210.000 0.194
9215.000 0.190
9220.000 0.187
9225.000 0.185
9230.000 0.188
9235.000 0.187
9240.000 0.180
9245.000 0.188
9250.000 0.182
9255.000 0.182
9260.000 0.178
9265.000 0.175
9270.000 0.167
9275.000 0.161
9280.000 0.156
9285.000 0.147
9290.000 0.138
9295.000 0.142
9300.000 0.138
9305.000 0.133
9310.000 0.135
9315.000 0.129
9320.000 0.127
9325.000 0.121
9330.000 0.123
9335.000 0.114
9340.000 0.108
9345.000 0.106
9350.000 0.107
9355.000 0.107
9360.000 0.116
9365.000 0.128
9370.000 0.141
9375.000 0.162
9380.000 0.180
9385.000 0.197
9390.000 0.212
9395.000 0.245
9400.000 0.273
9405.000 0.315
9410.000 0.360
9415.000 0.431
9420.000 0.510
9425.000 0.595
9430.000 0.733
9435.000 0.864
9440.000 1.087
9445.000 1.221
9450.000 1.490
9455.000 2.120
9460.000 2.977
9465.000 4.200
9470.000 6.629
9475.000 7.655
9480.000 4.094
9485.000 3.878
9490.000 2.571
9495.000 2.007
9500.000 1.814
9505.000 1.536
9510.000 1.451
9515.000 1.338
9520.000 1.211
9525.000 1.120
9530.000 1.052
9535.000 0.996
9540.000 0.953
9545.000 0.906
9550.000 0.867
9555.000 0.833
9560.000 0.801
9565.000 0.775
9570.000 0.758
9575.000 0.731
9580.000 0.712
9585.000 0.688
9590.000 0.672
9595.000 0.649
9600.000 0.634
9605.000 0.630
9610.000 0.612
9615.000 0.601
9620.000 0.593
9625.000 0.579
9630.000 0.568
9635.000 0.560
9640.000 0.549
9645.000 0.538
9650.000 0.519
9655.000 0.511
9660.000 0.492
9665.000 0.485
9670.000 0.477
9675.000 0.464
9680.000 0.459
9685.000 0.450
9690.000 0.447
9695.000 0.439
9700.000 0.427
9705.000 0.417
9710.000 0.400
9715.000 0.383
9720.000 0.369
9725.000 0.349
9730.000 0.333
9735.000 0.320
9740.000 0.297
9745.000 0.283
9750.000 0.275
9755.000 0.253
9760.000 0.235
9765.000 0.214
9770.000 0.198
9775.000 0.199
9780.000 0.217
9785.000 0.258
9790.000 0.362
9795.000 0.492
9800.000 0.625
9805.000 0.797
9810.000 0.897
9815.000 0.927
9820.000 0.891
9825.000 0.821
9830.000 0.713
9835.000 0.621
9840.000 0.563
9845.000 0.498
9850.000 0.491
9855.000 0.583
9860.000 0.752
9865.000 0.941
9870.000 1.171
9875.000 1.244
9880.000 1.293
9885.000 1.231
9890.000 1.160
9895.000 1.079
9900.000 1.023
9905.000 0.972
9910.000 0.933
9915.000 0.909
9920.000 0.873
9925.000 0.847
9930.000 0.834
9935.000 0.810
9940.000 0.788
9945.000 0.764
9950.000 0.750
9955.000 0.734
9960.000 0.723
9965.000 0.714
9970.000 0.709
9975.000 0.696
9980.000 0.687
9985.000 0.682
9990.000 0.675
9995.000 0.666
10000.000 0.657
10005.000 0.651
10010.000 0.636
10015.000 0.627
10020.000 0.613
10025.000 0.601
10030.000 0.602
10035.000 0.594
10040.000 0.594
10045.000 0.581
10050.000 0.575
10055.000 0.570
10060.000 0.569
10065.000 0.558
10070.000 0.553
10075.000 0.539
10080.000 0.530
10085.000 0.511
10090.000 0.498
10095.000 0.485
10100.000 0.465
10105.000 0.451
10110.000 0.436
10115.000 0.410
10120.000 0.393
10125.000 0.377
10130.000 0.326
10135.000 0.288
10140.000 0.195
10145.000 0.094
10150.000 0.088
10155.000 0.458
10160.000 1.035
10165.000 2.132
10170.000 2.447
10175.000 1.668
10180.000 2.387
10185.000 1.094
10190.000 1.086
10195.000 1.032
10200.000 0.993
10205.000 0.935
10210.000 0.892
10215.000 0.862
10220.000 0.836
10225.000 0.815
10230.000 0.793
10235.000 0.778
10240.000 0.767
10245.000 0.754
10250.000 0.744
10255.000 0.735
10260.000 0.727
10265.000 0.724
10270.000 0.723
10275.000 0.719
10280.000 0.716
10285.000 0.712
10290.000 0.701
10295.000 0.695
10300.000 0.695
10305.000 0.687
10310.000 0.677
10315.000 0.679
10320.000 0.674
10325.000 0.673
10330.000 0.667
10335.000 0.670
10340.000 0.668
10345.000 0.675
10350.000 0.672
10355.000 0.670
10360.000 0.668
10365.000 0.668
10370.000 0.664
10375.000 0.658
10380.000 0.655
10385.000 0.652
10390.000 0.652
10395.000 0.646
10400.000 0.647
10405.000 0.645
10410.000 0.653
10415.000 0.653
10420.000 0.653
10425.000 0.656
10430.000 0.656
10435.000 0.653
10440.000 0.652
10445.000 0.650
10450.000 0.645
10455.000 0.645
10460.000 0.641
10465.000 0.640
10470.000 0.638
10475.000 0.646
10480.000 0.645
10485.000 0.645
10490.000 0.646
10495.000 0.649
10500.000 0.648
10505.000 0.654
10510.000 0.651
10515.000 0.651
10520.000 0.655
10525.000 0.643
10530.000 0.642
10535.000 0.644
10540.000 0.648
10545.000 0.646
10550.000 0.648
10555.000 0.652
10560.000 0.655
10565.000 0.662
10570.000 0.660
10575.000 0.666
10580.000 0.664
10585.000 0.667
10590.000 0.663
10595.000 0.662
10600.000 0.661
10605.000 0.662
10610.000 0.665
10615.000 0.664
10620.000 0.669
10625.000 0.671
10630.000 0.679
10635.000 0.684
10640.000 0.687
10645.000 0.690
10650.000 0.696
10655.000 0.699
10660.000 0.702
10665.000 0.702
10670.000 0.702
10675.000 0.705
10680.000 0.705
10685.000 0.712
10690.000 0.716
10695.000 0.729
10700.000 0.737
10705.000 0.746
10710.000 0.760
10715.000 0.763
10720.000 0.775
10725.000 0.779
10730.000 0.788
10735.000 0.797
10740.000 0.814
10745.000 0.818
10750.000 0.835
10755.000 0.851
10760.000 0.871
10765.000 0.894
10770.000 0.920
10775.000 0.958
10780.000 0.987
10785.000 1.013
10790.000 1.065
10795.000 1.107
10800.000 1.177
10805.000 1.264
10810.000 1.348
10815.000 1.509
10820.000 1.657
10825.000 1.941
10830.000 2.263
10835.000 2.594
10840.000 2.926
10845.000 2.741
10850.000 2.433
10855.000 1.443
10860.000 1.016
10865.000 0.885
10870.000 1.018
10875.000 1.023
10880.000 0.631
10885.000 0.451
10890.000 0.317
10895.000 0.239
10900.000 0.188
10905.000 0.167
10910.000 0.134
10915.000 0.107
10920.000 0.093
10925.000 0.082
10930.000 0.081
10935.000 0.096
10940.000 0.132
10945.000 0.175
10950.000 0.229
10955.000 0.323
10960.000 0.432
10965.000 0.557
10970.000 0.650
10975.000 0.831
10980.000 0.980
10985.000 1.142
10990.000 1.200
10995.000 1.215
11000.000 1.179
11005.000 1.162
11010.000 1.121
11015.000 1.110
11020.000 1.093
11025.000 1.082
11030.000 1.075
11035.000 1.056
11040.000 1.043
11045.000 1.001
11050.000 0.943
11055.000 0.879
11060.000 0.727
11065.000 0.567
11070.000 0.410
11075.000 0.296
11080.000 0.251
11085.000 0.240
11090.000 0.247
11095.000 0.262
11100.000 0.290
11105.000 0.306
11110.000 0.326
11115.000 0.344
11120.000 0.355
11125.000 0.374
11130.000 0.380
11135.000 0.390
11140.000 0.405
11145.000 0.418
11150.000 0.421
11155.000 0.429
11160.000 0.441
11165.000 0.448
11170.000 0.452
11175.000 0.459
11180.000 0.460
11185.000 0.461
11190.000 0.467
11195.000 0.471
11200.000 0.474
11205.000 0.480
11210.000 0.481
11215.000 0.485
11220.000 0.491
11225.000 0.496
11230.000 0.500
11235.000 0.508
11240.000 0.509
11245.000 0.512
11250.000 0.509
11255.000 0.514
11260.000 0.510
11265.000 0.514
11270.000 0.514
11275.000 0.518
11280.000 0.520
11285.000 0.523
11290.000 0.530
11295.000 0.534
11300.000 0.537
11305.000 0.537
11310.000 0.539
11315.000 0.541
11320.000 0.540
11325.000 0.539
11330.000 0.543
11335.000 0.545
11340.000 0.541
11345.000 0.541
11350.000 0.543
11355.000 0.549
11360.000 0.548
11365.000 0.554
11370.000 0.555
11375.000 0.560
11380.000 0.557
11385.000 0.560
11390.000 0.560
11395.000 0.560
11400.000 0.561
11405.000 0.560
11410.000 0.559
11415.000 0.561
11420.000 0.558
11425.000 0.563
11430.000 0.564
11435.000 0.567
11440.000 0.571
11445.000 0.575
11450.000 0.573
11455.000 0.577
11460.000 0.578
11465.000 0.578
11470.000 0.577
11475.000 0.575
11480.000 0.578
11485.000 0.577
11490.000 0.576
11495.000 0.582
11500.000 0.582
11505.000 0.583
11510.000 0.590
11515.000 0.589
11520.000 0.591
11525.000 0.597
11530.000 0.597
11535.000 0.599
11540.000 0.602
11545.000 0.599
11550.000 0.600
11555.000 0.605
11560.000 0.607
11565.000 0.612
11570.000 0.613
11575.000 0.619
11580.000 0.621
11585.000 0.629
11590.000 0.634
11595.000 0.644
11600.000 0.649
11605.000 0.652
11610.000 0.658
11615.000 0.666
11620.000 0.673
11625.000 0.677
11630.000 0.689
11635.000 0.702
11640.000 0.710
11645.000 0.720
11650.000 0.737
11655.000 0.765
11660.000 0.790
11665.000 0.817
11670.000 0.857
11675.000 0.894
11680.000 0.956
11685.000 1.034
11690.000 1.122
11695.000 1.223
11700.000 1.415
11705.000 1.652
11710.000 2.125
11715.000 2.337
11720.000 1.465
11725.000 0.910
11730.000 0.657
11735.000 0.239
11740.000 0.092
11745.000 0.043
11750.000 0.099
11755.000 0.160
11760.000 0.181
11765.000 0.212
11770.000 0.242
11775.000 0.264
11780.000 0.279
11785.000 0.301
11790.000 0.314
11795.000 0.334
11800.000 0.342
11805.000 0.358
11810.000 0.373
11815.000 0.379
11820.000 0.386
11825.000 0.390
11830.000 0.391
11835.000 0.398
11840.000 0.404
11845.000 0.409
11850.000 0.414
11855.000 0.421
11860.000 0.425
11865.000 0.430
11870.000 0.435
11875.000 0.442
11880.000 0.447
11885.000 0.452
11890.000 0.457
11895.000 0.461
11900.000 0.464
11905.000 0.469
11910.000 0.471
11915.000 0.474
11920.000 0.477
11925.000 0.483
11930.000 0.488
11935.000 0.491
11940.000 0.498
11945.000 0.503
11950.000 0.513
11955.000 0.517
11960.000 0.524
11965.000 0.535
11970.000 0.543
11975.000 0.551
11980.000 0.565
11985.000 0.573
11990.000 0.586
11995.000 0.608
12000.000 0.623
