105.000 0.818
110.000 2.035
115.000 1.994
120.000 2.123
125.000 2.092
130.000 2.144
135.000 2.145
140.000 2.249
145.000 2.116
150.000 2.161
155.000 2.162
160.000 2.186
165.000 2.204
170.000 2.257
175.000 2.260
180.000 2.258
185.000 2.275
190.000 2.325
195.000 2.340
200.000 2.349
205.000 2.339
210.000 2.379
215.000 2.416
220.000 2.443
225.000 2.478
230.000 2.463
235.000 2.512
240.000 2.553
245.000 2.576
250.000 2.600
255.000 2.667
260.000 2.702
265.000 2.746
270.000 2.803
275.000 2.889
280.000 2.947
285.000 3.016
290.000 3.020
295.000 3.115
300.000 3.191
305.000 3.254
310.000 3.365
315.000 3.471
320.000 3.563
325.000 3.699
330.000 3.825
335.000 3.960
340.000 4.133
345.000 4.271
350.000 4.360
355.000 4.556
360.000 4.767
365.000 4.928
370.000 5.166
375.000 5.362
380.000 5.589
385.000 5.802
390.000 5.997
395.000 6.129
400.000 6.220
405.000 6.265
410.000 6.231
415.000 6.204
420.000 6.045
425.000 5.838
430.000 5.589
435.000 5.289
440.000 4.972
445.000 4.643
450.000 4.332
455.000 4.055
460.000 3.742
465.000 3.496
470.000 3.372
475.000 3.154
480.000 2.944
485.000 2.752
490.000 2.587
495.000 2.436
500.000 2.305
505.000 2.184
510.000 2.051
515.000 1.957
520.000 1.853
525.000 1.751
530.000 1.718
535.000 1.634
540.000 1.563
545.000 1.485
550.000 1.429
555.000 1.364
560.000 1.312
565.000 1.256
570.000 1.215
575.000 1.176
580.000 1.146
585.000 1.104
590.000 1.059
595.000 1.039
600.000 1.007
605.000 0.983
610.000 0.953
615.000 0.909
620.000 0.896
625.000 0.862
630.000 0.848
635.000 0.821
640.000 0.809
645.000 0.787
650.000 0.771
655.000 0.768
660.000 0.745
665.000 0.731
670.000 0.715
675.000 0.703
680.000 0.688
685.000 0.680
690.000 0.672
695.000 0.647
700.000 0.650
705.000 0.636
710.000 0.635
715.000 0.626
720.000 0.616
725.000 0.599
730.000 0.600
735.000 0.589
740.000 0.585
745.000 0.583
750.000 0.574
755.000 0.568
760.000 0.559
765.000 0.564
770.000 0.557
775.000 0.557
780.000 0.556
785.000 0.550
790.000 0.541
795.000 0.552
800.000 0.546
805.000 0.537
810.000 0.535
815.000 0.522
820.000 0.528
825.000 0.526
830.000 0.523
835.000 0.523
840.000 0.513
845.000 0.513
850.000 0.510
855.000 0.504
860.000 0.509
865.000 0.502
870.000 0.506
875.000 0.508
880.000 0.503
885.000 0.500
890.000 0.501
895.000 0.497
900.000 0.500
905.000 0.499
910.000 0.493
915.000 0.492
920.000 0.502
925.000 0.493
930.000 0.493
935.000 0.498
940.000 0.492
945.000 0.490
950.000 0.489
955.000 0.486
960.000 0.492
965.000 0.498
970.000 0.487
975.000 0.490
980.000 0.495
985.000 0.485
990.000 0.490
995.000 0.492
1000.000 0.481
1005.000 0.483
1010.000 0.489
1015.000 0.491
1020.000 0.494
1025.000 0.493
1030.000 0.486
1035.000 0.496
1040.000 0.494
1045.000 0.486
1050.000 0.491
1055.000 0.489
1060.000 0.486
1065.000 0.490
1070.000 0.488
1075.000 0.488
1080.000 0.495
1085.000 0.488
1090.000 0.492
1095.000 0.486
1100.000 0.493
1105.000 0.488
1110.000 0.498
1115.000 0.492
1120.000 0.497
1125.000 0.497
1130.000 0.494
1135.000 0.500
1140.000 0.497
1145.000 0.499
1150.000 0.495
1155.000 0.499
1160.000 0.501
1165.000 0.498
1170.000 0.503
1175.000 0.505
1180.000 0.503
1185.000 0.500
1190.000 0.506
1195.000 0.506
1200.000 0.504
1205.000 0.504
1210.000 0.508
1215.000 0.507
1220.000 0.512
1225.000 0.512
1230.000 0.511
1235.000 0.503
1240.000 0.511
1245.000 0.514
1250.000 0.512
1255.000 0.515
1260.000 0.514
1265.000 0.511
1270.000 0.520
1275.000 0.520
1280.000 0.522
1285.000 0.525
1290.000 0.522
1295.000 0.526
1300.000 0.525
1305.000 0.526
1310.000 0.530
1315.000 0.525
1320.000 0.527
1325.000 0.531
1330.000 0.531
1335.000 0.535
1340.000 0.536
1345.000 0.542
1350.000 0.542
1355.000 0.542
1360.000 0.543
1365.000 0.547
1370.000 0.544
1375.000 0.547
1380.000 0.548
1385.000 0.548
1390.000 0.549
1395.000 0.549
1400.000 0.551
1405.000 0.556
1410.000 0.556
1415.000 0.551
1420.000 0.553
1425.000 0.553
1430.000 0.553
1435.000 0.554
1440.000 0.547
1445.000 0.546
1450.000 0.547
1455.000 0.543
1460.000 0.540
1465.000 0.546
1470.000 0.546
1475.000 0.550
1480.000 0.555
1485.000 0.558
1490.000 0.568
1495.000 0.577
1500.000 0.586
1505.000 0.583
1510.000 0.592
1515.000 0.594
1520.000 0.603
1525.000 0.611
1530.000 0.614
1535.000 0.625
1540.000 0.625
1545.000 0.633
1550.000 0.640
1555.000 0.651
1560.000 0.657
1565.000 0.659
1570.000 0.667
1575.000 0.675
1580.000 0.680
1585.000 0.684
1590.000 0.694
1595.000 0.703
1600.000 0.713
1605.000 0.719
1610.000 0.728
1615.000 0.742
1620.000 0.746
1625.000 0.756
1630.000 0.762
1635.000 0.774
1640.000 0.784
1645.000 0.793
1650.000 0.804
1655.000 0.818
1660.000 0.826
1665.000 0.841
1670.000 0.854
1675.000 0.869
1680.000 0.883
1685.000 0.896
1690.000 0.905
1695.000 0.922
1700.000 0.939
1705.000 0.950
1710.000 0.973
1715.000 0.989
1720.000 1.003
1725.000 1.023
1730.000 1.043
1735.000 1.064
1740.000 1.081
1745.000 1.087
1750.000 1.109
1755.000 1.135
1760.000 1.150
1765.000 1.177
1770.000 1.198
1775.000 1.218
1780.000 1.243
1785.000 1.264
1790.000 1.288
1795.000 1.312
1800.000 1.334
1805.000 1.359
1810.000 1.370
1815.000 1.392
1820.000 1.408
1825.000 1.428
1830.000 1.449
1835.000 1.464
1840.000 1.486
1845.000 1.496
1850.000 1.509
1855.000 1.524
1860.000 1.531
1865.000 1.546
1870.000 1.547
1875.000 1.554
1880.000 1.562
1885.000 1.568
1890.000 1.569
1895.000 1.570
1900.000 1.570
1905.000 1.563
1910.000 1.561
1915.000 1.560
1920.000 1.554
1925.000 1.546
1930.000 1.541
1935.000 1.533
1940.000 1.529
1945.000 1.522
1950.000 1.502
1955.000 1.499
1960.000 1.487
1965.000 1.479
1970.000 1.462
1975.000 1.452
1980.000 1.453
1985.000 1.434
1990.000 1.434
1995.000 1.422
2000.000 1.420
2005.000 1.399
2010.000 1.405
2015.000 1.379
2020.000 1.379
2025.000 1.360
2030.000 1.364
2035.000 1.344
2040.000 1.346
2045.000 1.334
2050.000 1.333
2055.000 1.323
2060.000 1.324
2065.000 1.309
2070.000 1.306
2075.000 1.301
2080.000 1.300
2085.000 1.296
2090.000 1.292
2095.000 1.299
2100.000 1.292
2105.000 1.297
2110.000 1.296
2115.000 1.295
2120.000 1.295
2125.000 1.293
2130.000 1.298
2135.000 1.300
2140.000 1.308
2145.000 1.318
2150.000 1.325
2155.000 1.335
2160.000 1.345
2165.000 1.352
2170.000 1.367
2175.000 1.389
2180.000 1.394
2185.000 1.414
2190.000 1.432
2195.000 1.458
2200.000 1.483
2205.000 1.507
2210.000 1.538
2215.000 1.578
2220.000 1.617
2225.000 1.671
2230.000 1.721
2235.000 1.755
2240.000 1.826
2245.000 1.900
2250.000 1.991
2255.000 2.106
2260.000 2.233
2265.000 2.409
2270.000 2.610
2275.000 2.879
2280.000 3.234
2285.000 3.689
2290.000 4.346
2295.000 4.748
2300.000 5.711
2305.000 7.064
2310.000 10.680
2315.000 14.115
2320.000 5.561
2325.000 4.076
2330.000 2.961
2335.000 2.289
2340.000 1.798
2345.000 1.456
2350.000 1.210
2355.000 1.009
2360.000 0.929
2365.000 0.791
2370.000 0.669
2375.000 0.582
2380.000 0.506
2385.000 0.438
2390.000 0.385
2395.000 0.335
2400.000 0.303
2405.000 0.261
2410.000 0.237
2415.000 0.216
2420.000 0.211
2425.000 0.197
2430.000 0.193
2435.000 0.184
2440.000 0.184
2445.000 0.183
2450.000 0.190
2455.000 0.195
2460.000 0.198
2465.000 0.202
2470.000 0.208
2475.000 0.211
2480.000 0.219
2485.000 0.221
2490.000 0.229
2495.000 0.233
2500.000 0.240
2505.000 0.244
2510.000 0.249
2515.000 0.256
2520.000 0.258
2525.000 0.263
2530.000 0.266
2535.000 0.270
2540.000 0.272
2545.000 0.274
2550.000 0.282
2555.000 0.286
2560.000 0.280
2565.000 0.284
2570.000 0.288
2575.000 0.286
2580.000 0.295
2585.000 0.295
2590.000 0.299
2595.000 0.296
2600.000 0.297
2605.000 0.301
2610.000 0.301
2615.000 0.304
2620.000 0.304
2625.000 0.305
2630.000 0.303
2635.000 0.306
2640.000 0.303
2645.000 0.307
2650.000 0.305
2655.000 0.305
2660.000 0.305
2665.000 0.305
2670.000 0.304
2675.000 0.305
2680.000 0.303
2685.000 0.302
2690.000 0.303
2695.000 0.301
2700.000 0.302
2705.000 0.296
2710.000 0.301
2715.000 0.291
2720.000 0.299
2725.000 0.297
2730.000 0.293
2735.000 0.293
2740.000 0.290
2745.000 0.290
2750.000 0.290
2755.000 0.286
2760.000 0.288
2765.000 0.283
2770.000 0.282
2775.000 0.281
2780.000 0.285
2785.000 0.278
2790.000 0.277
2795.000 0.275
2800.000 0.271
2805.000 0.274
2810.000 0.275
2815.000 0.275
2820.000 0.277
2825.000 0.278
2830.000 0.276
2835.000 0.276
2840.000 0.278
2845.000 0.278
2850.000 0.279
2855.000 0.281
2860.000 0.277
2865.000 0.284
2870.000 0.284
2875.000 0.287
2880.000 0.291
2885.000 0.291
2890.000 0.298
2895.000 0.300
2900.000 0.304
2905.000 0.307
2910.000 0.307
2915.000 0.314
2920.000 0.317
2925.000 0.323
2930.000 0.326
2935.000 0.332
2940.000 0.331
2945.000 0.335
2950.000 0.349
2955.000 0.355
2960.000 0.360
2965.000 0.360
2970.000 0.360
2975.000 0.363
2980.000 0.373
2985.000 0.378
2990.000 0.383
2995.000 0.382
3000.000 0.397
3005.000 0.403
3010.000 0.396
3015.000 0.415
3020.000 0.411
3025.000 0.406
3030.000 0.416
3035.000 0.414
3040.000 0.418
3045.000 0.438
3050.000 0.430
3055.000 0.436
3060.000 0.443
3065.000 0.441
3070.000 0.442
3075.000 0.455
3080.000 0.455
3085.000 0.454
3090.000 0.456
3095.000 0.461
3100.000 0.461
3105.000 0.466
3110.000 0.468
3115.000 0.471
3120.000 0.475
3125.000 0.478
3130.000 0.482
3135.000 0.482
3140.000 0.489
3145.000 0.489
3150.000 0.488
3155.000 0.494
3160.000 0.497
3165.000 0.493
3170.000 0.497
3175.000 0.496
3180.000 0.504
3185.000 0.504
3190.000 0.503
3195.000 0.506
3200.000 0.511
3205.000 0.514
3210.000 0.512
3215.000 0.517
3220.000 0.517
3225.000 0.520
3230.000 0.518
3235.000 0.522
3240.000 0.521
3245.000 0.525
3250.000 0.522
3255.000 0.526
3260.000 0.527
3265.000 0.530
3270.000 0.530
3275.000 0.537
3280.000 0.536
3285.000 0.540
3290.000 0.542
3295.000 0.541
3300.000 0.545
3305.000 0.540
3310.000 0.544
3315.000 0.547
3320.000 0.545
3325.000 0.555
3330.000 0.553
3335.000 0.557
3340.000 0.559
3345.000 0.560
3350.000 0.561
3355.000 0.565
3360.000 0.567
3365.000 0.567
3370.000 0.569
3375.000 0.570
3380.000 0.574
3385.000 0.572
3390.000 0.576
3395.000 0.575
3400.000 0.581
3405.000 0.583
3410.000 0.588
3415.000 0.595
3420.000 0.596
3425.000 0.600
3430.000 0.604
3435.000 0.609
3440.000 0.610
3445.000 0.611
3450.000 0.615
3455.000 0.614
3460.000 0.623
3465.000 0.620
3470.000 0.629
3475.000 0.634
3480.000 0.642
3485.000 0.648
3490.000 0.655
3495.000 0.659
3500.000 0.665
3505.000 0.677
3510.000 0.676
3515.000 0.686
3520.000 0.691
3525.000 0.704
3530.000 0.710
3535.000 0.721
3540.000 0.731
3545.000 0.745
3550.000 0.759
3555.000 0.771
3560.000 0.793
3565.000 0.808
3570.000 0.827
3575.000 0.840
3580.000 0.861
3585.000 0.883
3590.000 0.913
3595.000 0.943
3600.000 0.980
3605.000 1.019
3610.000 1.064
3615.000 1.118
3620.000 1.169
3625.000 1.245
3630.000 1.329
3635.000 1.366
3640.000 1.482
3645.000 1.607
3650.000 1.752
3655.000 1.958
3660.000 2.190
3665.000 2.540
3670.000 3.009
3675.000 3.645
3680.000 4.796
3685.000 6.522
3690.000 7.692
3695.000 10.975
3700.000 11.738
3705.000 5.319
3710.000 5.600
3715.000 4.220
3720.000 3.382
3725.000 2.831
3730.000 2.396
3735.000 2.091
3740.000 1.877
3745.000 1.689
3750.000 1.547
3755.000 1.486
3760.000 1.372
3765.000 1.290
3770.000 1.208
3775.000 1.142
3780.000 1.092
3785.000 1.038
3790.000 0.998
3795.000 0.964
3800.000 0.929
3805.000 0.902
3810.000 0.873
3815.000 0.847
3820.000 0.841
3825.000 0.817
3830.000 0.801
3835.000 0.782
3840.000 0.768
3845.000 0.754
3850.000 0.741
3855.000 0.730
3860.000 0.717
3865.000 0.710
3870.000 0.700
3875.000 0.694
3880.000 0.691
3885.000 0.683
3890.000 0.676
3895.000 0.672
3900.000 0.663
3905.000 0.654
3910.000 0.648
3915.000 0.647
3920.000 0.641
3925.000 0.634
3930.000 0.633
3935.000 0.635
3940.000 0.633
3945.000 0.632
3950.000 0.617
3955.000 0.620
3960.000 0.615
3965.000 0.615
3970.000 0.606
3975.000 0.604
3980.000 0.611
3985.000 0.596
3990.000 0.597
3995.000 0.604
4000.000 0.596
4005.000 0.592
4010.000 0.594
4015.000 0.611
4020.000 0.606
4025.000 0.606
4030.000 0.592
4035.000 0.596
4040.000 0.592
4045.000 0.594
4050.000 0.590
4055.000 0.590
4060.000 0.592
4065.000 0.596
4070.000 0.594
4075.000 0.593
4080.000 0.590
4085.000 0.592
4090.000 0.595
4095.000 0.598
4100.000 0.595
4105.000 0.597
4110.000 0.597
4115.000 0.600
4120.000 0.595
4125.000 0.596
4130.000 0.599
4135.000 0.599
4140.000 0.595
4145.000 0.594
4150.000 0.597
4155.000 0.596
4160.000 0.596
4165.000 0.599
4170.000 0.597
4175.000 0.598
4180.000 0.595
4185.000 0.592
4190.000 0.591
4195.000 0.593
4200.000 0.589
4205.000 0.584
4210.000 0.585
4215.000 0.585
4220.000 0.581
4225.000 0.580
4230.000 0.577
4235.000 0.574
4240.000 0.574
4245.000 0.572
4250.000 0.566
4255.000 0.560
4260.000 0.561
4265.000 0.554
4270.000 0.551
4275.000 0.546
4280.000 0.544
4285.000 0.543
4290.000 0.546
4295.000 0.539
4300.000 0.545
4305.000 0.543
4310.000 0.544
4315.000 0.549
4320.000 0.542
4325.000 0.544
4330.000 0.543
4335.000 0.542
4340.000 0.548
4345.000 0.543
4350.000 0.541
4355.000 0.543
4360.000 0.540
4365.000 0.538
4370.000 0.545
4375.000 0.544
4380.000 0.548
4385.000 0.543
4390.000 0.548
4395.000 0.548
4400.000 0.547
4405.000 0.546
4410.000 0.548
4415.000 0.549
4420.000 0.544
4425.000 0.547
4430.000 0.544
4435.000 0.546
4440.000 0.544
4445.000 0.548
4450.000 0.554
4455.000 0.553
4460.000 0.551
4465.000 0.553
4470.000 0.556
4475.000 0.551
4480.000 0.551
4485.000 0.555
4490.000 0.555
4495.000 0.552
4500.000 0.555
4505.000 0.553
4510.000 0.554
4515.000 0.553
4520.000 0.556
4525.000 0.559
4530.000 0.560
4535.000 0.564
4540.000 0.563
4545.000 0.562
4550.000 0.562
4555.000 0.562
4560.000 0.565
4565.000 0.563
4570.000 0.564
4575.000 0.566
4580.000 0.563
4585.000 0.566
4590.000 0.568
4595.000 0.569
4600.000 0.571
4605.000 0.574
4610.000 0.573
4615.000 0.579
4620.000 0.578
4625.000 0.578
4630.000 0.582
4635.000 0.582
4640.000 0.582
4645.000 0.576
4650.000 0.582
4655.000 0.587
4660.000 0.588
4665.000 0.590
4670.000 0.595
4675.000 0.595
4680.000 0.602
4685.000 0.604
4690.000 0.605
4695.000 0.611
4700.000 0.613
4705.000 0.618
4710.000 0.619
4715.000 0.621
4720.000 0.626
4725.000 0.632
4730.000 0.630
4735.000 0.636
4740.000 0.641
4745.000 0.649
4750.000 0.658
4755.000 0.662
4760.000 0.673
4765.000 0.679
4770.000 0.691
4775.000 0.698
4780.000 0.708
4785.000 0.717
4790.000 0.720
4795.000 0.735
4800.000 0.748
4805.000 0.762
4810.000 0.781
4815.000 0.794
4820.000 0.811
4825.000 0.831
4830.000 0.861
4835.000 0.879
4840.000 0.910
4845.000 0.938
4850.000 0.968
4855.000 0.988
4860.000 1.029
4865.000 1.065
4870.000 1.113
4875.000 1.162
4880.000 1.225
4885.000 1.288
4890.000 1.353
4895.000 1.438
4900.000 1.528
4905.000 1.634
4910.000 1.766
4915.000 1.827
4920.000 1.995
4925.000 2.173
4930.000 2.376
4935.000 2.650
4940.000 2.958
4945.000 3.414
4950.000 3.970
4955.000 4.683
4960.000 6.013
4965.000 7.882
4970.000 9.080
4975.000 9.497
4980.000 3.911
4985.000 10.596
4990.000 14.015
4995.000 14.297
5000.000 9.873
5005.000 7.137
5010.000 5.680
5015.000 4.836
5020.000 4.223
5025.000 3.690
5030.000 3.330
5035.000 3.191
5040.000 2.904
5045.000 2.702
5050.000 2.504
5055.000 2.349
5060.000 2.221
5065.000 2.098
5070.000 2.003
5075.000 1.916
5080.000 1.841
5085.000 1.774
5090.000 1.711
5095.000 1.686
5100.000 1.641
5105.000 1.591
5110.000 1.552
5115.000 1.521
5120.000 1.488
5125.000 1.462
5130.000 1.428
5135.000 1.405
5140.000 1.377
5145.000 1.355
5150.000 1.334
5155.000 1.316
5160.000 1.307
5165.000 1.290
5170.000 1.275
5175.000 1.260
5180.000 1.249
5185.000 1.239
5190.000 1.227
5195.000 1.220
5200.000 1.209
5205.000 1.195
5210.000 1.188
5215.000 1.181
5220.000 1.172
5225.000 1.162
5230.000 1.156
5235.000 1.142
5240.000 1.138
5245.000 1.131
5250.000 1.124
5255.000 1.122
5260.000 1.110
5265.000 1.106
5270.000 1.103
5275.000 1.098
5280.000 1.095
5285.000 1.080
5290.000 1.074
5295.000 1.069
5300.000 1.061
5305.000 1.054
5310.000 1.043
5315.000 1.042
5320.000 1.035
5325.000 1.030
5330.000 1.020
5335.000 1.019
5340.000 1.014
5345.000 1.010
5350.000 1.003
5355.000 0.994
5360.000 0.989
5365.000 0.978
5370.000 0.973
5375.000 0.964
5380.000 0.957
5385.000 0.949
5390.000 0.942
5395.000 0.935
5400.000 0.934
5405.000 0.929
5410.000 0.921
5415.000 0.915
5420.000 0.907
5425.000 0.901
5430.000 0.889
5435.000 0.884
5440.000 0.873
5445.000 0.865
5450.000 0.857
5455.000 0.852
5460.000 0.846
5465.000 0.839
5470.000 0.838
5475.000 0.830
5480.000 0.825
5485.000 0.822
5490.000 0.815
5495.000 0.804
5500.000 0.801
5505.000 0.792
5510.000 0.784
5515.000 0.779
5520.000 0.777
5525.000 0.769
5530.000 0.758
5535.000 0.758
5540.000 0.752
5545.000 0.752
5550.000 0.743
5555.000 0.743
5560.000 0.738
5565.000 0.733
5570.000 0.726
5575.000 0.722
5580.000 0.716
5585.000 0.712
5590.000 0.707
5595.000 0.701
5600.000 0.695
5605.000 0.691
5610.000 0.691
5615.000 0.687
5620.000 0.679
5625.000 0.681
5630.000 0.677
5635.000 0.676
5640.000 0.671
5645.000 0.670
5650.000 0.663
5655.000 0.659
5660.000 0.652
5665.000 0.647
5670.000 0.645
5675.000 0.637
5680.000 0.634
5685.000 0.633
5690.000 0.631
5695.000 0.631
5700.000 0.628
5705.000 0.631
5710.000 0.629
5715.000 0.626
5720.000 0.625
5725.000 0.622
5730.000 0.620
5735.000 0.616
5740.000 0.610
5745.000 0.604
5750.000 0.600
5755.000 0.603
5760.000 0.601
5765.000 0.601
5770.000 0.603
5775.000 0.600
5780.000 0.600
5785.000 0.598
5790.000 0.597
5795.000 0.596
5800.000 0.594
5805.000 0.586
5810.000 0.586
5815.000 0.584
5820.000 0.579
5825.000 0.578
5830.000 0.575
5835.000 0.580
5840.000 0.579
5845.000 0.578
5850.000 0.579
5855.000 0.579
5860.000 0.577
5865.000 0.577
5870.000 0.574
5875.000 0.570
5880.000 0.565
5885.000 0.566
5890.000 0.563
5895.000 0.562
5900.000 0.563
5905.000 0.558
5910.000 0.561
5915.000 0.558
5920.000 0.560
5925.000 0.561
5930.000 0.558
5935.000 0.557
5940.000 0.553
5945.000 0.551
5950.000 0.553
5955.000 0.547
5960.000 0.546
5965.000 0.547
5970.000 0.545
5975.000 0.544
5980.000 0.538
5985.000 0.542
5990.000 0.546
5995.000 0.535
6000.000 0.537
6005.000 0.535
6010.000 0.538
6015.000 0.526
6020.000 0.532
6025.000 0.524
6030.000 0.518
6035.000 0.514
6040.000 0.510
6045.000 0.517
6050.000 0.511
6055.000 0.512
6060.000 0.515
6065.000 0.516
6070.000 0.514
6075.000 0.514
6080.000 0.510
6085.000 0.510
6090.000 0.508
6095.000 0.511
6100.000 0.504
6105.000 0.507
6110.000 0.504
6115.000 0.507
6120.000 0.511
6125.000 0.512
6130.000 0.510
6135.000 0.521
6140.000 0.523
6145.000 0.529
6150.000 0.536
6155.000 0.541
6160.000 0.555
6165.000 0.558
6170.000 0.572
6175.000 0.588
6180.000 0.604
6185.000 0.618
6190.000 0.643
6195.000 0.677
6200.000 0.723
6205.000 0.772
6210.000 0.822
6215.000 0.897
6220.000 0.947
6225.000 0.946
6230.000 0.826
6235.000 0.959
6240.000 1.874
6245.000 1.709
6250.000 1.139
6255.000 0.610
6260.000 0.331
6265.000 0.296
6270.000 0.374
6275.000 0.462
6280.000 0.558
6285.000 0.618
6290.000 0.671
6295.000 0.698
6300.000 0.708
6305.000 0.713
6310.000 0.728
6315.000 0.717
6320.000 0.697
6325.000 0.687
6330.000 0.669
6335.000 0.659
6340.000 0.647
6345.000 0.630
6350.000 0.619
6355.000 0.612
6360.000 0.603
6365.000 0.597
6370.000 0.588
6375.000 0.583
6380.000 0.579
6385.000 0.571
6390.000 0.562
6395.000 0.554
6400.000 0.553
6405.000 0.537
6410.000 0.533
6415.000 0.523
6420.000 0.522
6425.000 0.516
6430.000 0.512
6435.000 0.512
6440.000 0.505
6445.000 0.508
6450.000 0.501
6455.000 0.499
6460.000 0.494
6465.000 0.491
6470.000 0.479
6475.000 0.478
6480.000 0.471
6485.000 0.466
6490.000 0.459
6495.000 0.455
6500.000 0.457
6505.000 0.456
6510.000 0.460
6515.000 0.460
6520.000 0.464
6525.000 0.471
6530.000 0.489
6535.000 0.509
6540.000 0.559
6545.000 0.635
6550.000 0.830
6555.000 0.957
6560.000 1.397
6565.000 2.333
6570.000 3.998
6575.000 3.808
6580.000 3.049
6585.000 1.094
6590.000 1.483
6595.000 1.089
6600.000 0.995
6605.000 0.889
6610.000 0.850
6615.000 0.807
6620.000 0.780
6625.000 0.752
6630.000 0.721
6635.000 0.702
6640.000 0.681
6645.000 0.668
6650.000 0.659
6655.000 0.646
6660.000 0.635
6665.000 0.637
6670.000 0.628
6675.000 0.625
6680.000 0.614
6685.000 0.608
6690.000 0.601
6695.000 0.593
6700.000 0.588
6705.000 0.581
6710.000 0.575
6715.000 0.572
6720.000 0.566
6725.000 0.565
6730.000 0.568
6735.000 0.567
6740.000 0.564
6745.000 0.566
6750.000 0.563
6755.000 0.558
6760.000 0.554
6765.000 0.549
6770.000 0.546
6775.000 0.544
6780.000 0.534
6785.000 0.534
6790.000 0.533
6795.000 0.536
6800.000 0.534
6805.000 0.530
6810.000 0.537
6815.000 0.534
6820.000 0.533
6825.000 0.534
6830.000 0.532
6835.000 0.523
6840.000 0.524
6845.000 0.518
6850.000 0.515
6855.000 0.512
6860.000 0.511
6865.000 0.510
6870.000 0.509
6875.000 0.514
6880.000 0.511
6885.000 0.514
6890.000 0.512
6895.000 0.513
6900.000 0.508
6905.000 0.507
6910.000 0.502
6915.000 0.499
6920.000 0.498
6925.000 0.495
6930.000 0.491
6935.000 0.486
6940.000 0.492
6945.000 0.490
6950.000 0.493
6955.000 0.490
6960.000 0.489
6965.000 0.498
6970.000 0.493
6975.000 0.492
6980.000 0.490
6985.000 0.481
6990.000 0.474
6995.000 0.475
7000.000 0.474
7005.000 0.474
7010.000 0.464
7015.000 0.474
7020.000 0.474
7025.000 0.476
7030.000 0.469
7035.000 0.472
7040.000 0.469
7045.000 0.467
7050.000 0.468
7055.000 0.464
7060.000 0.459
7065.000 0.461
7070.000 0.454
7075.000 0.446
7080.000 0.450
7085.000 0.447
7090.000 0.445
7095.000 0.449
7100.000 0.450
7105.000 0.451
7110.000 0.448
7115.000 0.447
7120.000 0.446
7125.000 0.443
7130.000 0.438
7135.000 0.433
7140.000 0.426
7145.000 0.425
7150.000 0.424
7155.000 0.421
7160.000 0.423
7165.000 0.421
7170.000 0.420
7175.000 0.423
7180.000 0.418
7185.000 0.422
7190.000 0.418
7195.000 0.413
7200.000 0.407
7205.000 0.407
7210.000 0.402
7215.000 0.396
7220.000 0.397
7225.000 0.390
7230.000 0.392
7235.000 0.393
7240.000 0.392
7245.000 0.393
7250.000 0.397
7255.000 0.394
7260.000 0.393
7265.000 0.392
7270.000 0.388
7275.000 0.386
7280.000 0.383
7285.000 0.388
7290.000 0.388
7295.000 0.390
7300.000 0.393
7305.000 0.404
7310.000 0.413
7315.000 0.422
7320.000 0.438
7325.000 0.444
7330.000 0.459
7335.000 0.478
7340.000 0.495
7345.000 0.521
7350.000 0.535
7355.000 0.564
7360.000 0.611
7365.000 0.653
7370.000 0.717
7375.000 0.781
7380.000 0.853
7385.000 0.956
7390.000 1.052
7395.000 1.214
7400.000 1.380
7405.000 1.452
7410.000 1.722
7415.000 2.028
7420.000 2.384
7425.000 2.983
7430.000 3.675
7435.000 4.732
7440.000 5.969
7445.000 6.974
7450.000 7.145
7455.000 6.009
7460.000 4.596
7465.000 4.071
7470.000 3.293
7475.000 2.664
7480.000 2.420
7485.000 2.254
7490.000 2.079
7495.000 1.968
7500.000 1.840
7505.000 1.744
7510.000 1.661
7515.000 1.578
7520.000 1.520
7525.000 1.454
7530.000 1.426
7535.000 1.382
7540.000 1.340
7545.000 1.299
7550.000 1.270
7555.000 1.234
7560.000 1.210
7565.000 1.183
7570.000 1.156
7575.000 1.132
7580.000 1.108
7585.000 1.089
7590.000 1.078
7595.000 1.059
7600.000 1.043
7605.000 1.030
7610.000 1.013
7615.000 1.009
7620.000 0.993
7625.000 0.985
7630.000 0.976
7635.000 0.964
7640.000 0.959
7645.000 0.945
7650.000 0.938
7655.000 0.923
7660.000 0.919
7665.000 0.907
7670.000 0.896
7675.000 0.889
7680.000 0.887
7685.000 0.880
7690.000 0.881
7695.000 0.879
7700.000 0.872
7705.000 0.868
7710.000 0.863
7715.000 0.858
7720.000 0.851
7725.000 0.844
7730.000 0.837
7735.000 0.831
7740.000 0.825
7745.000 0.817
7750.000 0.818
7755.000 0.818
7760.000 0.814
7765.000 0.811
7770.000 0.815
7775.000 0.813
7780.000 0.809
7785.000 0.802
7790.000 0.798
7795.000 0.798
7800.000 0.787
7805.000 0.785
7810.000 0.779
7815.000 0.773
7820.000 0.775
7825.000 0.773
7830.000 0.769
7835.000 0.770
7840.000 0.773
7845.000 0.769
7850.000 0.774
7855.000 0.768
7860.000 0.764
7865.000 0.758
7870.000 0.753
7875.000 0.749
7880.000 0.745
7885.000 0.739
7890.000 0.737
7895.000 0.735
7900.000 0.734
7905.000 0.730
7910.000 0.732
7915.000 0.734
7920.000 0.735
7925.000 0.727
7930.000 0.726
7935.000 0.718
7940.000 0.706
7945.000 0.705
7950.000 0.701
7955.000 0.686
7960.000 0.684
7965.000 0.681
7970.000 0.670
7975.000 0.660
7980.000 0.662
7985.000 0.645
7990.000 0.635
7995.000 0.634
8000.000 0.604
8005.000 0.577
8010.000 0.558
8015.000 0.547
8020.000 0.490
8025.000 0.435
8030.000 0.366
8035.000 0.258
8040.000 0.143
8045.000 0.406
8050.000 1.294
8055.000 3.067
8060.000 5.789
8065.000 4.862
8070.000 0.811
8075.000 1.686
8080.000 1.244
8085.000 1.152
8090.000 1.027
8095.000 1.001
8100.000 1.000
8105.000 0.984
8110.000 0.968
8115.000 0.956
8120.000 0.953
8125.000 0.941
8130.000 0.941
8135.000 0.940
8140.000 0.936
8145.000 0.937
8150.000 0.928
8155.000 0.928
8160.000 0.918
8165.000 0.917
8170.000 0.915
8175.000 0.906
8180.000 0.905
8185.000 0.903
8190.000 0.906
8195.000 0.906
8200.000 0.912
8205.000 0.910
8210.000 0.913
8215.000 0.913
8220.000 0.916
8225.000 0.920
8230.000 0.918
8235.000 0.918
8240.000 0.913
8245.000 0.915
8250.000 0.915
8255.000 0.916
8260.000 0.914
8265.000 0.921
8270.000 0.926
8275.000 0.928
8280.000 0.941
8285.000 0.942
8290.000 0.950
8295.000 0.950
8300.000 0.955
8305.000 0.956
8310.000 0.960
8315.000 0.959
8320.000 0.957
8325.000 0.963
8330.000 0.968
8335.000 0.971
8340.000 0.979
8345.000 0.991
8350.000 0.998
8355.000 1.005
8360.000 1.018
8365.000 1.024
8370.000 1.029
8375.000 1.039
8380.000 1.039
8385.000 1.043
8390.000 1.055
8395.000 1.060
8400.000 1.073
8405.000 1.078
8410.000 1.093
8415.000 1.103
8420.000 1.124
8425.000 1.138
8430.000 1.155
8435.000 1.176
8440.000 1.185
8445.000 1.198
8450.000 1.218
8455.000 1.239
8460.000 1.251
8465.000 1.277
8470.000 1.302
8475.000 1.333
8480.000 1.365
8485.000 1.401
8490.000 1.448
8495.000 1.492
8500.000 1.527
8505.000 1.594
8510.000 1.666
8515.000 1.769
8520.000 1.909
8525.000 2.074
8530.000 2.390
8535.000 2.905
8540.000 3.654
8545.000 4.007
8550.000 1.408
8555.000 1.244
8560.000 1.126
8565.000 1.403
8570.000 1.404
8575.000 1.591
8580.000 1.785
8585.000 1.962
8590.000 2.127
8595.000 2.355
8600.000 2.561
8605.000 2.878
8610.000 3.240
8615.000 3.629
8620.000 4.236
8625.000 4.563
8630.000 5.211
8635.000 6.165
8640.000 6.749
8645.000 6.852
8650.000 6.195
8655.000 5.295
8660.000 4.325
8665.000 3.761
8670.000 3.196
8675.000 2.697
8680.000 2.486
8685.000 1.962
8690.000 1.602
8695.000 1.244
8700.000 1.036
8705.000 0.936
8710.000 0.834
8715.000 0.757
8720.000 0.684
8725.000 0.624
8730.000 0.575
8735.000 0.516
8740.000 0.477
8745.000 0.461
8750.000 0.420
8755.000 0.386
8760.000 0.359
8765.000 0.335
8770.000 0.316
8775.000 0.296
8780.000 0.282
8785.000 0.265
8790.000 0.253
8795.000 0.242
8800.000 0.237
8805.000 0.233
8810.000 0.221
8815.000 0.209
8820.000 0.199
8825.000 0.182
8830.000 0.192
8835.000 0.209
8840.000 0.214
8845.000 0.216
8850.000 0.227
8855.000 0.227
8860.000 0.233
8865.000 0.239
8870.000 0.240
8875.000 0.244
8880.000 0.248
8885.000 0.254
8890.000 0.253
8895.000 0.258
8900.000 0.256
8905.000 0.261
8910.000 0.263
8915.000 0.266
8920.000 0.272
8925.000 0.277
8930.000 0.287
8935.000 0.293
8940.000 0.302
8945.000 0.307
8950.000 0.310
8955.000 0.311
8960.000 0.313
8965.000 0.313
8970.000 0.308
8975.000 0.311
8980.000 0.324
8985.000 0.320
8990.000 0.325
8995.000 0.324
9000.000 0.337
9005.000 0.335
9010.000 0.348
9015.000 0.345
9020.000 0.359
9025.000 0.355
9030.000 0.360
9035.000 0.359
9040.000 0.362
9045.000 0.358
9050.000 0.362
9055.000 0.361
9060.000 0.366
9065.000 0.362
9070.000 0.370
9075.000 0.371
9080.000 0.380
9085.000 0.389
9090.000 0.392
9095.000 0.397
9100.000 0.398
9105.000 0.398
9110.000 0.394
9115.000 0.399
9120.000 0.397
9125.000 0.397
9130.000 0.400
9135.000 0.400
9140.000 0.404
9145.000 0.407
9150.000 0.411
9155.000 0.416
9160.000 0.424
9165.000 0.427
9170.000 0.428
9175.000 0.430
9180.000 0.433
9185.000 0.432
9190.000 0.429
9195.000 0.433
9200.000 0.427
9205.000 0.431
9210.000 0.436
9215.000 0.437
9220.000 0.444
9225.000 0.451
9230.000 0.454
9235.000 0.455
9240.000 0.463
9245.000 0.461
9250.000 0.470
9255.000 0.467
9260.000 0.475
9265.000 0.470
9270.000 0.469
9275.000 0.474
9280.000 0.473
9285.000 0.479
9290.000 0.486
9295.000 0.487
9300.000 0.494
9305.000 0.504
9310.000 0.510
9315.000 0.517
9320.000 0.521
9325.000 0.527
9330.000 0.528
9335.000 0.531
9340.000 0.533
9345.000 0.536
9350.000 0.543
9355.000 0.546
9360.000 0.558
9365.000 0.566
9370.000 0.580
9375.000 0.590
9380.000 0.604
9385.000 0.624
9390.000 0.635
9395.000 0.651
9400.000 0.669
9405.000 0.684
9410.000 0.695
9415.000 0.719
9420.000 0.740
9425.000 0.778
9430.000 0.820
9435.000 0.875
9440.000 0.934
9445.000 1.013
9450.000 1.133
9455.000 1.282
9460.000 1.498
9465.000 1.854
9470.000 2.338
9475.000 2.709
9480.000 3.884
9485.000 4.331
9490.000 2.009
9495.000 1.911
9500.000 0.616
9505.000 0.710
9510.000 0.481
9515.000 0.363
9520.000 0.272
9525.000 0.201
9530.000 0.164
9535.000 0.150
9540.000 0.119
9545.000 0.112
9550.000 0.110
9555.000 0.114
9560.000 0.125
9565.000 0.126
9570.000 0.134
9575.000 0.143
9580.000 0.156
9585.000 0.163
9590.000 0.176
9595.000 0.181
9600.000 0.186
9605.000 0.196
9610.000 0.205
9615.000 0.209
9620.000 0.210
9625.000 0.213
9630.000 0.208
9635.000 0.215
9640.000 0.211
9645.000 0.214
9650.000 0.217
9655.000 0.222
9660.000 0.224
9665.000 0.231
9670.000 0.233
9675.000 0.234
9680.000 0.241
9685.000 0.238
9690.000 0.241
9695.000 0.233
9700.000 0.232
9705.000 0.229
9710.000 0.225
9715.000 0.224
9720.000 0.220
9725.000 0.218
9730.000 0.213
9735.000 0.218
9740.000 0.209
9745.000 0.214
9750.000 0.209
9755.000 0.205
9760.000 0.197
9765.000 0.190
9770.000 0.183
9775.000 0.177
9780.000 0.172
9785.000 0.165
9790.000 0.171
9795.000 0.181
9800.000 0.214
9805.000 0.293
9810.000 0.356
9815.000 0.459
9820.000 0.540
9825.000 0.596
9830.000 0.583
9835.000 0.555
9840.000 0.522
9845.000 0.481
9850.000 0.446
9855.000 0.416
9860.000 0.405
9865.000 0.420
9870.000 0.479
9875.000 0.563
9880.000 0.654
9885.000 0.678
9890.000 0.654
9895.000 0.636
9900.000 0.618
9905.000 0.594
9910.000 0.574
9915.000 0.554
9920.000 0.537
9925.000 0.524
9930.000 0.509
9935.000 0.498
9940.000 0.487
9945.000 0.480
9950.000 0.476
9955.000 0.475
9960.000 0.464
9965.000 0.472
9970.000 0.463
9975.000 0.458
9980.000 0.457
9985.000 0.451
9990.000 0.447
9995.000 0.438
10000.000 0.441
10005.000 0.429
10010.000 0.424
10015.000 0.424
10020.000 0.417
10025.000 0.415
10030.000 0.417
10035.000 0.413
10040.000 0.415
10045.000 0.417
10050.000 0.412
10055.000 0.410
10060.000 0.406
10065.000 0.399
10070.000 0.387
10075.000 0.386
10080.000 0.379
10085.000 0.380
10090.000 0.375
10095.000 0.367
10100.000 0.365
10105.000 0.355
10110.000 0.360
10115.000 0.347
10120.000 0.343
10125.000 0.333
10130.000 0.321
10135.000 0.294
10140.000 0.285
10145.000 0.264
10150.000 0.223
10155.000 0.172
10160.000 0.116
10165.000 0.107
10170.000 0.379
10175.000 0.884
10180.000 1.235
10185.000 0.488
10190.000 1.258
10195.000 0.611
10200.000 0.630
10205.000 0.683
10210.000 0.602
10215.000 0.575
10220.000 0.552
10225.000 0.536
10230.000 0.519
10235.000 0.510
10240.000 0.502
10245.000 0.497
10250.000 0.493
10255.000 0.490
10260.000 0.486
10265.000 0.488
10270.000 0.482
10275.000 0.478
10280.000 0.472
10285.000 0.470
10290.000 0.460
10295.000 0.456
10300.000 0.451
10305.000 0.449
10310.000 0.444
10315.000 0.443
10320.000 0.445
10325.000 0.442
10330.000 0.447
10335.000 0.447
10340.000 0.445
10345.000 0.443
10350.000 0.445
10355.000 0.438
10360.000 0.435
10365.000 0.433
10370.000 0.425
10375.000 0.426
10380.000 0.420
10385.000 0.419
10390.000 0.419
10395.000 0.419
10400.000 0.421
10405.000 0.421
10410.000 0.427
10415.000 0.421
10420.000 0.422
10425.000 0.421
10430.000 0.421
10435.000 0.412
10440.000 0.410
10445.000 0.407
10450.000 0.402
10455.000 0.399
10460.000 0.401
10465.000 0.400
10470.000 0.399
10475.000 0.403
10480.000 0.403
10485.000 0.405
10490.000 0.403
10495.000 0.401
10500.000 0.396
10505.000 0.397
10510.000 0.391
10515.000 0.389
10520.000 0.386
10525.000 0.382
10530.000 0.381
10535.000 0.381
10540.000 0.379
10545.000 0.379
10550.000 0.383
10555.000 0.378
10560.000 0.382
10565.000 0.378
10570.000 0.379
10575.000 0.372
10580.000 0.369
10585.000 0.365
10590.000 0.357
10595.000 0.358
10600.000 0.352
10605.000 0.352
10610.000 0.350
10615.000 0.352
10620.000 0.347
10625.000 0.345
10630.000 0.349
10635.000 0.346
10640.000 0.343
10645.000 0.339
10650.000 0.336
10655.000 0.325
10660.000 0.321
10665.000 0.318
10670.000 0.311
10675.000 0.306
10680.000 0.304
10685.000 0.296
10690.000 0.296
10695.000 0.300
10700.000 0.294
10705.000 0.292
10710.000 0.286
10715.000 0.281
10720.000 0.274
10725.000 0.268
10730.000 0.254
10735.000 0.245
10740.000 0.236
10745.000 0.227
10750.000 0.221
10755.000 0.210
10760.000 0.206
10765.000 0.195
10770.000 0.188
10775.000 0.177
10780.000 0.167
10785.000 0.155
10790.000 0.146
10795.000 0.132
10800.000 0.131
10805.000 0.132
10810.000 0.152
10815.000 0.169
10820.000 0.219
10825.000 0.287
10830.000 0.385
10835.000 0.495
10840.000 0.719
10845.000 0.992
10850.000 1.295
10855.000 1.531
10860.000 1.407
10865.000 0.966
10870.000 0.838
10875.000 0.711
10880.000 0.971
10885.000 1.034
10890.000 0.701
10895.000 0.611
10900.000 0.542
10905.000 0.460
10910.000 0.413
10915.000 0.354
10920.000 0.305
10925.000 0.269
10930.000 0.216
10935.000 0.198
10940.000 0.172
10945.000 0.166
10950.000 0.193
10955.000 0.283
10960.000 0.390
10965.000 0.511
10970.000 0.717
10975.000 0.894
10980.000 1.201
10985.000 1.479
10990.000 1.692
10995.000 1.826
11000.000 1.905
11005.000 1.886
11010.000 1.763
11015.000 1.667
11020.000 1.531
11025.000 1.433
11030.000 1.346
11035.000 1.259
11040.000 1.198
11045.000 1.124
11050.000 1.061
11055.000 1.014
11060.000 0.962
11065.000 0.858
11070.000 0.781
11075.000 0.771
11080.000 0.782
11085.000 0.799
11090.000 0.804
11095.000 0.798
11100.000 0.797
11105.000 0.795
11110.000 0.788
11115.000 0.785
11120.000 0.781
11125.000 0.775
11130.000 0.772
11135.000 0.771
11140.000 0.765
11145.000 0.763
11150.000 0.756
11155.000 0.752
11160.000 0.742
11165.000 0.741
11170.000 0.733
11175.000 0.729
11180.000 0.723
11185.000 0.717
11190.000 0.713
11195.000 0.712
11200.000 0.709
11205.000 0.705
11210.000 0.705
11215.000 0.704
11220.000 0.700
11225.000 0.699
11230.000 0.695
11235.000 0.691
11240.000 0.684
11245.000 0.683
11250.000 0.681
11255.000 0.673
11260.000 0.670
11265.000 0.670
11270.000 0.667
11275.000 0.665
11280.000 0.668
11285.000 0.662
11290.000 0.672
11295.000 0.665
11300.000 0.665
11305.000 0.661
11310.000 0.660
11315.000 0.652
11320.000 0.652
11325.000 0.646
11330.000 0.642
11335.000 0.641
11340.000 0.641
11345.000 0.642
11350.000 0.639
11355.000 0.644
11360.000 0.645
11365.000 0.642
11370.000 0.640
11375.000 0.641
11380.000 0.636
11385.000 0.632
11390.000 0.631
11395.000 0.631
11400.000 0.627
11405.000 0.623
11410.000 0.625
11415.000 0.622
11420.000 0.624
11425.000 0.623
11430.000 0.625
11435.000 0.625
11440.000 0.623
11445.000 0.621
11450.000 0.622
11455.000 0.618
11460.000 0.614
11465.000 0.613
11470.000 0.611
11475.000 0.610
11480.000 0.608
11485.000 0.605
11490.000 0.606
11495.000 0.607
11500.000 0.608
11505.000 0.610
11510.000 0.611
11515.000 0.609
11520.000 0.609
11525.000 0.607
11530.000 0.605
11535.000 0.603
11540.000 0.599
11545.000 0.600
11550.000 0.595
11555.000 0.594
11560.000 0.597
11565.000 0.594
11570.000 0.594
11575.000 0.592
11580.000 0.593
11585.000 0.595
11590.000 0.595
11595.000 0.594
11600.000 0.588
11605.000 0.589
11610.000 0.586
11615.000 0.586
11620.000 0.581
11625.000 0.577
11630.000 0.575
11635.000 0.574
11640.000 0.575
11645.000 0.573
11650.000 0.574
11655.000 0.568
11660.000 0.566
11665.000 0.564
11670.000 0.553
11675.000 0.552
11680.000 0.540
11685.000 0.527
11690.000 0.516
11695.000 0.494
11700.000 0.473
11705.000 0.447
11710.000 0.401
11715.000 0.390
11720.000 0.659
11725.000 0.913
11730.000 1.416
11735.000 1.305
11740.000 0.844
11745.000 0.400
11750.000 0.681
11755.000 0.664
11760.000 0.662
11765.000 0.666
11770.000 0.665
11775.000 0.657
11780.000 0.658
11785.000 0.657
11790.000 0.659
11795.000 0.660
11800.000 0.658
11805.000 0.660
11810.000 0.662
11815.000 0.661
11820.000 0.658
11825.000 0.657
11830.000 0.656
11835.000 0.653
11840.000 0.656
11845.000 0.658
11850.000 0.657
11855.000 0.659
11860.000 0.663
11865.000 0.666
11870.000 0.667
11875.000 0.671
11880.000 0.671
11885.000 0.675
11890.000 0.675
11895.000 0.678
11900.000 0.682
11905.000 0.678
11910.000 0.684
11915.000 0.683
11920.000 0.689
11925.000 0.695
11930.000 0.697
11935.000 0.704
11940.000 0.711
11945.000 0.718
11950.000 0.728
11955.000 0.731
11960.000 0.740
11965.000 0.746
11970.000 0.753
11975.000 0.759
11980.000 0.768
11985.000 0.782
11990.000 0.793
11995.000 0.808
12000.000 0.819
