105.000 0.692
110.000 2.089
115.000 2.130
120.000 2.001
125.000 2.097
130.000 2.201
135.000 2.185
140.000 2.224
145.000 2.141
150.000 2.147
155.000 2.260
160.000 2.312
165.000 2.278
170.000 2.206
175.000 2.208
180.000 2.250
185.000 2.396
190.000 2.375
195.000 2.301
200.000 2.408
205.000 2.311
210.000 2.447
215.000 2.349
220.000 2.432
225.000 2.481
230.000 2.461
235.000 2.496
240.000 2.555
245.000 2.601
250.000 2.635
255.000 2.671
260.000 2.723
265.000 2.771
270.000 2.777
275.000 2.856
280.000 2.926
285.000 2.942
290.000 3.028
295.000 3.101
300.000 3.180
305.000 3.282
310.000 3.374
315.000 3.464
320.000 3.592
325.000 3.693
330.000 3.750
335.000 3.963
340.000 4.045
345.000 4.290
350.000 4.400
355.000 4.566
360.000 4.771
365.000 4.966
370.000 5.181
375.000 5.418
380.000 5.627
385.000 5.727
390.000 6.020
395.000 6.109
400.000 6.263
405.000 6.286
410.000 6.297
415.000 6.217
420.000 6.066
425.000 5.860
430.000 5.592
435.000 5.287
440.000 4.986
445.000 4.657
450.000 4.369
455.000 4.200
460.000 3.767
465.000 3.644
470.000 3.404
475.000 3.179
480.000 2.970
485.000 2.801
490.000 2.620
495.000 2.464
500.000 2.318
505.000 2.193
510.000 2.127
515.000 2.019
520.000 1.865
525.000 1.774
530.000 1.727
535.000 1.655
540.000 1.579
545.000 1.527
550.000 1.449
555.000 1.398
560.000 1.342
565.000 1.285
570.000 1.236
575.000 1.190
580.000 1.170
585.000 1.102
590.000 1.090
595.000 1.052
600.000 1.026
605.000 0.993
610.000 0.960
615.000 0.923
620.000 0.916
625.000 0.885
630.000 0.868
635.000 0.842
640.000 0.818
645.000 0.801
650.000 0.793
655.000 0.780
660.000 0.763
665.000 0.747
670.000 0.719
675.000 0.722
680.000 0.700
685.000 0.686
690.000 0.677
695.000 0.666
700.000 0.660
705.000 0.656
710.000 0.632
715.000 0.634
720.000 0.627
725.000 0.616
730.000 0.605
735.000 0.611
740.000 0.603
745.000 0.580
750.000 0.576
755.000 0.582
760.000 0.564
765.000 0.569
770.000 0.559
775.000 0.559
780.000 0.562
785.000 0.572
790.000 0.558
795.000 0.549
800.000 0.552
805.000 0.545
810.000 0.539
815.000 0.536
820.000 0.539
825.000 0.530
830.000 0.526
835.000 0.526
840.000 0.520
845.000 0.511
850.000 0.515
855.000 0.518
860.000 0.514
865.000 0.513
870.000 0.510
875.000 0.510
880.000 0.505
885.000 0.506
890.000 0.510
895.000 0.508
900.000 0.506
905.000 0.502
910.000 0.500
915.000 0.506
920.000 0.502
925.000 0.496
930.000 0.503
935.000 0.496
940.000 0.485
945.000 0.495
950.000 0.500
955.000 0.494
960.000 0.502
965.000 0.498
970.000 0.492
975.000 0.494
980.000 0.500
985.000 0.492
990.000 0.494
995.000 0.503
1000.000 0.490
1005.000 0.491
1010.000 0.483
1015.000 0.503
1020.000 0.499
1025.000 0.501
1030.000 0.491
1035.000 0.500
1040.000 0.494
1045.000 0.488
1050.000 0.491
1055.000 0.493
1060.000 0.500
1065.000 0.496
1070.000 0.491
1075.000 0.496
1080.000 0.506
1085.000 0.498
1090.000 0.501
1095.000 0.496
1100.000 0.498
1105.000 0.503
1110.000 0.499
1115.000 0.503
1120.000 0.498
1125.000 0.503
1130.000 0.499
1135.000 0.499
1140.000 0.506
1145.000 0.502
1150.000 0.508
1155.000 0.504
1160.000 0.511
1165.000 0.506
1170.000 0.504
1175.000 0.506
1180.000 0.508
1185.000 0.509
1190.000 0.511
1195.000 0.515
1200.000 0.513
1205.000 0.514
1210.000 0.518
1215.000 0.518
1220.000 0.516
1225.000 0.513
1230.000 0.523
1235.000 0.521
1240.000 0.519
1245.000 0.523
1250.000 0.526
1255.000 0.524
1260.000 0.525
1265.000 0.525
1270.000 0.528
1275.000 0.531
1280.000 0.534
1285.000 0.533
1290.000 0.536
1295.000 0.532
1300.000 0.537
1305.000 0.537
1310.000 0.537
1315.000 0.541
1320.000 0.542
1325.000 0.540
1330.000 0.551
1335.000 0.550
1340.000 0.545
1345.000 0.553
1350.000 0.553
1355.000 0.557
1360.000 0.554
1365.000 0.561
1370.000 0.560
1375.000 0.559
1380.000 0.557
1385.000 0.560
1390.000 0.563
1395.000 0.569
1400.000 0.564
1405.000 0.569
1410.000 0.573
1415.000 0.569
1420.000 0.571
1425.000 0.567
1430.000 0.574
1435.000 0.569
1440.000 0.568
1445.000 0.564
1450.000 0.560
1455.000 0.555
1460.000 0.559
1465.000 0.560
1470.000 0.564
1475.000 0.571
1480.000 0.575
1485.000 0.578
1490.000 0.590
1495.000 0.591
1500.000 0.606
1505.000 0.608
1510.000 0.617
1515.000 0.624
1520.000 0.627
1525.000 0.637
1530.000 0.647
1535.000 0.655
1540.000 0.661
1545.000 0.663
1550.000 0.674
1555.000 0.682
1560.000 0.695
1565.000 0.698
1570.000 0.704
1575.000 0.714
1580.000 0.725
1585.000 0.734
1590.000 0.748
1595.000 0.750
1600.000 0.768
1605.000 0.768
1610.000 0.781
1615.000 0.789
1620.000 0.804
1625.000 0.811
1630.000 0.826
1635.000 0.834
1640.000 0.852
1645.000 0.867
1650.000 0.881
1655.000 0.895
1660.000 0.903
1665.000 0.914
1670.000 0.932
1675.000 0.946
1680.000 0.967
1685.000 0.988
1690.000 1.003
1695.000 1.020
1700.000 1.040
1705.000 1.058
1710.000 1.076
1715.000 1.103
1720.000 1.123
1725.000 1.136
1730.000 1.157
1735.000 1.182
1740.000 1.210
1745.000 1.236
1750.000 1.258
1755.000 1.285
1760.000 1.313
1765.000 1.343
1770.000 1.370
1775.000 1.396
1780.000 1.425
1785.000 1.454
1790.000 1.467
1795.000 1.496
1800.000 1.524
1805.000 1.557
1810.000 1.584
1815.000 1.614
1820.000 1.637
1825.000 1.663
1830.000 1.686
1835.000 1.707
1840.000 1.728
1845.000 1.743
1850.000 1.764
1855.000 1.775
1860.000 1.794
1865.000 1.816
1870.000 1.822
1875.000 1.832
1880.000 1.840
1885.000 1.849
1890.000 1.852
1895.000 1.848
1900.000 1.858
1905.000 1.856
1910.000 1.856
1915.000 1.846
1920.000 1.849
1925.000 1.839
1930.000 1.836
1935.000 1.835
1940.000 1.823
1945.000 1.816
1950.000 1.802
1955.000 1.793
1960.000 1.785
1965.000 1.774
1970.000 1.767
1975.000 1.753
1980.000 1.745
1985.000 1.720
1990.000 1.732
1995.000 1.706
2000.000 1.708
2005.000 1.684
2010.000 1.691
2015.000 1.662
2020.000 1.669
2025.000 1.652
2030.000 1.656
2035.000 1.640
2040.000 1.633
2045.000 1.628
2050.000 1.625
2055.000 1.615
2060.000 1.617
2065.000 1.606
2070.000 1.603
2075.000 1.601
2080.000 1.600
2085.000 1.603
2090.000 1.600
2095.000 1.605
2100.000 1.615
2105.000 1.617
2110.000 1.617
2115.000 1.617
2120.000 1.623
2125.000 1.631
2130.000 1.635
2135.000 1.651
2140.000 1.663
2145.000 1.669
2150.000 1.684
2155.000 1.698
2160.000 1.727
2165.000 1.740
2170.000 1.757
2175.000 1.780
2180.000 1.810
2185.000 1.839
2190.000 1.873
2195.000 1.910
2200.000 1.951
2205.000 1.999
2210.000 2.055
2215.000 2.087
2220.000 2.148
2225.000 2.261
2230.000 2.350
2235.000 2.397
2240.000 2.506
2245.000 2.637
2250.000 2.794
2255.000 2.982
2260.000 3.197
2265.000 3.476
2270.000 3.830
2275.000 4.263
2280.000 4.876
2285.000 5.712
2290.000 6.877
2295.000 7.695
2300.000 9.742
2305.000 12.129
2310.000 16.104
2315.000 19.116
2320.000 8.324
2325.000 6.145
2330.000 4.411
2335.000 3.445
2340.000 3.105
2345.000 2.342
2350.000 2.156
2355.000 1.847
2360.000 1.588
2365.000 1.381
2370.000 1.203
2375.000 1.060
2380.000 0.945
2385.000 0.834
2390.000 0.746
2395.000 0.670
2400.000 0.594
2405.000 0.532
2410.000 0.473
2415.000 0.449
2420.000 0.402
2425.000 0.354
2430.000 0.313
2435.000 0.280
2440.000 0.250
2445.000 0.218
2450.000 0.191
2455.000 0.169
2460.000 0.155
2465.000 0.132
2470.000 0.114
2475.000 0.109
2480.000 0.091
2485.000 0.081
2490.000 0.073
2495.000 0.062
2500.000 0.068
2505.000 0.066
2510.000 0.071
2515.000 0.132
2520.000 0.126
2525.000 0.164
2530.000 0.156
2535.000 0.110
2540.000 0.096
2545.000 0.127
2550.000 0.107
2555.000 0.114
2560.000 0.120
2565.000 0.126
2570.000 0.127
2575.000 0.134
2580.000 0.135
2585.000 0.140
2590.000 0.141
2595.000 0.144
2600.000 0.148
2605.000 0.149
2610.000 0.148
2615.000 0.151
2620.000 0.154
2625.000 0.159
2630.000 0.162
2635.000 0.164
2640.000 0.158
2645.000 0.158
2650.000 0.161
2655.000 0.160
2660.000 0.156
2665.000 0.163
2670.000 0.161
2675.000 0.157
2680.000 0.163
2685.000 0.155
2690.000 0.156
2695.000 0.155
2700.000 0.150
2705.000 0.148
2710.000 0.144
2715.000 0.150
2720.000 0.149
2725.000 0.142
2730.000 0.142
2735.000 0.136
2740.000 0.134
2745.000 0.131
2750.000 0.127
2755.000 0.120
2760.000 0.121
2765.000 0.121
2770.000 0.114
2775.000 0.111
2780.000 0.108
2785.000 0.105
2790.000 0.102
2795.000 0.099
2800.000 0.099
2805.000 0.098
2810.000 0.096
2815.000 0.095
2820.000 0.093
2825.000 0.093
2830.000 0.103
2835.000 0.098
2840.000 0.102
2845.000 0.107
2850.000 0.111
2855.000 0.113
2860.000 0.121
2865.000 0.123
2870.000 0.128
2875.000 0.136
2880.000 0.146
2885.000 0.151
2890.000 0.162
2895.000 0.169
2900.000 0.175
2905.000 0.180
2910.000 0.189
2915.000 0.197
2920.000 0.207
2925.000 0.213
2930.000 0.221
2935.000 0.229
2940.000 0.236
2945.000 0.247
2950.000 0.253
2955.000 0.269
2960.000 0.272
2965.000 0.278
2970.000 0.277
2975.000 0.288
2980.000 0.305
2985.000 0.298
2990.000 0.306
2995.000 0.325
3000.000 0.324
3005.000 0.326
3010.000 0.331
3015.000 0.347
3020.000 0.357
3025.000 0.352
3030.000 0.367
3035.000 0.369
3040.000 0.377
3045.000 0.381
3050.000 0.390
3055.000 0.396
3060.000 0.389
3065.000 0.399
3070.000 0.404
3075.000 0.405
3080.000 0.412
3085.000 0.410
3090.000 0.419
3095.000 0.416
3100.000 0.425
3105.000 0.427
3110.000 0.432
3115.000 0.437
3120.000 0.439
3125.000 0.441
3130.000 0.442
3135.000 0.447
3140.000 0.452
3145.000 0.447
3150.000 0.455
3155.000 0.458
3160.000 0.458
3165.000 0.461
3170.000 0.464
3175.000 0.465
3180.000 0.470
3185.000 0.473
3190.000 0.471
3195.000 0.479
3200.000 0.477
3205.000 0.477
3210.000 0.480
3215.000 0.483
3220.000 0.483
3225.000 0.488
3230.000 0.486
3235.000 0.491
3240.000 0.493
3245.000 0.493
3250.000 0.494
3255.000 0.498
3260.000 0.497
3265.000 0.498
3270.000 0.495
3275.000 0.502
3280.000 0.505
3285.000 0.503
3290.000 0.503
3295.000 0.503
3300.000 0.505
3305.000 0.509
3310.000 0.509
3315.000 0.511
3320.000 0.515
3325.000 0.513
3330.000 0.519
3335.000 0.519
3340.000 0.517
3345.000 0.520
3350.000 0.522
3355.000 0.524
3360.000 0.523
3365.000 0.525
3370.000 0.527
3375.000 0.530
3380.000 0.527
3385.000 0.533
3390.000 0.532
3395.000 0.534
3400.000 0.536
3405.000 0.541
3410.000 0.538
3415.000 0.542
3420.000 0.544
3425.000 0.545
3430.000 0.549
3435.000 0.550
3440.000 0.556
3445.000 0.556
3450.000 0.555
3455.000 0.560
3460.000 0.564
3465.000 0.568
3470.000 0.569
3475.000 0.574
3480.000 0.573
3485.000 0.578
3490.000 0.581
3495.000 0.581
3500.000 0.585
3505.000 0.588
3510.000 0.587
3515.000 0.594
3520.000 0.599
3525.000 0.598
3530.000 0.606
3535.000 0.609
3540.000 0.617
3545.000 0.618
3550.000 0.626
3555.000 0.630
3560.000 0.635
3565.000 0.638
3570.000 0.646
3575.000 0.653
3580.000 0.665
3585.000 0.674
3590.000 0.677
3595.000 0.696
3600.000 0.709
3605.000 0.726
3610.000 0.741
3615.000 0.755
3620.000 0.766
3625.000 0.789
3630.000 0.818
3635.000 0.846
3640.000 0.883
3645.000 0.923
3650.000 0.973
3655.000 1.023
3660.000 1.087
3665.000 1.161
3670.000 1.236
3675.000 1.287
3680.000 1.296
3685.000 1.176
3690.000 1.314
3695.000 4.258
3700.000 9.280
3705.000 9.148
3710.000 6.429
3715.000 3.441
3720.000 2.527
3725.000 1.963
3730.000 1.622
3735.000 1.494
3740.000 1.288
3745.000 1.088
3750.000 0.985
3755.000 0.948
3760.000 0.889
3765.000 0.827
3770.000 0.784
3775.000 0.746
3780.000 0.711
3785.000 0.688
3790.000 0.666
3795.000 0.645
3800.000 0.639
3805.000 0.617
3810.000 0.614
3815.000 0.603
3820.000 0.600
3825.000 0.586
3830.000 0.578
3835.000 0.573
3840.000 0.565
3845.000 0.560
3850.000 0.556
3855.000 0.554
3860.000 0.548
3865.000 0.545
3870.000 0.545
3875.000 0.540
3880.000 0.534
3885.000 0.536
3890.000 0.533
3895.000 0.538
3900.000 0.533
3905.000 0.533
3910.000 0.532
3915.000 0.527
3920.000 0.528
3925.000 0.525
3930.000 0.524
3935.000 0.526
3940.000 0.518
3945.000 0.522
3950.000 0.522
3955.000 0.524
3960.000 0.525
3965.000 0.514
3970.000 0.523
3975.000 0.523
3980.000 0.516
3985.000 0.520
3990.000 0.526
3995.000 0.518
4000.000 0.511
4005.000 0.513
4010.000 0.506
4015.000 0.520
4020.000 0.520
4025.000 0.525
4030.000 0.509
4035.000 0.517
4040.000 0.515
4045.000 0.524
4050.000 0.520
4055.000 0.516
4060.000 0.516
4065.000 0.521
4070.000 0.523
4075.000 0.514
4080.000 0.521
4085.000 0.518
4090.000 0.518
4095.000 0.514
4100.000 0.517
4105.000 0.519
4110.000 0.517
4115.000 0.524
4120.000 0.523
4125.000 0.521
4130.000 0.524
4135.000 0.524
4140.000 0.524
4145.000 0.526
4150.000 0.524
4155.000 0.521
4160.000 0.518
4165.000 0.521
4170.000 0.520
4175.000 0.518
4180.000 0.523
4185.000 0.524
4190.000 0.522
4195.000 0.525
4200.000 0.526
4205.000 0.523
4210.000 0.525
4215.000 0.523
4220.000 0.522
4225.000 0.522
4230.000 0.520
4235.000 0.519
4240.000 0.521
4245.000 0.517
4250.000 0.523
4255.000 0.519
4260.000 0.521
4265.000 0.519
4270.000 0.521
4275.000 0.523
4280.000 0.520
4285.000 0.519
4290.000 0.518
4295.000 0.514
4300.000 0.516
4305.000 0.515
4310.000 0.511
4315.000 0.514
4320.000 0.512
4325.000 0.515
4330.000 0.513
4335.000 0.518
4340.000 0.516
4345.000 0.517
4350.000 0.518
4355.000 0.518
4360.000 0.514
4365.000 0.512
4370.000 0.516
4375.000 0.510
4380.000 0.511
4385.000 0.510
4390.000 0.508
4395.000 0.508
4400.000 0.514
4405.000 0.512
4410.000 0.511
4415.000 0.512
4420.000 0.515
4425.000 0.513
4430.000 0.511
4435.000 0.516
4440.000 0.513
4445.000 0.513
4450.000 0.508
4455.000 0.509
4460.000 0.509
4465.000 0.512
4470.000 0.511
4475.000 0.511
4480.000 0.510
4485.000 0.516
4490.000 0.516
4495.000 0.516
4500.000 0.517
4505.000 0.510
4510.000 0.514
4515.000 0.512
4520.000 0.513
4525.000 0.515
4530.000 0.510
4535.000 0.511
4540.000 0.511
4545.000 0.510
4550.000 0.510
4555.000 0.510
4560.000 0.514
4565.000 0.515
4570.000 0.513
4575.000 0.517
4580.000 0.515
4585.000 0.513
4590.000 0.512
4595.000 0.511
4600.000 0.510
4605.000 0.514
4610.000 0.512
4615.000 0.511
4620.000 0.516
4625.000 0.510
4630.000 0.511
4635.000 0.518
4640.000 0.516
4645.000 0.513
4650.000 0.518
4655.000 0.518
4660.000 0.517
4665.000 0.513
4670.000 0.516
4675.000 0.516
4680.000 0.515
4685.000 0.517
4690.000 0.519
4695.000 0.520
4700.000 0.519
4705.000 0.519
4710.000 0.520
4715.000 0.524
4720.000 0.527
4725.000 0.528
4730.000 0.531
4735.000 0.530
4740.000 0.529
4745.000 0.533
4750.000 0.528
4755.000 0.534
4760.000 0.537
4765.000 0.538
4770.000 0.545
4775.000 0.547
4780.000 0.550
4785.000 0.559
4790.000 0.565
4795.000 0.573
4800.000 0.573
4805.000 0.586
4810.000 0.592
4815.000 0.600
4820.000 0.608
4825.000 0.614
4830.000 0.624
4835.000 0.638
4840.000 0.660
4845.000 0.672
4850.000 0.692
4855.000 0.715
4860.000 0.738
4865.000 0.766
4870.000 0.802
4875.000 0.836
4880.000 0.876
4885.000 0.923
4890.000 0.974
4895.000 0.996
4900.000 1.061
4905.000 1.139
4910.000 1.234
4915.000 1.329
4920.000 1.442
4925.000 1.597
4930.000 1.761
4935.000 1.991
4940.000 2.274
4945.000 2.622
4950.000 2.890
4955.000 3.910
4960.000 5.142
4965.000 6.117
4970.000 8.401
4975.000 7.340
4980.000 6.344
4985.000 6.845
4990.000 9.532
4995.000 8.638
5000.000 5.502
5005.000 4.775
5010.000 3.962
5015.000 3.671
5020.000 3.208
5025.000 2.722
5030.000 2.498
5035.000 2.412
5040.000 2.223
5045.000 2.079
5050.000 1.975
5055.000 1.867
5060.000 1.777
5065.000 1.704
5070.000 1.673
5075.000 1.588
5080.000 1.540
5085.000 1.498
5090.000 1.471
5095.000 1.439
5100.000 1.406
5105.000 1.372
5110.000 1.345
5115.000 1.322
5120.000 1.296
5125.000 1.283
5130.000 1.265
5135.000 1.252
5140.000 1.236
5145.000 1.227
5150.000 1.217
5155.000 1.204
5160.000 1.190
5165.000 1.185
5170.000 1.171
5175.000 1.160
5180.000 1.149
5185.000 1.142
5190.000 1.135
5195.000 1.132
5200.000 1.126
5205.000 1.117
5210.000 1.112
5215.000 1.112
5220.000 1.111
5225.000 1.102
5230.000 1.103
5235.000 1.097
5240.000 1.089
5245.000 1.082
5250.000 1.078
5255.000 1.073
5260.000 1.067
5265.000 1.063
5270.000 1.061
5275.000 1.055
5280.000 1.058
5285.000 1.058
5290.000 1.051
5295.000 1.049
5300.000 1.049
5305.000 1.042
5310.000 1.040
5315.000 1.032
5320.000 1.029
5325.000 1.021
5330.000 1.018
5335.000 1.014
5340.000 1.005
5345.000 0.999
5350.000 1.000
5355.000 0.997
5360.000 0.995
5365.000 0.991
5370.000 0.984
5375.000 0.979
5380.000 0.980
5385.000 0.975
5390.000 0.964
5395.000 0.959
5400.000 0.952
5405.000 0.944
5410.000 0.939
5415.000 0.936
5420.000 0.929
5425.000 0.928
5430.000 0.926
5435.000 0.918
5440.000 0.920
5445.000 0.912
5450.000 0.904
5455.000 0.899
5460.000 0.894
5465.000 0.884
5470.000 0.882
5475.000 0.873
5480.000 0.865
5485.000 0.862
5490.000 0.861
5495.000 0.859
5500.000 0.853
5505.000 0.848
5510.000 0.848
5515.000 0.843
5520.000 0.835
5525.000 0.832
5530.000 0.828
5535.000 0.823
5540.000 0.817
5545.000 0.810
5550.000 0.807
5555.000 0.799
5560.000 0.797
5565.000 0.795
5570.000 0.796
5575.000 0.790
5580.000 0.788
5585.000 0.788
5590.000 0.784
5595.000 0.780
5600.000 0.775
5605.000 0.773
5610.000 0.766
5615.000 0.764
5620.000 0.761
5625.000 0.756
5630.000 0.752
5635.000 0.750
5640.000 0.752
5645.000 0.747
5650.000 0.749
5655.000 0.748
5660.000 0.746
5665.000 0.742
5670.000 0.744
5675.000 0.738
5680.000 0.739
5685.000 0.735
5690.000 0.733
5695.000 0.730
5700.000 0.726
5705.000 0.723
5710.000 0.729
5715.000 0.725
5720.000 0.723
5725.000 0.726
5730.000 0.723
5735.000 0.727
5740.000 0.722
5745.000 0.720
5750.000 0.718
5755.000 0.716
5760.000 0.716
5765.000 0.711
5770.000 0.710
5775.000 0.710
5780.000 0.709
5785.000 0.707
5790.000 0.710
5795.000 0.710
5800.000 0.714
5805.000 0.713
5810.000 0.717
5815.000 0.717
5820.000 0.714
5825.000 0.718
5830.000 0.716
5835.000 0.720
5840.000 0.712
5845.000 0.718
5850.000 0.717
5855.000 0.724
5860.000 0.725
5865.000 0.728
5870.000 0.733
5875.000 0.734
5880.000 0.735
5885.000 0.746
5890.000 0.746
5895.000 0.745
5900.000 0.748
5905.000 0.750
5910.000 0.753
5915.000 0.755
5920.000 0.758
5925.000 0.766
5930.000 0.764
5935.000 0.773
5940.000 0.775
5945.000 0.786
5950.000 0.798
5955.000 0.797
5960.000 0.805
5965.000 0.820
5970.000 0.819
5975.000 0.827
5980.000 0.839
5985.000 0.844
5990.000 0.849
5995.000 0.854
6000.000 0.877
6005.000 0.880
6010.000 0.900
6015.000 0.909
6020.000 0.931
6025.000 0.944
6030.000 0.952
6035.000 0.968
6040.000 0.984
6045.000 1.013
6050.000 1.012
6055.000 1.036
6060.000 1.058
6065.000 1.090
6070.000 1.116
6075.000 1.143
6080.000 1.178
6085.000 1.211
6090.000 1.259
6095.000 1.295
6100.000 1.336
6105.000 1.366
6110.000 1.413
6115.000 1.467
6120.000 1.566
6125.000 1.594
6130.000 1.677
6135.000 1.759
6140.000 1.849
6145.000 1.971
6150.000 2.087
6155.000 2.234
6160.000 2.401
6165.000 2.476
6170.000 2.701
6175.000 2.946
6180.000 3.405
6185.000 3.599
6190.000 4.028
6195.000 4.628
6200.000 5.353
6205.000 6.240
6210.000 7.704
6215.000 9.576
6220.000 12.091
6225.000 15.291
6230.000 17.279
6235.000 17.122
6240.000 11.990
6245.000 10.798
6250.000 7.950
6255.000 6.647
6260.000 5.523
6265.000 4.796
6270.000 4.274
6275.000 3.762
6280.000 3.411
6285.000 3.056
6290.000 2.913
6300.000 2.418
6305.000 2.244
6310.000 2.121
6315.000 1.981
6320.000 1.922
6325.000 1.781
6330.000 1.698
6335.000 1.656
6340.000 1.592
6345.000 1.528
6350.000 1.475
6355.000 1.417
6360.000 1.371
6365.000 1.318
6370.000 1.276
6375.000 1.237
6380.000 1.195
6385.000 1.181
6390.000 1.133
6395.000 1.103
6400.000 1.073
6405.000 1.061
6410.000 1.036
6415.000 1.013
6420.000 0.990
6425.000 0.967
6430.000 0.938
6435.000 0.917
6440.000 0.896
6445.000 0.878
6450.000 0.859
6455.000 0.837
6460.000 0.802
6465.000 0.789
6470.000 0.771
6475.000 0.748
6480.000 0.729
6485.000 0.704
6490.000 0.682
6495.000 0.655
6500.000 0.626
6505.000 0.595
6510.000 0.581
6515.000 0.526
6520.000 0.481
6525.000 0.468
6530.000 0.439
6535.000 0.427
6540.000 0.452
6545.000 0.545
6550.000 0.811
6555.000 1.282
6560.000 2.313
6565.000 3.230
6570.000 6.490
6575.000 4.944
6580.000 3.959
6585.000 2.216
6590.000 2.345
6595.000 1.700
6600.000 1.628
6605.000 1.529
6610.000 1.435
6615.000 1.352
6620.000 1.303
6625.000 1.255
6630.000 1.211
6635.000 1.201
6640.000 1.152
6645.000 1.134
6650.000 1.109
6655.000 1.087
6660.000 1.068
6665.000 1.047
6670.000 1.033
6675.000 1.013
6680.000 1.003
6685.000 0.991
6690.000 0.987
6695.000 0.972
6700.000 0.966
6705.000 0.958
6710.000 0.955
6715.000 0.946
6720.000 0.937
6725.000 0.933
6730.000 0.922
6735.000 0.914
6740.000 0.905
6745.000 0.901
6750.000 0.892
6755.000 0.890
6760.000 0.888
6765.000 0.886
6770.000 0.885
6775.000 0.880
6780.000 0.881
6785.000 0.878
6790.000 0.874
6795.000 0.869
6800.000 0.865
6805.000 0.856
6810.000 0.855
6815.000 0.850
6820.000 0.849
6825.000 0.843
6830.000 0.844
6835.000 0.844
6840.000 0.840
6845.000 0.844
6850.000 0.844
6855.000 0.842
6860.000 0.842
6865.000 0.837
6870.000 0.836
6875.000 0.832
6880.000 0.828
6885.000 0.828
6890.000 0.826
6895.000 0.823
6900.000 0.821
6905.000 0.823
6910.000 0.820
6915.000 0.823
6920.000 0.825
6925.000 0.827
6930.000 0.827
6935.000 0.830
6940.000 0.827
6945.000 0.828
6950.000 0.821
6955.000 0.823
6960.000 0.820
6965.000 0.814
6970.000 0.821
6975.000 0.824
6980.000 0.816
6985.000 0.828
6990.000 0.827
6995.000 0.814
7000.000 0.836
7005.000 0.826
7010.000 0.833
7015.000 0.825
7020.000 0.832
7025.000 0.828
7030.000 0.826
7035.000 0.819
7040.000 0.819
7045.000 0.832
7050.000 0.830
7055.000 0.831
7060.000 0.827
7065.000 0.839
7070.000 0.841
7075.000 0.848
7080.000 0.846
7085.000 0.850
7090.000 0.849
7095.000 0.851
7100.000 0.846
7105.000 0.850
7110.000 0.852
7115.000 0.849
7120.000 0.853
7125.000 0.858
7130.000 0.867
7135.000 0.867
7140.000 0.876
7145.000 0.880
7150.000 0.884
7155.000 0.888
7160.000 0.893
7165.000 0.891
7170.000 0.899
7175.000 0.898
7180.000 0.899
7185.000 0.905
7190.000 0.906
7195.000 0.913
7200.000 0.918
7205.000 0.933
7210.000 0.939
7215.000 0.949
7220.000 0.959
7225.000 0.965
7230.000 0.974
7235.000 0.978
7240.000 0.986
7245.000 0.992
7250.000 0.998
7255.000 1.005
7260.000 1.018
7265.000 1.031
7270.000 1.046
7275.000 1.058
7280.000 1.074
7285.000 1.095
7290.000 1.107
7295.000 1.128
7300.000 1.136
7305.000 1.152
7310.000 1.174
7315.000 1.197
7320.000 1.219
7325.000 1.245
7330.000 1.270
7335.000 1.303
7340.000 1.339
7345.000 1.373
7350.000 1.425
7355.000 1.449
7360.000 1.532
7365.000 1.562
7370.000 1.654
7375.000 1.704
7380.000 1.785
7385.000 1.866
7390.000 1.995
7395.000 2.112
7400.000 2.290
7405.000 2.498
7410.000 2.721
7415.000 3.073
7420.000 3.264
7425.000 3.690
7430.000 4.372
7435.000 5.513
7440.000 6.026
7445.000 6.618
7450.000 6.262
7455.000 4.605
7460.000 3.376
7465.000 2.678
7470.000 2.636
7475.000 2.751
7480.000 2.418
7485.000 2.106
7490.000 1.936
7495.000 1.639
7500.000 1.355
7505.000 1.260
7510.000 1.120
7515.000 0.998
7520.000 0.907
7525.000 0.836
7530.000 0.762
7535.000 0.706
7540.000 0.687
7545.000 0.634
7550.000 0.598
7555.000 0.553
7560.000 0.539
7565.000 0.519
7570.000 0.502
7575.000 0.483
7580.000 0.468
7585.000 0.451
7590.000 0.439
7595.000 0.432
7600.000 0.421
7605.000 0.414
7610.000 0.412
7615.000 0.405
7620.000 0.401
7625.000 0.397
7630.000 0.398
7635.000 0.399
7640.000 0.401
7645.000 0.405
7650.000 0.404
7655.000 0.408
7660.000 0.407
7665.000 0.405
7670.000 0.402
7675.000 0.404
7680.000 0.402
7685.000 0.398
7690.000 0.402
7695.000 0.403
7700.000 0.407
7705.000 0.407
7710.000 0.417
7715.000 0.415
7720.000 0.421
7725.000 0.425
7730.000 0.429
7735.000 0.428
7740.000 0.430
7745.000 0.428
7750.000 0.427
7755.000 0.429
7760.000 0.426
7765.000 0.428
7770.000 0.427
7775.000 0.438
7780.000 0.433
7785.000 0.442
7790.000 0.446
7795.000 0.450
7800.000 0.455
7805.000 0.457
7810.000 0.457
7815.000 0.457
7820.000 0.458
7825.000 0.452
7830.000 0.457
7835.000 0.455
7840.000 0.455
7845.000 0.459
7850.000 0.459
7855.000 0.465
7860.000 0.464
7865.000 0.472
7870.000 0.476
7875.000 0.479
7880.000 0.483
7885.000 0.482
7890.000 0.482
7895.000 0.488
7900.000 0.483
7905.000 0.482
7910.000 0.485
7915.000 0.485
7920.000 0.484
7925.000 0.490
7930.000 0.494
7935.000 0.501
7940.000 0.503
7945.000 0.510
7950.000 0.516
7955.000 0.520
7960.000 0.522
7965.000 0.515
7970.000 0.523
7975.000 0.521
7980.000 0.519
7985.000 0.531
7990.000 0.532
7995.000 0.540
8000.000 0.539
8005.000 0.549
8010.000 0.567
8015.000 0.574
8020.000 0.597
8025.000 0.604
8030.000 0.613
8035.000 0.617
8040.000 0.621
8045.000 0.636
8050.000 0.579
8055.000 0.957
8060.000 2.687
8065.000 3.574
8070.000 0.349
8075.000 0.422
8080.000 0.248
8085.000 0.437
8090.000 0.395
8095.000 0.398
8100.000 0.410
8105.000 0.416
8110.000 0.418
8115.000 0.425
8120.000 0.425
8125.000 0.428
8130.000 0.437
8135.000 0.439
8140.000 0.444
8145.000 0.452
8150.000 0.460
8155.000 0.461
8160.000 0.470
8165.000 0.468
8170.000 0.475
8175.000 0.477
8180.000 0.478
8185.000 0.476
8190.000 0.479
8195.000 0.479
8200.000 0.479
8205.000 0.478
8210.000 0.473
8215.000 0.486
8220.000 0.484
8225.000 0.491
8230.000 0.497
8235.000 0.500
8240.000 0.502
8245.000 0.506
8250.000 0.506
8255.000 0.507
8260.000 0.506
8265.000 0.504
8270.000 0.506
8275.000 0.505
8280.000 0.504
8285.000 0.509
8290.000 0.513
8295.000 0.511
8300.000 0.520
8305.000 0.526
8310.000 0.531
8315.000 0.534
8320.000 0.535
8325.000 0.537
8330.000 0.535
8335.000 0.536
8340.000 0.536
8345.000 0.533
8350.000 0.540
8355.000 0.537
8360.000 0.542
8365.000 0.547
8370.000 0.553
8375.000 0.555
8380.000 0.564
8385.000 0.571
8390.000 0.575
8395.000 0.578
8400.000 0.582
8405.000 0.581
8410.000 0.581
8415.000 0.590
8420.000 0.590
8425.000 0.598
8430.000 0.602
8435.000 0.608
8440.000 0.620
8445.000 0.633
8450.000 0.645
8455.000 0.650
8460.000 0.666
8465.000 0.681
8470.000 0.688
8475.000 0.702
8480.000 0.718
8485.000 0.739
8490.000 0.763
8495.000 0.790
8500.000 0.829
8505.000 0.879
8510.000 0.909
8515.000 0.996
8520.000 1.096
8525.000 1.315
8530.000 1.620
8535.000 2.103
8540.000 3.219
8545.000 3.831
8550.000 1.408
8555.000 0.684
8560.000 0.134
8565.000 0.370
8570.000 0.359
8575.000 0.400
8580.000 0.474
8585.000 0.535
8590.000 0.618
8595.000 0.687
8600.000 0.774
8605.000 0.881
8610.000 0.987
8615.000 1.144
8620.000 1.327
8625.000 1.510
8630.000 1.779
8635.000 1.893
8640.000 2.028
8645.000 1.990
8650.000 1.756
8655.000 1.383
8660.000 1.108
8665.000 0.890
8670.000 0.785
8675.000 0.804
8680.000 0.950
8685.000 1.085
8690.000 1.087
8695.000 0.959
8700.000 0.901
8705.000 0.815
8710.000 0.737
8715.000 0.688
8720.000 0.639
8725.000 0.603
8730.000 0.579
8735.000 0.556
8740.000 0.541
8745.000 0.518
8750.000 0.502
8755.000 0.498
8760.000 0.480
8765.000 0.463
8770.000 0.452
8775.000 0.444
8780.000 0.434
8785.000 0.424
8790.000 0.419
8795.000 0.415
8800.000 0.413
8805.000 0.413
8810.000 0.415
8815.000 0.416
8820.000 0.412
8825.000 0.412
8830.000 0.390
8835.000 0.378
8840.000 0.392
8845.000 0.380
8850.000 0.378
8855.000 0.376
8860.000 0.376
8865.000 0.375
8870.000 0.378
8875.000 0.378
8880.000 0.377
8885.000 0.380
8890.000 0.381
8895.000 0.382
8900.000 0.386
8905.000 0.381
8910.000 0.377
8915.000 0.376
8920.000 0.374
8925.000 0.372
8930.000 0.372
8935.000 0.370
8940.000 0.370
8945.000 0.369
8950.000 0.377
8955.000 0.374
8960.000 0.380
8965.000 0.386
8970.000 0.383
8975.000 0.380
8980.000 0.386
8985.000 0.373
8990.000 0.374
8995.000 0.375
9000.000 0.367
9005.000 0.375
9010.000 0.374
9015.000 0.376
9020.000 0.372
9025.000 0.381
9030.000 0.389
9035.000 0.384
9040.000 0.391
9045.000 0.390
9050.000 0.391
9055.000 0.392
9060.000 0.386
9065.000 0.380
9070.000 0.384
9075.000 0.381
9080.000 0.375
9085.000 0.379
9090.000 0.380
9095.000 0.381
9100.000 0.385
9105.000 0.391
9110.000 0.391
9115.000 0.394
9120.000 0.396
9125.000 0.393
9130.000 0.390
9135.000 0.390
9140.000 0.390
9145.000 0.384
9150.000 0.384
9155.000 0.385
9160.000 0.383
9165.000 0.388
9170.000 0.391
9175.000 0.389
9180.000 0.397
9185.000 0.398
9190.000 0.400
9195.000 0.398
9200.000 0.399
9205.000 0.395
9210.000 0.390
9215.000 0.393
9220.000 0.386
9225.000 0.388
9230.000 0.387
9235.000 0.393
9240.000 0.391
9245.000 0.399
9250.000 0.399
9255.000 0.404
9260.000 0.404
9265.000 0.406
9270.000 0.404
9275.000 0.406
9280.000 0.404
9285.000 0.399
9290.000 0.399
9295.000 0.395
9300.000 0.395
9305.000 0.400
9310.000 0.405
9315.000 0.408
9320.000 0.416
9325.000 0.415
9330.000 0.421
9335.000 0.421
9340.000 0.425
9345.000 0.426
9350.000 0.429
9355.000 0.430
9360.000 0.426
9365.000 0.430
9370.000 0.436
9375.000 0.436
9380.000 0.443
9385.000 0.453
9390.000 0.460
9395.000 0.471
9400.000 0.487
9405.000 0.496
9410.000 0.511
9415.000 0.527
9420.000 0.545
9425.000 0.563
9430.000 0.592
9435.000 0.617
9440.000 0.666
9445.000 0.729
9450.000 0.762
9455.000 0.870
9460.000 1.028
9465.000 1.288
9470.000 1.725
9475.000 2.359
9480.000 2.946
9485.000 1.965
9490.000 0.580
9495.000 0.731
9500.000 0.585
9505.000 0.383
9510.000 0.310
9515.000 0.273
9520.000 0.212
9525.000 0.190
9530.000 0.161
9535.000 0.142
9540.000 0.135
9545.000 0.122
9550.000 0.118
9555.000 0.106
9560.000 0.104
9565.000 0.101
9570.000 0.092
9575.000 0.089
9580.000 0.087
9585.000 0.085
9590.000 0.086
9595.000 0.084
9600.000 0.083
9605.000 0.084
9610.000 0.082
9615.000 0.077
9620.000 0.076
9625.000 0.074
9630.000 0.074
9635.000 0.068
9640.000 0.067
9645.000 0.075
9650.000 0.077
9655.000 0.087
9660.000 0.099
9665.000 0.109
9670.000 0.124
9675.000 0.135
9680.000 0.145
9685.000 0.155
9690.000 0.175
9695.000 0.188
9700.000 0.212
9705.000 0.233
9710.000 0.273
9715.000 0.304
9720.000 0.339
9725.000 0.390
9730.000 0.429
9735.000 0.453
9740.000 0.556
9745.000 0.575
9750.000 0.652
9755.000 0.737
9760.000 0.810
9765.000 0.944
9770.000 1.052
9775.000 1.245
9780.000 1.446
9785.000 1.664
9790.000 1.853
9795.000 2.201
9800.000 2.590
9805.000 3.189
9810.000 3.696
9815.000 4.288
9820.000 4.558
9825.000 4.437
9830.000 3.924
9835.000 3.487
9840.000 2.980
9845.000 2.622
9850.000 2.525
9855.000 2.205
9860.000 1.983
9865.000 1.802
9870.000 1.662
9875.000 1.601
9880.000 1.509
9885.000 1.368
9890.000 1.265
9895.000 1.230
9900.000 1.211
9905.000 1.184
9910.000 1.155
9915.000 1.149
9920.000 1.121
9925.000 1.094
9930.000 1.065
9935.000 1.042
9940.000 1.015
9945.000 0.993
9950.000 0.977
9955.000 0.951
9960.000 0.938
9965.000 0.920
9970.000 0.911
9975.000 0.902
9980.000 0.894
9985.000 0.875
9990.000 0.861
9995.000 0.851
10000.000 0.843
10005.000 0.830
10010.000 0.814
10015.000 0.800
10020.000 0.782
10025.000 0.775
10030.000 0.771
10035.000 0.765
10040.000 0.756
10045.000 0.750
10050.000 0.741
10055.000 0.739
10060.000 0.734
10065.000 0.720
10070.000 0.714
10075.000 0.704
10080.000 0.692
10085.000 0.680
10090.000 0.666
10095.000 0.655
10100.000 0.647
10105.000 0.638
10110.000 0.627
10115.000 0.616
10120.000 0.606
10125.000 0.592
10130.000 0.575
10135.000 0.554
10140.000 0.527
10145.000 0.490
10150.000 0.431
10155.000 0.355
10160.000 0.321
10165.000 0.213
10170.000 0.467
10175.000 1.074
10180.000 1.451
10185.000 1.485
10190.000 1.667
10195.000 1.148
10200.000 1.021
10205.000 0.963
10210.000 0.924
10215.000 0.880
10220.000 0.874
10225.000 0.850
10230.000 0.827
10235.000 0.800
10240.000 0.794
10245.000 0.783
10250.000 0.774
10255.000 0.761
10260.000 0.759
10265.000 0.758
10270.000 0.750
10275.000 0.750
10280.000 0.749
10285.000 0.743
10290.000 0.735
10295.000 0.734
10300.000 0.729
10305.000 0.715
10310.000 0.715
10315.000 0.706
10320.000 0.707
10325.000 0.702
10330.000 0.706
10335.000 0.701
10340.000 0.699
10345.000 0.703
10350.000 0.699
10355.000 0.704
10360.000 0.700
10365.000 0.694
10370.000 0.694
10375.000 0.691
10380.000 0.679
10385.000 0.680
10390.000 0.679
10395.000 0.673
10400.000 0.670
10405.000 0.677
10410.000 0.676
10415.000 0.675
10420.000 0.678
10425.000 0.679
10430.000 0.678
10435.000 0.679
10440.000 0.676
10445.000 0.671
10450.000 0.673
10455.000 0.661
10460.000 0.664
10465.000 0.662
10470.000 0.662
10475.000 0.659
10480.000 0.666
10485.000 0.666
10490.000 0.665
10495.000 0.669
10500.000 0.670
10505.000 0.669
10510.000 0.667
10515.000 0.664
10520.000 0.661
10525.000 0.656
10530.000 0.656
10535.000 0.650
10540.000 0.653
10545.000 0.653
10550.000 0.653
10555.000 0.654
10560.000 0.658
10565.000 0.661
10570.000 0.663
10575.000 0.660
10580.000 0.662
10585.000 0.659
10590.000 0.657
10595.000 0.656
10600.000 0.655
10605.000 0.650
10610.000 0.650
10615.000 0.650
10620.000 0.651
10625.000 0.654
10630.000 0.655
10635.000 0.657
10640.000 0.658
10645.000 0.663
10650.000 0.658
10655.000 0.657
10660.000 0.658
10665.000 0.653
10670.000 0.653
10675.000 0.650
10680.000 0.645
10685.000 0.646
10690.000 0.648
10695.000 0.647
10700.000 0.654
10705.000 0.654
10710.000 0.653
10715.000 0.655
10720.000 0.656
10725.000 0.656
10730.000 0.652
10735.000 0.651
10740.000 0.642
10745.000 0.641
10750.000 0.636
10755.000 0.628
10760.000 0.633
10765.000 0.630
10770.000 0.625
10775.000 0.620
10780.000 0.622
10785.000 0.616
10790.000 0.609
10795.000 0.594
10800.000 0.578
10805.000 0.559
10810.000 0.534
10815.000 0.501
10820.000 0.456
10825.000 0.407
10830.000 0.392
10835.000 0.382
10840.000 0.503
10845.000 0.681
10850.000 1.155
10855.000 1.506
10860.000 1.575
10865.000 1.405
10870.000 1.313
10875.000 1.338
10880.000 1.407
10885.000 1.372
10890.000 1.420
10895.000 1.335
10900.000 1.329
10905.000 1.328
10910.000 1.339
10915.000 1.358
10920.000 1.379
10925.000 1.421
10930.000 1.460
10935.000 1.515
10940.000 1.575
10945.000 1.631
10950.000 1.735
10955.000 1.783
10960.000 1.962
10965.000 2.022
10970.000 2.169
10975.000 2.348
10980.000 2.506
10985.000 2.587
10990.000 2.544
10995.000 2.367
11000.000 1.992
11005.000 1.807
11010.000 1.363
11015.000 1.200
11020.000 0.928
11025.000 0.842
11030.000 0.701
11035.000 0.637
11040.000 0.575
11045.000 0.540
11050.000 0.533
11055.000 0.530
11060.000 0.534
11065.000 0.512
11070.000 0.474
11075.000 0.400
11080.000 0.233
11085.000 0.191
11090.000 0.120
11095.000 0.059
11100.000 0.022
11105.000 0.025
11110.000 0.054
11115.000 0.084
11120.000 0.108
11125.000 0.124
11130.000 0.139
11135.000 0.161
11140.000 0.191
11145.000 0.200
11150.000 0.213
11155.000 0.230
11160.000 0.238
11165.000 0.248
11170.000 0.259
11175.000 0.265
11180.000 0.271
11185.000 0.277
11190.000 0.283
11195.000 0.290
11200.000 0.296
11205.000 0.304
11210.000 0.311
11215.000 0.314
11220.000 0.328
11225.000 0.333
11230.000 0.338
11235.000 0.344
11240.000 0.345
11245.000 0.345
11250.000 0.348
11255.000 0.350
11260.000 0.356
11265.000 0.362
11270.000 0.360
11275.000 0.361
11280.000 0.366
11285.000 0.372
11290.000 0.380
11295.000 0.387
11300.000 0.388
11305.000 0.392
11310.000 0.391
11315.000 0.390
11320.000 0.390
11325.000 0.395
11330.000 0.396
11335.000 0.393
11340.000 0.394
11345.000 0.396
11350.000 0.401
11355.000 0.402
11360.000 0.411
11365.000 0.412
11370.000 0.414
11375.000 0.419
11380.000 0.418
11385.000 0.419
11390.000 0.417
11395.000 0.417
11400.000 0.415
11405.000 0.417
11410.000 0.414
11415.000 0.417
11420.000 0.417
11425.000 0.425
11430.000 0.421
11435.000 0.427
11440.000 0.429
11445.000 0.430
11450.000 0.433
11455.000 0.434
11460.000 0.434
11465.000 0.434
11470.000 0.430
11475.000 0.430
11480.000 0.429
11485.000 0.430
11490.000 0.432
11495.000 0.438
11500.000 0.436
11505.000 0.440
11510.000 0.440
11515.000 0.446
11520.000 0.445
11525.000 0.446
11530.000 0.444
11535.000 0.443
11540.000 0.439
11545.000 0.441
11550.000 0.440
11555.000 0.437
11560.000 0.441
11565.000 0.444
11570.000 0.443
11575.000 0.447
11580.000 0.450
11585.000 0.451
11590.000 0.452
11595.000 0.456
11600.000 0.455
11605.000 0.451
11610.000 0.452
11615.000 0.454
11620.000 0.450
11625.000 0.449
11630.000 0.449
11635.000 0.448
11640.000 0.452
11645.000 0.456
11650.000 0.457
11655.000 0.459
11660.000 0.461
11665.000 0.464
11670.000 0.464
11675.000 0.465
11680.000 0.465
11685.000 0.464
11690.000 0.460
11695.000 0.460
11700.000 0.462
11705.000 0.462
11710.000 0.460
11715.000 0.454
11720.000 0.469
11725.000 0.617
11730.000 0.725
11735.000 0.568
11740.000 0.309
11745.000 0.409
11750.000 0.381
11755.000 0.404
11760.000 0.406
11765.000 0.419
11770.000 0.422
11775.000 0.425
11780.000 0.429
11785.000 0.428
11790.000 0.435
11795.000 0.437
11800.000 0.440
11805.000 0.443
11810.000 0.445
11815.000 0.445
11820.000 0.447
11825.000 0.448
11830.000 0.446
11835.000 0.448
11840.000 0.447
11845.000 0.447
11850.000 0.446
11855.000 0.450
11860.000 0.449
11865.000 0.450
11870.000 0.453
11875.000 0.453
11880.000 0.455
11885.000 0.456
11890.000 0.457
11895.000 0.459
11900.000 0.456
11905.000 0.458
11910.000 0.458
11915.000 0.456
11920.000 0.454
11925.000 0.459
11930.000 0.459
11935.000 0.463
11940.000 0.465
11945.000 0.467
11950.000 0.472
11955.000 0.474
11960.000 0.475
11965.000 0.479
11970.000 0.479
11975.000 0.483
11980.000 0.486
11985.000 0.487
11990.000 0.493
11995.000 0.504
12000.000 0.506
