105.000 2.033
110.000 2.108
115.000 2.126
120.000 2.050
125.000 2.041
130.000 2.105
135.000 2.182
140.000 2.160
145.000 2.128
150.000 2.100
155.000 2.208
160.000 2.202
165.000 2.220
170.000 2.243
175.000 2.263
180.000 2.283
185.000 2.283
190.000 2.345
195.000 2.317
200.000 2.349
205.000 2.350
210.000 2.353
215.000 2.406
220.000 2.448
225.000 2.482
230.000 2.499
235.000 2.543
240.000 2.539
245.000 2.555
250.000 2.620
255.000 2.656
260.000 2.709
265.000 2.745
270.000 2.787
275.000 2.865
280.000 2.918
285.000 2.992
290.000 3.056
295.000 3.099
300.000 3.181
305.000 3.261
310.000 3.351
315.000 3.457
320.000 3.551
325.000 3.654
330.000 3.796
335.000 3.930
340.000 4.087
345.000 4.249
350.000 4.413
355.000 4.600
360.000 4.720
365.000 4.904
370.000 5.115
375.000 5.360
380.000 5.562
385.000 5.776
390.000 5.965
395.000 6.126
400.000 6.238
405.000 6.285
410.000 6.275
415.000 6.188
420.000 6.115
425.000 5.910
430.000 5.666
435.000 5.389
440.000 5.052
445.000 4.742
450.000 4.437
455.000 4.117
460.000 3.849
465.000 3.570
470.000 3.336
475.000 3.118
480.000 2.904
485.000 2.831
490.000 2.670
495.000 2.499
500.000 2.358
505.000 2.222
510.000 2.093
515.000 1.986
520.000 1.884
525.000 1.785
530.000 1.703
535.000 1.623
540.000 1.598
545.000 1.518
550.000 1.457
555.000 1.397
560.000 1.348
565.000 1.284
570.000 1.238
575.000 1.188
580.000 1.155
585.000 1.111
590.000 1.072
595.000 1.046
600.000 1.020
605.000 0.998
610.000 0.966
615.000 0.941
620.000 0.910
625.000 0.885
630.000 0.857
635.000 0.840
640.000 0.815
645.000 0.795
650.000 0.779
655.000 0.767
660.000 0.749
665.000 0.744
670.000 0.730
675.000 0.702
680.000 0.699
685.000 0.686
690.000 0.673
695.000 0.674
700.000 0.662
705.000 0.644
710.000 0.636
715.000 0.626
720.000 0.625
725.000 0.616
730.000 0.606
735.000 0.615
740.000 0.598
745.000 0.586
750.000 0.578
755.000 0.571
760.000 0.568
765.000 0.559
770.000 0.556
775.000 0.557
780.000 0.553
785.000 0.552
790.000 0.549
795.000 0.554
800.000 0.547
805.000 0.544
810.000 0.547
815.000 0.530
820.000 0.530
825.000 0.523
830.000 0.522
835.000 0.526
840.000 0.517
845.000 0.515
850.000 0.520
855.000 0.522
860.000 0.509
865.000 0.509
870.000 0.509
875.000 0.512
880.000 0.505
885.000 0.505
890.000 0.505
895.000 0.508
900.000 0.504
905.000 0.507
910.000 0.498
915.000 0.492
920.000 0.498
925.000 0.504
930.000 0.501
935.000 0.489
940.000 0.492
945.000 0.490
950.000 0.496
955.000 0.496
960.000 0.501
965.000 0.487
970.000 0.494
975.000 0.495
980.000 0.485
985.000 0.498
990.000 0.493
995.000 0.498
1000.000 0.492
1005.000 0.483
1010.000 0.490
1015.000 0.493
1020.000 0.498
1025.000 0.486
1030.000 0.499
1035.000 0.492
1040.000 0.490
1045.000 0.497
1050.000 0.495
1055.000 0.496
1060.000 0.492
1065.000 0.491
1070.000 0.494
1075.000 0.499
1080.000 0.498
1085.000 0.493
1090.000 0.494
1095.000 0.496
1100.000 0.491
1105.000 0.494
1110.000 0.500
1115.000 0.494
1120.000 0.498
1125.000 0.502
1130.000 0.503
1135.000 0.496
1140.000 0.497
1145.000 0.494
1150.000 0.497
1155.000 0.502
1160.000 0.503
1165.000 0.504
1170.000 0.508
1175.000 0.501
1180.000 0.506
1185.000 0.508
1190.000 0.503
1195.000 0.506
1200.000 0.509
1205.000 0.511
1210.000 0.511
1215.000 0.507
1220.000 0.507
1225.000 0.513
1230.000 0.521
1235.000 0.510
1240.000 0.519
1245.000 0.518
1250.000 0.519
1255.000 0.516
1260.000 0.520
1265.000 0.518
1270.000 0.527
1275.000 0.523
1280.000 0.527
1285.000 0.529
1290.000 0.528
1295.000 0.530
1300.000 0.526
1305.000 0.531
1310.000 0.533
1315.000 0.538
1320.000 0.534
1325.000 0.543
1330.000 0.541
1335.000 0.542
1340.000 0.539
1345.000 0.543
1350.000 0.545
1355.000 0.545
1360.000 0.550
1365.000 0.550
1370.000 0.548
1375.000 0.554
1380.000 0.554
1385.000 0.562
1390.000 0.561
1395.000 0.559
1400.000 0.563
1405.000 0.565
1410.000 0.561
1415.000 0.566
1420.000 0.563
1425.000 0.564
1430.000 0.561
1435.000 0.560
1440.000 0.560
1445.000 0.560
1450.000 0.551
1455.000 0.551
1460.000 0.550
1465.000 0.554
1470.000 0.557
1475.000 0.562
1480.000 0.567
1485.000 0.574
1490.000 0.583
1495.000 0.586
1500.000 0.590
1505.000 0.601
1510.000 0.610
1515.000 0.614
1520.000 0.619
1525.000 0.627
1530.000 0.635
1535.000 0.639
1540.000 0.646
1545.000 0.659
1550.000 0.662
1555.000 0.670
1560.000 0.681
1565.000 0.689
1570.000 0.692
1575.000 0.702
1580.000 0.706
1585.000 0.714
1590.000 0.725
1595.000 0.732
1600.000 0.741
1605.000 0.757
1610.000 0.763
1615.000 0.767
1620.000 0.783
1625.000 0.788
1630.000 0.805
1635.000 0.812
1640.000 0.818
1645.000 0.835
1650.000 0.844
1655.000 0.852
1660.000 0.873
1665.000 0.885
1670.000 0.904
1675.000 0.920
1680.000 0.931
1685.000 0.948
1690.000 0.969
1695.000 0.981
1700.000 0.989
1705.000 1.009
1710.000 1.031
1715.000 1.045
1720.000 1.070
1725.000 1.085
1730.000 1.110
1735.000 1.132
1740.000 1.155
1745.000 1.181
1750.000 1.203
1755.000 1.225
1760.000 1.255
1765.000 1.267
1770.000 1.292
1775.000 1.318
1780.000 1.339
1785.000 1.366
1790.000 1.396
1795.000 1.421
1800.000 1.446
1805.000 1.467
1810.000 1.500
1815.000 1.524
1820.000 1.537
1825.000 1.558
1830.000 1.579
1835.000 1.598
1840.000 1.630
1845.000 1.643
1850.000 1.660
1855.000 1.672
1860.000 1.691
1865.000 1.705
1870.000 1.716
1875.000 1.724
1880.000 1.727
1885.000 1.737
1890.000 1.739
1895.000 1.745
1900.000 1.745
1905.000 1.746
1910.000 1.743
1915.000 1.738
1920.000 1.732
1925.000 1.726
1930.000 1.715
1935.000 1.720
1940.000 1.714
1945.000 1.710
1950.000 1.695
1955.000 1.693
1960.000 1.682
1965.000 1.668
1970.000 1.666
1975.000 1.650
1980.000 1.629
1985.000 1.623
1990.000 1.614
1995.000 1.601
2000.000 1.588
2005.000 1.582
2010.000 1.579
2015.000 1.562
2020.000 1.563
2025.000 1.550
2030.000 1.533
2035.000 1.530
2040.000 1.517
2045.000 1.524
2050.000 1.505
2055.000 1.503
2060.000 1.505
2065.000 1.500
2070.000 1.490
2075.000 1.495
2080.000 1.488
2085.000 1.488
2090.000 1.488
2095.000 1.487
2100.000 1.498
2105.000 1.495
2110.000 1.497
2115.000 1.498
2120.000 1.506
2125.000 1.502
2130.000 1.512
2135.000 1.513
2140.000 1.527
2145.000 1.536
2150.000 1.547
2155.000 1.564
2160.000 1.573
2165.000 1.591
2170.000 1.610
2175.000 1.634
2180.000 1.657
2185.000 1.670
2190.000 1.699
2195.000 1.727
2200.000 1.761
2205.000 1.801
2210.000 1.841
2215.000 1.891
2220.000 1.947
2225.000 2.008
2230.000 2.084
2235.000 2.168
2240.000 2.264
2245.000 2.372
2250.000 2.433
2255.000 2.582
2260.000 2.764
2265.000 2.978
2270.000 3.260
2275.000 3.576
2280.000 4.041
2285.000 4.647
2290.000 5.433
2295.000 6.589
2300.000 8.074
2305.000 8.977
2310.000 13.500
2315.000 19.791
2320.000 8.655
2325.000 5.704
2330.000 4.408
2335.000 3.306
2340.000 2.666
2345.000 2.154
2350.000 1.799
2355.000 1.538
2360.000 1.307
2365.000 1.212
2370.000 1.054
2375.000 0.922
2380.000 0.817
2385.000 0.712
2390.000 0.633
2395.000 0.556
2400.000 0.489
2405.000 0.435
2410.000 0.389
2415.000 0.341
2420.000 0.304
2425.000 0.267
2430.000 0.254
2435.000 0.225
2440.000 0.203
2445.000 0.183
2450.000 0.165
2455.000 0.147
2460.000 0.138
2465.000 0.129
2470.000 0.125
2475.000 0.121
2480.000 0.120
2485.000 0.119
2490.000 0.125
2495.000 0.123
2500.000 0.127
2505.000 0.130
2510.000 0.137
2515.000 0.139
2520.000 0.146
2525.000 0.154
2530.000 0.158
2535.000 0.159
2540.000 0.167
2545.000 0.170
2550.000 0.172
2555.000 0.179
2560.000 0.181
2565.000 0.186
2570.000 0.185
2575.000 0.189
2580.000 0.190
2585.000 0.194
2590.000 0.195
2595.000 0.198
2600.000 0.198
2605.000 0.201
2610.000 0.200
2615.000 0.203
2620.000 0.205
2625.000 0.208
2630.000 0.208
2635.000 0.205
2640.000 0.204
2645.000 0.207
2650.000 0.203
2655.000 0.204
2660.000 0.203
2665.000 0.199
2670.000 0.198
2675.000 0.201
2680.000 0.197
2685.000 0.198
2690.000 0.195
2695.000 0.189
2700.000 0.189
2705.000 0.191
2710.000 0.187
2715.000 0.181
2720.000 0.177
2725.000 0.170
2730.000 0.166
2735.000 0.163
2740.000 0.159
2745.000 0.155
2750.000 0.156
2755.000 0.146
2760.000 0.141
2765.000 0.139
2770.000 0.133
2775.000 0.129
2780.000 0.118
2785.000 0.116
2790.000 0.116
2795.000 0.109
2800.000 0.098
2805.000 0.091
2810.000 0.086
2815.000 0.076
2820.000 0.070
2825.000 0.064
2830.000 0.061
2835.000 0.058
2840.000 0.054
2845.000 0.054
2850.000 0.045
2855.000 0.050
2860.000 0.051
2865.000 0.055
2870.000 0.061
2875.000 0.065
2880.000 0.072
2885.000 0.081
2890.000 0.092
2895.000 0.101
2900.000 0.107
2905.000 0.119
2910.000 0.125
2915.000 0.130
2920.000 0.138
2925.000 0.150
2930.000 0.156
2935.000 0.173
2940.000 0.174
2945.000 0.185
2950.000 0.198
2955.000 0.209
2960.000 0.222
2965.000 0.220
2970.000 0.237
2975.000 0.244
2980.000 0.243
2985.000 0.256
2990.000 0.254
2995.000 0.275
3000.000 0.273
3005.000 0.287
3010.000 0.288
3015.000 0.304
3020.000 0.305
3025.000 0.319
3030.000 0.309
3035.000 0.318
3040.000 0.325
3045.000 0.326
3050.000 0.339
3055.000 0.346
3060.000 0.342
3065.000 0.355
3070.000 0.362
3075.000 0.364
3080.000 0.373
3085.000 0.376
3090.000 0.384
3095.000 0.379
3100.000 0.382
3105.000 0.389
3110.000 0.394
3115.000 0.395
3120.000 0.399
3125.000 0.405
3130.000 0.406
3135.000 0.410
3140.000 0.413
3145.000 0.414
3150.000 0.424
3155.000 0.422
3160.000 0.423
3165.000 0.425
3170.000 0.430
3175.000 0.431
3180.000 0.433
3185.000 0.436
3190.000 0.438
3195.000 0.441
3200.000 0.439
3205.000 0.441
3210.000 0.446
3215.000 0.447
3220.000 0.450
3225.000 0.452
3230.000 0.457
3235.000 0.455
3240.000 0.456
3245.000 0.457
3250.000 0.456
3255.000 0.458
3260.000 0.462
3265.000 0.463
3270.000 0.463
3275.000 0.465
3280.000 0.466
3285.000 0.467
3290.000 0.470
3295.000 0.470
3300.000 0.473
3305.000 0.473
3310.000 0.472
3315.000 0.476
3320.000 0.474
3325.000 0.475
3330.000 0.475
3335.000 0.480
3340.000 0.478
3345.000 0.479
3350.000 0.479
3355.000 0.485
3360.000 0.481
3365.000 0.486
3370.000 0.490
3375.000 0.486
3380.000 0.491
3385.000 0.491
3390.000 0.489
3395.000 0.485
3400.000 0.489
3405.000 0.491
3410.000 0.492
3415.000 0.490
3420.000 0.496
3425.000 0.497
3430.000 0.495
3435.000 0.496
3440.000 0.498
3445.000 0.500
3450.000 0.502
3455.000 0.502
3460.000 0.500
3465.000 0.498
3470.000 0.499
3475.000 0.501
3480.000 0.498
3485.000 0.503
3490.000 0.503
3495.000 0.508
3500.000 0.505
3505.000 0.505
3510.000 0.509
3515.000 0.508
3520.000 0.506
3525.000 0.511
3530.000 0.512
3535.000 0.511
3540.000 0.513
3545.000 0.509
3550.000 0.515
3555.000 0.510
3560.000 0.515
3565.000 0.513
3570.000 0.518
3575.000 0.523
3580.000 0.523
3585.000 0.523
3590.000 0.527
3595.000 0.530
3600.000 0.533
3605.000 0.539
3610.000 0.537
3615.000 0.541
3620.000 0.547
3625.000 0.546
3630.000 0.558
3635.000 0.568
3640.000 0.580
3645.000 0.589
3650.000 0.604
3655.000 0.629
3660.000 0.660
3665.000 0.702
3670.000 0.789
3675.000 0.897
3680.000 1.154
3685.000 1.600
3690.000 2.399
3695.000 3.697
3700.000 3.796
3705.000 1.804
3710.000 1.071
3715.000 0.704
3720.000 0.570
3725.000 0.573
3730.000 0.559
3735.000 0.556
3740.000 0.544
3745.000 0.541
3750.000 0.534
3755.000 0.535
3760.000 0.530
3765.000 0.530
3770.000 0.524
3775.000 0.527
3780.000 0.525
3785.000 0.525
3790.000 0.520
3795.000 0.527
3800.000 0.524
3805.000 0.521
3810.000 0.525
3815.000 0.527
3820.000 0.523
3825.000 0.520
3830.000 0.521
3835.000 0.522
3840.000 0.520
3845.000 0.518
3850.000 0.521
3855.000 0.518
3860.000 0.521
3865.000 0.517
3870.000 0.520
3875.000 0.525
3880.000 0.524
3885.000 0.527
3890.000 0.522
3895.000 0.525
3900.000 0.523
3905.000 0.519
3910.000 0.517
3915.000 0.522
3920.000 0.517
3925.000 0.517
3930.000 0.518
3935.000 0.522
3940.000 0.521
3945.000 0.527
3950.000 0.520
3955.000 0.529
3960.000 0.527
3965.000 0.525
3970.000 0.529
3975.000 0.527
3980.000 0.530
3985.000 0.523
3990.000 0.517
3995.000 0.531
4000.000 0.514
4005.000 0.515
4010.000 0.516
4015.000 0.533
4020.000 0.522
4025.000 0.527
4030.000 0.531
4035.000 0.536
4040.000 0.535
4045.000 0.526
4050.000 0.539
4055.000 0.531
4060.000 0.525
4065.000 0.531
4070.000 0.530
4075.000 0.532
4080.000 0.527
4085.000 0.531
4090.000 0.531
4095.000 0.536
4100.000 0.538
4105.000 0.536
4110.000 0.540
4115.000 0.542
4120.000 0.541
4125.000 0.543
4130.000 0.543
4135.000 0.540
4140.000 0.543
4145.000 0.541
4150.000 0.544
4155.000 0.545
4160.000 0.543
4165.000 0.545
4170.000 0.545
4175.000 0.544
4180.000 0.548
4185.000 0.548
4190.000 0.546
4195.000 0.546
4200.000 0.542
4205.000 0.548
4210.000 0.544
4215.000 0.541
4220.000 0.540
4225.000 0.541
4230.000 0.541
4235.000 0.537
4240.000 0.536
4245.000 0.538
4250.000 0.533
4255.000 0.535
4260.000 0.535
4265.000 0.530
4270.000 0.527
4275.000 0.528
4280.000 0.525
4285.000 0.524
4290.000 0.523
4295.000 0.520
4300.000 0.519
4305.000 0.523
4310.000 0.517
4315.000 0.519
4320.000 0.520
4325.000 0.522
4330.000 0.522
4335.000 0.523
4340.000 0.522
4345.000 0.522
4350.000 0.521
4355.000 0.520
4360.000 0.519
4365.000 0.519
4370.000 0.519
4375.000 0.519
4380.000 0.520
4385.000 0.521
4390.000 0.522
4395.000 0.525
4400.000 0.524
4405.000 0.526
4410.000 0.525
4415.000 0.523
4420.000 0.524
4425.000 0.523
4430.000 0.523
4435.000 0.522
4440.000 0.519
4445.000 0.521
4450.000 0.524
4455.000 0.522
4460.000 0.527
4465.000 0.526
4470.000 0.527
4475.000 0.528
4480.000 0.527
4485.000 0.528
4490.000 0.528
4495.000 0.528
4500.000 0.523
4505.000 0.524
4510.000 0.527
4515.000 0.527
4520.000 0.528
4525.000 0.531
4530.000 0.529
4535.000 0.531
4540.000 0.531
4545.000 0.532
4550.000 0.533
4555.000 0.531
4560.000 0.535
4565.000 0.535
4570.000 0.533
4575.000 0.532
4580.000 0.531
4585.000 0.534
4590.000 0.531
4595.000 0.533
4600.000 0.534
4605.000 0.534
4610.000 0.542
4615.000 0.542
4620.000 0.543
4625.000 0.545
4630.000 0.543
4635.000 0.546
4640.000 0.545
4645.000 0.548
4650.000 0.547
4655.000 0.544
4660.000 0.549
4665.000 0.549
4670.000 0.552
4675.000 0.552
4680.000 0.553
4685.000 0.556
4690.000 0.560
4695.000 0.564
4700.000 0.569
4705.000 0.568
4710.000 0.570
4715.000 0.572
4720.000 0.576
4725.000 0.578
4730.000 0.582
4735.000 0.579
4740.000 0.585
4745.000 0.588
4750.000 0.597
4755.000 0.601
4760.000 0.605
4765.000 0.618
4770.000 0.623
4775.000 0.631
4780.000 0.638
4785.000 0.645
4790.000 0.655
4795.000 0.664
4800.000 0.669
4805.000 0.687
4810.000 0.698
4815.000 0.708
4820.000 0.724
4825.000 0.740
4830.000 0.765
4835.000 0.783
4840.000 0.812
4845.000 0.835
4850.000 0.864
4855.000 0.898
4860.000 0.918
4865.000 0.951
4870.000 0.993
4875.000 1.036
4880.000 1.089
4885.000 1.151
4890.000 1.209
4895.000 1.290
4900.000 1.369
4905.000 1.471
4910.000 1.584
4915.000 1.707
4920.000 1.868
4925.000 1.954
4930.000 2.137
4935.000 2.392
4940.000 2.659
4945.000 3.082
4950.000 3.599
4955.000 4.265
4960.000 5.452
4965.000 7.204
4970.000 9.441
4975.000 6.395
4980.000 8.667
4985.000 10.047
4990.000 12.558
4995.000 12.378
5000.000 9.132
5005.000 6.979
5010.000 5.388
5015.000 4.607
5020.000 4.025
5025.000 3.525
5030.000 3.195
5035.000 2.897
5040.000 2.780
5045.000 2.590
5050.000 2.414
5055.000 2.272
5060.000 2.155
5065.000 2.052
5070.000 1.972
5075.000 1.882
5080.000 1.814
5085.000 1.747
5090.000 1.698
5095.000 1.651
5100.000 1.603
5105.000 1.585
5110.000 1.554
5115.000 1.517
5120.000 1.490
5125.000 1.465
5130.000 1.438
5135.000 1.417
5140.000 1.393
5145.000 1.375
5150.000 1.354
5155.000 1.337
5160.000 1.322
5165.000 1.304
5170.000 1.298
5175.000 1.289
5180.000 1.276
5185.000 1.265
5190.000 1.262
5195.000 1.250
5200.000 1.243
5205.000 1.236
5210.000 1.227
5215.000 1.219
5220.000 1.211
5225.000 1.202
5230.000 1.199
5235.000 1.189
5240.000 1.181
5245.000 1.174
5250.000 1.168
5255.000 1.166
5260.000 1.161
5265.000 1.161
5270.000 1.154
5275.000 1.148
5280.000 1.144
5285.000 1.142
5290.000 1.137
5295.000 1.129
5300.000 1.121
5305.000 1.111
5310.000 1.105
5315.000 1.101
5320.000 1.097
5325.000 1.090
5330.000 1.086
5335.000 1.078
5340.000 1.076
5345.000 1.070
5350.000 1.069
5355.000 1.068
5360.000 1.061
5365.000 1.052
5370.000 1.045
5375.000 1.036
5380.000 1.027
5385.000 1.022
5390.000 1.016
5395.000 1.010
5400.000 1.005
5405.000 0.997
5410.000 0.996
5415.000 0.994
5420.000 0.984
5425.000 0.980
5430.000 0.973
5435.000 0.965
5440.000 0.963
5445.000 0.951
5450.000 0.942
5455.000 0.936
5460.000 0.927
5465.000 0.923
5470.000 0.914
5475.000 0.915
5480.000 0.906
5485.000 0.902
5490.000 0.901
5495.000 0.893
5500.000 0.893
5505.000 0.881
5510.000 0.880
5515.000 0.866
5520.000 0.864
5525.000 0.857
5530.000 0.855
5535.000 0.843
5540.000 0.839
5545.000 0.837
5550.000 0.831
5555.000 0.830
5560.000 0.827
5565.000 0.824
5570.000 0.819
5575.000 0.809
5580.000 0.810
5585.000 0.803
5590.000 0.804
5595.000 0.797
5600.000 0.792
5605.000 0.789
5610.000 0.780
5615.000 0.773
5620.000 0.776
5625.000 0.771
5630.000 0.769
5635.000 0.767
5640.000 0.764
5645.000 0.763
5650.000 0.759
5655.000 0.754
5660.000 0.751
5665.000 0.747
5670.000 0.742
5675.000 0.738
5680.000 0.736
5685.000 0.731
5690.000 0.727
5695.000 0.730
5700.000 0.730
5705.000 0.723
5710.000 0.729
5715.000 0.723
5720.000 0.725
5725.000 0.721
5730.000 0.720
5735.000 0.716
5740.000 0.714
5745.000 0.713
5750.000 0.711
5755.000 0.703
5760.000 0.708
5765.000 0.707
5770.000 0.705
5775.000 0.707
5780.000 0.709
5785.000 0.711
5790.000 0.712
5795.000 0.709
5800.000 0.709
5805.000 0.706
5810.000 0.707
5815.000 0.702
5820.000 0.702
5825.000 0.699
5830.000 0.700
5835.000 0.700
5840.000 0.703
5845.000 0.706
5850.000 0.705
5855.000 0.711
5860.000 0.708
5865.000 0.713
5870.000 0.713
5875.000 0.716
5880.000 0.709
5885.000 0.721
5890.000 0.717
5895.000 0.713
5900.000 0.716
5905.000 0.718
5910.000 0.717
5915.000 0.722
5920.000 0.732
5925.000 0.736
5930.000 0.740
5935.000 0.739
5940.000 0.743
5945.000 0.744
5950.000 0.756
5955.000 0.756
5960.000 0.751
5965.000 0.756
5970.000 0.758
5975.000 0.768
5980.000 0.765
5985.000 0.785
5990.000 0.794
5995.000 0.796
6000.000 0.804
6005.000 0.808
6010.000 0.828
6015.000 0.827
6020.000 0.842
6025.000 0.848
6030.000 0.849
6035.000 0.863
6040.000 0.879
6045.000 0.881
6050.000 0.904
6055.000 0.920
6060.000 0.931
6065.000 0.958
6070.000 0.975
6075.000 0.992
6080.000 1.006
6085.000 1.027
6090.000 1.051
6095.000 1.083
6100.000 1.107
6105.000 1.148
6110.000 1.182
6115.000 1.227
6120.000 1.272
6125.000 1.318
6130.000 1.383
6135.000 1.439
6140.000 1.471
6145.000 1.557
6150.000 1.634
6155.000 1.742
6160.000 1.852
6165.000 1.972
6170.000 2.133
6175.000 2.294
6180.000 2.529
6185.000 2.798
6190.000 3.097
6195.000 3.548
6200.000 4.027
6205.000 4.361
6210.000 5.270
6215.000 6.397
6220.000 8.144
6225.000 10.271
6230.000 12.085
6235.000 12.133
6240.000 9.557
6245.000 7.270
6250.000 5.630
6255.000 4.635
6260.000 4.157
6265.000 3.569
6270.000 3.172
6275.000 2.813
6280.000 2.594
6285.000 2.368
6290.000 2.211
6295.000 2.084
6300.000 1.960
6305.000 1.857
6310.000 1.748
6315.000 1.660
6320.000 1.628
6325.000 1.547
6330.000 1.478
6335.000 1.415
6340.000 1.351
6345.000 1.303
6350.000 1.245
6355.000 1.202
6360.000 1.165
6365.000 1.125
6370.000 1.095
6375.000 1.062
6380.000 1.031
6385.000 1.020
6390.000 0.990
6395.000 0.965
6400.000 0.940
6405.000 0.913
6410.000 0.890
6415.000 0.867
6420.000 0.847
6425.000 0.823
6430.000 0.802
6435.000 0.783
6440.000 0.769
6445.000 0.760
6450.000 0.745
6455.000 0.729
6460.000 0.713
6465.000 0.698
6470.000 0.680
6475.000 0.658
6480.000 0.636
6485.000 0.617
6490.000 0.593
6495.000 0.578
6500.000 0.568
6505.000 0.545
6510.000 0.526
6515.000 0.501
6520.000 0.481
6525.000 0.458
6530.000 0.441
6535.000 0.441
6540.000 0.450
6545.000 0.533
6550.000 0.712
6555.000 1.032
6560.000 1.816
6565.000 2.438
6570.000 4.135
6575.000 5.292
6580.000 5.154
6585.000 1.601
6590.000 1.992
6595.000 1.520
6600.000 1.486
6605.000 1.334
6610.000 1.251
6615.000 1.179
6620.000 1.120
6625.000 1.102
6630.000 1.056
6635.000 1.021
6640.000 0.991
6645.000 0.968
6650.000 0.943
6655.000 0.927
6660.000 0.908
6665.000 0.895
6670.000 0.885
6675.000 0.874
6680.000 0.859
6685.000 0.855
6690.000 0.850
6695.000 0.842
6700.000 0.824
6705.000 0.816
6710.000 0.808
6715.000 0.797
6720.000 0.795
6725.000 0.789
6730.000 0.781
6735.000 0.779
6740.000 0.776
6745.000 0.776
6750.000 0.772
6755.000 0.767
6760.000 0.764
6765.000 0.757
6770.000 0.753
6775.000 0.747
6780.000 0.742
6785.000 0.738
6790.000 0.736
6795.000 0.729
6800.000 0.726
6805.000 0.729
6810.000 0.726
6815.000 0.724
6820.000 0.724
6825.000 0.719
6830.000 0.722
6835.000 0.718
6840.000 0.718
6845.000 0.713
6850.000 0.709
6855.000 0.702
6860.000 0.702
6865.000 0.695
6870.000 0.696
6875.000 0.696
6880.000 0.693
6885.000 0.698
6890.000 0.698
6895.000 0.699
6900.000 0.697
6905.000 0.693
6910.000 0.695
6915.000 0.692
6920.000 0.682
6925.000 0.683
6930.000 0.686
6935.000 0.679
6940.000 0.678
6945.000 0.678
6950.000 0.673
6955.000 0.671
6960.000 0.677
6965.000 0.674
6970.000 0.684
6975.000 0.678
6980.000 0.674
6985.000 0.671
6990.000 0.677
6995.000 0.684
7000.000 0.665
7005.000 0.672
7010.000 0.659
7015.000 0.669
7020.000 0.658
7025.000 0.662
7030.000 0.663
7035.000 0.678
7040.000 0.677
7045.000 0.664
7050.000 0.670
7055.000 0.668
7060.000 0.670
7065.000 0.660
7070.000 0.661
7075.000 0.657
7080.000 0.658
7085.000 0.662
7090.000 0.656
7095.000 0.661
7100.000 0.661
7105.000 0.662
7110.000 0.661
7115.000 0.663
7120.000 0.665
7125.000 0.666
7130.000 0.662
7135.000 0.666
7140.000 0.661
7145.000 0.655
7150.000 0.657
7155.000 0.656
7160.000 0.657
7165.000 0.658
7170.000 0.656
7175.000 0.659
7180.000 0.667
7185.000 0.662
7190.000 0.667
7195.000 0.669
7200.000 0.667
7205.000 0.666
7210.000 0.666
7215.000 0.665
7220.000 0.660
7225.000 0.659
7230.000 0.656
7235.000 0.659
7240.000 0.658
7245.000 0.666
7250.000 0.666
7255.000 0.671
7260.000 0.670
7265.000 0.671
7270.000 0.675
7275.000 0.675
7280.000 0.676
7285.000 0.672
7290.000 0.673
7295.000 0.672
7300.000 0.673
7305.000 0.672
7310.000 0.678
7315.000 0.676
7320.000 0.679
7325.000 0.687
7330.000 0.684
7335.000 0.694
7340.000 0.698
7345.000 0.705
7350.000 0.701
7355.000 0.704
7360.000 0.702
7365.000 0.705
7370.000 0.706
7375.000 0.705
7380.000 0.708
7385.000 0.713
7390.000 0.720
7395.000 0.728
7400.000 0.741
7405.000 0.743
7410.000 0.749
7415.000 0.747
7420.000 0.750
7425.000 0.748
7430.000 0.728
7435.000 0.691
7440.000 0.652
7445.000 0.665
7450.000 0.843
7455.000 1.171
7460.000 1.416
7465.000 1.583
7470.000 1.721
7475.000 1.710
7480.000 1.507
7485.000 1.178
7490.000 0.890
7495.000 0.671
7500.000 0.585
7505.000 0.523
7510.000 0.509
7515.000 0.496
7520.000 0.491
7525.000 0.494
7530.000 0.497
7535.000 0.502
7540.000 0.508
7545.000 0.516
7550.000 0.523
7555.000 0.530
7560.000 0.534
7565.000 0.538
7570.000 0.539
7575.000 0.543
7580.000 0.539
7585.000 0.542
7590.000 0.546
7595.000 0.544
7600.000 0.544
7605.000 0.549
7610.000 0.551
7615.000 0.555
7620.000 0.561
7625.000 0.568
7630.000 0.568
7635.000 0.574
7640.000 0.572
7645.000 0.575
7650.000 0.572
7655.000 0.575
7660.000 0.568
7665.000 0.570
7670.000 0.570
7675.000 0.572
7680.000 0.573
7685.000 0.579
7690.000 0.578
7695.000 0.581
7700.000 0.589
7705.000 0.589
7710.000 0.592
7715.000 0.591
7720.000 0.590
7725.000 0.587
7730.000 0.587
7735.000 0.586
7740.000 0.583
7745.000 0.588
7750.000 0.589
7755.000 0.589
7760.000 0.591
7765.000 0.595
7770.000 0.596
7775.000 0.605
7780.000 0.601
7785.000 0.601
7790.000 0.601
7795.000 0.598
7800.000 0.599
7805.000 0.597
7810.000 0.594
7815.000 0.595
7820.000 0.595
7825.000 0.598
7830.000 0.602
7835.000 0.600
7840.000 0.607
7845.000 0.607
7850.000 0.610
7855.000 0.609
7860.000 0.613
7865.000 0.611
7870.000 0.610
7875.000 0.610
7880.000 0.606
7885.000 0.603
7890.000 0.605
7895.000 0.606
7900.000 0.605
7905.000 0.604
7910.000 0.611
7915.000 0.613
7920.000 0.615
7925.000 0.618
7930.000 0.618
7935.000 0.616
7940.000 0.616
7945.000 0.613
7950.000 0.616
7955.000 0.611
7960.000 0.606
7965.000 0.601
7970.000 0.609
7975.000 0.610
7980.000 0.603
7985.000 0.616
7990.000 0.612
7995.000 0.616
8000.000 0.603
8005.000 0.598
8010.000 0.591
8015.000 0.587
8020.000 0.581
8025.000 0.560
8030.000 0.543
8035.000 0.508
8040.000 0.416
8045.000 0.276
8050.000 0.135
8055.000 1.170
8060.000 2.981
8065.000 3.392
8070.000 0.563
8075.000 0.559
8080.000 0.502
8085.000 0.726
8090.000 0.644
8095.000 0.654
8100.000 0.667
8105.000 0.665
8110.000 0.666
8115.000 0.671
8120.000 0.675
8125.000 0.677
8130.000 0.682
8135.000 0.681
8140.000 0.689
8145.000 0.691
8150.000 0.694
8155.000 0.692
8160.000 0.694
8165.000 0.697
8170.000 0.693
8175.000 0.695
8180.000 0.689
8185.000 0.692
8190.000 0.694
8195.000 0.700
8200.000 0.700
8205.000 0.709
8210.000 0.713
8215.000 0.715
8220.000 0.717
8225.000 0.722
8230.000 0.725
8235.000 0.724
8240.000 0.726
8245.000 0.725
8250.000 0.724
8255.000 0.726
8260.000 0.728
8265.000 0.732
8270.000 0.736
8275.000 0.743
8280.000 0.751
8285.000 0.756
8290.000 0.761
8295.000 0.763
8300.000 0.769
8305.000 0.771
8310.000 0.771
8315.000 0.779
8320.000 0.777
8325.000 0.780
8330.000 0.780
8335.000 0.789
8340.000 0.792
8345.000 0.799
8350.000 0.814
8355.000 0.817
8360.000 0.826
8365.000 0.836
8370.000 0.842
8375.000 0.849
8380.000 0.857
8385.000 0.858
8390.000 0.861
8395.000 0.869
8400.000 0.876
8405.000 0.883
8410.000 0.893
8415.000 0.907
8420.000 0.922
8425.000 0.939
8430.000 0.959
8435.000 0.966
8440.000 0.985
8445.000 1.003
8450.000 1.011
8455.000 1.028
8460.000 1.051
8465.000 1.063
8470.000 1.091
8475.000 1.114
8480.000 1.145
8485.000 1.182
8490.000 1.222
8495.000 1.271
8500.000 1.321
8505.000 1.401
8510.000 1.441
8515.000 1.526
8520.000 1.669
8525.000 1.863
8530.000 2.124
8535.000 2.762
8540.000 3.663
8545.000 4.047
8550.000 1.405
8555.000 0.801
8560.000 0.690
8565.000 1.038
8570.000 1.064
8575.000 1.257
8580.000 1.404
8585.000 1.581
8590.000 1.746
8595.000 1.912
8600.000 2.144
8605.000 2.365
8610.000 2.709
8615.000 3.101
8620.000 3.531
8625.000 4.186
8630.000 4.799
8635.000 5.190
8640.000 5.839
8645.000 5.983
8650.000 5.431
8655.000 4.541
8660.000 3.795
8665.000 3.074
8670.000 2.650
8675.000 2.056
8680.000 1.335
8685.000 0.624
8690.000 0.381
8695.000 0.521
8700.000 0.705
8705.000 0.748
8710.000 0.754
8715.000 0.732
8720.000 0.703
8725.000 0.666
8730.000 0.634
8735.000 0.602
8740.000 0.565
8745.000 0.539
8750.000 0.509
8755.000 0.493
8760.000 0.472
8765.000 0.456
8770.000 0.431
8775.000 0.419
8780.000 0.402
8785.000 0.388
8790.000 0.374
8795.000 0.360
8800.000 0.347
8805.000 0.334
8810.000 0.326
8815.000 0.315
8820.000 0.277
8825.000 0.263
8830.000 0.308
8835.000 0.284
8840.000 0.286
8845.000 0.276
8850.000 0.272
8855.000 0.273
8860.000 0.271
8865.000 0.272
8870.000 0.270
8875.000 0.269
8880.000 0.266
8885.000 0.262
8890.000 0.264
8895.000 0.257
8900.000 0.258
8905.000 0.250
8910.000 0.249
8915.000 0.251
8920.000 0.257
8925.000 0.255
8930.000 0.260
8935.000 0.267
8940.000 0.269
8945.000 0.269
8950.000 0.275
8955.000 0.273
8960.000 0.271
8965.000 0.273
8970.000 0.268
8975.000 0.273
8980.000 0.265
8985.000 0.267
8990.000 0.270
8995.000 0.266
9000.000 0.279
9005.000 0.272
9010.000 0.283
9015.000 0.286
9020.000 0.294
9025.000 0.292
9030.000 0.288
9035.000 0.289
9040.000 0.289
9045.000 0.286
9050.000 0.285
9055.000 0.286
9060.000 0.288
9065.000 0.289
9070.000 0.287
9075.000 0.295
9080.000 0.298
9085.000 0.302
9090.000 0.311
9095.000 0.309
9100.000 0.307
9105.000 0.312
9110.000 0.312
9115.000 0.308
9120.000 0.305
9125.000 0.310
9130.000 0.308
9135.000 0.306
9140.000 0.309
9145.000 0.307
9150.000 0.316
9155.000 0.322
9160.000 0.325
9165.000 0.332
9170.000 0.329
9175.000 0.329
9180.000 0.329
9185.000 0.330
9190.000 0.327
9195.000 0.323
9200.000 0.328
9205.000 0.321
9210.000 0.325
9215.000 0.327
9220.000 0.329
9225.000 0.334
9230.000 0.344
9235.000 0.341
9240.000 0.347
9245.000 0.351
9250.000 0.352
9255.000 0.348
9260.000 0.343
9265.000 0.348
9270.000 0.343
9275.000 0.345
9280.000 0.344
9285.000 0.345
9290.000 0.351
9295.000 0.356
9300.000 0.357
9305.000 0.357
9310.000 0.375
9315.000 0.374
9320.000 0.374
9325.000 0.379
9330.000 0.380
9335.000 0.379
9340.000 0.381
9345.000 0.381
9350.000 0.385
9355.000 0.389
9360.000 0.397
9365.000 0.401
9370.000 0.408
9375.000 0.419
9380.000 0.427
9385.000 0.440
9390.000 0.453
9395.000 0.463
9400.000 0.474
9405.000 0.490
9410.000 0.498
9415.000 0.518
9420.000 0.535
9425.000 0.549
9430.000 0.585
9435.000 0.618
9440.000 0.682
9445.000 0.748
9450.000 0.826
9455.000 0.968
9460.000 1.108
9465.000 1.449
9470.000 1.917
9475.000 2.573
9480.000 3.060
9485.000 3.367
9490.000 1.591
9495.000 1.487
9500.000 1.105
9505.000 0.660
9510.000 0.558
9515.000 0.453
9520.000 0.382
9525.000 0.327
9530.000 0.279
9535.000 0.243
9540.000 0.212
9545.000 0.200
9550.000 0.181
9555.000 0.169
9560.000 0.158
9565.000 0.148
9570.000 0.146
9575.000 0.138
9580.000 0.138
9585.000 0.131
9590.000 0.127
9595.000 0.120
9600.000 0.122
9605.000 0.117
9610.000 0.113
9615.000 0.116
9620.000 0.111
9625.000 0.112
9630.000 0.119
9635.000 0.122
9640.000 0.129
9645.000 0.142
9650.000 0.153
9655.000 0.158
9660.000 0.164
9665.000 0.177
9670.000 0.180
9675.000 0.188
9680.000 0.204
9685.000 0.218
9690.000 0.236
9695.000 0.257
9700.000 0.284
9705.000 0.305
9710.000 0.345
9715.000 0.374
9720.000 0.407
9725.000 0.431
9730.000 0.472
9735.000 0.505
9740.000 0.565
9745.000 0.613
9750.000 0.684
9755.000 0.766
9760.000 0.843
9765.000 0.964
9770.000 1.072
9775.000 1.252
9780.000 1.438
9785.000 1.639
9790.000 1.811
9795.000 2.127
9800.000 2.469
9805.000 3.023
9810.000 3.499
9815.000 4.038
9820.000 4.334
9825.000 4.249
9830.000 3.760
9835.000 3.295
9840.000 2.784
9845.000 2.414
9850.000 2.299
9855.000 1.973
9860.000 1.747
9865.000 1.596
9870.000 1.486
9875.000 1.516
9880.000 1.601
9885.000 1.567
9890.000 1.476
9895.000 1.393
9900.000 1.344
9905.000 1.286
9910.000 1.238
9915.000 1.220
9920.000 1.167
9925.000 1.130
9930.000 1.095
9935.000 1.056
9940.000 1.029
9945.000 0.997
9950.000 0.972
9955.000 0.953
9960.000 0.929
9965.000 0.923
9970.000 0.918
9975.000 0.899
9980.000 0.885
9985.000 0.861
9990.000 0.846
9995.000 0.826
10000.000 0.813
10005.000 0.806
10010.000 0.786
10015.000 0.774
10020.000 0.758
10025.000 0.753
10030.000 0.745
10035.000 0.744
10040.000 0.739
10045.000 0.728
10050.000 0.726
10055.000 0.719
10060.000 0.702
10065.000 0.694
10070.000 0.679
10075.000 0.668
10080.000 0.660
10085.000 0.647
10090.000 0.636
10095.000 0.635
10100.000 0.626
10105.000 0.621
10110.000 0.611
10115.000 0.601
10120.000 0.590
10125.000 0.577
10130.000 0.561
10135.000 0.539
10140.000 0.511
10145.000 0.480
10150.000 0.424
10155.000 0.403
10160.000 0.335
10165.000 0.252
10170.000 0.277
10175.000 0.648
10180.000 1.166
10185.000 1.317
10190.000 1.760
10195.000 0.921
10200.000 0.918
10205.000 0.906
10210.000 0.863
10215.000 0.826
10220.000 0.796
10225.000 0.778
10230.000 0.755
10235.000 0.742
10240.000 0.730
10245.000 0.721
10250.000 0.713
10255.000 0.713
10260.000 0.705
10265.000 0.700
10270.000 0.694
10275.000 0.690
10280.000 0.687
10285.000 0.679
10290.000 0.669
10295.000 0.662
10300.000 0.660
10305.000 0.652
10310.000 0.648
10315.000 0.646
10320.000 0.649
10325.000 0.645
10330.000 0.647
10335.000 0.646
10340.000 0.644
10345.000 0.643
10350.000 0.641
10355.000 0.634
10360.000 0.630
10365.000 0.627
10370.000 0.622
10375.000 0.617
10380.000 0.611
10385.000 0.611
10390.000 0.610
10395.000 0.610
10400.000 0.615
10405.000 0.613
10410.000 0.616
10415.000 0.619
10420.000 0.614
10425.000 0.608
10430.000 0.606
10435.000 0.598
10440.000 0.597
10445.000 0.595
10450.000 0.591
10455.000 0.592
10460.000 0.592
10465.000 0.593
10470.000 0.592
10475.000 0.595
10480.000 0.592
10485.000 0.594
10490.000 0.591
10495.000 0.592
10500.000 0.586
10505.000 0.588
10510.000 0.582
10515.000 0.577
10520.000 0.577
10525.000 0.577
10530.000 0.576
10535.000 0.573
10540.000 0.573
10545.000 0.572
10550.000 0.578
10555.000 0.576
10560.000 0.579
10565.000 0.577
10570.000 0.575
10575.000 0.570
10580.000 0.565
10585.000 0.564
10590.000 0.558
10595.000 0.559
10600.000 0.556
10605.000 0.558
10610.000 0.557
10615.000 0.560
10620.000 0.559
10625.000 0.559
10630.000 0.563
10635.000 0.557
10640.000 0.557
10645.000 0.555
10650.000 0.554
10655.000 0.544
10660.000 0.545
10665.000 0.539
10670.000 0.534
10675.000 0.536
10680.000 0.532
10685.000 0.535
10690.000 0.530
10695.000 0.532
10700.000 0.530
10705.000 0.532
10710.000 0.529
10715.000 0.525
10720.000 0.521
10725.000 0.515
10730.000 0.510
10735.000 0.500
10740.000 0.495
10745.000 0.491
10750.000 0.483
10755.000 0.480
10760.000 0.477
10765.000 0.471
10770.000 0.467
10775.000 0.458
10780.000 0.447
10785.000 0.433
10790.000 0.419
10795.000 0.403
10800.000 0.376
10805.000 0.353
10810.000 0.317
10815.000 0.286
10820.000 0.261
10825.000 0.247
10830.000 0.247
10835.000 0.299
10840.000 0.518
10845.000 0.825
10850.000 1.232
10855.000 1.638
10860.000 1.634
10865.000 1.351
10870.000 1.158
10875.000 1.120
10880.000 1.304
10885.000 1.289
10890.000 1.318
10895.000 1.150
10900.000 1.115
10905.000 1.072
10910.000 1.052
10915.000 1.040
10920.000 1.028
10925.000 1.026
10930.000 1.030
10935.000 1.032
10940.000 1.029
10945.000 1.043
10950.000 1.063
10955.000 1.076
10960.000 1.104
10965.000 1.135
10970.000 1.170
10975.000 1.200
10980.000 1.232
10985.000 1.210
10990.000 1.160
10995.000 1.010
11000.000 0.877
11005.000 0.801
11010.000 0.665
11015.000 0.607
11020.000 0.563
11025.000 0.554
11030.000 0.555
11035.000 0.560
11040.000 0.566
11045.000 0.570
11050.000 0.557
11055.000 0.539
11060.000 0.505
11065.000 0.478
11070.000 0.382
11075.000 0.216
11080.000 0.090
11085.000 0.055
11090.000 0.130
11095.000 0.189
11100.000 0.238
11105.000 0.269
11110.000 0.301
11115.000 0.326
11120.000 0.351
11125.000 0.368
11130.000 0.373
11135.000 0.390
11140.000 0.406
11145.000 0.415
11150.000 0.428
11155.000 0.437
11160.000 0.441
11165.000 0.450
11170.000 0.448
11175.000 0.457
11180.000 0.461
11185.000 0.460
11190.000 0.468
11195.000 0.470
11200.000 0.477
11205.000 0.482
11210.000 0.489
11215.000 0.491
11220.000 0.499
11225.000 0.500
11230.000 0.504
11235.000 0.501
11240.000 0.505
11245.000 0.505
11250.000 0.504
11255.000 0.507
11260.000 0.506
11265.000 0.508
11270.000 0.510
11275.000 0.516
11280.000 0.520
11285.000 0.521
11290.000 0.525
11295.000 0.529
11300.000 0.527
11305.000 0.527
11310.000 0.529
11315.000 0.527
11320.000 0.528
11325.000 0.527
11330.000 0.526
11335.000 0.528
11340.000 0.529
11345.000 0.527
11350.000 0.535
11355.000 0.538
11360.000 0.538
11365.000 0.540
11370.000 0.544
11375.000 0.542
11380.000 0.541
11385.000 0.540
11390.000 0.540
11395.000 0.538
11400.000 0.537
11405.000 0.535
11410.000 0.536
11415.000 0.538
11420.000 0.541
11425.000 0.538
11430.000 0.545
11435.000 0.547
11440.000 0.549
11445.000 0.547
11450.000 0.550
11455.000 0.546
11460.000 0.545
11465.000 0.544
11470.000 0.543
11475.000 0.543
11480.000 0.545
11485.000 0.543
11490.000 0.545
11495.000 0.550
11500.000 0.550
11505.000 0.550
11510.000 0.556
11515.000 0.553
11520.000 0.552
11525.000 0.552
11530.000 0.550
11535.000 0.546
11540.000 0.544
11545.000 0.541
11550.000 0.549
11555.000 0.548
11560.000 0.550
11565.000 0.549
11570.000 0.550
11575.000 0.554
11580.000 0.557
11585.000 0.558
11590.000 0.558
11595.000 0.554
11600.000 0.550
11605.000 0.552
11610.000 0.548
11615.000 0.551
11620.000 0.550
11625.000 0.551
11630.000 0.549
11635.000 0.548
11640.000 0.554
11645.000 0.554
11650.000 0.558
11655.000 0.558
11660.000 0.556
11665.000 0.558
11670.000 0.556
11675.000 0.555
11680.000 0.551
11685.000 0.550
11690.000 0.545
11695.000 0.537
11700.000 0.537
11705.000 0.524
11710.000 0.512
11715.000 0.500
11720.000 0.529
11725.000 0.698
11730.000 0.869
11735.000 0.809
11740.000 0.526
11745.000 0.507
11750.000 0.535
11755.000 0.563
11760.000 0.575
11765.000 0.574
11770.000 0.574
11775.000 0.580
11780.000 0.583
11785.000 0.582
11790.000 0.588
11795.000 0.590
11800.000 0.593
11805.000 0.595
11810.000 0.594
11815.000 0.599
11820.000 0.598
11825.000 0.600
11830.000 0.600
11835.000 0.599
11840.000 0.601
11845.000 0.602
11850.000 0.606
11855.000 0.610
11860.000 0.612
11865.000 0.614
11870.000 0.620
11875.000 0.624
11880.000 0.626
11885.000 0.628
11890.000 0.632
11895.000 0.635
11900.000 0.635
11905.000 0.638
11910.000 0.644
11915.000 0.647
11920.000 0.650
11925.000 0.656
11930.000 0.661
11935.000 0.669
11940.000 0.678
11945.000 0.684
11950.000 0.690
11955.000 0.698
11960.000 0.706
11965.000 0.711
11970.000 0.718
11975.000 0.725
11980.000 0.738
11985.000 0.750
11990.000 0.766
11995.000 0.780
12000.000 0.798
