105.000 1.306
110.000 1.980
115.000 1.973
120.000 2.082
125.000 2.059
130.000 2.151
135.000 2.130
140.000 2.144
145.000 2.232
150.000 2.137
155.000 2.132
160.000 2.132
165.000 2.228
170.000 2.235
175.000 2.220
180.000 2.226
185.000 2.308
190.000 2.298
195.000 2.283
200.000 2.302
205.000 2.316
210.000 2.360
215.000 2.389
220.000 2.429
225.000 2.454
230.000 2.498
235.000 2.494
240.000 2.530
245.000 2.573
250.000 2.616
255.000 2.660
260.000 2.676
265.000 2.749
270.000 2.785
275.000 2.840
280.000 2.901
285.000 2.940
290.000 3.027
295.000 3.089
300.000 3.185
305.000 3.272
310.000 3.352
315.000 3.469
320.000 3.594
325.000 3.700
330.000 3.803
335.000 3.903
340.000 4.033
345.000 4.194
350.000 4.371
355.000 4.554
360.000 4.735
365.000 4.970
370.000 5.192
375.000 5.385
380.000 5.606
385.000 5.814
390.000 6.003
395.000 6.083
400.000 6.201
405.000 6.279
410.000 6.280
415.000 6.214
420.000 6.053
425.000 5.861
430.000 5.579
435.000 5.288
440.000 4.979
445.000 4.661
450.000 4.325
455.000 4.055
460.000 3.906
465.000 3.646
470.000 3.386
475.000 3.161
480.000 2.971
485.000 2.765
490.000 2.611
495.000 2.449
500.000 2.316
505.000 2.182
510.000 2.066
515.000 2.029
520.000 1.919
525.000 1.813
530.000 1.738
535.000 1.653
540.000 1.580
545.000 1.510
550.000 1.453
555.000 1.383
560.000 1.331
565.000 1.291
570.000 1.235
575.000 1.197
580.000 1.168
585.000 1.127
590.000 1.090
595.000 1.055
600.000 1.026
605.000 0.980
610.000 0.966
615.000 0.931
620.000 0.907
625.000 0.878
630.000 0.850
635.000 0.838
640.000 0.826
645.000 0.808
650.000 0.789
655.000 0.773
660.000 0.754
665.000 0.739
670.000 0.738
675.000 0.708
680.000 0.704
685.000 0.683
690.000 0.676
695.000 0.659
700.000 0.657
705.000 0.652
710.000 0.643
715.000 0.620
720.000 0.613
725.000 0.612
730.000 0.600
735.000 0.589
740.000 0.588
745.000 0.573
750.000 0.586
755.000 0.568
760.000 0.569
765.000 0.559
770.000 0.548
775.000 0.563
780.000 0.553
785.000 0.545
790.000 0.547
795.000 0.545
800.000 0.540
805.000 0.542
810.000 0.530
815.000 0.533
820.000 0.524
825.000 0.526
830.000 0.516
835.000 0.515
840.000 0.519
845.000 0.522
850.000 0.509
855.000 0.514
860.000 0.508
865.000 0.506
870.000 0.502
875.000 0.505
880.000 0.502
885.000 0.496
890.000 0.501
895.000 0.498
900.000 0.488
905.000 0.498
910.000 0.494
915.000 0.495
920.000 0.487
925.000 0.493
930.000 0.492
935.000 0.490
940.000 0.494
945.000 0.493
950.000 0.489
955.000 0.483
960.000 0.484
965.000 0.490
970.000 0.482
975.000 0.486
980.000 0.492
985.000 0.482
990.000 0.485
995.000 0.497
1000.000 0.488
1005.000 0.479
1010.000 0.483
1015.000 0.485
1020.000 0.498
1025.000 0.496
1030.000 0.475
1035.000 0.485
1040.000 0.481
1045.000 0.492
1050.000 0.484
1055.000 0.486
1060.000 0.484
1065.000 0.491
1070.000 0.492
1075.000 0.491
1080.000 0.485
1085.000 0.487
1090.000 0.492
1095.000 0.494
1100.000 0.489
1105.000 0.491
1110.000 0.495
1115.000 0.488
1120.000 0.492
1125.000 0.496
1130.000 0.498
1135.000 0.490
1140.000 0.498
1145.000 0.494
1150.000 0.492
1155.000 0.491
1160.000 0.497
1165.000 0.495
1170.000 0.503
1175.000 0.500
1180.000 0.500
1185.000 0.503
1190.000 0.502
1195.000 0.504
1200.000 0.502
1205.000 0.508
1210.000 0.507
1215.000 0.505
1220.000 0.510
1225.000 0.505
1230.000 0.513
1235.000 0.512
1240.000 0.511
1245.000 0.515
1250.000 0.513
1255.000 0.511
1260.000 0.521
1265.000 0.516
1270.000 0.518
1275.000 0.518
1280.000 0.522
1285.000 0.522
1290.000 0.524
1295.000 0.533
1300.000 0.532
1305.000 0.532
1310.000 0.529
1315.000 0.531
1320.000 0.537
1325.000 0.535
1330.000 0.537
1335.000 0.544
1340.000 0.544
1345.000 0.543
1350.000 0.548
1355.000 0.546
1360.000 0.552
1365.000 0.548
1370.000 0.555
1375.000 0.552
1380.000 0.560
1385.000 0.560
1390.000 0.558
1395.000 0.566
1400.000 0.560
1405.000 0.563
1410.000 0.568
1415.000 0.565
1420.000 0.566
1425.000 0.564
1430.000 0.567
1435.000 0.559
1440.000 0.556
1445.000 0.558
1450.000 0.553
1455.000 0.557
1460.000 0.554
1465.000 0.558
1470.000 0.559
1475.000 0.563
1480.000 0.573
1485.000 0.578
1490.000 0.587
1495.000 0.593
1500.000 0.598
1505.000 0.608
1510.000 0.614
1515.000 0.626
1520.000 0.630
1525.000 0.640
1530.000 0.649
1535.000 0.658
1540.000 0.669
1545.000 0.673
1550.000 0.679
1555.000 0.690
1560.000 0.698
1565.000 0.703
1570.000 0.715
1575.000 0.719
1580.000 0.735
1585.000 0.742
1590.000 0.752
1595.000 0.767
1600.000 0.776
1605.000 0.787
1610.000 0.800
1615.000 0.809
1620.000 0.820
1625.000 0.832
1630.000 0.850
1635.000 0.861
1640.000 0.874
1645.000 0.884
1650.000 0.901
1655.000 0.918
1660.000 0.933
1665.000 0.951
1670.000 0.971
1675.000 0.977
1680.000 1.000
1685.000 1.015
1690.000 1.038
1695.000 1.062
1700.000 1.080
1705.000 1.105
1710.000 1.126
1715.000 1.150
1720.000 1.174
1725.000 1.201
1730.000 1.212
1735.000 1.239
1740.000 1.269
1745.000 1.298
1750.000 1.324
1755.000 1.352
1760.000 1.383
1765.000 1.415
1770.000 1.447
1775.000 1.477
1780.000 1.509
1785.000 1.537
1790.000 1.569
1795.000 1.583
1800.000 1.615
1805.000 1.650
1810.000 1.679
1815.000 1.712
1820.000 1.746
1825.000 1.767
1830.000 1.798
1835.000 1.822
1840.000 1.843
1845.000 1.863
1850.000 1.885
1855.000 1.894
1860.000 1.912
1865.000 1.931
1870.000 1.953
1875.000 1.960
1880.000 1.970
1885.000 1.977
1890.000 1.977
1895.000 1.986
1900.000 1.988
1905.000 1.990
1910.000 1.987
1915.000 1.981
1920.000 1.980
1925.000 1.973
1930.000 1.969
1935.000 1.971
1940.000 1.963
1945.000 1.951
1950.000 1.935
1955.000 1.928
1960.000 1.930
1965.000 1.902
1970.000 1.899
1975.000 1.893
1980.000 1.876
1985.000 1.875
1990.000 1.870
1995.000 1.845
2000.000 1.845
2005.000 1.821
2010.000 1.831
2015.000 1.813
2020.000 1.805
2025.000 1.794
2030.000 1.800
2035.000 1.795
2040.000 1.786
2045.000 1.781
2050.000 1.773
2055.000 1.771
2060.000 1.761
2065.000 1.759
2070.000 1.763
2075.000 1.770
2080.000 1.757
2085.000 1.764
2090.000 1.766
2095.000 1.770
2100.000 1.777
2105.000 1.781
2110.000 1.788
2115.000 1.797
2120.000 1.808
2125.000 1.813
2130.000 1.822
2135.000 1.831
2140.000 1.855
2145.000 1.869
2150.000 1.892
2155.000 1.914
2160.000 1.925
2165.000 1.951
2170.000 1.979
2175.000 2.013
2180.000 2.043
2185.000 2.089
2190.000 2.128
2195.000 2.182
2200.000 2.234
2205.000 2.293
2210.000 2.363
2215.000 2.440
2220.000 2.481
2225.000 2.577
2230.000 2.682
2235.000 2.810
2240.000 2.952
2245.000 3.117
2250.000 3.329
2255.000 3.562
2260.000 3.876
2265.000 4.249
2270.000 4.725
2275.000 5.374
2280.000 5.780
2285.000 6.786
2290.000 8.387
2295.000 10.736
2300.000 14.263
2305.000 17.315
2310.000 15.100
2315.000 15.791
2320.000 8.469
2325.000 6.312
2330.000 4.785
2335.000 3.896
2340.000 3.208
2345.000 2.936
2350.000 2.515
2355.000 2.155
2360.000 1.888
2365.000 1.648
2370.000 1.455
2375.000 1.294
2380.000 1.157
2385.000 1.041
2390.000 0.936
2395.000 0.848
2400.000 0.766
2405.000 0.726
2410.000 0.654
2415.000 0.600
2420.000 0.542
2425.000 0.494
2430.000 0.443
2435.000 0.402
2440.000 0.360
2445.000 0.324
2450.000 0.297
2455.000 0.264
2460.000 0.252
2465.000 0.221
2470.000 0.196
2475.000 0.169
2480.000 0.150
2485.000 0.131
2490.000 0.113
2495.000 0.093
2500.000 0.078
2505.000 0.061
2510.000 0.045
2515.000 0.038
2520.000 0.028
2525.000 0.019
2530.000 0.017
2535.000 0.024
2540.000 0.031
2545.000 0.044
2550.000 0.052
2555.000 0.057
2560.000 0.067
2565.000 0.075
2570.000 0.083
2575.000 0.094
2580.000 0.100
2585.000 0.105
2590.000 0.109
2595.000 0.116
2600.000 0.120
2605.000 0.127
2610.000 0.134
2615.000 0.137
2620.000 0.149
2625.000 0.148
2630.000 0.156
2635.000 0.163
2640.000 0.162
2645.000 0.166
2650.000 0.165
2655.000 0.174
2660.000 0.175
2665.000 0.180
2670.000 0.184
2675.000 0.190
2680.000 0.191
2685.000 0.195
2690.000 0.201
2695.000 0.202
2700.000 0.211
2705.000 0.207
2710.000 0.209
2715.000 0.213
2720.000 0.219
2725.000 0.221
2730.000 0.229
2735.000 0.230
2740.000 0.232
2745.000 0.240
2750.000 0.242
2755.000 0.241
2760.000 0.245
2765.000 0.252
2770.000 0.256
2775.000 0.261
2780.000 0.264
2785.000 0.272
2790.000 0.277
2795.000 0.281
2800.000 0.287
2805.000 0.292
2810.000 0.301
2815.000 0.304
2820.000 0.305
2825.000 0.314
2830.000 0.317
2835.000 0.323
2840.000 0.327
2845.000 0.338
2850.000 0.343
2855.000 0.355
2860.000 0.357
2865.000 0.358
2870.000 0.368
2875.000 0.378
2880.000 0.384
2885.000 0.395
2890.000 0.397
2895.000 0.408
2900.000 0.407
2905.000 0.411
2910.000 0.420
2915.000 0.429
2920.000 0.440
2925.000 0.444
2930.000 0.448
2935.000 0.456
2940.000 0.460
2945.000 0.464
2950.000 0.472
2955.000 0.473
2960.000 0.476
2965.000 0.491
2970.000 0.487
2975.000 0.493
2980.000 0.510
2985.000 0.504
2990.000 0.506
2995.000 0.520
3000.000 0.513
3005.000 0.525
3010.000 0.518
3015.000 0.544
3020.000 0.533
3025.000 0.547
3030.000 0.545
3035.000 0.553
3040.000 0.556
3045.000 0.550
3050.000 0.559
3055.000 0.558
3060.000 0.559
3065.000 0.563
3070.000 0.564
3075.000 0.569
3080.000 0.574
3085.000 0.578
3090.000 0.581
3095.000 0.580
3100.000 0.583
3105.000 0.584
3110.000 0.590
3115.000 0.594
3120.000 0.593
3125.000 0.596
3130.000 0.596
3135.000 0.599
3140.000 0.599
3145.000 0.602
3150.000 0.607
3155.000 0.608
3160.000 0.607
3165.000 0.609
3170.000 0.613
3175.000 0.613
3180.000 0.618
3185.000 0.619
3190.000 0.624
3195.000 0.620
3200.000 0.621
3205.000 0.625
3210.000 0.628
3215.000 0.633
3220.000 0.634
3225.000 0.638
3230.000 0.636
3235.000 0.638
3240.000 0.642
3245.000 0.644
3250.000 0.646
3255.000 0.649
3260.000 0.648
3265.000 0.651
3270.000 0.654
3275.000 0.657
3280.000 0.658
3285.000 0.661
3290.000 0.667
3295.000 0.671
3300.000 0.669
3305.000 0.673
3310.000 0.679
3315.000 0.676
3320.000 0.678
3325.000 0.685
3330.000 0.684
3335.000 0.689
3340.000 0.693
3345.000 0.697
3350.000 0.703
3355.000 0.700
3360.000 0.709
3365.000 0.709
3370.000 0.718
3375.000 0.722
3380.000 0.724
3385.000 0.728
3390.000 0.731
3395.000 0.738
3400.000 0.745
3405.000 0.749
3410.000 0.752
3415.000 0.757
3420.000 0.763
3425.000 0.776
3430.000 0.781
3435.000 0.784
3440.000 0.792
3445.000 0.798
3450.000 0.809
3455.000 0.814
3460.000 0.823
3465.000 0.832
3470.000 0.844
3475.000 0.852
3480.000 0.861
3485.000 0.874
3490.000 0.885
3495.000 0.894
3500.000 0.903
3505.000 0.924
3510.000 0.933
3515.000 0.955
3520.000 0.972
3525.000 0.986
3530.000 1.007
3535.000 1.029
3540.000 1.047
3545.000 1.074
3550.000 1.095
3555.000 1.126
3560.000 1.141
3565.000 1.172
3570.000 1.208
3575.000 1.244
3580.000 1.281
3585.000 1.332
3590.000 1.377
3595.000 1.437
3600.000 1.495
3605.000 1.558
3610.000 1.632
3615.000 1.713
3620.000 1.763
3625.000 1.866
3630.000 1.979
3635.000 2.118
3640.000 2.282
3645.000 2.453
3650.000 2.692
3655.000 2.941
3660.000 3.291
3665.000 3.709
3670.000 4.212
3675.000 4.911
3680.000 5.779
3685.000 6.311
3690.000 8.674
3695.000 14.840
3700.000 22.537
3705.000 17.988
3710.000 13.034
3715.000 8.344
3720.000 6.274
3725.000 5.068
3730.000 4.230
3735.000 3.659
3740.000 3.382
3745.000 2.990
3750.000 2.699
3755.000 2.428
3760.000 2.221
3765.000 2.043
3770.000 1.895
3775.000 1.778
3780.000 1.664
3785.000 1.571
3790.000 1.486
3795.000 1.411
3800.000 1.375
3805.000 1.311
3810.000 1.253
3815.000 1.205
3820.000 1.157
3825.000 1.116
3830.000 1.073
3835.000 1.045
3840.000 1.009
3845.000 0.978
3850.000 0.952
3855.000 0.933
3860.000 0.911
3865.000 0.898
3870.000 0.875
3875.000 0.858
3880.000 0.842
3885.000 0.821
3890.000 0.808
3895.000 0.796
3900.000 0.776
3905.000 0.766
3910.000 0.756
3915.000 0.743
3920.000 0.733
3925.000 0.730
3930.000 0.715
3935.000 0.711
3940.000 0.697
3945.000 0.691
3950.000 0.689
3955.000 0.681
3960.000 0.674
3965.000 0.663
3970.000 0.664
3975.000 0.656
3980.000 0.649
3985.000 0.645
3990.000 0.636
3995.000 0.636
4000.000 0.620
4005.000 0.619
4010.000 0.612
4015.000 0.627
4020.000 0.620
4025.000 0.617
4030.000 0.600
4035.000 0.598
4040.000 0.591
4045.000 0.589
4050.000 0.590
4055.000 0.588
4060.000 0.583
4065.000 0.588
4070.000 0.582
4075.000 0.575
4080.000 0.580
4085.000 0.572
4090.000 0.577
4095.000 0.566
4100.000 0.569
4105.000 0.562
4110.000 0.564
4115.000 0.559
4120.000 0.555
4125.000 0.551
4130.000 0.552
4135.000 0.547
4140.000 0.545
4145.000 0.541
4150.000 0.542
4155.000 0.544
4160.000 0.541
4165.000 0.539
4170.000 0.536
4175.000 0.535
4180.000 0.537
4185.000 0.532
4190.000 0.530
4195.000 0.527
4200.000 0.525
4205.000 0.523
4210.000 0.520
4215.000 0.520
4220.000 0.521
4225.000 0.523
4230.000 0.520
4235.000 0.524
4240.000 0.525
4245.000 0.528
4250.000 0.523
4255.000 0.524
4260.000 0.525
4265.000 0.527
4270.000 0.527
4275.000 0.525
4280.000 0.525
4285.000 0.524
4290.000 0.524
4295.000 0.528
4300.000 0.531
4305.000 0.530
4310.000 0.529
4315.000 0.533
4320.000 0.531
4325.000 0.531
4330.000 0.530
4335.000 0.526
4340.000 0.528
4345.000 0.528
4350.000 0.528
4355.000 0.525
4360.000 0.526
4365.000 0.531
4370.000 0.528
4375.000 0.528
4380.000 0.526
4385.000 0.529
4390.000 0.530
4395.000 0.527
4400.000 0.527
4405.000 0.524
4410.000 0.522
4415.000 0.524
4420.000 0.523
4425.000 0.520
4430.000 0.522
4435.000 0.519
4440.000 0.522
4445.000 0.521
4450.000 0.520
4455.000 0.521
4460.000 0.527
4465.000 0.522
4470.000 0.525
4475.000 0.520
4480.000 0.519
4485.000 0.523
4490.000 0.517
4495.000 0.518
4500.000 0.518
4505.000 0.518
4510.000 0.514
4515.000 0.513
4520.000 0.518
4525.000 0.518
4530.000 0.517
4535.000 0.520
4540.000 0.518
4545.000 0.520
4550.000 0.513
4555.000 0.518
4560.000 0.513
4565.000 0.511
4570.000 0.510
4575.000 0.508
4580.000 0.510
4585.000 0.512
4590.000 0.508
4595.000 0.509
4600.000 0.511
4605.000 0.511
4610.000 0.513
4615.000 0.512
4620.000 0.512
4625.000 0.512
4630.000 0.509
4635.000 0.507
4640.000 0.506
4645.000 0.505
4650.000 0.502
4655.000 0.504
4660.000 0.501
4665.000 0.504
4670.000 0.505
4675.000 0.503
4680.000 0.505
4685.000 0.502
4690.000 0.505
4695.000 0.501
4700.000 0.497
4705.000 0.498
4710.000 0.498
4715.000 0.496
4720.000 0.490
4725.000 0.492
4730.000 0.492
4735.000 0.488
4740.000 0.488
4745.000 0.494
4750.000 0.491
4755.000 0.489
4760.000 0.491
4765.000 0.490
4770.000 0.487
4775.000 0.488
4780.000 0.484
4785.000 0.477
4790.000 0.479
4795.000 0.477
4800.000 0.472
4805.000 0.473
4810.000 0.469
4815.000 0.470
4820.000 0.470
4825.000 0.471
4830.000 0.470
4835.000 0.472
4840.000 0.470
4845.000 0.467
4850.000 0.466
4855.000 0.464
4860.000 0.462
4865.000 0.459
4870.000 0.462
4875.000 0.464
4880.000 0.469
4885.000 0.473
4890.000 0.481
4895.000 0.491
4900.000 0.499
4905.000 0.514
4910.000 0.528
4915.000 0.560
4920.000 0.608
4925.000 0.655
4930.000 0.739
4935.000 0.831
4940.000 1.013
4945.000 1.232
4950.000 1.562
4955.000 1.882
4960.000 2.729
4965.000 4.330
4970.000 6.960
4975.000 5.841
4980.000 4.909
4985.000 5.361
4990.000 6.257
4995.000 2.411
5000.000 0.327
5005.000 0.718
5010.000 0.893
5015.000 0.940
5020.000 0.958
5025.000 0.956
5030.000 0.937
5035.000 0.927
5040.000 0.915
5045.000 0.891
5050.000 0.887
5055.000 0.874
5060.000 0.853
5065.000 0.851
5070.000 0.835
5075.000 0.824
5080.000 0.822
5085.000 0.812
5090.000 0.807
5095.000 0.797
5100.000 0.798
5105.000 0.793
5110.000 0.790
5115.000 0.785
5120.000 0.787
5125.000 0.783
5130.000 0.783
5135.000 0.773
5140.000 0.770
5145.000 0.772
5150.000 0.762
5155.000 0.763
5160.000 0.761
5165.000 0.757
5170.000 0.756
5175.000 0.754
5180.000 0.756
5185.000 0.757
5190.000 0.761
5195.000 0.756
5200.000 0.759
5205.000 0.754
5210.000 0.758
5215.000 0.754
5220.000 0.750
5225.000 0.748
5230.000 0.743
5235.000 0.745
5240.000 0.745
5245.000 0.746
5250.000 0.746
5255.000 0.747
5260.000 0.746
5265.000 0.746
5270.000 0.746
5275.000 0.748
5280.000 0.744
5285.000 0.742
5290.000 0.741
5295.000 0.734
5300.000 0.732
5305.000 0.734
5310.000 0.732
5315.000 0.727
5320.000 0.725
5325.000 0.732
5330.000 0.730
5335.000 0.731
5340.000 0.727
5345.000 0.729
5350.000 0.728
5355.000 0.723
5360.000 0.720
5365.000 0.720
5370.000 0.713
5375.000 0.711
5380.000 0.707
5385.000 0.709
5390.000 0.705
5395.000 0.705
5400.000 0.702
5405.000 0.700
5410.000 0.701
5415.000 0.697
5420.000 0.700
5425.000 0.694
5430.000 0.692
5435.000 0.686
5440.000 0.684
5445.000 0.682
5450.000 0.677
5455.000 0.673
5460.000 0.674
5465.000 0.669
5470.000 0.668
5475.000 0.667
5480.000 0.666
5485.000 0.662
5490.000 0.662
5495.000 0.663
5500.000 0.658
5505.000 0.657
5510.000 0.654
5515.000 0.651
5520.000 0.647
5525.000 0.641
5530.000 0.638
5535.000 0.635
5540.000 0.636
5545.000 0.634
5550.000 0.637
5555.000 0.637
5560.000 0.631
5565.000 0.632
5570.000 0.631
5575.000 0.629
5580.000 0.622
5585.000 0.621
5590.000 0.620
5595.000 0.618
5600.000 0.618
5605.000 0.615
5610.000 0.613
5615.000 0.611
5620.000 0.608
5625.000 0.607
5630.000 0.613
5635.000 0.610
5640.000 0.610
5645.000 0.605
5650.000 0.603
5655.000 0.602
5660.000 0.601
5665.000 0.603
5670.000 0.600
5675.000 0.596
5680.000 0.597
5685.000 0.597
5690.000 0.595
5695.000 0.593
5700.000 0.597
5705.000 0.600
5710.000 0.599
5715.000 0.596
5720.000 0.598
5725.000 0.593
5730.000 0.593
5735.000 0.590
5740.000 0.588
5745.000 0.588
5750.000 0.588
5755.000 0.588
5760.000 0.589
5765.000 0.590
5770.000 0.589
5775.000 0.592
5780.000 0.591
5785.000 0.593
5790.000 0.593
5795.000 0.596
5800.000 0.589
5805.000 0.587
5810.000 0.592
5815.000 0.586
5820.000 0.587
5825.000 0.584
5830.000 0.585
5835.000 0.586
5840.000 0.594
5845.000 0.590
5850.000 0.594
5855.000 0.599
5860.000 0.598
5865.000 0.601
5870.000 0.601
5875.000 0.599
5880.000 0.597
5885.000 0.607
5890.000 0.604
5895.000 0.608
5900.000 0.607
5905.000 0.613
5910.000 0.614
5915.000 0.620
5920.000 0.621
5925.000 0.626
5930.000 0.634
5935.000 0.635
5940.000 0.640
5945.000 0.644
5950.000 0.648
5955.000 0.643
5960.000 0.650
5965.000 0.664
5970.000 0.661
5975.000 0.667
5980.000 0.687
5985.000 0.690
5990.000 0.697
5995.000 0.697
6000.000 0.720
6005.000 0.724
6010.000 0.737
6015.000 0.738
6020.000 0.753
6025.000 0.763
6030.000 0.777
6035.000 0.784
6040.000 0.806
6045.000 0.826
6050.000 0.848
6055.000 0.850
6060.000 0.875
6065.000 0.899
6070.000 0.922
6075.000 0.952
6080.000 0.979
6085.000 1.007
6090.000 1.042
6095.000 1.075
6100.000 1.115
6105.000 1.159
6110.000 1.200
6115.000 1.229
6120.000 1.288
6125.000 1.351
6130.000 1.429
6135.000 1.511
6140.000 1.601
6145.000 1.708
6150.000 1.811
6155.000 1.959
6160.000 2.117
6165.000 2.312
6170.000 2.419
6175.000 2.660
6180.000 2.975
6185.000 3.331
6190.000 3.750
6195.000 4.407
6200.000 5.195
6205.000 6.285
6210.000 7.837
6215.000 9.768
6220.000 13.016
6225.000 16.315
6230.000 17.779
6235.000 16.848
6240.000 12.643
6245.000 9.471
6250.000 6.869
6255.000 5.986
6260.000 5.113
6265.000 4.500
6270.000 3.948
6275.000 3.502
6280.000 3.146
6285.000 2.757
6290.000 2.482
6295.000 2.359
6300.000 2.101
6305.000 1.938
6310.000 1.787
6315.000 1.652
6320.000 1.569
6325.000 1.469
6330.000 1.406
6335.000 1.334
6340.000 1.276
6345.000 1.237
6350.000 1.186
6355.000 1.150
6360.000 1.134
6365.000 1.094
6370.000 1.067
6375.000 1.037
6380.000 1.014
6385.000 0.990
6390.000 0.964
6395.000 0.938
6400.000 0.910
6405.000 0.890
6410.000 0.869
6415.000 0.856
6420.000 0.836
6425.000 0.817
6430.000 0.799
6435.000 0.784
6440.000 0.765
6445.000 0.747
6450.000 0.732
6455.000 0.714
6460.000 0.693
6465.000 0.670
6470.000 0.652
6475.000 0.643
6480.000 0.615
6485.000 0.592
6490.000 0.565
6495.000 0.543
6500.000 0.521
6505.000 0.497
6510.000 0.466
6515.000 0.448
6520.000 0.437
6525.000 0.442
6530.000 0.476
6535.000 0.571
6540.000 0.644
6545.000 0.907
6550.000 1.371
6555.000 2.101
6560.000 4.092
6565.000 7.644
6570.000 10.459
6575.000 2.003
6580.000 3.725
6585.000 1.867
6590.000 2.152
6595.000 1.816
6600.000 1.735
6605.000 1.600
6610.000 1.494
6615.000 1.414
6620.000 1.353
6625.000 1.293
6630.000 1.252
6635.000 1.212
6640.000 1.181
6645.000 1.157
6650.000 1.132
6655.000 1.109
6660.000 1.104
6665.000 1.081
6670.000 1.070
6675.000 1.055
6680.000 1.043
6685.000 1.027
6690.000 1.018
6695.000 1.008
6700.000 0.994
6705.000 0.984
6710.000 0.977
6715.000 0.963
6720.000 0.962
6725.000 0.954
6730.000 0.953
6735.000 0.948
6740.000 0.945
6745.000 0.942
6750.000 0.939
6755.000 0.932
6760.000 0.929
6765.000 0.921
6770.000 0.920
6775.000 0.906
6780.000 0.904
6785.000 0.904
6790.000 0.899
6795.000 0.901
6800.000 0.892
6805.000 0.899
6810.000 0.899
6815.000 0.899
6820.000 0.897
6825.000 0.895
6830.000 0.892
6835.000 0.891
6840.000 0.885
6845.000 0.883
6850.000 0.888
6855.000 0.880
6860.000 0.877
6865.000 0.876
6870.000 0.875
6875.000 0.874
6880.000 0.882
6885.000 0.882
6890.000 0.882
6895.000 0.885
6900.000 0.885
6905.000 0.886
6910.000 0.883
6915.000 0.880
6920.000 0.878
6925.000 0.879
6930.000 0.874
6935.000 0.879
6940.000 0.880
6945.000 0.882
6950.000 0.877
6955.000 0.884
6960.000 0.886
6965.000 0.896
6970.000 0.891
6975.000 0.896
6980.000 0.902
6985.000 0.891
6990.000 0.891
6995.000 0.898
7000.000 0.890
7005.000 0.896
7010.000 0.892
7015.000 0.909
7020.000 0.911
7025.000 0.903
7030.000 0.918
7035.000 0.912
7040.000 0.920
7045.000 0.931
7050.000 0.925
7055.000 0.927
7060.000 0.941
7065.000 0.935
7070.000 0.933
7075.000 0.939
7080.000 0.943
7085.000 0.944
7090.000 0.952
7095.000 0.958
7100.000 0.963
7105.000 0.975
7110.000 0.978
7115.000 0.982
7120.000 0.993
7125.000 0.994
7130.000 1.003
7135.000 1.008
7140.000 1.009
7145.000 1.020
7150.000 1.024
7155.000 1.030
7160.000 1.033
7165.000 1.044
7170.000 1.056
7175.000 1.065
7180.000 1.081
7185.000 1.093
7190.000 1.099
7195.000 1.113
7200.000 1.128
7205.000 1.133
7210.000 1.143
7215.000 1.154
7220.000 1.165
7225.000 1.177
7230.000 1.193
7235.000 1.210
7240.000 1.226
7245.000 1.247
7250.000 1.269
7255.000 1.291
7260.000 1.317
7265.000 1.339
7270.000 1.348
7275.000 1.377
7280.000 1.404
7285.000 1.425
7290.000 1.459
7295.000 1.483
7300.000 1.525
7305.000 1.560
7310.000 1.599
7315.000 1.651
7320.000 1.692
7325.000 1.759
7330.000 1.787
7335.000 1.842
7340.000 1.919
7345.000 1.993
7350.000 2.076
7355.000 2.172
7360.000 2.259
7365.000 2.391
7370.000 2.524
7375.000 2.663
7380.000 2.862
7385.000 3.046
7390.000 3.329
7395.000 3.476
7400.000 3.772
7405.000 4.265
7410.000 4.797
7415.000 5.477
7420.000 6.388
7425.000 7.418
7430.000 9.193
7435.000 11.118
7440.000 12.765
7445.000 13.324
7450.000 12.604
7455.000 10.112
7460.000 7.258
7465.000 5.429
7470.000 3.851
7475.000 3.462
7480.000 3.026
7485.000 2.745
7490.000 2.523
7495.000 2.266
7500.000 2.068
7505.000 1.896
7510.000 1.813
7515.000 1.676
7520.000 1.550
7525.000 1.442
7530.000 1.355
7535.000 1.259
7540.000 1.185
7545.000 1.109
7550.000 1.044
7555.000 0.993
7560.000 0.931
7565.000 0.885
7570.000 0.839
7575.000 0.820
7580.000 0.785
7585.000 0.750
7590.000 0.719
7595.000 0.694
7600.000 0.667
7605.000 0.639
7610.000 0.621
7615.000 0.597
7620.000 0.579
7625.000 0.559
7630.000 0.542
7635.000 0.523
7640.000 0.516
7645.000 0.502
7650.000 0.485
7655.000 0.472
7660.000 0.466
7665.000 0.454
7670.000 0.441
7675.000 0.436
7680.000 0.432
7685.000 0.430
7690.000 0.422
7695.000 0.418
7700.000 0.414
7705.000 0.404
7710.000 0.401
7715.000 0.388
7720.000 0.383
7725.000 0.379
7730.000 0.375
7735.000 0.371
7740.000 0.374
7745.000 0.369
7750.000 0.370
7755.000 0.372
7760.000 0.369
7765.000 0.372
7770.000 0.370
7775.000 0.367
7780.000 0.366
7785.000 0.362
7790.000 0.359
7795.000 0.357
7800.000 0.355
7805.000 0.354
7810.000 0.353
7815.000 0.354
7820.000 0.357
7825.000 0.356
7830.000 0.361
7835.000 0.366
7840.000 0.367
7845.000 0.368
7850.000 0.367
7855.000 0.368
7860.000 0.363
7865.000 0.367
7870.000 0.360
7875.000 0.361
7880.000 0.362
7885.000 0.364
7890.000 0.365
7895.000 0.367
7900.000 0.374
7905.000 0.375
7910.000 0.385
7915.000 0.388
7920.000 0.392
7925.000 0.394
7930.000 0.397
7935.000 0.396
7940.000 0.402
7945.000 0.402
7950.000 0.402
7955.000 0.409
7960.000 0.414
7965.000 0.424
7970.000 0.432
7975.000 0.444
7980.000 0.466
7985.000 0.476
7990.000 0.494
7995.000 0.523
8000.000 0.527
8005.000 0.554
8010.000 0.582
8015.000 0.635
8020.000 0.696
8025.000 0.760
8030.000 0.876
8035.000 1.018
8040.000 1.338
8045.000 1.794
8050.000 2.408
8055.000 2.976
8060.000 2.913
8065.000 3.584
8070.000 1.832
8075.000 0.907
8080.000 0.737
8085.000 0.720
8090.000 0.589
8095.000 0.508
8100.000 0.469
8105.000 0.427
8110.000 0.401
8115.000 0.388
8120.000 0.372
8125.000 0.362
8130.000 0.355
8135.000 0.343
8140.000 0.335
8145.000 0.327
8150.000 0.321
8155.000 0.311
8160.000 0.307
8165.000 0.303
8170.000 0.297
8175.000 0.297
8180.000 0.298
8185.000 0.296
8190.000 0.295
8195.000 0.298
8200.000 0.300
8205.000 0.298
8210.000 0.296
8215.000 0.297
8220.000 0.289
8225.000 0.290
8230.000 0.282
8235.000 0.279
8240.000 0.278
8245.000 0.278
8250.000 0.277
8255.000 0.275
8260.000 0.279
8265.000 0.279
8270.000 0.275
8275.000 0.280
8280.000 0.279
8285.000 0.279
8290.000 0.279
8295.000 0.272
8300.000 0.268
8305.000 0.268
8310.000 0.264
8315.000 0.258
8320.000 0.261
8325.000 0.257
8330.000 0.257
8335.000 0.258
8340.000 0.263
8345.000 0.257
8350.000 0.263
8355.000 0.257
8360.000 0.257
8365.000 0.254
8370.000 0.249
8375.000 0.245
8380.000 0.242
8385.000 0.241
8390.000 0.236
8395.000 0.236
8400.000 0.235
8405.000 0.240
8410.000 0.236
8415.000 0.239
8420.000 0.238
8425.000 0.239
8430.000 0.237
8435.000 0.235
8440.000 0.235
8445.000 0.229
8450.000 0.224
8455.000 0.224
8460.000 0.222
8465.000 0.226
8470.000 0.223
8475.000 0.223
8480.000 0.225
8485.000 0.226
8490.000 0.224
8495.000 0.223
8500.000 0.215
8505.000 0.207
8510.000 0.198
8515.000 0.197
8520.000 0.248
8525.000 0.404
8530.000 0.760
8535.000 1.784
8540.000 3.438
8545.000 3.031
8550.000 0.988
8555.000 1.279
8560.000 1.143
8565.000 1.318
8570.000 1.303
8575.000 1.358
8580.000 1.437
8585.000 1.564
8590.000 1.721
8595.000 1.888
8600.000 2.167
8605.000 2.461
8610.000 2.624
8615.000 3.133
8620.000 3.716
8625.000 4.409
8630.000 5.275
8635.000 5.936
8640.000 6.254
8645.000 5.805
8650.000 5.022
8655.000 4.269
8660.000 3.806
8665.000 3.533
8670.000 3.162
8675.000 2.793
8680.000 2.604
8685.000 2.613
8690.000 2.371
8695.000 2.088
8700.000 1.917
8705.000 1.752
8710.000 1.656
8715.000 1.552
8720.000 1.475
8725.000 1.423
8730.000 1.382
8735.000 1.328
8740.000 1.287
8745.000 1.237
8750.000 1.202
8755.000 1.153
8760.000 1.122
8765.000 1.095
8770.000 1.065
8775.000 1.041
8780.000 1.020
8785.000 0.998
8790.000 0.994
8795.000 0.976
8800.000 0.960
8805.000 0.951
8810.000 0.923
8815.000 0.911
8820.000 0.894
8825.000 0.877
8830.000 0.855
8835.000 0.848
8840.000 0.838
8845.000 0.834
8850.000 0.826
8855.000 0.821
8860.000 0.815
8865.000 0.807
8870.000 0.805
8875.000 0.800
8880.000 0.796
8885.000 0.784
8890.000 0.779
8895.000 0.764
8900.000 0.757
8905.000 0.753
8910.000 0.746
8915.000 0.740
8920.000 0.735
8925.000 0.733
8930.000 0.726
8935.000 0.733
8940.000 0.727
8945.000 0.724
8950.000 0.720
8955.000 0.718
8960.000 0.712
8965.000 0.702
8970.000 0.700
8975.000 0.690
8980.000 0.689
8985.000 0.688
8990.000 0.687
8995.000 0.677
9000.000 0.686
9005.000 0.681
9010.000 0.684
9015.000 0.673
9020.000 0.674
9025.000 0.676
9030.000 0.678
9035.000 0.678
9040.000 0.667
9045.000 0.661
9050.000 0.661
9055.000 0.656
9060.000 0.652
9065.000 0.649
9070.000 0.649
9075.000 0.649
9080.000 0.650
9085.000 0.647
9090.000 0.654
9095.000 0.654
9100.000 0.653
9105.000 0.647
9110.000 0.645
9115.000 0.638
9120.000 0.637
9125.000 0.636
9130.000 0.631
9135.000 0.628
9140.000 0.628
9145.000 0.627
9150.000 0.625
9155.000 0.633
9160.000 0.636
9165.000 0.631
9170.000 0.637
9175.000 0.632
9180.000 0.632
9185.000 0.629
9190.000 0.624
9195.000 0.618
9200.000 0.617
9205.000 0.616
9210.000 0.614
9215.000 0.613
9220.000 0.618
9225.000 0.618
9230.000 0.617
9235.000 0.626
9240.000 0.626
9245.000 0.626
9250.000 0.625
9255.000 0.625
9260.000 0.618
9265.000 0.617
9270.000 0.612
9275.000 0.613
9280.000 0.612
9285.000 0.611
9290.000 0.610
9295.000 0.611
9300.000 0.620
9305.000 0.618
9310.000 0.626
9315.000 0.622
9320.000 0.625
9325.000 0.623
9330.000 0.626
9335.000 0.621
9340.000 0.621
9345.000 0.619
9350.000 0.619
9355.000 0.617
9360.000 0.620
9365.000 0.625
9370.000 0.625
9375.000 0.632
9380.000 0.637
9385.000 0.641
9390.000 0.647
9395.000 0.649
9400.000 0.653
9405.000 0.654
9410.000 0.655
9415.000 0.660
9420.000 0.668
9425.000 0.676
9430.000 0.688
9435.000 0.710
9440.000 0.732
9445.000 0.777
9450.000 0.822
9455.000 0.898
9460.000 0.959
9465.000 1.133
9470.000 1.381
9475.000 1.870
9480.000 2.148
9485.000 1.773
9490.000 1.309
9495.000 0.478
9500.000 0.469
9505.000 0.509
9510.000 0.533
9515.000 0.528
9520.000 0.530
9525.000 0.534
9530.000 0.537
9535.000 0.544
9540.000 0.542
9545.000 0.546
9550.000 0.543
9555.000 0.544
9560.000 0.544
9565.000 0.543
9570.000 0.544
9575.000 0.541
9580.000 0.546
9585.000 0.551
9590.000 0.552
9595.000 0.556
9600.000 0.565
9605.000 0.565
9610.000 0.568
9615.000 0.570
9620.000 0.571
9625.000 0.567
9630.000 0.567
9635.000 0.562
9640.000 0.564
9645.000 0.564
9650.000 0.564
9655.000 0.570
9660.000 0.574
9665.000 0.581
9670.000 0.579
9675.000 0.590
9680.000 0.594
9685.000 0.593
9690.000 0.593
9695.000 0.595
9700.000 0.597
9705.000 0.596
9710.000 0.599
9715.000 0.593
9720.000 0.599
9725.000 0.600
9730.000 0.609
9735.000 0.611
9740.000 0.628
9745.000 0.631
9750.000 0.641
9755.000 0.648
9760.000 0.659
9765.000 0.659
9770.000 0.665
9775.000 0.675
9780.000 0.675
9785.000 0.690
9790.000 0.700
9795.000 0.710
9800.000 0.715
9805.000 0.722
9810.000 0.698
9815.000 0.662
9820.000 0.609
9825.000 0.596
9830.000 0.596
9835.000 0.623
9840.000 0.661
9845.000 0.693
9850.000 0.741
9855.000 0.776
9860.000 0.803
9865.000 0.795
9870.000 0.770
9875.000 0.726
9880.000 0.666
9885.000 0.524
9890.000 0.363
9895.000 0.293
9900.000 0.257
9905.000 0.252
9910.000 0.256
9915.000 0.275
9920.000 0.282
9925.000 0.292
9930.000 0.304
9935.000 0.309
9940.000 0.319
9945.000 0.326
9950.000 0.332
9955.000 0.340
9960.000 0.352
9965.000 0.360
9970.000 0.363
9975.000 0.374
9980.000 0.370
9985.000 0.375
9990.000 0.378
9995.000 0.372
10000.000 0.377
10005.000 0.378
10010.000 0.376
10015.000 0.371
10020.000 0.372
10025.000 0.372
10030.000 0.385
10035.000 0.376
10040.000 0.383
10045.000 0.386
10050.000 0.386
10055.000 0.386
10060.000 0.380
10065.000 0.370
10070.000 0.372
10075.000 0.364
10080.000 0.354
10085.000 0.354
10090.000 0.343
10095.000 0.337
10100.000 0.330
10105.000 0.326
10110.000 0.314
10115.000 0.306
10120.000 0.285
10125.000 0.267
10130.000 0.251
10135.000 0.211
10140.000 0.181
10145.000 0.096
10150.000 0.042
10155.000 0.151
10160.000 0.495
10165.000 1.065
10170.000 2.106
10175.000 2.626
10180.000 0.735
10185.000 1.512
10190.000 1.101
10195.000 0.950
10200.000 0.842
10205.000 0.781
10210.000 0.736
10215.000 0.708
10220.000 0.683
10225.000 0.666
10230.000 0.649
10235.000 0.637
10240.000 0.624
10245.000 0.623
10250.000 0.617
10255.000 0.611
10260.000 0.613
10265.000 0.603
10270.000 0.603
10275.000 0.598
10280.000 0.592
10285.000 0.583
10290.000 0.577
10295.000 0.572
10300.000 0.568
10305.000 0.565
10310.000 0.560
10315.000 0.562
10320.000 0.561
10325.000 0.563
10330.000 0.560
10335.000 0.562
10340.000 0.562
10345.000 0.564
10350.000 0.557
10355.000 0.557
10360.000 0.552
10365.000 0.549
10370.000 0.548
10375.000 0.542
10380.000 0.540
10385.000 0.541
10390.000 0.542
10395.000 0.543
10400.000 0.542
10405.000 0.545
10410.000 0.546
10415.000 0.547
10420.000 0.548
10425.000 0.543
10430.000 0.541
10435.000 0.540
10440.000 0.535
10445.000 0.532
10450.000 0.537
10455.000 0.533
10460.000 0.530
10465.000 0.531
10470.000 0.535
10475.000 0.534
10480.000 0.540
10485.000 0.538
10490.000 0.538
10495.000 0.538
10500.000 0.540
10505.000 0.534
10510.000 0.532
10515.000 0.532
10520.000 0.525
10525.000 0.524
10530.000 0.531
10535.000 0.528
10540.000 0.526
10545.000 0.531
10550.000 0.533
10555.000 0.530
10560.000 0.534
10565.000 0.536
10570.000 0.533
10575.000 0.535
10580.000 0.533
10585.000 0.524
10590.000 0.526
10595.000 0.518
10600.000 0.519
10605.000 0.522
10610.000 0.525
10615.000 0.522
10620.000 0.522
10625.000 0.529
10630.000 0.532
10635.000 0.532
10640.000 0.529
10645.000 0.528
10650.000 0.524
10655.000 0.523
10660.000 0.518
10665.000 0.518
10670.000 0.516
10675.000 0.513
10680.000 0.512
10685.000 0.512
10690.000 0.519
10695.000 0.516
10700.000 0.519
10705.000 0.517
10710.000 0.519
10715.000 0.514
10720.000 0.512
10725.000 0.504
10730.000 0.504
10735.000 0.502
10740.000 0.492
10745.000 0.493
10750.000 0.487
10755.000 0.483
10760.000 0.479
10765.000 0.478
10770.000 0.471
10775.000 0.465
10780.000 0.454
10785.000 0.443
10790.000 0.425
10795.000 0.411
10800.000 0.400
10805.000 0.375
10810.000 0.343
10815.000 0.313
10820.000 0.270
10825.000 0.256
10830.000 0.297
10835.000 0.500
10840.000 0.797
10845.000 1.326
10850.000 1.783
10855.000 1.855
10860.000 1.772
10865.000 1.618
10870.000 1.532
10875.000 1.221
10880.000 0.868
10885.000 0.842
10890.000 0.949
10895.000 0.973
10900.000 0.998
10905.000 1.005
10910.000 1.033
10915.000 1.042
10920.000 1.061
10925.000 1.097
10930.000 1.129
10935.000 1.163
10940.000 1.211
10945.000 1.257
10950.000 1.330
10955.000 1.407
10960.000 1.489
10965.000 1.605
10970.000 1.703
10975.000 1.822
10980.000 1.855
10985.000 1.870
10990.000 1.749
10995.000 1.517
11000.000 1.268
11005.000 0.964
11010.000 0.773
11015.000 0.556
11020.000 0.410
11025.000 0.313
11030.000 0.255
11035.000 0.239
11040.000 0.259
11045.000 0.342
11050.000 0.428
11055.000 0.572
11060.000 0.673
11065.000 0.734
11070.000 0.716
11075.000 0.679
11080.000 0.626
11085.000 0.591
11090.000 0.551
11095.000 0.522
11100.000 0.497
11105.000 0.485
11110.000 0.466
11115.000 0.456
11120.000 0.443
11125.000 0.437
11130.000 0.433
11135.000 0.426
11140.000 0.426
11145.000 0.421
11150.000 0.418
11155.000 0.411
11160.000 0.408
11165.000 0.407
11170.000 0.401
11175.000 0.397
11180.000 0.391
11185.000 0.392
11190.000 0.392
11195.000 0.393
11200.000 0.392
11205.000 0.396
11210.000 0.395
11215.000 0.399
11220.000 0.396
11225.000 0.399
11230.000 0.399
11235.000 0.391
11240.000 0.392
11245.000 0.390
11250.000 0.388
11255.000 0.388
11260.000 0.387
11265.000 0.383
11270.000 0.389
11275.000 0.391
11280.000 0.393
11285.000 0.396
11290.000 0.396
11295.000 0.397
11300.000 0.395
11305.000 0.396
11310.000 0.391
11315.000 0.393
11320.000 0.387
11325.000 0.385
11330.000 0.385
11335.000 0.388
11340.000 0.389
11345.000 0.393
11350.000 0.392
11355.000 0.393
11360.000 0.396
11365.000 0.398
11370.000 0.399
11375.000 0.397
11380.000 0.395
11385.000 0.396
11390.000 0.392
11395.000 0.394
11400.000 0.392
11405.000 0.395
11410.000 0.393
11415.000 0.395
11420.000 0.395
11425.000 0.397
11430.000 0.403
11435.000 0.400
11440.000 0.404
11445.000 0.404
11450.000 0.404
11455.000 0.401
11460.000 0.399
11465.000 0.403
11470.000 0.399
11475.000 0.400
11480.000 0.399
11485.000 0.400
11490.000 0.404
11495.000 0.400
11500.000 0.403
11505.000 0.410
11510.000 0.409
11515.000 0.413
11520.000 0.411
11525.000 0.413
11530.000 0.411
11535.000 0.409
11540.000 0.411
11545.000 0.409
11550.000 0.411
11555.000 0.410
11560.000 0.411
11565.000 0.413
11570.000 0.417
11575.000 0.419
11580.000 0.419
11585.000 0.423
11590.000 0.424
11595.000 0.427
11600.000 0.426
11605.000 0.426
11610.000 0.424
11615.000 0.426
11620.000 0.426
11625.000 0.430
11630.000 0.431
11635.000 0.438
11640.000 0.436
11645.000 0.439
11650.000 0.449
11655.000 0.453
11660.000 0.460
11665.000 0.467
11670.000 0.473
11675.000 0.481
11680.000 0.496
11685.000 0.501
11690.000 0.524
11695.000 0.545
11700.000 0.584
11705.000 0.635
11710.000 0.672
11715.000 0.728
11720.000 0.698
11725.000 0.421
11730.000 0.476
11735.000 0.393
11740.000 0.120
11745.000 0.132
11750.000 0.188
11755.000 0.220
11760.000 0.238
11765.000 0.253
11770.000 0.262
11775.000 0.271
11780.000 0.282
11790.000 0.293
11795.000 0.303
11800.000 0.308
11805.000 0.308
11810.000 0.310
11815.000 0.313
11820.000 0.311
11825.000 0.313
11830.000 0.313
11835.000 0.309
11840.000 0.312
11845.000 0.314
11850.000 0.313
11855.000 0.314
11860.000 0.316
11865.000 0.316
11870.000 0.317
11875.000 0.314
11880.000 0.317
11885.000 0.316
11890.000 0.313
11895.000 0.309
11900.000 0.308
11905.000 0.305
11910.000 0.303
11915.000 0.302
11920.000 0.302
11925.000 0.302
11930.000 0.300
11935.000 0.299
11940.000 0.300
11945.000 0.297
11950.000 0.296
11955.000 0.294
11960.000 0.292
11965.000 0.292
11970.000 0.286
11975.000 0.287
11980.000 0.281
11985.000 0.278
11990.000 0.281
11995.000 0.282
12000.000 0.279
