105.000 0.537
110.000 2.035
115.000 1.992
120.000 2.259
125.000 2.113
130.000 2.041
135.000 2.159
140.000 2.092
145.000 2.274
150.000 2.112
155.000 2.251
160.000 2.134
165.000 2.265
170.000 2.275
175.000 2.255
180.000 2.276
185.000 2.249
190.000 2.317
195.000 2.287
200.000 2.356
205.000 2.346
210.000 2.400
215.000 2.426
220.000 2.400
225.000 2.446
230.000 2.477
235.000 2.522
240.000 2.573
245.000 2.582
250.000 2.625
255.000 2.643
260.000 2.737
265.000 2.750
270.000 2.818
275.000 2.860
280.000 2.906
285.000 2.972
290.000 3.015
295.000 3.103
300.000 3.195
305.000 3.253
310.000 3.354
315.000 3.484
320.000 3.561
325.000 3.722
330.000 3.828
335.000 3.941
340.000 4.091
345.000 4.186
350.000 4.343
355.000 4.530
360.000 4.736
365.000 4.939
370.000 5.170
375.000 5.388
380.000 5.587
385.000 5.819
390.000 5.976
395.000 6.137
400.000 6.246
405.000 6.251
410.000 6.300
415.000 6.197
420.000 6.050
425.000 5.856
430.000 5.602
435.000 5.295
440.000 4.980
445.000 4.647
450.000 4.340
455.000 4.039
460.000 3.900
465.000 3.636
470.000 3.390
475.000 3.160
480.000 2.965
485.000 2.772
490.000 2.594
495.000 2.447
500.000 2.317
505.000 2.182
510.000 2.061
515.000 1.952
520.000 1.847
525.000 1.810
530.000 1.728
535.000 1.643
540.000 1.567
545.000 1.500
550.000 1.443
555.000 1.377
560.000 1.312
565.000 1.274
570.000 1.218
575.000 1.182
580.000 1.140
585.000 1.117
590.000 1.079
595.000 1.035
600.000 1.012
605.000 0.984
610.000 0.958
615.000 0.923
620.000 0.901
625.000 0.870
630.000 0.848
635.000 0.837
640.000 0.809
645.000 0.803
650.000 0.781
655.000 0.768
660.000 0.743
665.000 0.732
670.000 0.709
675.000 0.715
680.000 0.698
685.000 0.674
690.000 0.669
695.000 0.654
700.000 0.644
705.000 0.635
710.000 0.637
715.000 0.618
720.000 0.614
725.000 0.611
730.000 0.591
735.000 0.592
740.000 0.588
745.000 0.582
750.000 0.568
755.000 0.575
760.000 0.563
765.000 0.560
770.000 0.558
775.000 0.555
780.000 0.545
785.000 0.553
790.000 0.558
795.000 0.549
800.000 0.537
805.000 0.541
810.000 0.536
815.000 0.534
820.000 0.528
825.000 0.525
830.000 0.517
835.000 0.525
840.000 0.512
845.000 0.517
850.000 0.508
855.000 0.506
860.000 0.505
865.000 0.499
870.000 0.508
875.000 0.502
880.000 0.501
885.000 0.502
890.000 0.498
895.000 0.501
900.000 0.497
905.000 0.495
910.000 0.501
915.000 0.496
920.000 0.491
925.000 0.493
930.000 0.490
935.000 0.496
940.000 0.490
945.000 0.488
950.000 0.496
955.000 0.489
960.000 0.485
965.000 0.489
970.000 0.488
975.000 0.492
980.000 0.496
985.000 0.484
990.000 0.485
995.000 0.494
1000.000 0.482
1005.000 0.479
1010.000 0.477
1015.000 0.484
1020.000 0.493
1025.000 0.493
1030.000 0.486
1035.000 0.491
1040.000 0.489
1045.000 0.478
1050.000 0.493
1055.000 0.496
1060.000 0.492
1065.000 0.489
1070.000 0.490
1075.000 0.488
1080.000 0.495
1085.000 0.491
1090.000 0.490
1095.000 0.494
1100.000 0.491
1105.000 0.488
1110.000 0.496
1115.000 0.500
1120.000 0.495
1125.000 0.496
1130.000 0.498
1135.000 0.495
1140.000 0.493
1145.000 0.502
1150.000 0.497
1155.000 0.504
1160.000 0.500
1165.000 0.498
1170.000 0.504
1175.000 0.498
1180.000 0.508
1185.000 0.504
1190.000 0.508
1195.000 0.502
1200.000 0.503
1205.000 0.503
1210.000 0.507
1215.000 0.506
1220.000 0.505
1225.000 0.510
1230.000 0.511
1235.000 0.503
1240.000 0.513
1245.000 0.516
1250.000 0.513
1255.000 0.516
1260.000 0.515
1265.000 0.514
1270.000 0.518
1275.000 0.521
1280.000 0.520
1285.000 0.525
1290.000 0.523
1295.000 0.518
1300.000 0.523
1305.000 0.529
1310.000 0.525
1315.000 0.529
1320.000 0.527
1325.000 0.530
1330.000 0.534
1335.000 0.536
1340.000 0.544
1345.000 0.535
1350.000 0.540
1355.000 0.542
1360.000 0.540
1365.000 0.545
1370.000 0.547
1375.000 0.547
1380.000 0.547
1385.000 0.548
1390.000 0.553
1395.000 0.553
1400.000 0.554
1405.000 0.549
1410.000 0.558
1415.000 0.556
1420.000 0.556
1425.000 0.557
1430.000 0.555
1435.000 0.556
1440.000 0.551
1445.000 0.549
1450.000 0.547
1455.000 0.548
1460.000 0.545
1465.000 0.549
1470.000 0.544
1475.000 0.550
1480.000 0.556
1485.000 0.562
1490.000 0.572
1495.000 0.576
1500.000 0.582
1505.000 0.590
1510.000 0.594
1515.000 0.600
1520.000 0.606
1525.000 0.612
1530.000 0.621
1535.000 0.629
1540.000 0.635
1545.000 0.639
1550.000 0.652
1555.000 0.652
1560.000 0.655
1565.000 0.665
1570.000 0.677
1575.000 0.685
1580.000 0.686
1585.000 0.695
1590.000 0.703
1595.000 0.711
1600.000 0.721
1605.000 0.734
1610.000 0.737
1615.000 0.750
1620.000 0.748
1625.000 0.761
1630.000 0.772
1635.000 0.779
1640.000 0.794
1645.000 0.808
1650.000 0.813
1655.000 0.827
1660.000 0.839
1665.000 0.851
1670.000 0.869
1675.000 0.882
1680.000 0.897
1685.000 0.907
1690.000 0.920
1695.000 0.934
1700.000 0.956
1705.000 0.970
1710.000 0.988
1715.000 1.005
1720.000 1.024
1725.000 1.037
1730.000 1.064
1735.000 1.078
1740.000 1.091
1745.000 1.116
1750.000 1.136
1755.000 1.155
1760.000 1.178
1765.000 1.201
1770.000 1.224
1775.000 1.248
1780.000 1.268
1785.000 1.294
1790.000 1.316
1795.000 1.344
1800.000 1.359
1805.000 1.380
1810.000 1.404
1815.000 1.431
1820.000 1.448
1825.000 1.472
1830.000 1.489
1835.000 1.513
1840.000 1.526
1845.000 1.547
1850.000 1.562
1855.000 1.575
1860.000 1.588
1865.000 1.597
1870.000 1.605
1875.000 1.613
1880.000 1.623
1885.000 1.628
1890.000 1.633
1895.000 1.633
1900.000 1.632
1905.000 1.629
1910.000 1.625
1915.000 1.623
1920.000 1.616
1925.000 1.614
1930.000 1.608
1935.000 1.601
1940.000 1.589
1945.000 1.588
1950.000 1.569
1955.000 1.568
1960.000 1.554
1965.000 1.548
1970.000 1.533
1975.000 1.520
1980.000 1.521
1985.000 1.507
1990.000 1.503
1995.000 1.478
2000.000 1.482
2005.000 1.458
2010.000 1.462
2015.000 1.439
2020.000 1.437
2025.000 1.422
2030.000 1.426
2035.000 1.410
2040.000 1.410
2045.000 1.412
2050.000 1.396
2055.000 1.387
2060.000 1.382
2065.000 1.374
2070.000 1.367
2075.000 1.360
2080.000 1.361
2085.000 1.367
2090.000 1.365
2095.000 1.361
2100.000 1.364
2105.000 1.366
2110.000 1.360
2115.000 1.362
2120.000 1.366
2125.000 1.365
2130.000 1.371
2135.000 1.370
2140.000 1.380
2145.000 1.392
2150.000 1.398
2155.000 1.407
2160.000 1.425
2165.000 1.435
2170.000 1.445
2175.000 1.463
2180.000 1.483
2185.000 1.502
2190.000 1.526
2195.000 1.550
2200.000 1.580
2205.000 1.611
2210.000 1.646
2215.000 1.687
2220.000 1.731
2225.000 1.754
2230.000 1.820
2235.000 1.881
2240.000 1.958
2245.000 2.041
2250.000 2.155
2255.000 2.277
2260.000 2.420
2265.000 2.602
2270.000 2.838
2275.000 3.108
2280.000 3.488
2285.000 4.001
2290.000 4.279
2295.000 5.068
2300.000 5.999
2305.000 7.492
2310.000 13.153
2315.000 16.342
2320.000 6.545
2325.000 4.610
2330.000 3.376
2335.000 2.581
2340.000 2.080
2345.000 1.682
2350.000 1.528
2355.000 1.292
2360.000 1.093
2365.000 0.932
2370.000 0.806
2375.000 0.692
2380.000 0.602
2385.000 0.526
2390.000 0.464
2395.000 0.407
2400.000 0.357
2405.000 0.317
2410.000 0.281
2415.000 0.264
2420.000 0.240
2425.000 0.216
2430.000 0.202
2435.000 0.186
2440.000 0.180
2445.000 0.171
2450.000 0.167
2455.000 0.168
2460.000 0.171
2465.000 0.173
2470.000 0.172
2475.000 0.178
2480.000 0.178
2485.000 0.185
2490.000 0.188
2495.000 0.200
2500.000 0.206
2505.000 0.207
2510.000 0.207
2515.000 0.217
2520.000 0.226
2525.000 0.230
2530.000 0.232
2535.000 0.234
2540.000 0.238
2545.000 0.244
2550.000 0.243
2555.000 0.248
2560.000 0.253
2565.000 0.249
2570.000 0.254
2575.000 0.257
2580.000 0.259
2585.000 0.261
2590.000 0.259
2595.000 0.261
2600.000 0.266
2605.000 0.263
2610.000 0.268
2615.000 0.270
2620.000 0.271
2625.000 0.266
2630.000 0.269
2635.000 0.269
2640.000 0.267
2645.000 0.272
2650.000 0.268
2655.000 0.271
2660.000 0.267
2665.000 0.266
2670.000 0.264
2675.000 0.265
2680.000 0.266
2685.000 0.262
2690.000 0.263
2695.000 0.262
2700.000 0.259
2705.000 0.259
2710.000 0.260
2715.000 0.256
2720.000 0.258
2725.000 0.251
2730.000 0.247
2735.000 0.244
2740.000 0.242
2745.000 0.241
2750.000 0.238
2755.000 0.238
2760.000 0.235
2765.000 0.234
2770.000 0.233
2775.000 0.233
2780.000 0.227
2785.000 0.220
2790.000 0.223
2795.000 0.215
2800.000 0.214
2805.000 0.215
2810.000 0.211
2815.000 0.212
2820.000 0.206
2825.000 0.204
2830.000 0.202
2835.000 0.207
2840.000 0.205
2845.000 0.206
2850.000 0.203
2855.000 0.205
2860.000 0.207
2865.000 0.205
2870.000 0.205
2875.000 0.208
2880.000 0.208
2885.000 0.214
2890.000 0.215
2895.000 0.218
2900.000 0.218
2905.000 0.222
2910.000 0.226
2915.000 0.233
2920.000 0.238
2925.000 0.247
2930.000 0.250
2935.000 0.255
2940.000 0.258
2945.000 0.264
2950.000 0.276
2955.000 0.273
2960.000 0.274
2965.000 0.291
2970.000 0.292
2975.000 0.295
2980.000 0.312
2985.000 0.309
2990.000 0.317
2995.000 0.323
3000.000 0.337
3005.000 0.345
3010.000 0.339
3015.000 0.355
3020.000 0.349
3025.000 0.353
3030.000 0.371
3035.000 0.360
3040.000 0.370
3045.000 0.379
3050.000 0.383
3055.000 0.384
3060.000 0.397
3065.000 0.395
3070.000 0.402
3075.000 0.410
3080.000 0.410
3085.000 0.413
3090.000 0.418
3095.000 0.416
3100.000 0.420
3105.000 0.425
3110.000 0.428
3115.000 0.438
3120.000 0.436
3125.000 0.439
3130.000 0.444
3135.000 0.448
3140.000 0.451
3145.000 0.452
3150.000 0.455
3155.000 0.456
3160.000 0.460
3165.000 0.462
3170.000 0.459
3175.000 0.462
3180.000 0.465
3185.000 0.467
3190.000 0.469
3195.000 0.473
3200.000 0.474
3205.000 0.475
3210.000 0.479
3215.000 0.479
3220.000 0.483
3225.000 0.484
3230.000 0.487
3235.000 0.490
3240.000 0.487
3245.000 0.492
3250.000 0.490
3255.000 0.494
3260.000 0.496
3265.000 0.494
3270.000 0.495
3275.000 0.497
3280.000 0.499
3285.000 0.498
3290.000 0.503
3295.000 0.505
3300.000 0.511
3305.000 0.507
3310.000 0.511
3315.000 0.511
3320.000 0.517
3325.000 0.514
3330.000 0.515
3335.000 0.514
3340.000 0.517
3345.000 0.520
3350.000 0.519
3355.000 0.521
3360.000 0.525
3365.000 0.527
3370.000 0.527
3375.000 0.531
3380.000 0.533
3385.000 0.533
3390.000 0.534
3395.000 0.536
3400.000 0.538
3405.000 0.538
3410.000 0.539
3415.000 0.540
3420.000 0.546
3425.000 0.547
3430.000 0.545
3435.000 0.553
3440.000 0.555
3445.000 0.557
3450.000 0.557
3455.000 0.559
3460.000 0.564
3465.000 0.569
3470.000 0.566
3475.000 0.571
3480.000 0.576
3485.000 0.577
3490.000 0.577
3495.000 0.583
3500.000 0.595
3505.000 0.592
3510.000 0.600
3515.000 0.607
3520.000 0.607
3525.000 0.614
3530.000 0.622
3535.000 0.628
3540.000 0.634
3545.000 0.642
3550.000 0.649
3555.000 0.662
3560.000 0.669
3565.000 0.676
3570.000 0.690
3575.000 0.703
3580.000 0.720
3585.000 0.737
3590.000 0.757
3595.000 0.782
3600.000 0.802
3605.000 0.828
3610.000 0.860
3615.000 0.894
3620.000 0.941
3625.000 0.986
3630.000 1.013
3635.000 1.080
3640.000 1.153
3645.000 1.253
3650.000 1.365
3655.000 1.510
3660.000 1.705
3665.000 1.957
3670.000 2.354
3675.000 2.880
3680.000 3.678
3685.000 4.355
3690.000 6.138
3695.000 8.520
3700.000 9.101
3705.000 4.207
3710.000 3.744
3715.000 2.947
3720.000 2.509
3725.000 2.067
3730.000 1.809
3735.000 1.582
3740.000 1.422
3745.000 1.366
3750.000 1.243
3755.000 1.155
3760.000 1.084
3765.000 1.017
3770.000 0.968
3775.000 0.923
3780.000 0.883
3785.000 0.852
3790.000 0.823
3795.000 0.797
3800.000 0.775
3805.000 0.755
3810.000 0.750
3815.000 0.733
3820.000 0.719
3825.000 0.703
3830.000 0.693
3835.000 0.679
3840.000 0.675
3845.000 0.660
3850.000 0.654
3855.000 0.648
3860.000 0.639
3865.000 0.636
3870.000 0.628
3875.000 0.628
3880.000 0.623
3885.000 0.617
3890.000 0.612
3895.000 0.617
3900.000 0.605
3905.000 0.602
3910.000 0.601
3915.000 0.594
3920.000 0.593
3925.000 0.592
3930.000 0.592
3935.000 0.587
3940.000 0.589
3945.000 0.585
3950.000 0.578
3955.000 0.581
3960.000 0.578
3965.000 0.576
3970.000 0.574
3975.000 0.572
3980.000 0.579
3985.000 0.567
3990.000 0.582
3995.000 0.577
4000.000 0.564
4005.000 0.560
4010.000 0.562
4015.000 0.573
4020.000 0.574
4025.000 0.578
4030.000 0.566
4035.000 0.569
4040.000 0.569
4045.000 0.573
4050.000 0.566
4055.000 0.577
4060.000 0.569
4065.000 0.573
4070.000 0.570
4075.000 0.570
4080.000 0.567
4085.000 0.570
4090.000 0.571
4095.000 0.578
4100.000 0.573
4105.000 0.578
4110.000 0.578
4115.000 0.578
4120.000 0.578
4125.000 0.579
4130.000 0.576
4135.000 0.580
4140.000 0.578
4145.000 0.580
4150.000 0.577
4155.000 0.575
4160.000 0.579
4165.000 0.576
4170.000 0.580
4175.000 0.576
4180.000 0.579
4185.000 0.577
4190.000 0.578
4195.000 0.579
4200.000 0.580
4205.000 0.575
4210.000 0.572
4215.000 0.571
4220.000 0.568
4225.000 0.566
4230.000 0.566
4235.000 0.562
4240.000 0.558
4245.000 0.556
4250.000 0.554
4255.000 0.550
4260.000 0.549
4265.000 0.548
4270.000 0.544
4275.000 0.540
4280.000 0.539
4285.000 0.538
4290.000 0.539
4295.000 0.535
4300.000 0.535
4305.000 0.532
4310.000 0.536
4315.000 0.536
4320.000 0.536
4325.000 0.537
4330.000 0.536
4335.000 0.537
4340.000 0.538
4345.000 0.538
4350.000 0.535
4355.000 0.538
4360.000 0.536
4365.000 0.533
4370.000 0.530
4375.000 0.534
4380.000 0.534
4385.000 0.536
4390.000 0.540
4395.000 0.537
4400.000 0.541
4405.000 0.542
4410.000 0.542
4415.000 0.544
4420.000 0.544
4425.000 0.537
4430.000 0.539
4435.000 0.542
4440.000 0.541
4445.000 0.540
4450.000 0.539
4455.000 0.541
4460.000 0.543
4465.000 0.546
4470.000 0.542
4475.000 0.542
4480.000 0.550
4485.000 0.547
4490.000 0.547
4495.000 0.547
4500.000 0.548
4505.000 0.550
4510.000 0.545
4515.000 0.546
4520.000 0.550
4525.000 0.547
4530.000 0.547
4535.000 0.551
4540.000 0.548
4545.000 0.551
4550.000 0.556
4555.000 0.553
4560.000 0.558
4565.000 0.555
4570.000 0.556
4575.000 0.559
4580.000 0.560
4585.000 0.559
4590.000 0.557
4595.000 0.560
4600.000 0.562
4605.000 0.562
4610.000 0.564
4615.000 0.564
4620.000 0.570
4625.000 0.569
4630.000 0.572
4635.000 0.573
4640.000 0.574
4645.000 0.569
4650.000 0.576
4655.000 0.576
4660.000 0.582
4665.000 0.580
4670.000 0.584
4675.000 0.583
4680.000 0.587
4685.000 0.588
4690.000 0.594
4695.000 0.597
4700.000 0.602
4705.000 0.604
4710.000 0.608
4715.000 0.612
4720.000 0.615
4725.000 0.621
4730.000 0.624
4735.000 0.623
4740.000 0.630
4745.000 0.633
4750.000 0.645
4755.000 0.649
4760.000 0.657
4765.000 0.668
4770.000 0.674
4775.000 0.681
4780.000 0.691
4785.000 0.701
4790.000 0.713
4795.000 0.722
4800.000 0.733
4805.000 0.748
4810.000 0.761
4815.000 0.781
4820.000 0.802
4825.000 0.821
4830.000 0.842
4835.000 0.869
4840.000 0.891
4845.000 0.905
4850.000 0.938
4855.000 0.974
4860.000 1.016
4865.000 1.057
4870.000 1.101
4875.000 1.150
4880.000 1.210
4885.000 1.278
4890.000 1.349
4895.000 1.425
4900.000 1.523
4905.000 1.582
4910.000 1.689
4915.000 1.831
4920.000 1.974
4925.000 2.173
4930.000 2.394
4935.000 2.642
4940.000 2.997
4945.000 3.425
4950.000 3.998
4955.000 4.819
4960.000 5.953
4965.000 6.874
4970.000 9.292
4975.000 9.504
4980.000 4.251
4985.000 10.494
4990.000 13.699
4995.000 13.789
5000.000 9.652
5005.000 7.015
5010.000 5.716
5015.000 4.824
5020.000 4.187
5025.000 3.941
5030.000 3.513
5035.000 3.179
5040.000 2.935
5045.000 2.701
5050.000 2.520
5055.000 2.365
5060.000 2.239
5065.000 2.131
5070.000 2.027
5075.000 1.950
5080.000 1.863
5085.000 1.801
5090.000 1.773
5095.000 1.711
5100.000 1.666
5105.000 1.625
5110.000 1.581
5115.000 1.542
5120.000 1.514
5125.000 1.483
5130.000 1.459
5135.000 1.432
5140.000 1.409
5145.000 1.389
5150.000 1.380
5155.000 1.357
5160.000 1.337
5165.000 1.320
5170.000 1.307
5175.000 1.290
5180.000 1.279
5185.000 1.265
5190.000 1.254
5195.000 1.250
5200.000 1.237
5205.000 1.233
5210.000 1.229
5215.000 1.215
5220.000 1.210
5225.000 1.197
5230.000 1.191
5235.000 1.184
5240.000 1.173
5245.000 1.167
5250.000 1.159
5255.000 1.150
5260.000 1.146
5265.000 1.140
5270.000 1.137
5275.000 1.132
5280.000 1.125
5285.000 1.121
5290.000 1.116
5295.000 1.107
5300.000 1.103
5305.000 1.094
5310.000 1.084
5315.000 1.076
5320.000 1.071
5325.000 1.061
5330.000 1.062
5335.000 1.053
5340.000 1.051
5345.000 1.042
5350.000 1.037
5355.000 1.035
5360.000 1.030
5365.000 1.021
5370.000 1.016
5375.000 1.009
5380.000 0.998
5385.000 0.989
5390.000 0.982
5395.000 0.975
5400.000 0.969
5405.000 0.965
5410.000 0.956
5415.000 0.952
5420.000 0.947
5425.000 0.940
5430.000 0.935
5435.000 0.928
5440.000 0.923
5445.000 0.911
5450.000 0.909
5455.000 0.902
5460.000 0.888
5465.000 0.884
5470.000 0.877
5475.000 0.865
5480.000 0.861
5485.000 0.857
5490.000 0.850
5495.000 0.848
5500.000 0.842
5505.000 0.839
5510.000 0.833
5515.000 0.827
5520.000 0.821
5525.000 0.814
5530.000 0.805
5535.000 0.799
5540.000 0.788
5545.000 0.789
5550.000 0.783
5555.000 0.778
5560.000 0.772
5565.000 0.770
5570.000 0.766
5575.000 0.768
5580.000 0.764
5585.000 0.756
5590.000 0.754
5595.000 0.746
5600.000 0.742
5605.000 0.736
5610.000 0.729
5615.000 0.724
5620.000 0.719
5625.000 0.716
5630.000 0.716
5635.000 0.711
5640.000 0.712
5645.000 0.708
5650.000 0.707
5655.000 0.705
5660.000 0.699
5665.000 0.698
5670.000 0.689
5675.000 0.687
5680.000 0.681
5685.000 0.678
5690.000 0.677
5695.000 0.679
5700.000 0.669
5705.000 0.671
5710.000 0.666
5715.000 0.663
5720.000 0.668
5725.000 0.662
5730.000 0.659
5735.000 0.657
5740.000 0.653
5745.000 0.647
5750.000 0.643
5755.000 0.642
5760.000 0.639
5765.000 0.636
5770.000 0.637
5775.000 0.637
5780.000 0.635
5785.000 0.635
5790.000 0.635
5795.000 0.637
5800.000 0.636
5805.000 0.630
5810.000 0.634
5815.000 0.632
5820.000 0.631
5825.000 0.624
5830.000 0.624
5835.000 0.622
5840.000 0.620
5845.000 0.620
5850.000 0.622
5855.000 0.624
5860.000 0.624
5865.000 0.622
5870.000 0.625
5875.000 0.622
5880.000 0.625
5885.000 0.627
5890.000 0.618
5895.000 0.619
5900.000 0.613
5905.000 0.615
5910.000 0.615
5915.000 0.613
5920.000 0.614
5925.000 0.617
5930.000 0.620
5935.000 0.617
5940.000 0.617
5945.000 0.617
5950.000 0.627
5955.000 0.618
5960.000 0.624
5965.000 0.619
5970.000 0.622
5975.000 0.623
5980.000 0.620
5985.000 0.622
5990.000 0.624
5995.000 0.625
6000.000 0.629
6005.000 0.624
6010.000 0.633
6015.000 0.626
6020.000 0.638
6025.000 0.637
6030.000 0.634
6035.000 0.636
6040.000 0.637
6045.000 0.644
6050.000 0.642
6055.000 0.648
6060.000 0.652
6065.000 0.658
6070.000 0.663
6075.000 0.674
6080.000 0.679
6085.000 0.691
6090.000 0.697
6095.000 0.710
6100.000 0.723
6105.000 0.730
6110.000 0.742
6115.000 0.757
6120.000 0.774
6125.000 0.784
6130.000 0.804
6135.000 0.828
6140.000 0.861
6145.000 0.891
6150.000 0.930
6155.000 0.972
6160.000 1.014
6165.000 1.073
6170.000 1.141
6175.000 1.203
6180.000 1.256
6185.000 1.355
6190.000 1.469
6195.000 1.632
6200.000 1.805
6205.000 2.081
6210.000 2.415
6215.000 2.818
6220.000 3.471
6225.000 4.181
6230.000 4.758
6235.000 4.704
6240.000 4.483
6245.000 4.151
6250.000 2.967
6255.000 2.205
6260.000 1.669
6265.000 1.423
6270.000 1.277
6275.000 1.222
6280.000 1.199
6285.000 1.196
6290.000 1.197
6295.000 1.172
6300.000 1.160
6305.000 1.137
6310.000 1.104
6315.000 1.070
6320.000 1.035
6325.000 0.997
6330.000 0.967
6335.000 0.933
6340.000 0.903
6345.000 0.871
6350.000 0.847
6355.000 0.821
6360.000 0.794
6365.000 0.782
6370.000 0.762
6375.000 0.744
6380.000 0.729
6385.000 0.716
6390.000 0.701
6395.000 0.688
6400.000 0.673
6405.000 0.662
6410.000 0.648
6415.000 0.637
6420.000 0.631
6425.000 0.615
6430.000 0.603
6435.000 0.591
6440.000 0.583
6445.000 0.574
6450.000 0.565
6455.000 0.559
6460.000 0.550
6465.000 0.543
6470.000 0.535
6475.000 0.527
6480.000 0.515
6485.000 0.510
6490.000 0.501
6495.000 0.487
6500.000 0.474
6505.000 0.468
6510.000 0.459
6515.000 0.453
6520.000 0.449
6525.000 0.452
6530.000 0.463
6535.000 0.481
6540.000 0.522
6545.000 0.615
6550.000 0.695
6555.000 0.894
6560.000 1.456
6565.000 2.450
6570.000 4.091
6575.000 3.940
6580.000 3.673
6585.000 1.262
6590.000 1.722
6595.000 1.160
6600.000 1.115
6605.000 1.030
6610.000 1.012
6615.000 0.943
6620.000 0.903
6625.000 0.865
6630.000 0.834
6635.000 0.806
6640.000 0.780
6645.000 0.760
6650.000 0.743
6655.000 0.732
6660.000 0.717
6665.000 0.711
6670.000 0.701
6675.000 0.696
6680.000 0.687
6685.000 0.684
6690.000 0.677
6695.000 0.671
6700.000 0.663
6705.000 0.661
6710.000 0.649
6715.000 0.645
6720.000 0.638
6725.000 0.629
6730.000 0.626
6735.000 0.624
6740.000 0.622
6745.000 0.614
6750.000 0.619
6755.000 0.614
6760.000 0.614
6765.000 0.615
6770.000 0.612
6775.000 0.604
6780.000 0.600
6785.000 0.598
6790.000 0.591
6795.000 0.591
6800.000 0.591
6805.000 0.583
6810.000 0.587
6815.000 0.580
6820.000 0.580
6825.000 0.578
6830.000 0.581
6835.000 0.579
6840.000 0.581
6845.000 0.577
6850.000 0.575
6855.000 0.568
6860.000 0.568
6865.000 0.564
6870.000 0.560
6875.000 0.559
6880.000 0.557
6885.000 0.556
6890.000 0.556
6895.000 0.559
6900.000 0.558
6905.000 0.558
6910.000 0.558
6915.000 0.557
6920.000 0.555
6925.000 0.554
6930.000 0.551
6935.000 0.545
6940.000 0.542
6945.000 0.537
6950.000 0.540
6955.000 0.530
6960.000 0.534
6965.000 0.544
6970.000 0.542
6975.000 0.541
6980.000 0.538
6985.000 0.532
6990.000 0.529
6995.000 0.537
7000.000 0.524
7005.000 0.529
7010.000 0.514
7015.000 0.524
7020.000 0.519
7025.000 0.522
7030.000 0.506
7035.000 0.509
7040.000 0.515
7045.000 0.513
7050.000 0.516
7055.000 0.516
7060.000 0.514
7065.000 0.516
7070.000 0.516
7075.000 0.499
7080.000 0.504
7085.000 0.499
7090.000 0.496
7095.000 0.495
7100.000 0.491
7105.000 0.489
7110.000 0.486
7115.000 0.492
7120.000 0.490
7125.000 0.496
7130.000 0.493
7135.000 0.489
7140.000 0.484
7145.000 0.480
7150.000 0.481
7155.000 0.472
7160.000 0.469
7165.000 0.467
7170.000 0.463
7175.000 0.460
7180.000 0.461
7185.000 0.457
7190.000 0.457
7195.000 0.457
7200.000 0.458
7205.000 0.456
7210.000 0.451
7215.000 0.451
7220.000 0.445
7225.000 0.440
7230.000 0.432
7235.000 0.425
7240.000 0.425
7245.000 0.422
7250.000 0.417
7255.000 0.413
7260.000 0.413
7265.000 0.409
7270.000 0.408
7275.000 0.408
7280.000 0.404
7285.000 0.398
7290.000 0.393
7295.000 0.387
7300.000 0.381
7305.000 0.373
7310.000 0.367
7315.000 0.364
7320.000 0.360
7325.000 0.363
7330.000 0.360
7335.000 0.366
7340.000 0.367
7345.000 0.369
7350.000 0.374
7355.000 0.384
7360.000 0.393
7365.000 0.407
7370.000 0.430
7375.000 0.458
7380.000 0.504
7385.000 0.561
7390.000 0.638
7395.000 0.679
7400.000 0.767
7405.000 0.911
7410.000 1.080
7415.000 1.269
7420.000 1.596
7425.000 1.939
7430.000 2.572
7435.000 3.335
7440.000 4.189
7445.000 5.168
7450.000 5.333
7455.000 4.540
7460.000 4.030
7465.000 3.291
7470.000 2.606
7475.000 2.138
7480.000 1.872
7485.000 1.636
7490.000 1.483
7495.000 1.402
7500.000 1.350
7505.000 1.310
7510.000 1.263
7515.000 1.225
7520.000 1.205
7525.000 1.164
7530.000 1.138
7535.000 1.098
7540.000 1.074
7545.000 1.056
7550.000 1.030
7555.000 1.015
7560.000 0.997
7565.000 0.986
7570.000 0.973
7575.000 0.959
7580.000 0.946
7585.000 0.942
7590.000 0.926
7595.000 0.918
7600.000 0.903
7605.000 0.892
7610.000 0.880
7615.000 0.871
7620.000 0.864
7625.000 0.858
7630.000 0.850
7635.000 0.851
7640.000 0.849
7645.000 0.842
7650.000 0.840
7655.000 0.835
7660.000 0.828
7665.000 0.820
7670.000 0.816
7675.000 0.804
7680.000 0.801
7685.000 0.797
7690.000 0.791
7695.000 0.791
7700.000 0.789
7705.000 0.789
7710.000 0.786
7715.000 0.787
7720.000 0.785
7725.000 0.783
7730.000 0.778
7735.000 0.778
7740.000 0.767
7745.000 0.765
7750.000 0.763
7755.000 0.756
7760.000 0.755
7765.000 0.753
7770.000 0.754
7775.000 0.751
7780.000 0.753
7785.000 0.755
7790.000 0.752
7795.000 0.751
7800.000 0.751
7805.000 0.746
7810.000 0.743
7815.000 0.746
7820.000 0.736
7825.000 0.731
7830.000 0.729
7835.000 0.728
7840.000 0.722
7845.000 0.727
7850.000 0.724
7855.000 0.727
7860.000 0.728
7865.000 0.728
7870.000 0.726
7875.000 0.725
7880.000 0.726
7885.000 0.720
7890.000 0.717
7895.000 0.711
7900.000 0.707
7905.000 0.706
7910.000 0.701
7915.000 0.706
7920.000 0.702
7925.000 0.701
7930.000 0.698
7935.000 0.700
7940.000 0.697
7945.000 0.696
7950.000 0.695
7955.000 0.690
7960.000 0.683
7965.000 0.677
7970.000 0.670
7975.000 0.657
7980.000 0.656
7985.000 0.645
7990.000 0.633
7995.000 0.634
8000.000 0.614
8005.000 0.605
8010.000 0.589
8015.000 0.577
8020.000 0.545
8025.000 0.507
8030.000 0.439
8035.000 0.339
8040.000 0.172
8045.000 0.200
8050.000 0.847
8055.000 2.402
8060.000 4.925
8065.000 4.253
8070.000 1.687
8075.000 1.499
8080.000 1.134
8085.000 1.030
8090.000 0.929
8095.000 0.913
8100.000 0.924
8105.000 0.905
8110.000 0.897
8115.000 0.891
8120.000 0.879
8125.000 0.878
8130.000 0.875
8135.000 0.866
8140.000 0.866
8145.000 0.868
8150.000 0.868
8155.000 0.872
8160.000 0.869
8165.000 0.871
8170.000 0.868
8175.000 0.871
8180.000 0.866
8185.000 0.861
8190.000 0.862
8195.000 0.860
8200.000 0.860
8205.000 0.859
8210.000 0.864
8215.000 0.867
8220.000 0.871
8225.000 0.873
8230.000 0.878
8235.000 0.879
8240.000 0.887
8245.000 0.887
8250.000 0.885
8255.000 0.885
8260.000 0.888
8265.000 0.890
8270.000 0.890
8275.000 0.891
8280.000 0.894
8285.000 0.896
8290.000 0.905
8295.000 0.911
8300.000 0.922
8305.000 0.924
8310.000 0.930
8315.000 0.937
8320.000 0.942
8325.000 0.940
8330.000 0.945
8335.000 0.952
8340.000 0.950
8345.000 0.956
8350.000 0.963
8355.000 0.976
8360.000 0.983
8365.000 0.995
8370.000 0.999
8375.000 1.007
8380.000 1.022
8385.000 1.029
8390.000 1.043
8395.000 1.049
8400.000 1.057
8405.000 1.060
8410.000 1.075
8415.000 1.084
8420.000 1.095
8425.000 1.112
8430.000 1.123
8435.000 1.139
8440.000 1.158
8445.000 1.181
8450.000 1.202
8455.000 1.226
8460.000 1.251
8465.000 1.276
8470.000 1.301
8475.000 1.331
8480.000 1.358
8485.000 1.402
8490.000 1.438
8495.000 1.459
8500.000 1.522
8505.000 1.573
8510.000 1.670
8515.000 1.775
8520.000 1.899
8525.000 2.112
8530.000 2.414
8535.000 2.948
8540.000 3.898
8545.000 4.222
8550.000 1.268
8555.000 1.675
8560.000 1.176
8565.000 1.446
8570.000 1.409
8575.000 1.637
8580.000 1.816
8585.000 1.982
8590.000 2.204
8595.000 2.392
8600.000 2.689
8605.000 3.004
8610.000 3.328
8615.000 3.856
8620.000 4.170
8625.000 4.742
8630.000 5.629
8635.000 6.419
8640.000 7.117
8645.000 7.182
8650.000 6.604
8655.000 5.437
8660.000 4.615
8665.000 3.822
8670.000 3.312
8675.000 3.146
8680.000 2.484
8685.000 1.857
8690.000 1.393
8695.000 1.082
8700.000 1.025
8705.000 0.961
8710.000 0.903
8715.000 0.854
8720.000 0.789
8725.000 0.742
8730.000 0.686
8735.000 0.661
8740.000 0.622
8745.000 0.569
8750.000 0.531
8755.000 0.494
8760.000 0.459
8765.000 0.434
8770.000 0.407
8775.000 0.382
8780.000 0.365
8785.000 0.343
8790.000 0.330
8795.000 0.318
8800.000 0.308
8805.000 0.302
8810.000 0.286
8815.000 0.281
8820.000 0.245
8825.000 0.228
8830.000 0.206
8835.000 0.267
8840.000 0.245
8845.000 0.228
8850.000 0.225
8855.000 0.225
8860.000 0.225
8865.000 0.223
8870.000 0.224
8875.000 0.230
8880.000 0.235
8885.000 0.238
8890.000 0.238
8895.000 0.235
8900.000 0.240
8905.000 0.242
8910.000 0.240
8915.000 0.239
8920.000 0.242
8925.000 0.240
8930.000 0.242
8935.000 0.246
8940.000 0.254
8945.000 0.253
8950.000 0.261
8955.000 0.266
8960.000 0.269
8965.000 0.278
8970.000 0.277
8975.000 0.278
8980.000 0.276
8985.000 0.281
8990.000 0.285
8995.000 0.279
9000.000 0.285
9005.000 0.281
9010.000 0.290
9015.000 0.293
9020.000 0.298
9025.000 0.302
9030.000 0.312
9035.000 0.308
9040.000 0.314
9045.000 0.322
9050.000 0.319
9055.000 0.315
9060.000 0.322
9065.000 0.317
9070.000 0.319
9075.000 0.320
9080.000 0.323
9085.000 0.326
9090.000 0.329
9095.000 0.333
9100.000 0.338
9105.000 0.341
9110.000 0.347
9115.000 0.347
9120.000 0.351
9125.000 0.355
9130.000 0.350
9135.000 0.351
9140.000 0.355
9145.000 0.349
9150.000 0.355
9155.000 0.353
9160.000 0.356
9165.000 0.359
9170.000 0.365
9175.000 0.368
9180.000 0.371
9185.000 0.382
9190.000 0.383
9195.000 0.383
9200.000 0.383
9205.000 0.384
9210.000 0.383
9215.000 0.382
9220.000 0.380
9225.000 0.384
9230.000 0.385
9235.000 0.386
9240.000 0.389
9245.000 0.394
9250.000 0.403
9255.000 0.407
9260.000 0.413
9265.000 0.416
9270.000 0.417
9275.000 0.416
9280.000 0.421
9285.000 0.418
9290.000 0.418
9295.000 0.423
9300.000 0.420
9305.000 0.427
9310.000 0.431
9315.000 0.437
9320.000 0.444
9325.000 0.453
9330.000 0.462
9335.000 0.466
9340.000 0.474
9345.000 0.480
9350.000 0.480
9355.000 0.482
9360.000 0.490
9365.000 0.489
9370.000 0.500
9375.000 0.507
9380.000 0.521
9385.000 0.535
9390.000 0.551
9395.000 0.566
9400.000 0.580
9405.000 0.594
9410.000 0.620
9415.000 0.640
9420.000 0.666
9425.000 0.701
9430.000 0.728
9435.000 0.784
9440.000 0.827
9445.000 0.917
9450.000 1.022
9455.000 1.151
9460.000 1.394
9465.000 1.548
9470.000 1.902
9475.000 2.757
9480.000 3.775
9485.000 4.113
9490.000 1.662
9495.000 1.813
9500.000 0.730
9505.000 0.713
9510.000 0.517
9515.000 0.416
9520.000 0.343
9525.000 0.273
9530.000 0.247
9535.000 0.214
9540.000 0.172
9545.000 0.151
9550.000 0.126
9555.000 0.115
9560.000 0.100
9565.000 0.096
9570.000 0.094
9575.000 0.085
9580.000 0.084
9585.000 0.083
9590.000 0.086
9595.000 0.084
9600.000 0.090
9605.000 0.091
9610.000 0.094
9615.000 0.096
9620.000 0.094
9625.000 0.097
9630.000 0.097
9635.000 0.092
9640.000 0.086
9645.000 0.084
9650.000 0.079
9655.000 0.075
9660.000 0.070
9665.000 0.064
9670.000 0.058
9675.000 0.056
9680.000 0.053
9685.000 0.045
9690.000 0.047
9695.000 0.040
9700.000 0.029
9705.000 0.016
9710.000 0.013
9715.000 0.016
9720.000 0.034
9725.000 0.053
9730.000 0.074
9735.000 0.096
9740.000 0.116
9745.000 0.149
9750.000 0.180
9755.000 0.214
9760.000 0.256
9765.000 0.296
9770.000 0.330
9775.000 0.395
9780.000 0.468
9785.000 0.580
9790.000 0.707
9795.000 0.850
9800.000 1.058
9805.000 1.285
9810.000 1.604
9815.000 1.865
9820.000 2.027
9825.000 2.020
9830.000 1.867
9835.000 1.741
9840.000 1.502
9845.000 1.350
9850.000 1.170
9855.000 1.050
9860.000 0.950
9865.000 0.894
9870.000 0.886
9875.000 0.956
9880.000 1.035
9885.000 1.034
9890.000 0.994
9895.000 0.939
9900.000 0.897
9905.000 0.856
9910.000 0.840
9915.000 0.803
9920.000 0.783
9925.000 0.759
9930.000 0.741
9935.000 0.719
9940.000 0.698
9945.000 0.682
9950.000 0.676
9955.000 0.654
9960.000 0.642
9965.000 0.630
9970.000 0.618
9975.000 0.612
9980.000 0.604
9985.000 0.600
9990.000 0.595
9995.000 0.586
10000.000 0.588
10005.000 0.577
10010.000 0.568
10015.000 0.555
10020.000 0.549
10025.000 0.544
10030.000 0.534
10035.000 0.525
10040.000 0.522
10045.000 0.522
10050.000 0.513
10055.000 0.512
10060.000 0.509
10065.000 0.511
10070.000 0.503
10075.000 0.496
10080.000 0.495
10085.000 0.484
10090.000 0.482
10095.000 0.464
10100.000 0.461
10105.000 0.448
10110.000 0.438
10115.000 0.428
10120.000 0.419
10125.000 0.409
10130.000 0.403
10135.000 0.390
10140.000 0.369
10145.000 0.351
10150.000 0.308
10155.000 0.274
10160.000 0.184
10165.000 0.131
10170.000 0.301
10175.000 0.881
10180.000 1.125
10185.000 0.803
10190.000 1.339
10195.000 0.987
10200.000 0.853
10205.000 0.739
10210.000 0.693
10215.000 0.656
10220.000 0.647
10225.000 0.621
10230.000 0.607
10235.000 0.589
10240.000 0.579
10245.000 0.571
10250.000 0.557
10255.000 0.554
10260.000 0.551
10265.000 0.546
10270.000 0.537
10275.000 0.544
10280.000 0.537
10285.000 0.537
10290.000 0.536
10295.000 0.533
10300.000 0.527
10305.000 0.522
10310.000 0.516
10315.000 0.510
10320.000 0.510
10325.000 0.506
10330.000 0.498
10335.000 0.502
10340.000 0.498
10345.000 0.498
10350.000 0.502
10355.000 0.503
10360.000 0.500
10365.000 0.497
10370.000 0.498
10375.000 0.498
10380.000 0.490
10385.000 0.486
10390.000 0.483
10395.000 0.477
10400.000 0.477
10405.000 0.474
10410.000 0.473
10415.000 0.476
10420.000 0.475
10425.000 0.475
10430.000 0.481
10435.000 0.475
10440.000 0.475
10445.000 0.470
10450.000 0.470
10455.000 0.465
10460.000 0.459
10465.000 0.458
10470.000 0.452
10475.000 0.455
10480.000 0.452
10485.000 0.450
10490.000 0.452
10495.000 0.454
10500.000 0.456
10505.000 0.452
10510.000 0.456
10515.000 0.452
10520.000 0.452
10525.000 0.447
10530.000 0.446
10535.000 0.435
10540.000 0.431
10545.000 0.429
10550.000 0.427
10555.000 0.425
10560.000 0.429
10565.000 0.430
10570.000 0.427
10575.000 0.429
10580.000 0.428
10585.000 0.428
10590.000 0.426
10595.000 0.421
10600.000 0.414
10605.000 0.413
10610.000 0.409
10615.000 0.404
10620.000 0.401
10625.000 0.400
10630.000 0.397
10635.000 0.396
10640.000 0.395
10645.000 0.391
10650.000 0.395
10655.000 0.395
10660.000 0.391
10665.000 0.383
10670.000 0.381
10675.000 0.374
10680.000 0.366
10685.000 0.365
10690.000 0.358
10695.000 0.353
10700.000 0.347
10705.000 0.347
10710.000 0.336
10715.000 0.339
10720.000 0.332
10725.000 0.329
10730.000 0.323
10735.000 0.315
10740.000 0.310
10745.000 0.301
10750.000 0.293
10755.000 0.284
10760.000 0.269
10765.000 0.258
10770.000 0.242
10775.000 0.231
10780.000 0.218
10785.000 0.202
10790.000 0.191
10795.000 0.176
10800.000 0.161
10805.000 0.157
10810.000 0.149
10815.000 0.158
10820.000 0.186
10825.000 0.261
10830.000 0.340
10835.000 0.521
10840.000 0.743
10845.000 0.997
10850.000 1.457
10855.000 1.674
10860.000 1.668
10865.000 1.295
10870.000 1.020
10875.000 0.874
10880.000 1.083
10885.000 1.145
10890.000 0.900
10895.000 0.807
10900.000 0.706
10905.000 0.646
10910.000 0.601
10915.000 0.547
10920.000 0.517
10925.000 0.490
10930.000 0.448
10935.000 0.415
10940.000 0.377
10945.000 0.334
10950.000 0.296
10955.000 0.269
10960.000 0.265
10965.000 0.307
10970.000 0.400
10975.000 0.517
10980.000 0.746
10985.000 0.852
10990.000 1.043
10995.000 1.248
11000.000 1.327
11005.000 1.347
11010.000 1.299
11015.000 1.259
11020.000 1.185
11025.000 1.139
11030.000 1.068
11035.000 1.016
11040.000 0.951
11045.000 0.890
11050.000 0.857
11055.000 0.784
11060.000 0.689
11065.000 0.592
11070.000 0.474
11075.000 0.474
11080.000 0.522
11085.000 0.578
11090.000 0.601
11095.000 0.637
11100.000 0.655
11105.000 0.656
11110.000 0.667
11115.000 0.669
11120.000 0.673
11125.000 0.675
11130.000 0.672
11135.000 0.670
11140.000 0.671
11145.000 0.672
11150.000 0.673
11155.000 0.675
11160.000 0.675
11165.000 0.678
11170.000 0.678
11175.000 0.673
11180.000 0.671
11185.000 0.669
11190.000 0.666
11195.000 0.661
11200.000 0.660
11205.000 0.656
11210.000 0.654
11215.000 0.653
11220.000 0.654
11225.000 0.653
11230.000 0.653
11235.000 0.655
11240.000 0.657
11245.000 0.656
11250.000 0.655
11255.000 0.651
11260.000 0.648
11265.000 0.643
11270.000 0.647
11275.000 0.639
11280.000 0.639
11285.000 0.639
11290.000 0.639
11295.000 0.636
11300.000 0.639
11305.000 0.640
11310.000 0.641
11315.000 0.641
11320.000 0.640
11325.000 0.640
11330.000 0.638
11335.000 0.638
11340.000 0.632
11345.000 0.628
11350.000 0.628
11355.000 0.628
11360.000 0.628
11365.000 0.629
11370.000 0.627
11375.000 0.627
11380.000 0.630
11385.000 0.627
11390.000 0.631
11395.000 0.631
11400.000 0.628
11405.000 0.621
11410.000 0.626
11415.000 0.619
11420.000 0.617
11425.000 0.619
11430.000 0.615
11435.000 0.616
11440.000 0.617
11445.000 0.615
11450.000 0.616
11455.000 0.623
11460.000 0.619
11465.000 0.619
11470.000 0.619
11475.000 0.618
11480.000 0.615
11485.000 0.612
11490.000 0.611
11495.000 0.608
11500.000 0.605
11505.000 0.607
11510.000 0.607
11515.000 0.607
11520.000 0.610
11525.000 0.609
11530.000 0.610
11535.000 0.611
11540.000 0.611
11545.000 0.611
11550.000 0.610
11555.000 0.608
11560.000 0.604
11565.000 0.603
11570.000 0.603
11575.000 0.598
11580.000 0.597
11585.000 0.601
11590.000 0.601
11595.000 0.599
11600.000 0.603
11605.000 0.603
11610.000 0.604
11615.000 0.603
11620.000 0.603
11625.000 0.597
11630.000 0.596
11635.000 0.593
11640.000 0.593
11645.000 0.591
11650.000 0.586
11655.000 0.588
11660.000 0.583
11665.000 0.585
11670.000 0.583
11675.000 0.580
11680.000 0.574
11685.000 0.570
11690.000 0.562
11695.000 0.547
11700.000 0.535
11705.000 0.503
11710.000 0.468
11715.000 0.454
11720.000 0.492
11725.000 0.787
11730.000 1.159
11735.000 1.066
11740.000 0.782
11745.000 0.507
11750.000 0.643
11755.000 0.659
11760.000 0.664
11765.000 0.664
11770.000 0.663
11775.000 0.663
11780.000 0.662
11785.000 0.660
11790.000 0.655
11795.000 0.658
11800.000 0.660
11805.000 0.659
11810.000 0.662
11815.000 0.663
11820.000 0.669
11825.000 0.673
11830.000 0.669
11835.000 0.671
11840.000 0.675
11845.000 0.672
11850.000 0.673
11855.000 0.673
11860.000 0.676
11865.000 0.677
11870.000 0.680
11875.000 0.686
11880.000 0.686
11885.000 0.693
11890.000 0.699
11895.000 0.701
11900.000 0.707
11905.000 0.709
11910.000 0.714
11915.000 0.717
11920.000 0.720
11925.000 0.723
11930.000 0.732
11935.000 0.734
11940.000 0.742
11945.000 0.750
11950.000 0.759
11955.000 0.766
11960.000 0.773
11965.000 0.782
11970.000 0.795
11975.000 0.811
11980.000 0.824
11985.000 0.837
11990.000 0.850
11995.000 0.871
12000.000 0.885
