105.000 1.865
110.000 4.834
115.000 4.362
120.000 2.264
125.000 3.827
130.000 2.211
135.000 2.641
140.000 2.112
145.000 2.115
150.000 2.417
155.000 2.155
160.000 2.162
165.000 2.273
170.000 2.175
175.000 2.192
180.000 2.276
185.000 2.269
190.000 2.277
195.000 2.265
200.000 2.307
205.000 2.310
210.000 2.347
215.000 2.367
220.000 2.404
225.000 2.439
230.000 2.460
235.000 2.486
240.000 2.517
245.000 2.566
250.000 2.602
255.000 2.651
260.000 2.671
265.000 2.729
270.000 2.760
275.000 2.825
280.000 2.871
285.000 2.937
290.000 3.013
295.000 3.062
300.000 3.160
305.000 3.239
310.000 3.319
315.000 3.439
320.000 3.540
325.000 3.664
330.000 3.791
335.000 3.848
340.000 3.989
345.000 4.170
350.000 4.346
355.000 4.515
360.000 4.704
365.000 4.918
370.000 5.144
375.000 5.362
380.000 5.573
385.000 5.798
390.000 5.972
395.000 6.047
400.000 6.179
405.000 6.240
410.000 6.268
415.000 6.193
420.000 6.054
425.000 5.868
430.000 5.592
435.000 5.292
440.000 4.988
445.000 4.659
450.000 4.346
455.000 4.076
460.000 3.946
465.000 3.671
470.000 3.413
475.000 3.191
480.000 2.987
485.000 2.799
490.000 2.628
495.000 2.491
500.000 2.330
505.000 2.212
510.000 2.070
515.000 2.021
520.000 1.923
525.000 1.816
530.000 1.740
535.000 1.660
540.000 1.587
545.000 1.512
550.000 1.453
555.000 1.390
560.000 1.330
565.000 1.283
570.000 1.240
575.000 1.216
580.000 1.164
585.000 1.125
590.000 1.098
595.000 1.061
600.000 1.024
605.000 1.006
610.000 0.966
615.000 0.934
620.000 0.919
625.000 0.886
630.000 0.860
635.000 0.840
640.000 0.826
645.000 0.808
650.000 0.798
655.000 0.768
660.000 0.755
665.000 0.741
670.000 0.732
675.000 0.711
680.000 0.697
685.000 0.680
690.000 0.675
695.000 0.657
700.000 0.649
705.000 0.637
710.000 0.646
715.000 0.628
720.000 0.625
725.000 0.614
730.000 0.614
735.000 0.590
740.000 0.586
745.000 0.590
750.000 0.579
755.000 0.569
760.000 0.565
765.000 0.562
770.000 0.561
775.000 0.554
780.000 0.544
785.000 0.551
790.000 0.547
795.000 0.546
800.000 0.551
805.000 0.538
810.000 0.533
815.000 0.523
820.000 0.527
825.000 0.516
830.000 0.518
835.000 0.517
840.000 0.506
845.000 0.505
850.000 0.507
855.000 0.507
860.000 0.502
865.000 0.505
870.000 0.508
875.000 0.503
880.000 0.501
885.000 0.500
890.000 0.495
895.000 0.490
900.000 0.498
905.000 0.491
910.000 0.489
915.000 0.494
920.000 0.489
925.000 0.482
930.000 0.480
935.000 0.490
940.000 0.487
945.000 0.490
950.000 0.487
955.000 0.481
960.000 0.488
965.000 0.489
970.000 0.485
975.000 0.482
980.000 0.486
985.000 0.479
990.000 0.479
995.000 0.486
1000.000 0.480
1005.000 0.476
1010.000 0.475
1015.000 0.491
1020.000 0.484
1025.000 0.485
1030.000 0.474
1035.000 0.481
1040.000 0.482
1045.000 0.481
1050.000 0.476
1055.000 0.481
1060.000 0.483
1065.000 0.482
1070.000 0.478
1075.000 0.478
1080.000 0.484
1085.000 0.483
1090.000 0.488
1095.000 0.485
1100.000 0.489
1105.000 0.485
1110.000 0.488
1115.000 0.488
1120.000 0.487
1125.000 0.487
1130.000 0.488
1135.000 0.489
1140.000 0.489
1145.000 0.493
1150.000 0.493
1155.000 0.495
1160.000 0.494
1165.000 0.496
1170.000 0.498
1175.000 0.495
1180.000 0.498
1185.000 0.499
1190.000 0.498
1195.000 0.498
1200.000 0.502
1205.000 0.503
1210.000 0.503
1215.000 0.499
1220.000 0.501
1225.000 0.505
1230.000 0.513
1235.000 0.503
1240.000 0.508
1245.000 0.509
1250.000 0.511
1255.000 0.511
1260.000 0.511
1265.000 0.516
1270.000 0.517
1275.000 0.519
1280.000 0.518
1285.000 0.520
1290.000 0.522
1295.000 0.523
1300.000 0.527
1305.000 0.524
1310.000 0.526
1315.000 0.528
1320.000 0.532
1325.000 0.534
1330.000 0.537
1335.000 0.536
1340.000 0.539
1345.000 0.538
1350.000 0.541
1355.000 0.546
1360.000 0.546
1365.000 0.549
1370.000 0.551
1375.000 0.554
1380.000 0.554
1385.000 0.559
1390.000 0.560
1395.000 0.566
1400.000 0.562
1405.000 0.563
1410.000 0.560
1415.000 0.563
1420.000 0.565
1425.000 0.566
1430.000 0.564
1435.000 0.563
1440.000 0.561
1445.000 0.561
1450.000 0.557
1455.000 0.553
1460.000 0.552
1465.000 0.557
1470.000 0.562
1475.000 0.567
1480.000 0.571
1485.000 0.578
1490.000 0.586
1495.000 0.592
1500.000 0.599
1505.000 0.612
1510.000 0.620
1515.000 0.627
1520.000 0.639
1525.000 0.642
1530.000 0.658
1535.000 0.668
1540.000 0.675
1545.000 0.684
1550.000 0.688
1555.000 0.697
1560.000 0.707
1565.000 0.716
1570.000 0.726
1575.000 0.741
1580.000 0.747
1585.000 0.762
1590.000 0.774
1595.000 0.784
1600.000 0.795
1605.000 0.807
1610.000 0.814
1615.000 0.823
1620.000 0.841
1625.000 0.855
1630.000 0.869
1635.000 0.887
1640.000 0.899
1645.000 0.911
1650.000 0.929
1655.000 0.946
1660.000 0.965
1665.000 0.986
1670.000 1.004
1675.000 1.013
1680.000 1.034
1685.000 1.056
1690.000 1.080
1695.000 1.100
1700.000 1.120
1705.000 1.145
1710.000 1.172
1715.000 1.197
1720.000 1.226
1725.000 1.249
1730.000 1.281
1735.000 1.294
1740.000 1.327
1745.000 1.357
1750.000 1.389
1755.000 1.420
1760.000 1.455
1765.000 1.486
1770.000 1.518
1775.000 1.549
1780.000 1.583
1785.000 1.620
1790.000 1.641
1795.000 1.670
1800.000 1.707
1805.000 1.741
1810.000 1.775
1815.000 1.813
1820.000 1.846
1825.000 1.875
1830.000 1.900
1835.000 1.928
1840.000 1.952
1845.000 1.983
1850.000 2.001
1855.000 2.011
1860.000 2.035
1865.000 2.058
1870.000 2.073
1875.000 2.088
1880.000 2.099
1885.000 2.113
1890.000 2.115
1895.000 2.118
1900.000 2.126
1905.000 2.126
1910.000 2.126
1915.000 2.120
1920.000 2.123
1925.000 2.115
1930.000 2.115
1935.000 2.109
1940.000 2.106
1945.000 2.099
1950.000 2.084
1955.000 2.075
1960.000 2.067
1965.000 2.065
1970.000 2.049
1975.000 2.031
1980.000 2.033
1985.000 2.018
1990.000 2.017
1995.000 1.994
2000.000 1.992
2005.000 1.975
2010.000 1.977
2015.000 1.956
2020.000 1.957
2025.000 1.945
2030.000 1.949
2035.000 1.938
2040.000 1.932
2045.000 1.936
2050.000 1.921
2055.000 1.918
2060.000 1.921
2065.000 1.912
2070.000 1.910
2075.000 1.915
2080.000 1.915
2085.000 1.921
2090.000 1.924
2095.000 1.935
2100.000 1.939
2105.000 1.944
2110.000 1.956
2115.000 1.972
2120.000 1.978
2125.000 1.990
2130.000 2.000
2135.000 2.017
2140.000 2.038
2145.000 2.055
2150.000 2.083
2155.000 2.108
2160.000 2.121
2165.000 2.157
2170.000 2.190
2175.000 2.227
2180.000 2.266
2185.000 2.316
2190.000 2.368
2195.000 2.425
2200.000 2.492
2205.000 2.561
2210.000 2.640
2215.000 2.727
2220.000 2.827
2225.000 2.886
2230.000 3.007
2235.000 3.140
2240.000 3.311
2245.000 3.519
2250.000 3.742
2255.000 4.026
2260.000 4.351
2265.000 4.786
2270.000 5.321
2275.000 6.001
2280.000 6.478
2285.000 7.625
2290.000 9.247
2295.000 11.913
2300.000 15.736
2305.000 19.732
2310.000 20.280
2315.000 19.737
2320.000 10.865
2325.000 7.821
2330.000 5.923
2335.000 4.763
2340.000 4.337
2345.000 3.595
2350.000 3.079
2355.000 2.679
2360.000 2.336
2365.000 2.061
2370.000 1.821
2375.000 1.631
2380.000 1.465
2385.000 1.319
2390.000 1.199
2395.000 1.082
2400.000 0.989
2405.000 0.946
2410.000 0.857
2415.000 0.782
2420.000 0.721
2425.000 0.655
2430.000 0.599
2435.000 0.552
2440.000 0.505
2445.000 0.462
2450.000 0.423
2455.000 0.388
2460.000 0.354
2465.000 0.340
2470.000 0.312
2475.000 0.286
2480.000 0.262
2485.000 0.238
2490.000 0.218
2495.000 0.205
2500.000 0.188
2505.000 0.171
2510.000 0.160
2515.000 0.153
2520.000 0.147
2525.000 0.144
2530.000 0.136
2535.000 0.134
2540.000 0.132
2545.000 0.134
2550.000 0.133
2555.000 0.135
2560.000 0.139
2565.000 0.143
2570.000 0.152
2575.000 0.159
2580.000 0.163
2585.000 0.169
2590.000 0.177
2595.000 0.186
2600.000 0.190
2605.000 0.196
2610.000 0.203
2615.000 0.215
2620.000 0.221
2625.000 0.228
2630.000 0.234
2635.000 0.243
2640.000 0.251
2645.000 0.255
2650.000 0.262
2655.000 0.270
2660.000 0.276
2665.000 0.280
2670.000 0.292
2675.000 0.304
2680.000 0.307
2685.000 0.315
2690.000 0.326
2695.000 0.329
2700.000 0.339
2705.000 0.347
2710.000 0.352
2715.000 0.364
2720.000 0.371
2725.000 0.381
2730.000 0.385
2735.000 0.396
2740.000 0.401
2745.000 0.412
2750.000 0.426
2755.000 0.437
2760.000 0.442
2765.000 0.449
2770.000 0.459
2775.000 0.467
2780.000 0.477
2785.000 0.488
2790.000 0.497
2795.000 0.505
2800.000 0.515
2805.000 0.523
2810.000 0.537
2815.000 0.545
2820.000 0.559
2825.000 0.562
2830.000 0.573
2835.000 0.585
2840.000 0.595
2845.000 0.603
2850.000 0.615
2855.000 0.618
2860.000 0.627
2865.000 0.638
2870.000 0.649
2875.000 0.658
2880.000 0.669
2885.000 0.680
2890.000 0.685
2895.000 0.692
2900.000 0.697
2905.000 0.711
2910.000 0.721
2915.000 0.725
2920.000 0.729
2925.000 0.737
2930.000 0.744
2935.000 0.752
2940.000 0.763
2945.000 0.767
2950.000 0.766
2955.000 0.778
2960.000 0.785
2965.000 0.783
2970.000 0.800
2975.000 0.799
2980.000 0.806
2985.000 0.804
2990.000 0.801
2995.000 0.816
3000.000 0.803
3005.000 0.809
3010.000 0.812
3015.000 0.833
3020.000 0.825
3025.000 0.834
3030.000 0.839
3035.000 0.839
3040.000 0.842
3045.000 0.836
3050.000 0.845
3055.000 0.846
3060.000 0.839
3065.000 0.849
3070.000 0.852
3075.000 0.848
3080.000 0.846
3085.000 0.847
3090.000 0.849
3095.000 0.853
3100.000 0.853
3105.000 0.859
3110.000 0.859
3115.000 0.860
3120.000 0.861
3125.000 0.862
3130.000 0.867
3135.000 0.867
3140.000 0.865
3145.000 0.868
3150.000 0.870
3155.000 0.869
3160.000 0.872
3165.000 0.873
3170.000 0.877
3175.000 0.878
3180.000 0.881
3185.000 0.885
3190.000 0.884
3195.000 0.886
3200.000 0.884
3205.000 0.891
3210.000 0.890
3215.000 0.893
3220.000 0.901
3225.000 0.899
3230.000 0.902
3235.000 0.908
3240.000 0.909
3245.000 0.913
3250.000 0.917
3255.000 0.914
3260.000 0.920
3265.000 0.930
3270.000 0.930
3275.000 0.931
3280.000 0.939
3285.000 0.942
3290.000 0.945
3295.000 0.953
3300.000 0.959
3305.000 0.962
3310.000 0.965
3315.000 0.971
3320.000 0.976
3325.000 0.983
3330.000 0.992
3335.000 0.993
3340.000 1.002
3345.000 1.010
3350.000 1.015
3355.000 1.023
3360.000 1.030
3365.000 1.037
3370.000 1.049
3375.000 1.050
3380.000 1.061
3385.000 1.073
3390.000 1.082
3395.000 1.091
3400.000 1.103
3405.000 1.115
3410.000 1.126
3415.000 1.137
3420.000 1.154
3425.000 1.165
3430.000 1.178
3435.000 1.189
3440.000 1.202
3445.000 1.220
3450.000 1.234
3455.000 1.249
3460.000 1.275
3465.000 1.290
3470.000 1.314
3475.000 1.335
3480.000 1.356
3485.000 1.385
3490.000 1.410
3495.000 1.417
3500.000 1.448
3505.000 1.477
3510.000 1.509
3515.000 1.543
3520.000 1.577
3525.000 1.618
3530.000 1.656
3535.000 1.701
3540.000 1.742
3545.000 1.792
3550.000 1.847
3555.000 1.878
3560.000 1.933
3565.000 1.996
3570.000 2.063
3575.000 2.142
3580.000 2.221
3585.000 2.307
3590.000 2.411
3595.000 2.513
3600.000 2.644
3605.000 2.775
3610.000 2.923
3615.000 3.102
3620.000 3.190
3625.000 3.386
3630.000 3.634
3635.000 3.890
3640.000 4.231
3645.000 4.613
3650.000 5.050
3655.000 5.641
3660.000 6.293
3665.000 7.263
3670.000 8.484
3675.000 10.048
3680.000 11.250
3685.000 14.151
3690.000 18.336
3695.000 25.964
3700.000 33.668
3705.000 32.603
3710.000 21.044
3715.000 14.788
3720.000 11.125
3725.000 9.145
3730.000 7.533
3735.000 6.495
3740.000 6.143
3745.000 5.391
3750.000 4.838
3755.000 4.401
3760.000 4.012
3765.000 3.711
3770.000 3.432
3775.000 3.200
3780.000 3.011
3785.000 2.822
3790.000 2.673
3795.000 2.528
3800.000 2.459
3805.000 2.350
3810.000 2.235
3815.000 2.139
3820.000 2.057
3825.000 1.969
3830.000 1.895
3835.000 1.826
3840.000 1.763
3845.000 1.707
3850.000 1.649
3855.000 1.603
3860.000 1.554
3865.000 1.531
3870.000 1.494
3875.000 1.449
3880.000 1.414
3885.000 1.375
3890.000 1.349
3895.000 1.316
3900.000 1.284
3905.000 1.258
3910.000 1.231
3915.000 1.204
3920.000 1.184
3925.000 1.169
3930.000 1.145
3935.000 1.131
3940.000 1.111
3945.000 1.094
3950.000 1.074
3955.000 1.063
3960.000 1.047
3965.000 1.019
3970.000 1.012
3975.000 0.998
3980.000 0.984
3985.000 0.976
3990.000 0.958
3995.000 0.954
4000.000 0.932
4005.000 0.925
4010.000 0.911
4015.000 0.918
4020.000 0.893
4025.000 0.895
4030.000 0.877
4035.000 0.875
4040.000 0.863
4045.000 0.855
4050.000 0.856
4055.000 0.850
4060.000 0.834
4065.000 0.827
4070.000 0.813
4075.000 0.811
4080.000 0.800
4085.000 0.792
4090.000 0.787
4095.000 0.788
4100.000 0.776
4105.000 0.776
4110.000 0.763
4115.000 0.763
4120.000 0.757
4125.000 0.743
4130.000 0.735
4135.000 0.726
4140.000 0.722
4145.000 0.717
4150.000 0.707
4155.000 0.705
4160.000 0.698
4165.000 0.694
4170.000 0.691
4175.000 0.687
4180.000 0.682
4185.000 0.674
4190.000 0.666
4195.000 0.662
4200.000 0.654
4205.000 0.647
4210.000 0.643
4215.000 0.636
4220.000 0.629
4225.000 0.627
4230.000 0.626
4235.000 0.622
4240.000 0.625
4245.000 0.626
4250.000 0.623
4255.000 0.629
4260.000 0.633
4265.000 0.630
4270.000 0.631
4275.000 0.636
4280.000 0.633
4285.000 0.631
4290.000 0.635
4295.000 0.639
4300.000 0.641
4305.000 0.643
4310.000 0.641
4315.000 0.648
4320.000 0.649
4325.000 0.651
4330.000 0.648
4335.000 0.651
4340.000 0.647
4345.000 0.645
4350.000 0.648
4355.000 0.647
4360.000 0.645
4365.000 0.644
4370.000 0.644
4375.000 0.644
4380.000 0.649
4385.000 0.645
4390.000 0.647
4395.000 0.646
4400.000 0.649
4405.000 0.649
4410.000 0.646
4415.000 0.647
4420.000 0.649
4425.000 0.644
4430.000 0.645
4435.000 0.641
4440.000 0.645
4445.000 0.649
4450.000 0.644
4455.000 0.646
4460.000 0.645
4465.000 0.646
4470.000 0.649
4475.000 0.650
4480.000 0.649
4485.000 0.650
4490.000 0.648
4495.000 0.650
4500.000 0.644
4505.000 0.648
4510.000 0.649
4515.000 0.645
4520.000 0.647
4525.000 0.651
4530.000 0.654
4535.000 0.655
4540.000 0.655
4545.000 0.655
4550.000 0.657
4555.000 0.657
4560.000 0.657
4565.000 0.660
4570.000 0.661
4575.000 0.658
4580.000 0.658
4585.000 0.658
4590.000 0.660
4595.000 0.662
4600.000 0.667
4605.000 0.666
4610.000 0.666
4615.000 0.672
4620.000 0.676
4625.000 0.676
4630.000 0.679
4635.000 0.680
4640.000 0.680
4645.000 0.684
4650.000 0.680
4655.000 0.680
4660.000 0.685
4665.000 0.690
4670.000 0.694
4675.000 0.692
4680.000 0.699
4685.000 0.703
4690.000 0.707
4695.000 0.712
4700.000 0.716
4705.000 0.718
4710.000 0.720
4715.000 0.723
4720.000 0.726
4725.000 0.728
4730.000 0.733
4735.000 0.736
4740.000 0.744
4745.000 0.749
4750.000 0.758
4755.000 0.762
4760.000 0.770
4765.000 0.778
4770.000 0.788
4775.000 0.789
4780.000 0.801
4785.000 0.806
4790.000 0.814
4795.000 0.824
4800.000 0.831
4805.000 0.843
4810.000 0.854
4815.000 0.865
4820.000 0.878
4825.000 0.898
4830.000 0.912
4835.000 0.917
4840.000 0.931
4845.000 0.954
4850.000 0.971
4855.000 0.990
4860.000 1.013
4865.000 1.036
4870.000 1.064
4875.000 1.086
4880.000 1.122
4885.000 1.152
4890.000 1.196
4895.000 1.242
4900.000 1.262
4905.000 1.313
4910.000 1.372
4915.000 1.430
4920.000 1.507
4925.000 1.575
4930.000 1.671
4935.000 1.768
4940.000 1.867
4945.000 1.989
4950.000 2.053
4955.000 2.076
4960.000 1.955
4965.000 2.397
4970.000 7.477
4975.000 13.083
4980.000 9.005
4985.000 10.980
4990.000 12.237
4995.000 8.552
5000.000 5.711
5005.000 4.459
5010.000 3.434
5015.000 3.121
5020.000 2.658
5025.000 2.228
5030.000 1.965
5035.000 1.727
5040.000 1.542
5045.000 1.403
5050.000 1.274
5055.000 1.180
5060.000 1.086
5065.000 1.023
5070.000 0.960
5075.000 0.896
5080.000 0.880
5085.000 0.836
5090.000 0.797
5095.000 0.766
5100.000 0.728
5105.000 0.704
5110.000 0.678
5115.000 0.659
5120.000 0.641
5125.000 0.620
5130.000 0.608
5135.000 0.599
5140.000 0.590
5145.000 0.578
5150.000 0.566
5155.000 0.559
5160.000 0.553
5165.000 0.543
5170.000 0.535
5175.000 0.527
5180.000 0.520
5185.000 0.517
5190.000 0.510
5195.000 0.506
5200.000 0.505
5205.000 0.505
5210.000 0.499
5215.000 0.498
5220.000 0.499
5225.000 0.496
5230.000 0.495
5235.000 0.495
5240.000 0.495
5245.000 0.492
5250.000 0.489
5255.000 0.493
5260.000 0.493
5265.000 0.492
5270.000 0.495
5275.000 0.496
5280.000 0.497
5285.000 0.499
5290.000 0.501
5295.000 0.504
5300.000 0.508
5305.000 0.503
5310.000 0.508
5315.000 0.509
5320.000 0.507
5325.000 0.510
5330.000 0.513
5335.000 0.513
5340.000 0.513
5345.000 0.519
5350.000 0.522
5355.000 0.521
5360.000 0.527
5365.000 0.529
5370.000 0.536
5375.000 0.534
5380.000 0.539
5385.000 0.535
5390.000 0.536
5395.000 0.537
5400.000 0.538
5405.000 0.539
5410.000 0.542
5415.000 0.546
5420.000 0.549
5425.000 0.552
5430.000 0.554
5435.000 0.558
5440.000 0.562
5445.000 0.559
5450.000 0.560
5455.000 0.561
5460.000 0.559
5465.000 0.562
5470.000 0.564
5475.000 0.564
5480.000 0.560
5485.000 0.567
5490.000 0.570
5495.000 0.571
5500.000 0.570
5505.000 0.575
5510.000 0.574
5515.000 0.576
5520.000 0.578
5525.000 0.579
5530.000 0.576
5535.000 0.578
5540.000 0.573
5545.000 0.578
5550.000 0.574
5555.000 0.580
5560.000 0.580
5565.000 0.582
5570.000 0.582
5575.000 0.583
5580.000 0.582
5585.000 0.586
5590.000 0.588
5595.000 0.588
5600.000 0.588
5605.000 0.587
5610.000 0.587
5615.000 0.587
5620.000 0.587
5625.000 0.585
5630.000 0.585
5635.000 0.589
5640.000 0.588
5645.000 0.588
5650.000 0.594
5655.000 0.593
5660.000 0.596
5665.000 0.598
5670.000 0.591
5675.000 0.590
5680.000 0.590
5685.000 0.588
5690.000 0.592
5695.000 0.587
5700.000 0.591
5705.000 0.586
5710.000 0.589
5715.000 0.594
5720.000 0.593
5725.000 0.601
5730.000 0.596
5735.000 0.600
5740.000 0.600
5745.000 0.601
5750.000 0.599
5755.000 0.597
5760.000 0.601
5765.000 0.599
5770.000 0.603
5775.000 0.601
5780.000 0.604
5785.000 0.607
5790.000 0.612
5795.000 0.611
5800.000 0.613
5805.000 0.616
5810.000 0.619
5815.000 0.614
5820.000 0.617
5825.000 0.613
5830.000 0.614
5835.000 0.616
5840.000 0.616
5845.000 0.617
5850.000 0.620
5855.000 0.623
5860.000 0.625
5865.000 0.629
5870.000 0.628
5875.000 0.632
5880.000 0.636
5885.000 0.636
5890.000 0.640
5895.000 0.638
5900.000 0.639
5905.000 0.639
5910.000 0.641
5915.000 0.640
5920.000 0.644
5925.000 0.651
5930.000 0.655
5935.000 0.656
5940.000 0.662
5945.000 0.669
5950.000 0.670
5955.000 0.680
5960.000 0.683
5965.000 0.677
5970.000 0.686
5975.000 0.689
5980.000 0.682
5985.000 0.696
5990.000 0.683
5995.000 0.692
6000.000 0.706
6005.000 0.714
6010.000 0.723
6015.000 0.714
6020.000 0.719
6025.000 0.726
6030.000 0.743
6035.000 0.736
6040.000 0.749
6045.000 0.747
6050.000 0.746
6055.000 0.748
6060.000 0.753
6065.000 0.764
6070.000 0.774
6075.000 0.777
6080.000 0.791
6085.000 0.796
6090.000 0.808
6095.000 0.813
6100.000 0.827
6105.000 0.837
6110.000 0.846
6115.000 0.854
6120.000 0.862
6125.000 0.869
6130.000 0.885
6135.000 0.900
6140.000 0.917
6145.000 0.932
6150.000 0.949
6155.000 0.977
6160.000 0.996
6165.000 1.023
6170.000 1.050
6175.000 1.063
6180.000 1.093
6185.000 1.126
6190.000 1.156
6195.000 1.197
6200.000 1.231
6205.000 1.252
6210.000 1.260
6215.000 1.206
6220.000 0.937
6225.000 0.442
6230.000 0.505
6235.000 2.111
6240.000 3.658
6245.000 4.014
6250.000 2.208
6255.000 1.813
6260.000 1.705
6265.000 1.713
6270.000 1.719
6275.000 1.717
6280.000 1.689
6285.000 1.619
6290.000 1.542
6295.000 1.500
6300.000 1.391
6305.000 1.315
6310.000 1.216
6315.000 1.138
6320.000 1.072
6325.000 1.001
6330.000 0.947
6335.000 0.891
6340.000 0.847
6345.000 0.815
6350.000 0.776
6355.000 0.765
6360.000 0.741
6365.000 0.711
6370.000 0.696
6375.000 0.680
6380.000 0.664
6385.000 0.650
6390.000 0.635
6395.000 0.623
6400.000 0.611
6405.000 0.605
6410.000 0.594
6415.000 0.587
6420.000 0.586
6425.000 0.582
6430.000 0.579
6435.000 0.580
6440.000 0.581
6445.000 0.578
6450.000 0.584
6455.000 0.585
6460.000 0.591
6465.000 0.592
6470.000 0.600
6475.000 0.599
6480.000 0.608
6485.000 0.622
6490.000 0.636
6495.000 0.657
6500.000 0.683
6505.000 0.726
6510.000 0.762
6515.000 0.812
6520.000 0.889
6525.000 0.973
6530.000 1.113
6535.000 1.299
6540.000 1.393
6545.000 1.778
6550.000 2.320
6555.000 3.165
6560.000 5.390
6565.000 8.968
6570.000 11.610
6575.000 3.756
6580.000 3.254
6585.000 1.822
6590.000 1.928
6595.000 1.515
6600.000 1.438
6605.000 1.299
6610.000 1.164
6615.000 1.084
6620.000 1.020
6625.000 0.961
6630.000 0.921
6635.000 0.877
6640.000 0.846
6645.000 0.816
6650.000 0.794
6655.000 0.775
6660.000 0.761
6665.000 0.753
6670.000 0.740
6675.000 0.731
6680.000 0.720
6685.000 0.714
6690.000 0.704
6695.000 0.692
6700.000 0.682
6705.000 0.678
6710.000 0.668
6715.000 0.659
6720.000 0.657
6725.000 0.655
6730.000 0.649
6735.000 0.644
6740.000 0.644
6745.000 0.642
6750.000 0.643
6755.000 0.642
6760.000 0.636
6765.000 0.635
6770.000 0.635
6775.000 0.623
6780.000 0.622
6785.000 0.621
6790.000 0.615
6795.000 0.612
6800.000 0.612
6805.000 0.612
6810.000 0.608
6815.000 0.612
6820.000 0.611
6825.000 0.614
6830.000 0.612
6835.000 0.610
6840.000 0.610
6845.000 0.609
6850.000 0.605
6855.000 0.600
6860.000 0.600
6865.000 0.598
6870.000 0.596
6875.000 0.597
6880.000 0.602
6885.000 0.602
6890.000 0.604
6895.000 0.606
6900.000 0.601
6905.000 0.604
6910.000 0.602
6915.000 0.604
6920.000 0.602
6925.000 0.602
6930.000 0.600
6935.000 0.594
6940.000 0.593
6945.000 0.590
6950.000 0.595
6955.000 0.593
6960.000 0.606
6965.000 0.599
6970.000 0.606
6975.000 0.608
6980.000 0.611
6985.000 0.598
6990.000 0.602
6995.000 0.602
7000.000 0.602
7005.000 0.597
7010.000 0.590
7015.000 0.604
7020.000 0.602
7025.000 0.597
7030.000 0.601
7035.000 0.603
7040.000 0.603
7045.000 0.610
7050.000 0.612
7055.000 0.612
7060.000 0.609
7065.000 0.616
7070.000 0.612
7075.000 0.607
7080.000 0.613
7085.000 0.607
7090.000 0.608
7095.000 0.612
7100.000 0.615
7105.000 0.616
7110.000 0.618
7115.000 0.626
7120.000 0.626
7125.000 0.630
7130.000 0.632
7135.000 0.632
7140.000 0.630
7145.000 0.632
7150.000 0.628
7155.000 0.629
7160.000 0.634
7165.000 0.633
7170.000 0.639
7175.000 0.639
7180.000 0.647
7185.000 0.649
7190.000 0.659
7195.000 0.661
7200.000 0.663
7205.000 0.663
7210.000 0.668
7215.000 0.666
7220.000 0.670
7225.000 0.674
7230.000 0.672
7235.000 0.679
7240.000 0.684
7245.000 0.689
7250.000 0.696
7255.000 0.705
7260.000 0.711
7265.000 0.716
7270.000 0.724
7275.000 0.732
7280.000 0.742
7285.000 0.745
7290.000 0.752
7295.000 0.757
7300.000 0.771
7305.000 0.777
7310.000 0.794
7315.000 0.807
7320.000 0.820
7325.000 0.840
7330.000 0.848
7335.000 0.876
7340.000 0.894
7345.000 0.915
7350.000 0.949
7355.000 0.978
7360.000 1.008
7365.000 1.047
7370.000 1.082
7375.000 1.140
7380.000 1.200
7385.000 1.286
7390.000 1.372
7395.000 1.426
7400.000 1.552
7405.000 1.718
7410.000 1.895
7415.000 2.203
7420.000 2.580
7425.000 3.042
7430.000 3.790
7435.000 4.596
7440.000 5.486
7445.000 5.700
7450.000 5.453
7455.000 4.330
7460.000 3.232
7465.000 2.214
7470.000 1.014
7475.000 0.236
7480.000 0.297
7485.000 0.401
7490.000 0.440
7495.000 0.450
7500.000 0.450
7505.000 0.442
7510.000 0.439
7515.000 0.434
7520.000 0.430
7525.000 0.425
7530.000 0.426
7535.000 0.422
7540.000 0.423
7545.000 0.424
7550.000 0.420
7555.000 0.425
7560.000 0.425
7565.000 0.424
7570.000 0.425
7575.000 0.423
7580.000 0.420
7585.000 0.420
7590.000 0.418
7595.000 0.419
7600.000 0.420
7605.000 0.426
7610.000 0.426
7615.000 0.429
7620.000 0.438
7625.000 0.438
7630.000 0.441
7635.000 0.440
7640.000 0.443
7645.000 0.441
7650.000 0.445
7655.000 0.444
7660.000 0.438
7665.000 0.443
7670.000 0.440
7675.000 0.443
7680.000 0.446
7685.000 0.453
7690.000 0.455
7695.000 0.457
7700.000 0.465
7705.000 0.463
7710.000 0.467
7715.000 0.470
7720.000 0.472
7725.000 0.470
7730.000 0.469
7735.000 0.466
7740.000 0.467
7745.000 0.470
7750.000 0.471
7755.000 0.473
7760.000 0.479
7765.000 0.487
7770.000 0.484
7775.000 0.494
7780.000 0.497
7785.000 0.498
7790.000 0.503
7795.000 0.500
7800.000 0.496
7805.000 0.501
7810.000 0.500
7815.000 0.499
7820.000 0.501
7825.000 0.504
7830.000 0.507
7835.000 0.513
7840.000 0.523
7845.000 0.524
7850.000 0.533
7855.000 0.539
7860.000 0.543
7865.000 0.543
7870.000 0.548
7875.000 0.547
7880.000 0.547
7885.000 0.556
7890.000 0.554
7895.000 0.566
7900.000 0.572
7905.000 0.577
7910.000 0.588
7915.000 0.599
7920.000 0.615
7925.000 0.625
7930.000 0.632
7935.000 0.651
7940.000 0.654
7945.000 0.657
7950.000 0.678
7955.000 0.687
7960.000 0.703
7965.000 0.732
7970.000 0.747
7975.000 0.773
7980.000 0.809
7985.000 0.844
7990.000 0.887
7995.000 0.909
8000.000 0.979
8005.000 1.043
8010.000 1.132
8015.000 1.253
8020.000 1.380
8025.000 1.582
8030.000 1.875
8035.000 2.306
8040.000 3.082
8045.000 4.300
8050.000 6.495
8055.000 7.815
8060.000 6.536
8065.000 3.453
8070.000 1.988
8075.000 1.744
8080.000 1.064
8085.000 1.017
8090.000 0.821
8095.000 0.719
8100.000 0.621
8105.000 0.564
8110.000 0.519
8115.000 0.475
8120.000 0.458
8125.000 0.434
8130.000 0.406
8135.000 0.390
8140.000 0.372
8145.000 0.361
8150.000 0.351
8155.000 0.339
8160.000 0.329
8165.000 0.316
8170.000 0.314
8175.000 0.310
8180.000 0.304
8185.000 0.304
8190.000 0.304
8195.000 0.305
8200.000 0.302
8205.000 0.302
8210.000 0.304
8215.000 0.302
8220.000 0.302
8225.000 0.301
8230.000 0.295
8235.000 0.295
8240.000 0.294
8245.000 0.282
8250.000 0.286
8255.000 0.286
8260.000 0.287
8265.000 0.283
8270.000 0.290
8275.000 0.285
8280.000 0.291
8285.000 0.289
8290.000 0.290
8295.000 0.289
8300.000 0.286
8305.000 0.286
8310.000 0.280
8315.000 0.281
8320.000 0.274
8325.000 0.272
8330.000 0.271
8335.000 0.269
8340.000 0.271
8345.000 0.276
8350.000 0.278
8355.000 0.273
8360.000 0.276
8365.000 0.275
8370.000 0.276
8375.000 0.270
8380.000 0.267
8385.000 0.262
8390.000 0.259
8395.000 0.255
8400.000 0.251
8405.000 0.256
8410.000 0.251
8415.000 0.254
8420.000 0.255
8425.000 0.258
8430.000 0.254
8435.000 0.255
8440.000 0.255
8445.000 0.252
8450.000 0.245
8455.000 0.242
8460.000 0.239
8465.000 0.238
8470.000 0.235
8475.000 0.238
8480.000 0.235
8485.000 0.237
8490.000 0.237
8495.000 0.237
8500.000 0.241
8505.000 0.245
8510.000 0.252
8515.000 0.297
8520.000 0.422
8525.000 0.664
8530.000 1.411
8535.000 2.902
8540.000 4.044
8545.000 3.159
8550.000 1.775
8555.000 1.437
8560.000 1.256
8565.000 1.287
8570.000 1.315
8575.000 1.369
8580.000 1.473
8585.000 1.601
8590.000 1.747
8595.000 1.988
8600.000 2.262
8605.000 2.615
8610.000 2.834
8615.000 3.350
8620.000 3.954
8625.000 4.853
8630.000 5.671
8635.000 6.612
8640.000 6.933
8645.000 6.570
8650.000 5.644
8655.000 4.916
8660.000 4.095
8665.000 3.462
8670.000 3.246
8675.000 2.706
8680.000 2.225
8685.000 1.577
8690.000 1.260
8695.000 1.236
8700.000 1.256
8705.000 1.264
8710.000 1.257
8715.000 1.240
8720.000 1.227
8725.000 1.215
8730.000 1.194
8735.000 1.181
8740.000 1.155
8745.000 1.137
8750.000 1.110
8755.000 1.093
8760.000 1.071
8765.000 1.051
8770.000 1.032
8775.000 1.010
8780.000 1.000
8785.000 0.990
8790.000 0.981
8795.000 0.969
8800.000 0.962
8805.000 0.948
8810.000 0.950
8815.000 0.942
8820.000 0.902
8825.000 0.902
8830.000 0.881
8835.000 0.898
8840.000 0.874
8845.000 0.868
8850.000 0.859
8855.000 0.853
8860.000 0.842
8865.000 0.848
8870.000 0.838
8875.000 0.834
8880.000 0.833
8885.000 0.826
8890.000 0.822
8895.000 0.814
8900.000 0.806
8905.000 0.794
8910.000 0.787
8915.000 0.785
8920.000 0.782
8925.000 0.774
8930.000 0.777
8935.000 0.770
8940.000 0.772
8945.000 0.771
8950.000 0.762
8955.000 0.766
8960.000 0.758
8965.000 0.755
8970.000 0.746
8975.000 0.741
8980.000 0.741
8985.000 0.733
8990.000 0.732
8995.000 0.724
9000.000 0.729
9005.000 0.726
9010.000 0.730
9015.000 0.715
9020.000 0.724
9025.000 0.718
9030.000 0.724
9035.000 0.723
9040.000 0.720
9045.000 0.715
9050.000 0.707
9055.000 0.706
9060.000 0.699
9065.000 0.695
9070.000 0.687
9075.000 0.697
9080.000 0.693
9085.000 0.696
9090.000 0.696
9095.000 0.693
9100.000 0.693
9105.000 0.696
9110.000 0.693
9115.000 0.689
9120.000 0.687
9125.000 0.676
9130.000 0.680
9135.000 0.669
9140.000 0.669
9145.000 0.670
9150.000 0.670
9155.000 0.670
9160.000 0.671
9165.000 0.675
9170.000 0.673
9175.000 0.674
9180.000 0.676
9185.000 0.672
9190.000 0.664
9195.000 0.663
9200.000 0.658
9205.000 0.653
9210.000 0.650
9215.000 0.651
9220.000 0.648
9225.000 0.648
9230.000 0.649
9235.000 0.651
9240.000 0.656
9245.000 0.653
9250.000 0.650
9255.000 0.651
9260.000 0.648
9265.000 0.639
9270.000 0.634
9275.000 0.638
9280.000 0.631
9285.000 0.626
9290.000 0.626
9295.000 0.623
9300.000 0.623
9305.000 0.627
9310.000 0.624
9315.000 0.626
9320.000 0.623
9325.000 0.620
9330.000 0.614
9335.000 0.610
9340.000 0.606
9345.000 0.597
9350.000 0.591
9355.000 0.584
9360.000 0.576
9365.000 0.569
9370.000 0.568
9375.000 0.560
9380.000 0.559
9385.000 0.547
9390.000 0.537
9395.000 0.528
9400.000 0.519
9405.000 0.499
9410.000 0.476
9415.000 0.451
9420.000 0.423
9425.000 0.384
9430.000 0.339
9435.000 0.281
9440.000 0.211
9445.000 0.131
9450.000 0.036
9455.000 0.132
9460.000 0.340
9465.000 0.908
9470.000 1.771
9475.000 3.016
9480.000 3.873
9485.000 2.363
9490.000 1.716
9495.000 1.850
9500.000 1.518
9505.000 1.417
9510.000 1.343
9515.000 1.278
9520.000 1.254
9525.000 1.229
9530.000 1.189
9535.000 1.168
9540.000 1.153
9545.000 1.137
9550.000 1.123
9555.000 1.110
9560.000 1.104
9565.000 1.092
9570.000 1.089
9575.000 1.083
9580.000 1.086
9585.000 1.085
9590.000 1.086
9595.000 1.089
9600.000 1.095
9605.000 1.104
9610.000 1.109
9615.000 1.118
9620.000 1.124
9625.000 1.131
9630.000 1.139
9635.000 1.148
9640.000 1.153
9645.000 1.159
9650.000 1.173
9655.000 1.182
9660.000 1.203
9665.000 1.216
9670.000 1.246
9675.000 1.267
9680.000 1.292
9685.000 1.320
9690.000 1.342
9695.000 1.376
9700.000 1.395
9705.000 1.420
9710.000 1.460
9715.000 1.503
9720.000 1.543
9725.000 1.603
9730.000 1.653
9735.000 1.735
9740.000 1.813
9745.000 1.891
9750.000 2.007
9755.000 2.111
9760.000 2.173
9765.000 2.350
9770.000 2.493
9775.000 2.732
9780.000 3.002
9785.000 3.271
9790.000 3.705
9795.000 4.112
9800.000 4.717
9805.000 5.230
9810.000 5.532
9815.000 5.485
9820.000 4.976
9825.000 4.606
9830.000 3.675
9835.000 3.080
9840.000 2.437
9845.000 2.002
9850.000 1.684
9855.000 1.368
9860.000 1.172
9865.000 1.023
9870.000 0.998
9875.000 0.953
9880.000 0.850
9885.000 0.802
9890.000 0.736
9895.000 0.681
9900.000 0.627
9905.000 0.565
9910.000 0.517
9915.000 0.468
9920.000 0.428
9925.000 0.396
9930.000 0.356
9935.000 0.334
9940.000 0.323
9945.000 0.297
9950.000 0.272
9955.000 0.250
9960.000 0.229
9965.000 0.212
9970.000 0.191
9975.000 0.178
9980.000 0.154
9985.000 0.148
9990.000 0.136
9995.000 0.124
10000.000 0.118
10005.000 0.114
10010.000 0.110
10015.000 0.101
10020.000 0.103
10025.000 0.101
10030.000 0.097
10035.000 0.097
10040.000 0.093
10045.000 0.094
10050.000 0.088
10055.000 0.086
10060.000 0.085
10065.000 0.081
10070.000 0.076
10075.000 0.076
10080.000 0.072
10085.000 0.075
10090.000 0.069
10095.000 0.076
10100.000 0.077
10105.000 0.071
10110.000 0.071
10115.000 0.074
10120.000 0.076
10125.000 0.089
10130.000 0.099
10135.000 0.131
10140.000 0.185
10145.000 0.242
10150.000 0.389
10155.000 0.575
10160.000 0.844
10165.000 1.577
10170.000 2.515
10175.000 2.383
10180.000 1.942
10185.000 1.528
10190.000 1.010
10195.000 0.793
10200.000 0.672
10205.000 0.614
10210.000 0.569
10215.000 0.526
10220.000 0.499
10225.000 0.474
10230.000 0.457
10235.000 0.442
10240.000 0.431
10245.000 0.418
10250.000 0.416
10255.000 0.412
10260.000 0.406
10265.000 0.407
10270.000 0.398
10275.000 0.395
10280.000 0.391
10285.000 0.385
10290.000 0.376
10295.000 0.375
10300.000 0.365
10305.000 0.361
10310.000 0.364
10315.000 0.361
10320.000 0.362
10325.000 0.356
10330.000 0.364
10335.000 0.363
10340.000 0.361
10345.000 0.362
10350.000 0.363
10355.000 0.353
10360.000 0.355
10365.000 0.347
10370.000 0.342
10375.000 0.344
10380.000 0.343
10385.000 0.339
10390.000 0.338
10395.000 0.345
10400.000 0.343
10405.000 0.343
10410.000 0.344
10415.000 0.343
10420.000 0.345
10425.000 0.344
10430.000 0.341
10435.000 0.335
10440.000 0.336
10445.000 0.331
10450.000 0.326
10455.000 0.329
10460.000 0.327
10465.000 0.324
10470.000 0.328
10475.000 0.327
10480.000 0.330
10485.000 0.334
10490.000 0.334
10495.000 0.332
10500.000 0.330
10505.000 0.327
10510.000 0.317
10515.000 0.317
10520.000 0.315
10525.000 0.310
10530.000 0.310
10535.000 0.312
10540.000 0.308
10545.000 0.311
10550.000 0.313
10555.000 0.313
10560.000 0.313
10565.000 0.313
10570.000 0.309
10575.000 0.305
10580.000 0.302
10585.000 0.299
10590.000 0.293
10595.000 0.291
10600.000 0.283
10605.000 0.284
10610.000 0.283
10615.000 0.284
10620.000 0.282
10625.000 0.284
10630.000 0.286
10635.000 0.282
10640.000 0.278
10645.000 0.272
10650.000 0.273
10655.000 0.264
10660.000 0.262
10665.000 0.254
10670.000 0.252
10675.000 0.247
10680.000 0.243
10685.000 0.240
10690.000 0.238
10695.000 0.237
10700.000 0.231
10705.000 0.233
10710.000 0.226
10715.000 0.221
10720.000 0.219
10725.000 0.209
10730.000 0.200
10735.000 0.198
10740.000 0.191
10745.000 0.180
10750.000 0.174
10755.000 0.165
10760.000 0.158
10765.000 0.153
10770.000 0.147
10775.000 0.140
10780.000 0.138
10785.000 0.130
10790.000 0.123
10795.000 0.122
10800.000 0.128
10805.000 0.134
10810.000 0.155
10815.000 0.183
10820.000 0.222
10825.000 0.299
10830.000 0.390
10835.000 0.540
10840.000 0.741
10845.000 0.919
10850.000 0.988
10855.000 0.835
10860.000 0.769
10865.000 0.652
10870.000 0.609
10875.000 0.482
10880.000 0.360
10885.000 0.135
10890.000 0.104
10895.000 0.120
10900.000 0.147
10905.000 0.188
10910.000 0.220
10915.000 0.257
10920.000 0.313
10925.000 0.378
10930.000 0.457
10935.000 0.532
10940.000 0.661
10945.000 0.789
10950.000 0.949
10955.000 1.141
10960.000 1.331
10965.000 1.655
10970.000 1.975
10975.000 2.305
10980.000 2.511
10985.000 2.807
10990.000 2.946
10995.000 2.887
11000.000 2.722
11005.000 2.450
11010.000 2.225
11015.000 2.050
11020.000 1.881
11025.000 1.772
11030.000 1.643
11035.000 1.572
11040.000 1.551
11045.000 1.500
11050.000 1.483
11055.000 1.477
11060.000 1.474
11065.000 1.455
11070.000 1.389
11075.000 1.325
11080.000 1.263
11085.000 1.211
11090.000 1.171
11095.000 1.126
11100.000 1.092
11105.000 1.075
11110.000 1.041
11115.000 1.023
11120.000 0.996
11125.000 0.976
11130.000 0.964
11135.000 0.948
11140.000 0.934
11145.000 0.923
11150.000 0.908
11155.000 0.899
11160.000 0.884
11165.000 0.877
11170.000 0.867
11175.000 0.852
11180.000 0.845
11185.000 0.834
11190.000 0.825
11195.000 0.823
11200.000 0.814
11205.000 0.809
11210.000 0.807
11215.000 0.801
11220.000 0.801
11225.000 0.792
11230.000 0.791
11235.000 0.783
11240.000 0.777
11245.000 0.770
11250.000 0.764
11255.000 0.760
11260.000 0.755
11265.000 0.750
11270.000 0.749
11275.000 0.753
11280.000 0.748
11285.000 0.745
11290.000 0.748
11295.000 0.743
11300.000 0.739
11305.000 0.738
11310.000 0.737
11315.000 0.732
11320.000 0.729
11325.000 0.720
11330.000 0.720
11335.000 0.716
11340.000 0.717
11345.000 0.715
11350.000 0.717
11355.000 0.721
11360.000 0.717
11365.000 0.720
11370.000 0.718
11375.000 0.717
11380.000 0.710
11385.000 0.713
11390.000 0.709
11395.000 0.707
11400.000 0.705
11405.000 0.701
11410.000 0.702
11415.000 0.700
11420.000 0.705
11425.000 0.704
11430.000 0.709
11435.000 0.708
11440.000 0.709
11445.000 0.708
11450.000 0.707
11455.000 0.708
11460.000 0.703
11465.000 0.704
11470.000 0.701
11475.000 0.701
11480.000 0.701
11485.000 0.701
11490.000 0.702
11495.000 0.704
11500.000 0.707
11505.000 0.711
11510.000 0.712
11515.000 0.713
11520.000 0.714
11525.000 0.717
11530.000 0.718
11535.000 0.714
11540.000 0.713
11545.000 0.712
11550.000 0.720
11555.000 0.718
11560.000 0.720
11565.000 0.726
11570.000 0.731
11575.000 0.734
11580.000 0.739
11585.000 0.744
11590.000 0.747
11595.000 0.752
11600.000 0.753
11605.000 0.758
11610.000 0.758
11615.000 0.764
11620.000 0.773
11625.000 0.779
11630.000 0.788
11635.000 0.798
11640.000 0.811
11645.000 0.826
11650.000 0.837
11655.000 0.853
11660.000 0.871
11665.000 0.899
11670.000 0.921
11675.000 0.958
11680.000 0.992
11685.000 1.036
11690.000 1.118
11695.000 1.216
11700.000 1.364
11705.000 1.471
11710.000 1.753
11715.000 2.042
11720.000 2.229
11725.000 1.475
11730.000 0.489
11735.000 0.102
11740.000 0.055
11745.000 0.168
11750.000 0.234
11755.000 0.295
11760.000 0.332
11765.000 0.376
11770.000 0.389
11775.000 0.411
11780.000 0.437
11785.000 0.459
11790.000 0.477
11795.000 0.491
11800.000 0.503
11805.000 0.519
11810.000 0.529
11815.000 0.534
11820.000 0.548
11825.000 0.556
11830.000 0.563
11835.000 0.568
11840.000 0.571
11845.000 0.581
11850.000 0.588
11855.000 0.595
11860.000 0.605
11865.000 0.614
11870.000 0.624
11875.000 0.633
11880.000 0.636
11885.000 0.646
11890.000 0.650
11895.000 0.654
11900.000 0.660
11905.000 0.669
11910.000 0.677
11915.000 0.685
11920.000 0.694
11925.000 0.702
11930.000 0.713
11935.000 0.724
11940.000 0.738
11945.000 0.753
11950.000 0.758
11955.000 0.772
11960.000 0.783
11965.000 0.801
11970.000 0.814
11975.000 0.837
11980.000 0.854
11985.000 0.880
11990.000 0.905
11995.000 0.933
12000.000 0.970
