105.000 1.870
110.000 2.219
115.000 1.989
120.000 2.000
125.000 1.893
130.000 2.151
135.000 1.957
140.000 2.127
145.000 2.013
150.000 2.121
155.000 2.134
160.000 2.197
165.000 2.229
170.000 2.199
175.000 2.188
180.000 2.240
185.000 2.272
190.000 2.284
195.000 2.290
200.000 2.295
205.000 2.271
210.000 2.324
215.000 2.355
220.000 2.395
225.000 2.388
230.000 2.451
235.000 2.460
240.000 2.526
245.000 2.532
250.000 2.584
255.000 2.619
260.000 2.640
265.000 2.710
270.000 2.781
275.000 2.817
280.000 2.872
285.000 2.937
290.000 2.978
295.000 3.056
300.000 3.108
305.000 3.193
310.000 3.285
315.000 3.397
320.000 3.503
325.000 3.620
330.000 3.750
335.000 3.879
340.000 4.028
345.000 4.203
350.000 4.273
355.000 4.441
360.000 4.655
365.000 4.857
370.000 5.064
375.000 5.296
380.000 5.521
385.000 5.720
390.000 5.932
395.000 6.082
400.000 6.171
405.000 6.217
410.000 6.239
415.000 6.181
420.000 6.053
425.000 5.849
430.000 5.624
435.000 5.308
440.000 5.022
445.000 4.711
450.000 4.399
455.000 4.090
460.000 3.815
465.000 3.561
470.000 3.434
475.000 3.205
480.000 3.001
485.000 2.826
490.000 2.651
495.000 2.493
500.000 2.338
505.000 2.218
510.000 2.099
515.000 1.975
520.000 1.892
525.000 1.797
530.000 1.763
535.000 1.666
540.000 1.590
545.000 1.520
550.000 1.458
555.000 1.399
560.000 1.340
565.000 1.293
570.000 1.239
575.000 1.200
580.000 1.164
585.000 1.121
590.000 1.084
595.000 1.063
600.000 1.035
605.000 0.994
610.000 0.966
615.000 0.938
620.000 0.909
625.000 0.882
630.000 0.860
635.000 0.842
640.000 0.825
645.000 0.802
650.000 0.785
655.000 0.771
660.000 0.767
665.000 0.751
670.000 0.731
675.000 0.710
680.000 0.700
685.000 0.683
690.000 0.676
695.000 0.664
700.000 0.648
705.000 0.644
710.000 0.625
715.000 0.628
720.000 0.614
725.000 0.609
730.000 0.598
735.000 0.593
740.000 0.587
745.000 0.571
750.000 0.572
755.000 0.567
760.000 0.554
765.000 0.553
770.000 0.547
775.000 0.553
780.000 0.538
785.000 0.542
790.000 0.541
795.000 0.536
800.000 0.535
805.000 0.532
810.000 0.529
815.000 0.518
820.000 0.513
825.000 0.512
830.000 0.514
835.000 0.508
840.000 0.502
845.000 0.497
850.000 0.495
855.000 0.502
860.000 0.492
865.000 0.491
870.000 0.494
875.000 0.491
880.000 0.488
885.000 0.485
890.000 0.491
895.000 0.485
900.000 0.486
905.000 0.485
910.000 0.479
915.000 0.478
920.000 0.481
925.000 0.476
930.000 0.476
935.000 0.476
940.000 0.481
945.000 0.470
950.000 0.479
955.000 0.473
960.000 0.479
965.000 0.472
970.000 0.476
975.000 0.480
980.000 0.475
985.000 0.480
990.000 0.471
995.000 0.472
1000.000 0.466
1005.000 0.463
1010.000 0.466
1015.000 0.468
1020.000 0.470
1025.000 0.469
1030.000 0.474
1035.000 0.474
1040.000 0.473
1045.000 0.468
1050.000 0.474
1055.000 0.480
1060.000 0.474
1065.000 0.477
1070.000 0.471
1075.000 0.475
1080.000 0.473
1085.000 0.472
1090.000 0.467
1095.000 0.479
1100.000 0.480
1105.000 0.478
1110.000 0.477
1115.000 0.484
1120.000 0.478
1125.000 0.479
1130.000 0.485
1135.000 0.480
1140.000 0.483
1145.000 0.482
1150.000 0.481
1155.000 0.485
1160.000 0.484
1165.000 0.483
1170.000 0.490
1175.000 0.484
1180.000 0.482
1185.000 0.491
1190.000 0.487
1195.000 0.486
1200.000 0.487
1205.000 0.492
1210.000 0.492
1215.000 0.493
1220.000 0.496
1225.000 0.495
1230.000 0.493
1235.000 0.497
1240.000 0.501
1245.000 0.498
1250.000 0.499
1255.000 0.508
1260.000 0.502
1265.000 0.505
1270.000 0.505
1275.000 0.512
1280.000 0.508
1285.000 0.507
1290.000 0.512
1295.000 0.516
1300.000 0.517
1305.000 0.520
1310.000 0.520
1315.000 0.519
1320.000 0.523
1325.000 0.526
1330.000 0.523
1335.000 0.530
1340.000 0.527
1345.000 0.530
1350.000 0.537
1355.000 0.535
1360.000 0.543
1365.000 0.537
1370.000 0.547
1375.000 0.550
1380.000 0.548
1385.000 0.551
1390.000 0.552
1395.000 0.556
1400.000 0.551
1405.000 0.554
1410.000 0.560
1415.000 0.558
1420.000 0.560
1425.000 0.557
1430.000 0.558
1435.000 0.556
1440.000 0.551
1445.000 0.552
1450.000 0.547
1455.000 0.548
1460.000 0.545
1465.000 0.550
1470.000 0.545
1475.000 0.554
1480.000 0.559
1485.000 0.572
1490.000 0.581
1495.000 0.587
1500.000 0.598
1505.000 0.608
1510.000 0.619
1515.000 0.629
1520.000 0.637
1525.000 0.642
1530.000 0.653
1535.000 0.660
1540.000 0.673
1545.000 0.681
1550.000 0.690
1555.000 0.699
1560.000 0.704
1565.000 0.724
1570.000 0.730
1575.000 0.743
1580.000 0.756
1585.000 0.766
1590.000 0.773
1595.000 0.782
1600.000 0.794
1605.000 0.812
1610.000 0.822
1615.000 0.837
1620.000 0.854
1625.000 0.864
1630.000 0.878
1635.000 0.902
1640.000 0.913
1645.000 0.925
1650.000 0.940
1655.000 0.957
1660.000 0.979
1665.000 0.994
1670.000 1.016
1675.000 1.040
1680.000 1.059
1685.000 1.082
1690.000 1.111
1695.000 1.128
1700.000 1.153
1705.000 1.167
1710.000 1.196
1715.000 1.220
1720.000 1.246
1725.000 1.278
1730.000 1.308
1735.000 1.336
1740.000 1.373
1745.000 1.405
1750.000 1.439
1755.000 1.465
1760.000 1.507
1765.000 1.536
1770.000 1.554
1775.000 1.595
1780.000 1.627
1785.000 1.664
1790.000 1.700
1795.000 1.731
1800.000 1.773
1805.000 1.807
1810.000 1.848
1815.000 1.882
1820.000 1.914
1825.000 1.940
1830.000 1.965
1835.000 1.991
1840.000 2.022
1845.000 2.051
1850.000 2.074
1855.000 2.095
1860.000 2.121
1865.000 2.140
1870.000 2.158
1875.000 2.175
1880.000 2.187
1885.000 2.197
1890.000 2.199
1895.000 2.204
1900.000 2.212
1905.000 2.214
1910.000 2.219
1915.000 2.218
1920.000 2.212
1925.000 2.209
1930.000 2.208
1935.000 2.200
1940.000 2.194
1945.000 2.193
1950.000 2.191
1955.000 2.175
1960.000 2.168
1965.000 2.174
1970.000 2.149
1975.000 2.138
1980.000 2.132
1985.000 2.113
1990.000 2.111
1995.000 2.103
2000.000 2.088
2005.000 2.072
2010.000 2.081
2015.000 2.070
2020.000 2.075
2025.000 2.062
2030.000 2.043
2035.000 2.042
2040.000 2.034
2045.000 2.046
2050.000 2.038
2055.000 2.039
2060.000 2.041
2065.000 2.036
2070.000 2.039
2075.000 2.048
2080.000 2.040
2085.000 2.047
2090.000 2.057
2095.000 2.068
2100.000 2.076
2105.000 2.090
2110.000 2.100
2115.000 2.118
2120.000 2.134
2125.000 2.146
2130.000 2.157
2135.000 2.175
2140.000 2.199
2145.000 2.221
2150.000 2.253
2155.000 2.282
2160.000 2.312
2165.000 2.352
2170.000 2.391
2175.000 2.433
2180.000 2.485
2185.000 2.542
2190.000 2.575
2195.000 2.640
2200.000 2.710
2205.000 2.790
2210.000 2.882
2215.000 2.990
2220.000 3.098
2225.000 3.240
2230.000 3.385
2235.000 3.563
2240.000 3.770
2245.000 4.006
2250.000 4.310
2255.000 4.485
2260.000 4.875
2265.000 5.388
2270.000 6.003
2275.000 6.897
2280.000 8.083
2285.000 9.753
2290.000 12.521
2295.000 16.656
2300.000 22.141
2305.000 23.685
2310.000 18.748
2315.000 19.243
2320.000 10.563
2325.000 8.196
2330.000 6.179
2335.000 5.049
2340.000 4.205
2345.000 3.585
2350.000 3.115
2355.000 2.708
2360.000 2.396
2365.000 2.113
2370.000 1.889
2375.000 1.797
2380.000 1.625
2385.000 1.472
2390.000 1.341
2395.000 1.224
2400.000 1.125
2405.000 1.029
2410.000 0.946
2415.000 0.871
2420.000 0.803
2425.000 0.740
2430.000 0.683
2435.000 0.652
2440.000 0.601
2445.000 0.561
2450.000 0.523
2455.000 0.485
2460.000 0.451
2465.000 0.419
2470.000 0.385
2475.000 0.360
2480.000 0.340
2485.000 0.315
2490.000 0.293
2495.000 0.278
2500.000 0.272
2505.000 0.257
2510.000 0.242
2515.000 0.232
2520.000 0.226
2525.000 0.221
2530.000 0.212
2535.000 0.213
2540.000 0.215
2545.000 0.214
2550.000 0.213
2555.000 0.214
2560.000 0.213
2565.000 0.222
2570.000 0.227
2575.000 0.232
2580.000 0.236
2585.000 0.244
2590.000 0.250
2595.000 0.261
2600.000 0.266
2605.000 0.273
2610.000 0.280
2615.000 0.287
2620.000 0.295
2625.000 0.307
2630.000 0.312
2635.000 0.327
2640.000 0.333
2645.000 0.345
2650.000 0.351
2655.000 0.361
2660.000 0.370
2665.000 0.374
2670.000 0.389
2675.000 0.402
2680.000 0.403
2685.000 0.417
2690.000 0.425
2695.000 0.437
2700.000 0.448
2705.000 0.459
2710.000 0.472
2715.000 0.482
2720.000 0.490
2725.000 0.507
2730.000 0.519
2735.000 0.531
2740.000 0.533
2745.000 0.542
2750.000 0.556
2755.000 0.566
2760.000 0.579
2765.000 0.597
2770.000 0.607
2775.000 0.624
2780.000 0.630
2785.000 0.647
2790.000 0.660
2795.000 0.677
2800.000 0.689
2805.000 0.694
2810.000 0.703
2815.000 0.715
2820.000 0.727
2825.000 0.741
2830.000 0.756
2835.000 0.768
2840.000 0.781
2845.000 0.799
2850.000 0.814
2855.000 0.824
2860.000 0.830
2865.000 0.839
2870.000 0.849
2875.000 0.865
2880.000 0.875
2885.000 0.888
2890.000 0.895
2895.000 0.909
2900.000 0.917
2905.000 0.928
2910.000 0.931
2915.000 0.946
2920.000 0.953
2925.000 0.960
2930.000 0.969
2935.000 0.970
2940.000 0.979
2945.000 0.980
2950.000 0.994
2955.000 0.997
2960.000 1.007
2965.000 1.010
2970.000 1.023
2975.000 1.029
2980.000 1.017
2985.000 1.030
2990.000 1.032
2995.000 1.044
3000.000 1.028
3005.000 1.035
3010.000 1.040
3015.000 1.054
3020.000 1.061
3025.000 1.057
3030.000 1.048
3035.000 1.048
3040.000 1.053
3045.000 1.057
3050.000 1.049
3055.000 1.055
3060.000 1.062
3065.000 1.063
3070.000 1.063
3075.000 1.064
3080.000 1.074
3085.000 1.073
3090.000 1.068
3095.000 1.071
3100.000 1.074
3105.000 1.075
3110.000 1.071
3115.000 1.076
3120.000 1.076
3125.000 1.075
3130.000 1.081
3135.000 1.079
3140.000 1.081
3145.000 1.084
3150.000 1.087
3155.000 1.088
3160.000 1.093
3165.000 1.094
3170.000 1.095
3175.000 1.095
3180.000 1.096
3185.000 1.100
3190.000 1.100
3195.000 1.105
3200.000 1.108
3205.000 1.112
3210.000 1.114
3215.000 1.121
3220.000 1.123
3225.000 1.126
3230.000 1.129
3235.000 1.132
3240.000 1.134
3245.000 1.140
3250.000 1.146
3255.000 1.151
3260.000 1.154
3265.000 1.160
3270.000 1.168
3275.000 1.170
3280.000 1.175
3285.000 1.185
3290.000 1.192
3295.000 1.193
3300.000 1.201
3305.000 1.204
3310.000 1.214
3315.000 1.225
3320.000 1.230
3325.000 1.239
3330.000 1.250
3335.000 1.258
3340.000 1.272
3345.000 1.279
3350.000 1.286
3355.000 1.299
3360.000 1.310
3365.000 1.318
3370.000 1.333
3375.000 1.346
3380.000 1.356
3385.000 1.374
3390.000 1.392
3395.000 1.399
3400.000 1.422
3405.000 1.434
3410.000 1.446
3415.000 1.463
3420.000 1.482
3425.000 1.500
3430.000 1.520
3435.000 1.543
3440.000 1.565
3445.000 1.590
3450.000 1.614
3455.000 1.644
3460.000 1.668
3465.000 1.699
3470.000 1.707
3475.000 1.739
3480.000 1.773
3485.000 1.811
3490.000 1.846
3495.000 1.887
3500.000 1.929
3505.000 1.971
3510.000 2.016
3515.000 2.061
3520.000 2.113
3525.000 2.171
3530.000 2.227
3535.000 2.262
3540.000 2.321
3545.000 2.394
3550.000 2.469
3555.000 2.540
3560.000 2.637
3565.000 2.730
3570.000 2.835
3575.000 2.949
3580.000 3.065
3585.000 3.205
3590.000 3.348
3595.000 3.423
3600.000 3.614
3605.000 3.801
3610.000 4.023
3615.000 4.274
3620.000 4.532
3625.000 4.870
3630.000 5.223
3635.000 5.672
3640.000 6.193
3645.000 6.769
3650.000 7.190
3655.000 8.026
3660.000 9.047
3665.000 10.502
3670.000 12.384
3675.000 15.055
3680.000 18.989
3685.000 24.386
3690.000 32.624
3695.000 40.940
3700.000 45.776
3705.000 31.741
3710.000 21.315
3715.000 18.102
3720.000 14.142
3725.000 11.777
3730.000 9.889
3735.000 8.582
3740.000 7.600
3745.000 6.794
3750.000 6.190
3755.000 5.617
3760.000 5.172
3765.000 4.788
3770.000 4.466
3775.000 4.317
3780.000 4.055
3785.000 3.814
3790.000 3.616
3795.000 3.418
3800.000 3.251
3805.000 3.099
3810.000 2.957
3815.000 2.843
3820.000 2.724
3825.000 2.616
3830.000 2.522
3835.000 2.433
3840.000 2.392
3845.000 2.305
3850.000 2.234
3855.000 2.171
3860.000 2.102
3865.000 2.043
3870.000 1.982
3875.000 1.928
3880.000 1.884
3885.000 1.830
3890.000 1.790
3895.000 1.770
3900.000 1.725
3905.000 1.689
3910.000 1.655
3915.000 1.624
3920.000 1.584
3925.000 1.554
3930.000 1.527
3935.000 1.499
3940.000 1.474
3945.000 1.447
3950.000 1.422
3955.000 1.406
3960.000 1.384
3965.000 1.357
3970.000 1.338
3975.000 1.320
3980.000 1.300
3985.000 1.287
3990.000 1.266
3995.000 1.244
4000.000 1.242
4005.000 1.228
4010.000 1.195
4015.000 1.201
4020.000 1.174
4025.000 1.162
4030.000 1.158
4035.000 1.137
4040.000 1.130
4045.000 1.118
4050.000 1.108
4055.000 1.098
4060.000 1.083
4065.000 1.080
4070.000 1.066
4075.000 1.057
4080.000 1.049
4085.000 1.039
4090.000 1.032
4095.000 1.015
4100.000 1.009
4105.000 0.999
4110.000 0.990
4115.000 0.978
4120.000 0.969
4125.000 0.962
4130.000 0.951
4135.000 0.939
4140.000 0.937
4145.000 0.923
4150.000 0.918
4155.000 0.904
4160.000 0.895
4165.000 0.890
4170.000 0.877
4175.000 0.868
4180.000 0.859
4185.000 0.850
4190.000 0.837
4195.000 0.834
4200.000 0.824
4205.000 0.820
4210.000 0.811
4215.000 0.800
4220.000 0.795
4225.000 0.785
4230.000 0.778
4235.000 0.771
4240.000 0.766
4245.000 0.765
4250.000 0.761
4255.000 0.762
4260.000 0.763
4265.000 0.764
4270.000 0.767
4275.000 0.771
4280.000 0.772
4285.000 0.777
4290.000 0.783
4295.000 0.783
4300.000 0.786
4305.000 0.790
4310.000 0.790
4315.000 0.790
4320.000 0.791
4325.000 0.794
4330.000 0.793
4335.000 0.795
4340.000 0.798
4345.000 0.798
4350.000 0.802
4355.000 0.802
4360.000 0.802
4365.000 0.805
4370.000 0.806
4375.000 0.806
4380.000 0.805
4385.000 0.805
4390.000 0.805
4395.000 0.807
4400.000 0.807
4405.000 0.804
4410.000 0.807
4415.000 0.809
4420.000 0.812
4425.000 0.811
4430.000 0.817
4435.000 0.816
4440.000 0.818
4445.000 0.822
4450.000 0.818
4455.000 0.822
4460.000 0.820
4465.000 0.823
4470.000 0.824
4475.000 0.823
4480.000 0.824
4485.000 0.827
4490.000 0.829
4495.000 0.831
4500.000 0.833
4505.000 0.834
4510.000 0.843
4515.000 0.840
4520.000 0.843
4525.000 0.846
4530.000 0.848
4535.000 0.847
4540.000 0.851
4545.000 0.855
4550.000 0.855
4555.000 0.861
4560.000 0.865
4565.000 0.869
4570.000 0.869
4575.000 0.876
4580.000 0.879
4585.000 0.884
4590.000 0.887
4595.000 0.895
4600.000 0.899
4605.000 0.902
4610.000 0.905
4615.000 0.911
4620.000 0.917
4625.000 0.920
4630.000 0.927
4635.000 0.934
4640.000 0.939
4645.000 0.947
4650.000 0.953
4655.000 0.962
4660.000 0.972
4665.000 0.980
4670.000 0.988
4675.000 0.996
4680.000 1.003
4685.000 1.010
4690.000 1.016
4695.000 1.026
4700.000 1.038
4705.000 1.049
4710.000 1.064
4715.000 1.073
4720.000 1.090
4725.000 1.105
4730.000 1.118
4735.000 1.133
4740.000 1.149
4745.000 1.165
4750.000 1.172
4755.000 1.189
4760.000 1.207
4765.000 1.229
4770.000 1.244
4775.000 1.272
4780.000 1.295
4785.000 1.323
4790.000 1.346
4795.000 1.377
4800.000 1.406
4805.000 1.438
4810.000 1.456
4815.000 1.492
4820.000 1.523
4825.000 1.565
4830.000 1.607
4835.000 1.649
4840.000 1.701
4845.000 1.752
4850.000 1.810
4855.000 1.869
4860.000 1.937
4865.000 1.975
4870.000 2.050
4875.000 2.130
4880.000 2.225
4885.000 2.318
4890.000 2.436
4895.000 2.564
4900.000 2.683
4905.000 2.858
4910.000 3.019
4915.000 3.239
4920.000 3.477
4925.000 3.730
4930.000 3.914
4935.000 4.262
4940.000 4.650
4945.000 5.180
4950.000 5.708
4955.000 6.314
4960.000 6.856
4965.000 9.006
4970.000 19.595
4975.000 18.411
4980.000 24.376
4985.000 24.242
4990.000 23.718
4995.000 17.141
5000.000 12.158
5005.000 9.570
5010.000 7.677
5015.000 6.564
5020.000 5.577
5025.000 4.904
5030.000 4.415
5035.000 3.958
5040.000 3.633
5045.000 3.313
5050.000 3.072
5055.000 2.986
5060.000 2.776
5065.000 2.602
5070.000 2.465
5075.000 2.330
5080.000 2.223
5085.000 2.106
5090.000 2.016
5095.000 1.931
5100.000 1.862
5105.000 1.796
5110.000 1.765
5115.000 1.706
5120.000 1.659
5125.000 1.611
5130.000 1.564
5135.000 1.526
5140.000 1.490
5145.000 1.459
5150.000 1.423
5155.000 1.396
5160.000 1.364
5165.000 1.342
5170.000 1.323
5175.000 1.310
5180.000 1.291
5185.000 1.276
5190.000 1.265
5195.000 1.246
5200.000 1.235
5205.000 1.221
5210.000 1.213
5215.000 1.200
5220.000 1.191
5225.000 1.178
5230.000 1.176
5235.000 1.174
5240.000 1.165
5245.000 1.157
5250.000 1.154
5255.000 1.148
5260.000 1.144
5265.000 1.139
5270.000 1.144
5275.000 1.138
5280.000 1.136
5285.000 1.135
5290.000 1.134
5295.000 1.130
5300.000 1.131
5305.000 1.127
5310.000 1.129
5315.000 1.126
5320.000 1.127
5325.000 1.126
5330.000 1.131
5335.000 1.125
5340.000 1.129
5345.000 1.131
5350.000 1.130
5355.000 1.133
5360.000 1.131
5365.000 1.131
5370.000 1.129
5375.000 1.127
5380.000 1.126
5385.000 1.129
5390.000 1.130
5395.000 1.134
5400.000 1.129
5405.000 1.130
5410.000 1.134
5415.000 1.134
5420.000 1.132
5425.000 1.134
5430.000 1.131
5435.000 1.132
5440.000 1.131
5445.000 1.130
5450.000 1.130
5455.000 1.128
5460.000 1.133
5465.000 1.130
5470.000 1.127
5475.000 1.131
5480.000 1.129
5485.000 1.128
5490.000 1.126
5495.000 1.128
5500.000 1.129
5505.000 1.127
5510.000 1.124
5515.000 1.124
5520.000 1.125
5525.000 1.121
5530.000 1.122
5535.000 1.123
5540.000 1.126
5545.000 1.125
5550.000 1.126
5555.000 1.124
5560.000 1.123
5565.000 1.124
5570.000 1.123
5575.000 1.123
5580.000 1.123
5585.000 1.123
5590.000 1.123
5595.000 1.120
5600.000 1.121
5605.000 1.120
5610.000 1.122
5615.000 1.123
5620.000 1.124
5625.000 1.125
5630.000 1.133
5635.000 1.133
5640.000 1.132
5645.000 1.138
5650.000 1.136
5655.000 1.139
5660.000 1.139
5665.000 1.140
5670.000 1.144
5675.000 1.146
5680.000 1.148
5685.000 1.151
5690.000 1.157
5695.000 1.161
5700.000 1.163
5705.000 1.171
5710.000 1.170
5715.000 1.173
5720.000 1.172
5725.000 1.176
5730.000 1.180
5735.000 1.182
5740.000 1.185
5745.000 1.188
5750.000 1.195
5755.000 1.199
5760.000 1.205
5765.000 1.212
5770.000 1.217
5775.000 1.229
5780.000 1.230
5785.000 1.231
5790.000 1.235
5795.000 1.245
5800.000 1.248
5805.000 1.257
5810.000 1.261
5815.000 1.270
5820.000 1.271
5825.000 1.286
5830.000 1.294
5835.000 1.304
5840.000 1.311
5845.000 1.318
5850.000 1.325
5855.000 1.339
5860.000 1.348
5865.000 1.361
5870.000 1.372
5875.000 1.377
5880.000 1.387
5885.000 1.397
5890.000 1.416
5895.000 1.430
5900.000 1.433
5905.000 1.451
5910.000 1.464
5915.000 1.480
5920.000 1.497
5925.000 1.513
5930.000 1.533
5935.000 1.550
5940.000 1.566
5945.000 1.582
5950.000 1.606
5955.000 1.621
5960.000 1.649
5965.000 1.650
5970.000 1.676
5975.000 1.705
5980.000 1.722
5985.000 1.760
5990.000 1.788
5995.000 1.808
6000.000 1.852
6005.000 1.879
6010.000 1.912
6015.000 1.940
6020.000 1.973
6025.000 2.021
6030.000 2.026
6035.000 2.073
6040.000 2.118
6045.000 2.164
6050.000 2.210
6055.000 2.259
6060.000 2.330
6065.000 2.385
6070.000 2.441
6075.000 2.521
6080.000 2.586
6085.000 2.627
6090.000 2.714
6095.000 2.795
6100.000 2.896
6105.000 3.002
6110.000 3.100
6115.000 3.234
6120.000 3.361
6125.000 3.529
6130.000 3.695
6135.000 3.868
6140.000 4.095
6145.000 4.212
6150.000 4.435
6155.000 4.752
6160.000 5.047
6165.000 5.471
6170.000 5.925
6175.000 6.410
6180.000 7.132
6185.000 7.844
6190.000 8.982
6195.000 10.321
6200.000 11.927
6205.000 14.529
6210.000 16.066
6215.000 19.500
6220.000 24.600
6225.000 28.145
6230.000 26.795
6235.000 20.446
6240.000 16.440
6245.000 13.090
6250.000 10.813
6255.000 8.954
6260.000 7.799
6265.000 7.023
6270.000 6.628
6275.000 6.089
6280.000 5.694
6285.000 5.294
6290.000 4.998
6295.000 4.676
6300.000 4.398
6305.000 4.172
6310.000 3.934
6315.000 3.742
6320.000 3.526
6325.000 3.435
6330.000 3.292
6335.000 3.132
6340.000 2.997
6345.000 2.874
6350.000 2.760
6355.000 2.665
6360.000 2.557
6365.000 2.470
6370.000 2.392
6375.000 2.317
6380.000 2.251
6385.000 2.186
6390.000 2.156
6395.000 2.108
6400.000 2.049
6405.000 2.005
6410.000 1.967
6415.000 1.924
6420.000 1.889
6425.000 1.861
6430.000 1.828
6435.000 1.799
6440.000 1.777
6445.000 1.759
6450.000 1.746
6455.000 1.731
6460.000 1.724
6465.000 1.721
6470.000 1.717
6475.000 1.718
6480.000 1.724
6485.000 1.738
6490.000 1.759
6495.000 1.782
6500.000 1.817
6505.000 1.866
6510.000 1.918
6515.000 1.972
6520.000 2.061
6525.000 2.191
6530.000 2.387
6535.000 2.656
6540.000 3.041
6545.000 3.750
6550.000 4.863
6555.000 7.434
6560.000 11.658
6565.000 13.013
6570.000 7.832
6575.000 4.610
6580.000 2.049
6585.000 1.018
6590.000 0.931
6595.000 0.698
6600.000 0.585
6605.000 0.514
6610.000 0.473
6615.000 0.454
6620.000 0.441
6625.000 0.435
6630.000 0.443
6635.000 0.446
6640.000 0.450
6645.000 0.456
6650.000 0.464
6655.000 0.467
6660.000 0.473
6665.000 0.473
6670.000 0.474
6675.000 0.480
6680.000 0.484
6685.000 0.486
6690.000 0.490
6695.000 0.492
6700.000 0.499
6705.000 0.500
6710.000 0.505
6715.000 0.509
6720.000 0.509
6725.000 0.512
6730.000 0.512
6735.000 0.511
6740.000 0.512
6745.000 0.511
6750.000 0.509
6755.000 0.509
6760.000 0.512
6765.000 0.513
6770.000 0.513
6775.000 0.519
6780.000 0.522
6785.000 0.519
6790.000 0.513
6795.000 0.524
6800.000 0.524
6805.000 0.524
6810.000 0.521
6815.000 0.519
6820.000 0.520
6825.000 0.520
6830.000 0.516
6835.000 0.521
6840.000 0.525
6845.000 0.525
6850.000 0.531
6855.000 0.533
6860.000 0.534
6865.000 0.531
6870.000 0.535
6875.000 0.534
6880.000 0.533
6885.000 0.530
6890.000 0.528
6895.000 0.530
6900.000 0.531
6905.000 0.533
6910.000 0.535
6915.000 0.539
6920.000 0.543
6925.000 0.543
6930.000 0.548
6935.000 0.547
6940.000 0.549
6945.000 0.545
6950.000 0.556
6955.000 0.546
6960.000 0.549
6965.000 0.556
6970.000 0.550
6975.000 0.558
6980.000 0.565
6985.000 0.567
6990.000 0.571
6995.000 0.576
7000.000 0.580
7005.000 0.580
7010.000 0.586
7015.000 0.579
7020.000 0.580
7025.000 0.581
7030.000 0.594
7035.000 0.587
7040.000 0.596
7045.000 0.599
7050.000 0.609
7055.000 0.615
7060.000 0.617
7065.000 0.621
7070.000 0.625
7075.000 0.637
7080.000 0.641
7085.000 0.648
7090.000 0.653
7095.000 0.656
7100.000 0.662
7105.000 0.672
7110.000 0.677
7115.000 0.686
7120.000 0.687
7125.000 0.704
7130.000 0.713
7135.000 0.722
7140.000 0.736
7145.000 0.749
7150.000 0.763
7155.000 0.770
7160.000 0.780
7165.000 0.796
7170.000 0.807
7175.000 0.821
7180.000 0.828
7185.000 0.844
7190.000 0.863
7195.000 0.877
7200.000 0.899
7205.000 0.921
7210.000 0.945
7215.000 0.971
7220.000 0.993
7225.000 1.015
7230.000 1.044
7235.000 1.069
7240.000 1.094
7245.000 1.112
7250.000 1.143
7255.000 1.182
7260.000 1.220
7265.000 1.253
7270.000 1.305
7275.000 1.349
7280.000 1.403
7285.000 1.455
7290.000 1.505
7295.000 1.572
7300.000 1.636
7305.000 1.662
7310.000 1.748
7315.000 1.830
7320.000 1.920
7325.000 2.017
7330.000 2.118
7335.000 2.248
7340.000 2.374
7345.000 2.534
7350.000 2.702
7355.000 2.869
7360.000 2.994
7365.000 3.221
7370.000 3.447
7375.000 3.781
7380.000 4.125
7385.000 4.563
7390.000 5.057
7395.000 5.598
7400.000 6.444
7405.000 7.386
7410.000 8.689
7415.000 10.330
7420.000 12.209
7425.000 13.751
7430.000 16.728
7435.000 19.230
7440.000 20.151
7445.000 17.719
7450.000 13.823
7455.000 10.960
7460.000 9.545
7465.000 8.648
7470.000 8.002
7475.000 7.087
7480.000 6.362
7485.000 6.127
7490.000 5.510
7495.000 5.063
7500.000 4.730
7505.000 4.374
7510.000 4.131
7515.000 3.870
7520.000 3.663
7525.000 3.502
7530.000 3.322
7535.000 3.196
7540.000 3.050
7545.000 2.935
7550.000 2.890
7555.000 2.775
7560.000 2.678
7565.000 2.598
7570.000 2.512
7575.000 2.448
7580.000 2.375
7585.000 2.314
7590.000 2.269
7595.000 2.209
7600.000 2.169
7605.000 2.143
7610.000 2.094
7615.000 2.061
7620.000 2.018
7625.000 1.977
7630.000 1.943
7635.000 1.909
7640.000 1.878
7645.000 1.847
7650.000 1.820
7655.000 1.800
7660.000 1.772
7665.000 1.758
7670.000 1.745
7675.000 1.722
7680.000 1.707
7685.000 1.687
7690.000 1.669
7695.000 1.648
7700.000 1.637
7705.000 1.621
7710.000 1.601
7715.000 1.584
7720.000 1.574
7725.000 1.561
7730.000 1.554
7735.000 1.548
7740.000 1.539
7745.000 1.535
7750.000 1.524
7755.000 1.520
7760.000 1.510
7765.000 1.500
7770.000 1.494
7775.000 1.483
7780.000 1.480
7785.000 1.469
7790.000 1.464
7795.000 1.460
7800.000 1.458
7805.000 1.456
7810.000 1.457
7815.000 1.453
7820.000 1.453
7825.000 1.457
7830.000 1.457
7835.000 1.455
7840.000 1.454
7845.000 1.453
7850.000 1.449
7855.000 1.453
7860.000 1.454
7865.000 1.454
7870.000 1.456
7875.000 1.463
7880.000 1.468
7885.000 1.476
7890.000 1.489
7895.000 1.497
7900.000 1.506
7905.000 1.517
7910.000 1.521
7915.000 1.529
7920.000 1.543
7925.000 1.555
7930.000 1.565
7935.000 1.591
7940.000 1.608
7945.000 1.634
7950.000 1.654
7955.000 1.690
7960.000 1.719
7965.000 1.769
7970.000 1.817
7975.000 1.843
7980.000 1.890
7985.000 1.956
7990.000 2.029
7995.000 2.132
8000.000 2.228
8005.000 2.347
8010.000 2.549
8015.000 2.793
8020.000 3.146
8025.000 3.633
8030.000 4.267
8035.000 4.966
8040.000 6.731
8045.000 9.421
8050.000 11.616
8055.000 4.900
8060.000 5.892
8065.000 1.849
8070.000 1.372
8075.000 0.994
8080.000 0.761
8085.000 0.545
8090.000 0.480
8095.000 0.401
8100.000 0.363
8105.000 0.368
8110.000 0.393
8115.000 0.432
8120.000 0.459
8125.000 0.495
8130.000 0.529
8135.000 0.551
8140.000 0.580
8145.000 0.601
8150.000 0.630
8155.000 0.639
8160.000 0.660
8165.000 0.686
8170.000 0.705
8175.000 0.731
8180.000 0.749
8185.000 0.768
8190.000 0.790
8195.000 0.806
8200.000 0.814
8205.000 0.830
8210.000 0.843
8215.000 0.845
8220.000 0.862
8225.000 0.869
8230.000 0.880
8235.000 0.894
8240.000 0.910
8245.000 0.923
8250.000 0.935
8255.000 0.955
8260.000 0.968
8265.000 0.983
8270.000 0.997
8275.000 1.004
8280.000 1.011
8285.000 1.021
8290.000 1.030
8295.000 1.043
8300.000 1.052
8305.000 1.068
8310.000 1.081
8315.000 1.096
8320.000 1.115
8325.000 1.127
8330.000 1.151
8335.000 1.159
8340.000 1.170
8345.000 1.188
8350.000 1.206
8355.000 1.213
8360.000 1.229
8365.000 1.249
8370.000 1.268
8375.000 1.283
8380.000 1.299
8385.000 1.327
8390.000 1.344
8395.000 1.358
8400.000 1.388
8405.000 1.415
8410.000 1.443
8415.000 1.474
8420.000 1.497
8425.000 1.526
8430.000 1.560
8435.000 1.586
8440.000 1.621
8445.000 1.653
8450.000 1.702
8455.000 1.746
8460.000 1.766
8465.000 1.821
8470.000 1.869
8475.000 1.945
8480.000 2.014
8485.000 2.083
8490.000 2.180
8495.000 2.268
8500.000 2.400
8505.000 2.552
8510.000 2.719
8515.000 3.038
8520.000 3.234
8525.000 3.749
8530.000 4.647
8535.000 4.853
8540.000 1.206
8545.000 2.251
8550.000 2.123
8555.000 2.426
8560.000 2.711
8565.000 3.033
8570.000 3.327
8575.000 3.442
8580.000 3.812
8585.000 4.204
8590.000 4.597
8595.000 5.204
8600.000 5.769
8605.000 6.702
8610.000 7.699
8615.000 8.761
8620.000 10.305
8625.000 11.525
8630.000 12.224
8635.000 11.695
8640.000 11.061
8645.000 9.202
8650.000 7.495
8655.000 6.365
8660.000 5.375
8665.000 4.964
8670.000 4.748
8675.000 4.783
8680.000 4.654
8685.000 4.171
8690.000 3.774
8695.000 3.355
8700.000 3.053
8705.000 2.956
8710.000 2.681
8715.000 2.483
8720.000 2.329
8725.000 2.157
8730.000 2.040
8735.000 1.907
8740.000 1.806
8745.000 1.713
8750.000 1.618
8755.000 1.554
8760.000 1.461
8765.000 1.428
8770.000 1.371
8775.000 1.298
8780.000 1.242
8785.000 1.195
8790.000 1.144
8795.000 1.108
8800.000 1.060
8805.000 1.020
8810.000 0.993
8815.000 0.976
8820.000 0.967
8825.000 0.920
8830.000 0.876
8835.000 0.860
8840.000 0.820
8845.000 0.794
8850.000 0.764
8855.000 0.745
8860.000 0.726
8865.000 0.701
8870.000 0.681
8875.000 0.668
8880.000 0.653
8885.000 0.645
8890.000 0.629
8895.000 0.614
8900.000 0.603
8905.000 0.585
8910.000 0.574
8915.000 0.554
8920.000 0.541
8925.000 0.528
8930.000 0.512
8935.000 0.503
8940.000 0.496
8945.000 0.487
8950.000 0.477
8955.000 0.473
8960.000 0.467
8965.000 0.458
8970.000 0.450
8975.000 0.441
8980.000 0.428
8985.000 0.424
8990.000 0.415
8995.000 0.401
9000.000 0.396
9005.000 0.391
9010.000 0.384
9015.000 0.381
9020.000 0.377
9025.000 0.371
9030.000 0.378
9035.000 0.374
9040.000 0.369
9045.000 0.358
9050.000 0.357
9055.000 0.350
9060.000 0.344
9065.000 0.340
9070.000 0.331
9075.000 0.330
9080.000 0.328
9085.000 0.323
9090.000 0.317
9095.000 0.326
9100.000 0.320
9105.000 0.326
9110.000 0.317
9115.000 0.322
9120.000 0.319
9125.000 0.315
9130.000 0.312
9135.000 0.309
9140.000 0.306
9145.000 0.301
9150.000 0.298
9155.000 0.297
9160.000 0.299
9165.000 0.302
9170.000 0.308
9175.000 0.309
9180.000 0.308
9185.000 0.313
9190.000 0.310
9195.000 0.313
9200.000 0.314
9205.000 0.311
9210.000 0.310
9215.000 0.308
9220.000 0.310
9225.000 0.312
9230.000 0.314
9235.000 0.321
9240.000 0.329
9245.000 0.331
9250.000 0.338
9255.000 0.346
9260.000 0.346
9265.000 0.351
9270.000 0.358
9275.000 0.361
9280.000 0.362
9285.000 0.367
9290.000 0.376
9295.000 0.384
9300.000 0.392
9305.000 0.398
9310.000 0.415
9315.000 0.427
9320.000 0.441
9325.000 0.454
9330.000 0.471
9335.000 0.485
9340.000 0.498
9345.000 0.517
9350.000 0.536
9355.000 0.553
9360.000 0.579
9365.000 0.603
9370.000 0.620
9375.000 0.653
9380.000 0.685
9385.000 0.730
9390.000 0.774
9395.000 0.837
9400.000 0.893
9405.000 0.951
9410.000 1.038
9415.000 1.117
9420.000 1.244
9425.000 1.388
9430.000 1.441
9435.000 1.680
9440.000 1.950
9445.000 2.282
9450.000 2.887
9455.000 3.712
9460.000 5.192
9465.000 7.632
9470.000 9.987
9475.000 8.240
9480.000 3.949
9485.000 3.342
9490.000 2.611
9495.000 2.136
9500.000 1.717
9505.000 1.463
9510.000 1.278
9515.000 1.084
9520.000 0.973
9525.000 0.834
9530.000 0.746
9535.000 0.662
9540.000 0.580
9545.000 0.529
9550.000 0.497
9555.000 0.440
9560.000 0.404
9565.000 0.353
9570.000 0.315
9575.000 0.281
9580.000 0.243
9585.000 0.212
9590.000 0.170
9595.000 0.138
9600.000 0.100
9605.000 0.067
9610.000 0.045
9615.000 0.037
9620.000 0.042
9625.000 0.062
9630.000 0.090
9635.000 0.124
9640.000 0.149
9645.000 0.185
9650.000 0.214
9655.000 0.255
9660.000 0.293
9665.000 0.334
9670.000 0.378
9675.000 0.399
9680.000 0.456
9685.000 0.504
9690.000 0.554
9695.000 0.620
9700.000 0.673
9705.000 0.744
9710.000 0.818
9715.000 0.885
9720.000 0.982
9725.000 1.065
9730.000 1.190
9735.000 1.318
9740.000 1.378
9745.000 1.546
9750.000 1.722
9755.000 1.904
9760.000 2.174
9765.000 2.440
9770.000 2.820
9775.000 3.235
9780.000 3.673
9785.000 4.392
9790.000 5.150
9795.000 5.520
9800.000 6.534
9805.000 7.297
9810.000 7.554
9815.000 7.167
9820.000 6.446
9825.000 5.391
9830.000 4.662
9835.000 3.928
9840.000 3.404
9845.000 3.028
9850.000 2.658
9855.000 2.561
9860.000 2.514
9865.000 2.685
9870.000 2.898
9875.000 3.068
9880.000 3.019
9885.000 2.882
9890.000 2.676
9895.000 2.536
9900.000 2.370
9905.000 2.251
9910.000 2.159
9915.000 2.054
9920.000 2.009
9925.000 1.945
9930.000 1.865
9935.000 1.818
9940.000 1.757
9945.000 1.707
9950.000 1.665
9955.000 1.614
9960.000 1.576
9965.000 1.529
9970.000 1.493
9975.000 1.459
9980.000 1.435
9985.000 1.410
9990.000 1.385
9995.000 1.352
10000.000 1.338
10005.000 1.313
10010.000 1.291
10015.000 1.265
10020.000 1.246
10025.000 1.227
10030.000 1.210
10035.000 1.193
10040.000 1.177
10045.000 1.147
10050.000 1.135
10055.000 1.116
10060.000 1.094
10065.000 1.081
10070.000 1.062
10075.000 1.046
10080.000 1.032
10085.000 1.013
10090.000 1.001
10095.000 0.974
10100.000 0.963
10105.000 0.941
10110.000 0.908
10115.000 0.882
10120.000 0.838
10125.000 0.799
10130.000 0.756
10135.000 0.679
10140.000 0.581
10145.000 0.457
10150.000 0.288
10155.000 0.490
10160.000 1.013
10165.000 2.641
10170.000 3.310
10175.000 1.404
10180.000 1.685
10185.000 1.482
10190.000 1.398
10195.000 1.349
10200.000 1.285
10205.000 1.255
10210.000 1.220
10215.000 1.196
10220.000 1.179
10225.000 1.166
10230.000 1.151
10235.000 1.143
10240.000 1.127
10245.000 1.119
10250.000 1.100
10255.000 1.091
10260.000 1.078
10265.000 1.070
10270.000 1.063
10275.000 1.052
10280.000 1.047
10285.000 1.045
10290.000 1.041
10295.000 1.037
10300.000 1.041
10305.000 1.038
10310.000 1.035
10315.000 1.030
10320.000 1.025
10325.000 1.021
10330.000 1.013
10335.000 1.010
10340.000 1.005
10345.000 1.004
10350.000 0.999
10355.000 0.998
10360.000 0.997
10365.000 0.999
10370.000 0.996
10375.000 1.002
10380.000 0.997
10385.000 0.999
10390.000 0.999
10395.000 0.995
10400.000 0.995
10405.000 0.990
10410.000 0.991
10415.000 0.988
10420.000 0.983
10425.000 0.986
10430.000 0.987
10435.000 0.987
10440.000 0.992
10445.000 0.997
10450.000 0.999
10455.000 1.001
10460.000 1.003
10465.000 1.002
10470.000 1.001
10475.000 0.999
10480.000 0.999
10485.000 0.994
10490.000 1.001
10495.000 1.001
10500.000 1.005
10505.000 1.005
10510.000 1.011
10515.000 1.016
10520.000 1.024
10525.000 1.024
10530.000 1.027
10535.000 1.033
10540.000 1.037
10545.000 1.034
10550.000 1.038
10555.000 1.038
10560.000 1.043
10565.000 1.048
10570.000 1.048
10575.000 1.056
10580.000 1.059
10585.000 1.066
10590.000 1.077
10595.000 1.082
10600.000 1.089
10605.000 1.099
10610.000 1.105
10615.000 1.112
10620.000 1.121
10625.000 1.124
10630.000 1.131
10635.000 1.137
10640.000 1.151
10645.000 1.155
10650.000 1.162
10655.000 1.178
10660.000 1.191
10665.000 1.206
10670.000 1.222
10675.000 1.236
10680.000 1.254
10685.000 1.267
10690.000 1.284
10695.000 1.300
10700.000 1.312
10705.000 1.339
10710.000 1.346
10715.000 1.368
10720.000 1.398
10725.000 1.420
10730.000 1.457
10735.000 1.488
10740.000 1.525
10745.000 1.571
10750.000 1.607
10755.000 1.658
10760.000 1.713
10765.000 1.772
10770.000 1.837
10775.000 1.878
10780.000 1.963
10785.000 2.061
10790.000 2.154
10795.000 2.314
10800.000 2.489
10805.000 2.705
10810.000 2.979
10815.000 3.271
10820.000 3.792
10825.000 4.413
10830.000 4.650
10835.000 5.573
10840.000 6.139
10845.000 5.725
10850.000 4.018
10855.000 2.787
10860.000 1.782
10865.000 1.514
10870.000 1.215
10875.000 0.837
10880.000 0.516
10885.000 0.270
10890.000 0.211
10895.000 0.207
10900.000 0.322
10905.000 0.425
10910.000 0.565
10915.000 0.689
10920.000 0.791
10925.000 0.944
10930.000 1.056
10935.000 1.239
10940.000 1.412
10945.000 1.574
10950.000 1.830
10955.000 1.958
10960.000 2.184
10965.000 2.518
10970.000 2.783
10975.000 2.995
10980.000 3.034
10985.000 2.910
10990.000 2.564
10995.000 2.255
11000.000 1.935
11005.000 1.716
11010.000 1.589
11015.000 1.516
11020.000 1.466
11025.000 1.470
11030.000 1.551
11035.000 1.647
11040.000 1.814
11045.000 1.960
11050.000 2.029
11055.000 2.007
11060.000 1.894
11065.000 1.661
11070.000 1.555
11075.000 1.391
11080.000 1.189
11085.000 1.046
11090.000 0.924
11095.000 0.823
11100.000 0.745
11105.000 0.658
11110.000 0.593
11115.000 0.536
11120.000 0.488
11125.000 0.452
11130.000 0.410
11135.000 0.391
11140.000 0.362
11145.000 0.332
11150.000 0.307
11155.000 0.277
11160.000 0.256
11165.000 0.237
11170.000 0.214
11175.000 0.197
11180.000 0.181
11185.000 0.169
11190.000 0.158
11195.000 0.154
11200.000 0.145
11205.000 0.143
11210.000 0.136
11215.000 0.132
11220.000 0.125
11225.000 0.125
11230.000 0.119
11235.000 0.119
11240.000 0.118
11245.000 0.122
11250.000 0.125
11255.000 0.128
11260.000 0.134
11265.000 0.135
11270.000 0.143
11275.000 0.147
11280.000 0.147
11285.000 0.149
11290.000 0.151
11295.000 0.152
11300.000 0.156
11305.000 0.162
11310.000 0.168
11315.000 0.168
11320.000 0.173
11325.000 0.177
11330.000 0.182
11335.000 0.192
11340.000 0.194
11345.000 0.197
11350.000 0.199
11355.000 0.201
11360.000 0.200
11365.000 0.205
11370.000 0.207
11375.000 0.208
11380.000 0.209
11385.000 0.214
11390.000 0.218
11395.000 0.220
11400.000 0.228
11405.000 0.230
11410.000 0.232
11415.000 0.237
11420.000 0.239
11425.000 0.233
11430.000 0.239
11435.000 0.242
11440.000 0.238
11445.000 0.242
11450.000 0.244
11455.000 0.242
11460.000 0.248
11465.000 0.254
11470.000 0.254
11475.000 0.258
11480.000 0.263
11485.000 0.263
11490.000 0.266
11495.000 0.269
11500.000 0.268
11505.000 0.268
11510.000 0.265
11515.000 0.266
11520.000 0.271
11525.000 0.275
11530.000 0.275
11535.000 0.276
11540.000 0.284
11545.000 0.288
11550.000 0.287
11555.000 0.293
11560.000 0.296
11565.000 0.298
11570.000 0.297
11575.000 0.303
11580.000 0.301
11585.000 0.304
11590.000 0.308
11595.000 0.312
11600.000 0.313
11605.000 0.323
11610.000 0.329
11615.000 0.336
11620.000 0.342
11625.000 0.350
11630.000 0.360
11635.000 0.368
11640.000 0.379
11645.000 0.388
11650.000 0.403
11655.000 0.416
11660.000 0.440
11665.000 0.467
11670.000 0.498
11675.000 0.547
11680.000 0.598
11685.000 0.640
11690.000 0.751
11695.000 0.885
11700.000 1.158
11705.000 1.551
11710.000 1.981
11715.000 1.915
11720.000 0.752
11725.000 0.591
11730.000 0.527
11735.000 0.367
11740.000 0.266
11745.000 0.234
11750.000 0.195
11755.000 0.158
11760.000 0.143
11765.000 0.119
11770.000 0.108
11775.000 0.104
11780.000 0.101
11785.000 0.101
11790.000 0.101
11795.000 0.103
11800.000 0.109
11805.000 0.104
11810.000 0.108
11815.000 0.103
11820.000 0.107
11825.000 0.106
11830.000 0.111
11835.000 0.111
11840.000 0.115
11845.000 0.120
11850.000 0.121
11855.000 0.128
11860.000 0.129
11865.000 0.133
11870.000 0.138
11875.000 0.143
11880.000 0.147
11885.000 0.153
11890.000 0.155
11895.000 0.157
11900.000 0.163
11905.000 0.173
11910.000 0.177
11915.000 0.185
11920.000 0.198
11925.000 0.206
11930.000 0.212
11935.000 0.233
11940.000 0.242
11945.000 0.258
11950.000 0.272
11955.000 0.285
11960.000 0.306
11965.000 0.320
11970.000 0.344
11975.000 0.366
11980.000 0.389
11985.000 0.420
11990.000 0.436
11995.000 0.464
12000.000 0.510
