105.000 2.022
110.000 1.974
115.000 2.015
120.000 2.097
125.000 2.190
130.000 2.076
135.000 2.148
140.000 2.154
145.000 2.151
150.000 2.172
155.000 2.176
160.000 2.175
165.000 2.239
170.000 2.250
175.000 2.238
180.000 2.298
185.000 2.290
190.000 2.302
195.000 2.295
200.000 2.320
205.000 2.373
210.000 2.368
215.000 2.383
220.000 2.439
225.000 2.466
230.000 2.509
235.000 2.517
240.000 2.536
245.000 2.552
250.000 2.611
255.000 2.665
260.000 2.694
265.000 2.752
270.000 2.795
275.000 2.836
280.000 2.896
285.000 2.971
290.000 3.059
295.000 3.120
300.000 3.138
305.000 3.267
310.000 3.338
315.000 3.487
320.000 3.544
325.000 3.668
330.000 3.728
335.000 3.913
340.000 4.050
345.000 4.211
350.000 4.379
355.000 4.560
360.000 4.657
365.000 4.959
370.000 5.076
375.000 5.386
380.000 5.523
385.000 5.722
390.000 5.909
395.000 6.052
400.000 6.158
405.000 6.197
410.000 6.187
415.000 6.097
420.000 5.961
425.000 5.674
430.000 5.569
435.000 5.145
440.000 4.952
445.000 4.647
450.000 4.332
455.000 4.043
460.000 3.761
465.000 3.508
470.000 3.295
475.000 3.047
480.000 2.843
485.000 2.759
490.000 2.515
495.000 2.431
500.000 2.301
505.000 2.177
510.000 2.033
515.000 1.931
520.000 1.837
525.000 1.748
530.000 1.670
535.000 1.588
540.000 1.511
545.000 1.461
550.000 1.398
555.000 1.351
560.000 1.298
565.000 1.250
570.000 1.210
575.000 1.163
580.000 1.124
585.000 1.089
590.000 1.048
595.000 1.018
600.000 0.979
605.000 0.969
610.000 0.918
615.000 0.893
620.000 0.874
625.000 0.858
630.000 0.835
635.000 0.817
640.000 0.797
645.000 0.783
650.000 0.758
655.000 0.741
660.000 0.722
665.000 0.713
670.000 0.690
675.000 0.689
680.000 0.679
685.000 0.674
690.000 0.651
695.000 0.640
700.000 0.629
705.000 0.632
710.000 0.611
715.000 0.602
720.000 0.598
725.000 0.595
730.000 0.588
735.000 0.581
740.000 0.589
745.000 0.576
750.000 0.563
755.000 0.568
760.000 0.558
765.000 0.554
770.000 0.546
775.000 0.546
780.000 0.546
785.000 0.550
790.000 0.548
795.000 0.551
800.000 0.544
805.000 0.541
810.000 0.541
815.000 0.524
820.000 0.527
825.000 0.519
830.000 0.516
835.000 0.514
840.000 0.520
845.000 0.510
850.000 0.512
855.000 0.509
860.000 0.511
865.000 0.500
870.000 0.501
875.000 0.505
880.000 0.502
885.000 0.504
890.000 0.500
895.000 0.502
900.000 0.500
905.000 0.492
910.000 0.496
915.000 0.492
920.000 0.492
925.000 0.495
930.000 0.490
935.000 0.490
940.000 0.492
945.000 0.489
950.000 0.498
955.000 0.495
960.000 0.493
965.000 0.486
970.000 0.489
975.000 0.486
980.000 0.482
985.000 0.498
990.000 0.497
995.000 0.493
1000.000 0.484
1005.000 0.483
1010.000 0.488
1015.000 0.487
1020.000 0.490
1025.000 0.485
1030.000 0.494
1035.000 0.484
1040.000 0.488
1045.000 0.493
1050.000 0.485
1055.000 0.488
1060.000 0.491
1065.000 0.485
1070.000 0.491
1075.000 0.490
1080.000 0.490
1085.000 0.489
1090.000 0.493
1095.000 0.495
1100.000 0.491
1105.000 0.495
1110.000 0.489
1115.000 0.489
1120.000 0.496
1125.000 0.497
1130.000 0.496
1135.000 0.495
1140.000 0.493
1145.000 0.497
1150.000 0.496
1155.000 0.497
1160.000 0.499
1165.000 0.496
1170.000 0.498
1175.000 0.496
1180.000 0.499
1185.000 0.504
1190.000 0.501
1195.000 0.503
1200.000 0.502
1205.000 0.502
1210.000 0.504
1215.000 0.502
1220.000 0.502
1225.000 0.503
1230.000 0.506
1235.000 0.507
1240.000 0.513
1245.000 0.512
1250.000 0.506
1255.000 0.514
1260.000 0.510
1265.000 0.509
1270.000 0.513
1275.000 0.513
1280.000 0.518
1285.000 0.516
1290.000 0.517
1295.000 0.518
1300.000 0.515
1305.000 0.520
1310.000 0.518
1315.000 0.522
1320.000 0.523
1325.000 0.526
1330.000 0.530
1335.000 0.523
1340.000 0.530
1345.000 0.534
1350.000 0.531
1355.000 0.532
1360.000 0.533
1365.000 0.539
1370.000 0.538
1375.000 0.530
1380.000 0.535
1385.000 0.535
1390.000 0.537
1395.000 0.539
1400.000 0.539
1405.000 0.537
1410.000 0.546
1415.000 0.545
1420.000 0.545
1425.000 0.540
1430.000 0.538
1435.000 0.536
1440.000 0.533
1445.000 0.535
1450.000 0.530
1455.000 0.533
1460.000 0.534
1465.000 0.527
1470.000 0.531
1475.000 0.536
1480.000 0.538
1485.000 0.542
1490.000 0.547
1495.000 0.553
1500.000 0.559
1505.000 0.557
1510.000 0.566
1515.000 0.568
1520.000 0.574
1525.000 0.578
1530.000 0.584
1535.000 0.586
1540.000 0.592
1545.000 0.598
1550.000 0.601
1555.000 0.610
1560.000 0.613
1565.000 0.614
1570.000 0.614
1575.000 0.625
1580.000 0.627
1585.000 0.635
1590.000 0.638
1595.000 0.644
1600.000 0.652
1605.000 0.655
1610.000 0.665
1615.000 0.665
1620.000 0.676
1625.000 0.682
1630.000 0.689
1635.000 0.698
1640.000 0.698
1645.000 0.705
1650.000 0.715
1655.000 0.722
1660.000 0.727
1665.000 0.735
1670.000 0.743
1675.000 0.760
1680.000 0.765
1685.000 0.777
1690.000 0.789
1695.000 0.805
1700.000 0.810
1705.000 0.813
1710.000 0.823
1715.000 0.839
1720.000 0.847
1725.000 0.861
1730.000 0.872
1735.000 0.882
1740.000 0.901
1745.000 0.914
1750.000 0.927
1755.000 0.942
1760.000 0.950
1765.000 0.970
1770.000 0.981
1775.000 0.988
1780.000 1.003
1785.000 1.019
1790.000 1.034
1795.000 1.046
1800.000 1.065
1805.000 1.080
1810.000 1.092
1815.000 1.104
1820.000 1.114
1825.000 1.124
1830.000 1.132
1835.000 1.146
1840.000 1.152
1845.000 1.164
1850.000 1.172
1855.000 1.182
1860.000 1.177
1865.000 1.182
1870.000 1.184
1875.000 1.190
1880.000 1.188
1885.000 1.190
1890.000 1.187
1895.000 1.188
1900.000 1.181
1905.000 1.179
1910.000 1.177
1915.000 1.174
1920.000 1.161
1925.000 1.149
1930.000 1.144
1935.000 1.135
1940.000 1.133
1945.000 1.124
1950.000 1.108
1955.000 1.106
1960.000 1.097
1965.000 1.081
1970.000 1.081
1975.000 1.068
1980.000 1.045
1985.000 1.047
1990.000 1.037
1995.000 1.022
2000.000 1.016
2005.000 1.006
2010.000 1.006
2015.000 0.978
2020.000 0.992
2025.000 0.977
2030.000 0.953
2035.000 0.956
2040.000 0.941
2045.000 0.940
2050.000 0.927
2055.000 0.920
2060.000 0.916
2065.000 0.904
2070.000 0.903
2075.000 0.903
2080.000 0.897
2085.000 0.892
2090.000 0.884
2095.000 0.877
2100.000 0.871
2105.000 0.871
2110.000 0.867
2115.000 0.862
2120.000 0.859
2125.000 0.859
2130.000 0.854
2135.000 0.851
2140.000 0.851
2145.000 0.853
2150.000 0.848
2155.000 0.847
2160.000 0.847
2165.000 0.845
2170.000 0.849
2175.000 0.848
2180.000 0.850
2185.000 0.850
2190.000 0.858
2195.000 0.858
2200.000 0.861
2205.000 0.864
2210.000 0.866
2215.000 0.873
2220.000 0.877
2225.000 0.886
2230.000 0.893
2235.000 0.901
2240.000 0.909
2245.000 0.923
2250.000 0.929
2255.000 0.939
2260.000 0.946
2265.000 0.951
2270.000 0.944
2275.000 0.939
2280.000 0.910
2285.000 0.800
2290.000 0.610
2295.000 0.861
2300.000 3.029
2305.000 8.610
2310.000 12.796
2315.000 8.825
2320.000 4.677
2325.000 2.222
2330.000 1.631
2335.000 0.963
2340.000 0.655
2345.000 0.463
2350.000 0.335
2355.000 0.269
2360.000 0.243
2365.000 0.231
2370.000 0.236
2375.000 0.259
2380.000 0.268
2385.000 0.293
2390.000 0.304
2395.000 0.317
2400.000 0.334
2405.000 0.345
2410.000 0.356
2415.000 0.368
2420.000 0.379
2425.000 0.386
2430.000 0.395
2435.000 0.405
2440.000 0.409
2445.000 0.417
2450.000 0.421
2455.000 0.425
2460.000 0.433
2465.000 0.441
2470.000 0.445
2475.000 0.446
2480.000 0.450
2485.000 0.452
2490.000 0.455
2495.000 0.458
2500.000 0.461
2505.000 0.467
2510.000 0.472
2515.000 0.474
2520.000 0.474
2525.000 0.479
2530.000 0.478
2535.000 0.479
2540.000 0.487
2545.000 0.491
2550.000 0.490
2555.000 0.491
2560.000 0.491
2565.000 0.498
2570.000 0.497
2575.000 0.502
2580.000 0.503
2585.000 0.507
2590.000 0.509
2595.000 0.508
2600.000 0.510
2605.000 0.513
2610.000 0.517
2615.000 0.518
2620.000 0.517
2625.000 0.524
2630.000 0.526
2635.000 0.524
2640.000 0.530
2645.000 0.530
2650.000 0.532
2655.000 0.535
2660.000 0.539
2665.000 0.545
2670.000 0.547
2675.000 0.549
2680.000 0.550
2685.000 0.554
2690.000 0.557
2695.000 0.559
2700.000 0.565
2705.000 0.568
2710.000 0.568
2715.000 0.576
2720.000 0.575
2725.000 0.580
2730.000 0.583
2735.000 0.589
2740.000 0.595
2745.000 0.603
2750.000 0.600
2755.000 0.601
2760.000 0.610
2765.000 0.614
2770.000 0.617
2775.000 0.622
2780.000 0.628
2785.000 0.633
2790.000 0.641
2795.000 0.644
2800.000 0.642
2805.000 0.654
2810.000 0.659
2815.000 0.664
2820.000 0.675
2825.000 0.675
2830.000 0.683
2835.000 0.686
2840.000 0.691
2845.000 0.696
2850.000 0.698
2855.000 0.708
2860.000 0.711
2865.000 0.721
2870.000 0.718
2875.000 0.724
2880.000 0.733
2885.000 0.737
2890.000 0.740
2895.000 0.747
2900.000 0.748
2905.000 0.753
2910.000 0.759
2915.000 0.759
2920.000 0.757
2925.000 0.766
2930.000 0.767
2935.000 0.773
2940.000 0.772
2945.000 0.774
2950.000 0.783
2955.000 0.779
2960.000 0.784
2965.000 0.795
2970.000 0.793
2975.000 0.795
2980.000 0.799
2985.000 0.802
2990.000 0.785
2995.000 0.789
3000.000 0.798
3005.000 0.807
3010.000 0.799
3015.000 0.793
3020.000 0.793
3025.000 0.799
3030.000 0.811
3035.000 0.811
3040.000 0.812
3045.000 0.797
3050.000 0.810
3055.000 0.803
3060.000 0.805
3065.000 0.803
3070.000 0.798
3075.000 0.803
3080.000 0.799
3085.000 0.797
3090.000 0.801
3095.000 0.802
3100.000 0.806
3105.000 0.803
3110.000 0.803
3115.000 0.802
3120.000 0.802
3125.000 0.804
3130.000 0.800
3135.000 0.801
3140.000 0.804
3145.000 0.799
3150.000 0.798
3155.000 0.799
3160.000 0.800
3165.000 0.800
3170.000 0.801
3175.000 0.804
3180.000 0.803
3185.000 0.803
3190.000 0.805
3195.000 0.805
3200.000 0.805
3205.000 0.805
3210.000 0.798
3215.000 0.805
3220.000 0.801
3225.000 0.808
3230.000 0.806
3235.000 0.803
3240.000 0.811
3245.000 0.811
3250.000 0.816
3255.000 0.819
3260.000 0.813
3265.000 0.817
3270.000 0.815
3275.000 0.815
3280.000 0.821
3285.000 0.823
3290.000 0.821
3295.000 0.822
3300.000 0.825
3305.000 0.826
3310.000 0.830
3315.000 0.835
3320.000 0.835
3325.000 0.838
3330.000 0.840
3335.000 0.844
3340.000 0.847
3345.000 0.850
3350.000 0.853
3355.000 0.853
3360.000 0.856
3365.000 0.856
3370.000 0.860
3375.000 0.863
3380.000 0.869
3385.000 0.876
3390.000 0.878
3395.000 0.884
3400.000 0.890
3405.000 0.897
3410.000 0.901
3415.000 0.910
3420.000 0.916
3425.000 0.916
3430.000 0.924
3435.000 0.931
3440.000 0.941
3445.000 0.950
3450.000 0.962
3455.000 0.972
3460.000 0.986
3465.000 0.995
3470.000 1.005
3475.000 1.022
3480.000 1.029
3485.000 1.040
3490.000 1.053
3495.000 1.068
3500.000 1.085
3505.000 1.102
3510.000 1.123
3515.000 1.137
3520.000 1.156
3525.000 1.185
3530.000 1.207
3535.000 1.231
3540.000 1.260
3545.000 1.273
3550.000 1.302
3555.000 1.336
3560.000 1.372
3565.000 1.403
3570.000 1.450
3575.000 1.490
3580.000 1.538
3585.000 1.586
3590.000 1.612
3595.000 1.706
3600.000 1.769
3605.000 1.811
3610.000 1.899
3615.000 1.980
3620.000 2.093
3625.000 2.206
3630.000 2.331
3635.000 2.488
3640.000 2.660
3645.000 2.872
3650.000 2.993
3655.000 3.401
3660.000 3.591
3665.000 4.000
3670.000 4.484
3675.000 5.185
3680.000 6.082
3685.000 7.313
3690.000 9.299
3695.000 12.996
3700.000 19.899
3705.000 22.691
3710.000 23.519
3715.000 16.279
3720.000 10.375
3725.000 7.816
3730.000 6.211
3735.000 5.218
3740.000 4.409
3745.000 3.848
3750.000 3.404
3755.000 3.066
3760.000 2.796
3765.000 2.540
3770.000 2.444
3775.000 2.272
3780.000 2.104
3785.000 1.969
3790.000 1.859
3795.000 1.754
3800.000 1.666
3805.000 1.578
3810.000 1.503
3815.000 1.440
3820.000 1.379
3825.000 1.327
3830.000 1.299
3835.000 1.254
3840.000 1.210
3845.000 1.175
3850.000 1.138
3855.000 1.107
3860.000 1.077
3865.000 1.055
3870.000 1.028
3875.000 1.000
3880.000 0.977
3885.000 0.957
3890.000 0.948
3895.000 0.926
3900.000 0.912
3905.000 0.896
3910.000 0.883
3915.000 0.866
3920.000 0.854
3925.000 0.840
3930.000 0.832
3935.000 0.818
3940.000 0.811
3945.000 0.807
3950.000 0.792
3955.000 0.787
3960.000 0.782
3965.000 0.767
3970.000 0.764
3975.000 0.753
3980.000 0.747
3985.000 0.743
3990.000 0.731
3995.000 0.735
4000.000 0.716
4005.000 0.707
4010.000 0.705
4015.000 0.719
4020.000 0.704
4025.000 0.703
4030.000 0.697
4035.000 0.695
4040.000 0.692
4045.000 0.681
4050.000 0.685
4055.000 0.681
4060.000 0.674
4065.000 0.681
4070.000 0.676
4075.000 0.674
4080.000 0.668
4085.000 0.667
4090.000 0.664
4095.000 0.663
4100.000 0.661
4105.000 0.661
4110.000 0.658
4115.000 0.652
4120.000 0.656
4125.000 0.652
4130.000 0.654
4135.000 0.655
4140.000 0.650
4145.000 0.649
4150.000 0.652
4155.000 0.646
4160.000 0.646
4165.000 0.642
4170.000 0.640
4175.000 0.640
4180.000 0.634
4185.000 0.629
4190.000 0.631
4195.000 0.629
4200.000 0.627
4205.000 0.623
4210.000 0.620
4215.000 0.617
4220.000 0.618
4225.000 0.613
4230.000 0.606
4235.000 0.601
4240.000 0.593
4245.000 0.587
4250.000 0.585
4255.000 0.577
4260.000 0.575
4265.000 0.569
4270.000 0.572
4275.000 0.566
4280.000 0.565
4285.000 0.562
4290.000 0.562
4295.000 0.564
4300.000 0.562
4305.000 0.561
4310.000 0.557
4315.000 0.558
4320.000 0.556
4325.000 0.555
4330.000 0.555
4335.000 0.553
4340.000 0.552
4345.000 0.554
4350.000 0.553
4355.000 0.555
4360.000 0.554
4365.000 0.557
4370.000 0.556
4375.000 0.558
4380.000 0.555
4385.000 0.555
4390.000 0.555
4395.000 0.553
4400.000 0.552
4405.000 0.553
4410.000 0.549
4415.000 0.551
4420.000 0.552
4425.000 0.550
4430.000 0.554
4435.000 0.553
4440.000 0.555
4445.000 0.554
4450.000 0.555
4455.000 0.555
4460.000 0.555
4465.000 0.556
4470.000 0.553
4475.000 0.554
4480.000 0.551
4485.000 0.550
4490.000 0.553
4495.000 0.549
4500.000 0.554
4505.000 0.556
4510.000 0.554
4515.000 0.555
4520.000 0.554
4525.000 0.557
4530.000 0.556
4535.000 0.554
4540.000 0.555
4545.000 0.554
4550.000 0.552
4555.000 0.554
4560.000 0.551
4565.000 0.556
4570.000 0.553
4575.000 0.558
4580.000 0.555
4585.000 0.556
4590.000 0.556
4595.000 0.560
4600.000 0.557
4605.000 0.561
4610.000 0.556
4615.000 0.557
4620.000 0.559
4625.000 0.558
4630.000 0.557
4635.000 0.554
4640.000 0.559
4645.000 0.558
4650.000 0.558
4655.000 0.563
4660.000 0.563
4665.000 0.565
4670.000 0.566
4675.000 0.565
4680.000 0.568
4685.000 0.569
4690.000 0.568
4695.000 0.566
4700.000 0.565
4705.000 0.570
4710.000 0.571
4715.000 0.570
4720.000 0.569
4725.000 0.570
4730.000 0.578
4735.000 0.580
4740.000 0.579
4745.000 0.586
4750.000 0.585
4755.000 0.587
4760.000 0.588
4765.000 0.591
4770.000 0.591
4775.000 0.597
4780.000 0.601
4785.000 0.601
4790.000 0.604
4795.000 0.609
4800.000 0.614
4805.000 0.623
4810.000 0.628
4815.000 0.635
4820.000 0.641
4825.000 0.649
4830.000 0.658
4835.000 0.667
4840.000 0.676
4845.000 0.689
4850.000 0.702
4855.000 0.712
4860.000 0.730
4865.000 0.749
4870.000 0.756
4875.000 0.795
4880.000 0.809
4885.000 0.831
4890.000 0.868
4895.000 0.906
4900.000 0.938
4905.000 0.997
4910.000 1.057
4915.000 1.125
4920.000 1.205
4925.000 1.291
4930.000 1.420
4935.000 1.560
4940.000 1.640
4945.000 1.862
4950.000 2.151
4955.000 2.548
4960.000 3.187
4965.000 4.247
4970.000 6.196
4975.000 7.684
4980.000 5.941
4985.000 5.531
4990.000 5.255
4995.000 6.570
5000.000 6.762
5005.000 5.108
5010.000 3.580
5015.000 2.988
5020.000 2.505
5025.000 2.195
5030.000 1.938
5035.000 1.746
5040.000 1.593
5045.000 1.542
5050.000 1.426
5055.000 1.338
5060.000 1.226
5065.000 1.196
5070.000 1.144
5075.000 1.090
5080.000 1.043
5085.000 1.012
5090.000 0.979
5095.000 0.954
5100.000 0.928
5105.000 0.916
5110.000 0.895
5115.000 0.863
5120.000 0.847
5125.000 0.835
5130.000 0.821
5135.000 0.810
5140.000 0.793
5145.000 0.780
5150.000 0.772
5155.000 0.761
5160.000 0.754
5165.000 0.746
5170.000 0.741
5175.000 0.734
5180.000 0.728
5185.000 0.720
5190.000 0.713
5195.000 0.704
5200.000 0.699
5205.000 0.688
5210.000 0.684
5215.000 0.677
5220.000 0.669
5225.000 0.668
5230.000 0.664
5235.000 0.658
5240.000 0.661
5245.000 0.651
5250.000 0.649
5255.000 0.645
5260.000 0.641
5265.000 0.636
5270.000 0.629
5275.000 0.628
5280.000 0.616
5285.000 0.615
5290.000 0.616
5295.000 0.610
5300.000 0.604
5305.000 0.600
5310.000 0.599
5315.000 0.595
5320.000 0.595
5325.000 0.595
5330.000 0.592
5335.000 0.588
5340.000 0.586
5345.000 0.579
5350.000 0.575
5355.000 0.573
5360.000 0.564
5365.000 0.561
5370.000 0.560
5375.000 0.553
5380.000 0.555
5385.000 0.555
5390.000 0.551
5395.000 0.550
5400.000 0.553
5405.000 0.549
5410.000 0.548
5415.000 0.543
5420.000 0.545
5425.000 0.541
5430.000 0.535
5435.000 0.532
5440.000 0.529
5445.000 0.529
5450.000 0.528
5455.000 0.529
5460.000 0.527
5465.000 0.530
5470.000 0.530
5475.000 0.528
5480.000 0.529
5485.000 0.530
5490.000 0.527
5495.000 0.524
5500.000 0.528
5505.000 0.518
5510.000 0.523
5515.000 0.522
5520.000 0.521
5525.000 0.520
5530.000 0.517
5535.000 0.525
5540.000 0.523
5545.000 0.525
5550.000 0.524
5555.000 0.526
5560.000 0.529
5565.000 0.528
5570.000 0.528
5575.000 0.525
5580.000 0.523
5585.000 0.523
5590.000 0.526
5595.000 0.523
5600.000 0.523
5605.000 0.529
5610.000 0.532
5615.000 0.529
5620.000 0.534
5625.000 0.537
5630.000 0.538
5635.000 0.534
5640.000 0.539
5645.000 0.538
5650.000 0.537
5655.000 0.538
5660.000 0.537
5665.000 0.539
5670.000 0.541
5675.000 0.542
5680.000 0.542
5685.000 0.545
5690.000 0.551
5695.000 0.552
5700.000 0.554
5705.000 0.557
5710.000 0.559
5715.000 0.554
5720.000 0.557
5725.000 0.555
5730.000 0.556
5735.000 0.558
5740.000 0.559
5745.000 0.559
5750.000 0.561
5755.000 0.565
5760.000 0.570
5765.000 0.572
5770.000 0.575
5775.000 0.577
5780.000 0.584
5785.000 0.585
5790.000 0.585
5795.000 0.585
5800.000 0.586
5805.000 0.584
5810.000 0.585
5815.000 0.586
5820.000 0.590
5825.000 0.596
5830.000 0.601
5835.000 0.603
5840.000 0.606
5845.000 0.610
5850.000 0.611
5855.000 0.613
5860.000 0.622
5865.000 0.622
5870.000 0.620
5875.000 0.628
5880.000 0.628
5885.000 0.627
5890.000 0.631
5895.000 0.636
5900.000 0.638
5905.000 0.650
5910.000 0.653
5915.000 0.656
5920.000 0.662
5925.000 0.669
5930.000 0.674
5935.000 0.677
5940.000 0.679
5945.000 0.684
5950.000 0.690
5955.000 0.698
5960.000 0.695
5965.000 0.705
5970.000 0.705
5975.000 0.710
5980.000 0.729
5985.000 0.734
5990.000 0.748
5995.000 0.751
6000.000 0.770
6005.000 0.784
6010.000 0.785
6015.000 0.795
6020.000 0.805
6025.000 0.818
6030.000 0.820
6035.000 0.832
6040.000 0.846
6045.000 0.862
6050.000 0.880
6055.000 0.901
6060.000 0.917
6065.000 0.942
6070.000 0.965
6075.000 0.986
6080.000 1.015
6085.000 1.043
6090.000 1.063
6095.000 1.100
6100.000 1.116
6105.000 1.145
6110.000 1.182
6115.000 1.224
6120.000 1.273
6125.000 1.322
6130.000 1.384
6135.000 1.445
6140.000 1.511
6145.000 1.598
6150.000 1.684
6155.000 1.781
6160.000 1.903
6165.000 1.968
6170.000 2.121
6175.000 2.286
6180.000 2.464
6185.000 2.728
6190.000 3.028
6195.000 3.365
6200.000 3.868
6205.000 4.416
6210.000 5.305
6215.000 6.439
6220.000 7.002
6225.000 8.929
6230.000 11.022
6235.000 12.502
6240.000 11.969
6245.000 9.658
6250.000 7.037
6255.000 5.750
6260.000 4.911
6265.000 4.094
6270.000 3.788
6275.000 3.055
6280.000 2.852
6285.000 2.533
6290.000 2.219
6295.000 1.983
6300.000 1.791
6305.000 1.633
6310.000 1.537
6315.000 1.419
6320.000 1.338
6325.000 1.266
6330.000 1.207
6335.000 1.156
6340.000 1.103
6345.000 1.083
6350.000 1.046
6355.000 1.006
6360.000 0.973
6365.000 0.937
6370.000 0.910
6375.000 0.886
6380.000 0.858
6385.000 0.837
6390.000 0.819
6395.000 0.808
6400.000 0.782
6405.000 0.775
6410.000 0.760
6415.000 0.751
6420.000 0.736
6425.000 0.722
6430.000 0.713
6435.000 0.703
6440.000 0.692
6445.000 0.679
6450.000 0.671
6455.000 0.657
6460.000 0.654
6465.000 0.648
6470.000 0.643
6475.000 0.638
6480.000 0.634
6485.000 0.630
6490.000 0.627
6495.000 0.624
6500.000 0.623
6505.000 0.619
6510.000 0.618
6515.000 0.618
6520.000 0.615
6525.000 0.617
6530.000 0.620
6535.000 0.618
6540.000 0.620
6545.000 0.626
6550.000 0.650
6555.000 0.657
6560.000 0.714
6565.000 0.833
6570.000 1.415
6575.000 3.190
6580.000 5.286
6585.000 2.376
6590.000 0.539
6595.000 0.315
6600.000 0.478
6605.000 0.465
6610.000 0.432
6615.000 0.441
6620.000 0.447
6625.000 0.445
6630.000 0.445
6635.000 0.447
6640.000 0.455
6645.000 0.454
6650.000 0.454
6655.000 0.460
6660.000 0.459
6665.000 0.454
6670.000 0.457
6675.000 0.454
6680.000 0.453
6685.000 0.449
6690.000 0.449
6695.000 0.447
6700.000 0.448
6705.000 0.448
6710.000 0.451
6715.000 0.454
6720.000 0.457
6725.000 0.455
6730.000 0.459
6735.000 0.457
6740.000 0.453
6745.000 0.452
6750.000 0.453
6755.000 0.446
6760.000 0.444
6765.000 0.440
6770.000 0.446
6775.000 0.442
6780.000 0.445
6785.000 0.446
6790.000 0.442
6795.000 0.452
6800.000 0.450
6805.000 0.450
6810.000 0.450
6815.000 0.448
6820.000 0.449
6825.000 0.445
6830.000 0.442
6835.000 0.439
6840.000 0.439
6845.000 0.440
6850.000 0.439
6855.000 0.441
6860.000 0.445
6865.000 0.443
6870.000 0.444
6875.000 0.445
6880.000 0.446
6885.000 0.443
6890.000 0.442
6895.000 0.441
6900.000 0.435
6905.000 0.437
6910.000 0.429
6915.000 0.434
6920.000 0.432
6925.000 0.433
6930.000 0.437
6935.000 0.435
6940.000 0.439
6945.000 0.441
6950.000 0.441
6955.000 0.442
6960.000 0.440
6965.000 0.431
6970.000 0.438
6975.000 0.434
6980.000 0.421
6985.000 0.426
6990.000 0.422
6995.000 0.426
7000.000 0.425
7005.000 0.435
7010.000 0.433
7015.000 0.425
7020.000 0.428
7025.000 0.428
7030.000 0.436
7035.000 0.430
7040.000 0.433
7045.000 0.423
7050.000 0.428
7055.000 0.425
7060.000 0.421
7065.000 0.423
7070.000 0.425
7075.000 0.420
7080.000 0.425
7085.000 0.425
7090.000 0.431
7095.000 0.430
7100.000 0.431
7105.000 0.430
7110.000 0.425
7115.000 0.421
7120.000 0.425
7125.000 0.419
7130.000 0.417
7135.000 0.419
7140.000 0.416
7145.000 0.418
7150.000 0.421
7155.000 0.424
7160.000 0.426
7165.000 0.432
7170.000 0.426
7175.000 0.426
7180.000 0.426
7185.000 0.423
7190.000 0.420
7195.000 0.427
7200.000 0.421
7205.000 0.423
7210.000 0.424
7215.000 0.431
7220.000 0.430
7225.000 0.434
7230.000 0.439
7235.000 0.441
7240.000 0.443
7245.000 0.451
7250.000 0.449
7255.000 0.448
7260.000 0.452
7265.000 0.455
7270.000 0.459
7275.000 0.463
7280.000 0.469
7285.000 0.477
7290.000 0.489
7295.000 0.501
7300.000 0.503
7305.000 0.516
7310.000 0.527
7315.000 0.540
7320.000 0.554
7325.000 0.568
7330.000 0.580
7335.000 0.599
7340.000 0.623
7345.000 0.651
7350.000 0.682
7355.000 0.708
7360.000 0.733
7365.000 0.794
7370.000 0.815
7375.000 0.907
7380.000 0.935
7385.000 1.006
7390.000 1.089
7395.000 1.173
7400.000 1.305
7405.000 1.443
7410.000 1.644
7415.000 1.872
7420.000 2.000
7425.000 2.549
7430.000 2.785
7435.000 3.295
7440.000 4.140
7445.000 5.056
7450.000 5.855
7455.000 6.006
7460.000 5.031
7465.000 3.391
7470.000 2.674
7475.000 2.744
7480.000 2.906
7485.000 2.818
7490.000 2.431
7495.000 2.304
7500.000 2.097
7505.000 1.886
7510.000 1.751
7515.000 1.617
7520.000 1.513
7525.000 1.437
7530.000 1.358
7535.000 1.300
7540.000 1.245
7545.000 1.217
7550.000 1.153
7555.000 1.128
7560.000 1.094
7565.000 1.062
7570.000 1.025
7575.000 0.993
7580.000 0.963
7585.000 0.939
7590.000 0.921
7595.000 0.901
7600.000 0.893
7605.000 0.876
7610.000 0.856
7615.000 0.851
7620.000 0.836
7625.000 0.821
7630.000 0.809
7635.000 0.796
7640.000 0.780
7645.000 0.765
7650.000 0.754
7655.000 0.743
7660.000 0.738
7665.000 0.723
7670.000 0.722
7675.000 0.715
7680.000 0.706
7685.000 0.707
7690.000 0.698
7695.000 0.691
7700.000 0.685
7705.000 0.679
7710.000 0.667
7715.000 0.665
7720.000 0.660
7725.000 0.646
7730.000 0.641
7735.000 0.633
7740.000 0.636
7745.000 0.627
7750.000 0.628
7755.000 0.625
7760.000 0.621
7765.000 0.619
7770.000 0.611
7775.000 0.607
7780.000 0.601
7785.000 0.605
7790.000 0.590
7795.000 0.581
7800.000 0.577
7805.000 0.573
7810.000 0.568
7815.000 0.567
7820.000 0.562
7825.000 0.562
7830.000 0.561
7835.000 0.559
7840.000 0.557
7845.000 0.551
7850.000 0.543
7855.000 0.538
7860.000 0.530
7865.000 0.524
7870.000 0.517
7875.000 0.512
7880.000 0.510
7885.000 0.504
7890.000 0.502
7895.000 0.496
7900.000 0.497
7905.000 0.495
7910.000 0.489
7915.000 0.480
7920.000 0.477
7925.000 0.475
7930.000 0.465
7935.000 0.446
7940.000 0.439
7945.000 0.429
7950.000 0.426
7955.000 0.416
7960.000 0.410
7965.000 0.400
7970.000 0.396
7975.000 0.381
7980.000 0.374
7985.000 0.367
7990.000 0.352
7995.000 0.339
8000.000 0.306
8005.000 0.300
8010.000 0.276
8015.000 0.282
8020.000 0.291
8025.000 0.304
8030.000 0.371
8035.000 0.487
8040.000 0.658
8045.000 0.773
8050.000 1.195
8055.000 1.915
8060.000 3.063
8065.000 4.800
8070.000 4.634
8075.000 2.751
8080.000 1.639
8085.000 1.561
8090.000 1.480
8095.000 1.302
8100.000 1.207
8105.000 1.113
8110.000 1.054
8115.000 1.004
8120.000 0.964
8125.000 0.938
8130.000 0.902
8135.000 0.883
8140.000 0.859
8145.000 0.837
8150.000 0.825
8155.000 0.805
8160.000 0.791
8165.000 0.771
8170.000 0.757
8175.000 0.749
8180.000 0.738
8185.000 0.730
8190.000 0.726
8195.000 0.720
8200.000 0.714
8205.000 0.713
8210.000 0.703
8215.000 0.696
8220.000 0.690
8225.000 0.686
8230.000 0.672
8235.000 0.668
8240.000 0.660
8245.000 0.652
8250.000 0.649
8255.000 0.647
8260.000 0.643
8265.000 0.644
8270.000 0.645
8275.000 0.641
8280.000 0.640
8285.000 0.637
8290.000 0.631
8295.000 0.623
8300.000 0.623
8305.000 0.615
8310.000 0.611
8315.000 0.603
8320.000 0.600
8325.000 0.596
8330.000 0.598
8335.000 0.600
8340.000 0.601
8345.000 0.594
8350.000 0.598
8355.000 0.595
8360.000 0.594
8365.000 0.587
8370.000 0.583
8375.000 0.578
8380.000 0.575
8385.000 0.565
8390.000 0.566
8395.000 0.564
8400.000 0.562
8405.000 0.562
8410.000 0.558
8415.000 0.561
8420.000 0.563
8425.000 0.562
8430.000 0.560
8435.000 0.556
8440.000 0.550
8445.000 0.554
8450.000 0.547
8455.000 0.544
8460.000 0.541
8465.000 0.537
8470.000 0.542
8475.000 0.542
8480.000 0.547
8485.000 0.552
8490.000 0.559
8495.000 0.573
8500.000 0.580
8505.000 0.601
8510.000 0.614
8515.000 0.638
8520.000 0.698
8525.000 0.777
8530.000 0.899
8535.000 1.223
8540.000 1.797
8545.000 2.834
8550.000 3.756
8555.000 1.198
8560.000 1.014
8565.000 0.588
8570.000 0.558
8575.000 0.520
8580.000 0.531
8585.000 0.551
8590.000 0.577
8595.000 0.629
8600.000 0.717
8605.000 0.819
8610.000 0.971
8615.000 1.154
8620.000 1.365
8625.000 1.728
8630.000 2.132
8635.000 2.341
8640.000 3.027
8645.000 3.664
8650.000 4.164
8655.000 4.195
8660.000 3.889
8665.000 3.373
8670.000 2.994
8675.000 2.617
8680.000 2.338
8685.000 2.049
8690.000 1.753
8695.000 1.058
8700.000 0.550
8705.000 0.627
8710.000 0.774
8715.000 0.881
8720.000 0.930
8725.000 0.964
8730.000 0.983
8735.000 0.987
8740.000 0.989
8745.000 0.990
8750.000 0.980
8755.000 0.976
8760.000 0.972
8765.000 0.960
8770.000 0.960
8775.000 0.953
8780.000 0.953
8785.000 0.944
8790.000 0.944
8795.000 0.941
8800.000 0.933
8805.000 0.927
8810.000 0.916
8815.000 0.924
8820.000 0.904
8825.000 0.884
8830.000 0.909
8835.000 0.882
8840.000 0.885
8845.000 0.878
8850.000 0.872
8855.000 0.874
8860.000 0.872
8865.000 0.868
8870.000 0.865
8875.000 0.862
8880.000 0.861
8885.000 0.852
8890.000 0.851
8895.000 0.837
8900.000 0.836
8905.000 0.830
8910.000 0.827
8915.000 0.825
8920.000 0.826
8925.000 0.825
8930.000 0.822
8935.000 0.828
8940.000 0.826
8945.000 0.826
8950.000 0.817
8955.000 0.820
8960.000 0.817
8965.000 0.806
8970.000 0.809
8975.000 0.803
8980.000 0.792
8985.000 0.800
8990.000 0.798
8995.000 0.795
9000.000 0.802
9005.000 0.796
9010.000 0.799
9015.000 0.797
9020.000 0.802
9025.000 0.798
9030.000 0.789
9035.000 0.786
9040.000 0.779
9045.000 0.780
9050.000 0.771
9055.000 0.773
9060.000 0.775
9065.000 0.776
9070.000 0.775
9075.000 0.785
9080.000 0.785
9085.000 0.783
9090.000 0.785
9095.000 0.781
9100.000 0.781
9105.000 0.776
9110.000 0.778
9115.000 0.770
9120.000 0.770
9125.000 0.770
9130.000 0.765
9135.000 0.769
9140.000 0.772
9145.000 0.773
9150.000 0.775
9155.000 0.777
9160.000 0.783
9165.000 0.783
9170.000 0.782
9175.000 0.780
9180.000 0.775
9185.000 0.777
9190.000 0.774
9195.000 0.771
9200.000 0.770
9205.000 0.774
9210.000 0.775
9215.000 0.772
9220.000 0.781
9225.000 0.781
9230.000 0.786
9235.000 0.791
9240.000 0.791
9245.000 0.788
9250.000 0.790
9255.000 0.792
9260.000 0.787
9265.000 0.786
9270.000 0.787
9275.000 0.787
9280.000 0.788
9285.000 0.794
9290.000 0.798
9295.000 0.801
9300.000 0.809
9305.000 0.811
9310.000 0.816
9315.000 0.818
9320.000 0.819
9325.000 0.817
9330.000 0.820
9335.000 0.821
9340.000 0.820
9345.000 0.823
9350.000 0.833
9355.000 0.837
9360.000 0.838
9365.000 0.849
9370.000 0.851
9375.000 0.864
9380.000 0.872
9385.000 0.877
9390.000 0.890
9395.000 0.899
9400.000 0.903
9405.000 0.909
9410.000 0.922
9415.000 0.934
9420.000 0.947
9425.000 0.965
9430.000 0.995
9435.000 1.022
9440.000 1.039
9445.000 1.081
9450.000 1.132
9455.000 1.195
9460.000 1.284
9465.000 1.379
9470.000 1.610
9475.000 1.915
9480.000 2.297
9485.000 2.765
9490.000 2.638
9495.000 1.264
9500.000 0.372
9505.000 0.310
9510.000 0.302
9515.000 0.359
9520.000 0.429
9525.000 0.478
9530.000 0.514
9535.000 0.550
9540.000 0.573
9545.000 0.592
9550.000 0.599
9555.000 0.621
9560.000 0.628
9565.000 0.646
9570.000 0.656
9575.000 0.670
9580.000 0.684
9585.000 0.703
9590.000 0.718
9595.000 0.731
9600.000 0.742
9605.000 0.752
9610.000 0.756
9615.000 0.772
9620.000 0.777
9625.000 0.783
9630.000 0.791
9635.000 0.799
9640.000 0.809
9645.000 0.820
9650.000 0.833
9655.000 0.847
9660.000 0.862
9665.000 0.880
9670.000 0.887
9675.000 0.913
9680.000 0.922
9685.000 0.936
9690.000 0.948
9695.000 0.965
9700.000 0.977
9705.000 0.999
9710.000 1.020
9715.000 1.043
9720.000 1.071
9725.000 1.097
9730.000 1.119
9735.000 1.173
9740.000 1.188
9745.000 1.260
9750.000 1.281
9755.000 1.332
9760.000 1.393
9765.000 1.446
9770.000 1.528
9775.000 1.614
9780.000 1.728
9785.000 1.853
9790.000 1.923
9795.000 2.195
9800.000 2.300
9805.000 2.694
9810.000 2.865
9815.000 3.168
9820.000 3.392
9825.000 3.456
9830.000 3.235
9835.000 2.659
9840.000 2.107
9845.000 1.685
9850.000 1.297
9855.000 1.064
9860.000 0.919
9865.000 0.697
9870.000 0.664
9875.000 0.600
9880.000 0.611
9885.000 0.653
9890.000 0.638
9895.000 0.551
9900.000 0.450
9905.000 0.388
9910.000 0.363
9915.000 0.272
9920.000 0.260
9925.000 0.206
9930.000 0.187
9935.000 0.173
9940.000 0.154
9945.000 0.144
9950.000 0.136
9955.000 0.132
9960.000 0.134
9965.000 0.148
9970.000 0.150
9975.000 0.154
9980.000 0.166
9985.000 0.166
9990.000 0.170
9995.000 0.182
10000.000 0.190
10005.000 0.199
10010.000 0.205
10015.000 0.214
10020.000 0.216
10025.000 0.230
10030.000 0.245
10035.000 0.254
10040.000 0.258
10045.000 0.264
10050.000 0.268
10055.000 0.270
10060.000 0.275
10065.000 0.274
10070.000 0.279
10075.000 0.281
10080.000 0.283
10085.000 0.285
10090.000 0.292
10095.000 0.296
10100.000 0.296
10105.000 0.308
10110.000 0.313
10115.000 0.314
10120.000 0.315
10125.000 0.321
10130.000 0.315
10135.000 0.316
10140.000 0.313
10145.000 0.310
10150.000 0.309
10155.000 0.310
10160.000 0.315
10165.000 0.322
10170.000 0.337
10175.000 0.399
10180.000 0.521
10185.000 0.968
10190.000 2.097
10195.000 1.033
10200.000 0.739
10205.000 0.586
10210.000 0.492
10215.000 0.481
10220.000 0.475
10225.000 0.453
10230.000 0.446
10235.000 0.445
10240.000 0.439
10245.000 0.441
10250.000 0.441
10255.000 0.442
10260.000 0.446
10265.000 0.444
10270.000 0.444
10275.000 0.441
10280.000 0.439
10285.000 0.440
10290.000 0.432
10295.000 0.436
10300.000 0.432
10305.000 0.433
10310.000 0.434
10315.000 0.437
10320.000 0.438
10325.000 0.448
10330.000 0.445
10335.000 0.450
10340.000 0.451
10345.000 0.451
10350.000 0.450
10355.000 0.445
10360.000 0.448
10365.000 0.443
10370.000 0.445
10375.000 0.446
10380.000 0.444
10385.000 0.445
10390.000 0.450
10395.000 0.454
10400.000 0.456
10405.000 0.465
10410.000 0.464
10415.000 0.467
10420.000 0.463
10425.000 0.467
10430.000 0.460
10435.000 0.458
10440.000 0.460
10445.000 0.459
10450.000 0.458
10455.000 0.464
10460.000 0.459
10465.000 0.466
10470.000 0.469
10475.000 0.472
10480.000 0.476
10485.000 0.480
10490.000 0.477
10495.000 0.478
10500.000 0.480
10505.000 0.481
10510.000 0.476
10515.000 0.474
10520.000 0.476
10525.000 0.475
10530.000 0.478
10535.000 0.480
10540.000 0.483
10545.000 0.487
10550.000 0.492
10555.000 0.494
10560.000 0.497
10565.000 0.497
10570.000 0.498
10575.000 0.495
10580.000 0.497
10585.000 0.494
10590.000 0.498
10595.000 0.494
10600.000 0.496
10605.000 0.495
10610.000 0.502
10615.000 0.506
10620.000 0.512
10625.000 0.518
10630.000 0.522
10635.000 0.522
10640.000 0.521
10645.000 0.524
10650.000 0.520
10655.000 0.519
10660.000 0.520
10665.000 0.523
10670.000 0.526
10675.000 0.527
10680.000 0.534
10685.000 0.537
10690.000 0.547
10695.000 0.548
10700.000 0.552
10705.000 0.564
10710.000 0.563
10715.000 0.567
10720.000 0.570
10725.000 0.573
10730.000 0.572
10735.000 0.582
10740.000 0.585
10745.000 0.590
10750.000 0.598
10755.000 0.611
10760.000 0.621
10765.000 0.627
10770.000 0.646
10775.000 0.654
10780.000 0.676
10785.000 0.682
10790.000 0.701
10795.000 0.713
10800.000 0.735
10805.000 0.755
10810.000 0.789
10815.000 0.830
10820.000 0.878
10825.000 0.908
10830.000 1.003
10835.000 1.127
10840.000 1.187
10845.000 1.318
10850.000 1.541
10855.000 1.707
10860.000 1.698
10865.000 1.277
10870.000 0.810
10875.000 0.405
10880.000 0.249
10885.000 0.221
10890.000 0.123
10895.000 0.132
10900.000 0.106
10905.000 0.133
10910.000 0.162
10915.000 0.201
10920.000 0.232
10925.000 0.260
10930.000 0.282
10935.000 0.300
10940.000 0.321
10945.000 0.341
10950.000 0.344
10955.000 0.364
10960.000 0.395
10965.000 0.412
10970.000 0.431
10975.000 0.458
10980.000 0.492
10985.000 0.504
10990.000 0.514
10995.000 0.507
11000.000 0.470
11005.000 0.391
11010.000 0.352
11015.000 0.300
11020.000 0.249
11025.000 0.237
11030.000 0.236
11035.000 0.246
11040.000 0.266
11045.000 0.298
11050.000 0.325
11055.000 0.366
11060.000 0.409
11065.000 0.464
11070.000 0.497
11075.000 0.508
11080.000 0.494
11085.000 0.451
11090.000 0.426
11095.000 0.399
11100.000 0.385
11105.000 0.373
11110.000 0.363
11115.000 0.360
11120.000 0.357
11125.000 0.354
11130.000 0.350
11135.000 0.351
11140.000 0.349
11145.000 0.349
11150.000 0.350
11155.000 0.347
11160.000 0.343
11165.000 0.341
11170.000 0.338
11175.000 0.334
11180.000 0.334
11185.000 0.335
11190.000 0.334
11195.000 0.336
11200.000 0.339
11205.000 0.336
11210.000 0.342
11215.000 0.344
11220.000 0.343
11225.000 0.337
11230.000 0.338
11235.000 0.337
11240.000 0.334
11245.000 0.331
11250.000 0.332
11255.000 0.331
11260.000 0.331
11265.000 0.328
11270.000 0.331
11275.000 0.334
11280.000 0.336
11285.000 0.335
11290.000 0.338
11295.000 0.340
11300.000 0.335
11305.000 0.331
11310.000 0.337
11315.000 0.329
11320.000 0.327
11325.000 0.328
11330.000 0.326
11335.000 0.322
11340.000 0.328
11345.000 0.325
11350.000 0.331
11355.000 0.333
11360.000 0.335
11365.000 0.337
11370.000 0.333
11375.000 0.330
11380.000 0.330
11385.000 0.328
11390.000 0.328
11395.000 0.327
11400.000 0.324
11405.000 0.322
11410.000 0.325
11415.000 0.322
11420.000 0.322
11425.000 0.322
11430.000 0.324
11435.000 0.330
11440.000 0.326
11445.000 0.328
11450.000 0.324
11455.000 0.320
11460.000 0.321
11465.000 0.317
11470.000 0.317
11475.000 0.315
11480.000 0.313
11485.000 0.312
11490.000 0.314
11495.000 0.312
11500.000 0.314
11505.000 0.311
11510.000 0.318
11515.000 0.315
11520.000 0.314
11525.000 0.312
11530.000 0.311
11535.000 0.303
11540.000 0.300
11545.000 0.299
11550.000 0.297
11555.000 0.299
11560.000 0.293
11565.000 0.294
11570.000 0.292
11575.000 0.296
11580.000 0.288
11585.000 0.291
11590.000 0.292
11595.000 0.290
11600.000 0.281
11605.000 0.280
11610.000 0.269
11615.000 0.265
11620.000 0.263
11625.000 0.258
11630.000 0.255
11635.000 0.252
11640.000 0.251
11645.000 0.241
11650.000 0.239
11655.000 0.229
11660.000 0.222
11665.000 0.212
11670.000 0.203
11675.000 0.195
11680.000 0.181
11685.000 0.162
11690.000 0.158
11695.000 0.146
11700.000 0.145
11705.000 0.161
11710.000 0.215
11715.000 0.292
11720.000 0.522
11725.000 0.851
11730.000 1.268
11735.000 1.511
11740.000 1.371
11745.000 1.195
11750.000 0.937
11755.000 0.816
11760.000 0.705
11765.000 0.645
11770.000 0.596
11775.000 0.559
11780.000 0.537
11785.000 0.509
11790.000 0.493
11795.000 0.480
11800.000 0.471
11805.000 0.456
11810.000 0.450
11815.000 0.434
11820.000 0.433
11825.000 0.423
11830.000 0.411
11835.000 0.404
11840.000 0.399
11845.000 0.391
11850.000 0.384
11855.000 0.379
11860.000 0.378
11865.000 0.372
11870.000 0.368
11875.000 0.367
11880.000 0.359
11885.000 0.355
11890.000 0.350
11895.000 0.344
11900.000 0.342
11905.000 0.337
11910.000 0.326
11915.000 0.326
11920.000 0.323
11925.000 0.318
11930.000 0.314
11935.000 0.309
11940.000 0.307
11945.000 0.299
11950.000 0.298
11955.000 0.294
11960.000 0.286
11965.000 0.282
11970.000 0.276
11975.000 0.273
11980.000 0.267
11985.000 0.261
11990.000 0.258
11995.000 0.252
12000.000 0.256
