1801.000 0.338
1802.000 2.252
1803.000 2.262
1804.000 2.278
1805.000 2.280
1806.000 2.296
1807.000 2.307
1808.000 2.320
1809.000 2.333
1810.000 2.345
1811.000 2.358
1812.000 2.369
1813.000 2.377
1814.000 2.386
1815.000 2.401
1816.000 2.410
1817.000 2.420
1818.000 2.433
1819.000 2.444
1820.000 2.455
1821.000 2.465
1822.000 2.477
1823.000 2.492
1824.000 2.505
1825.000 2.514
1826.000 2.522
1827.000 2.528
1828.000 2.543
1829.000 2.559
1830.000 2.559
1831.000 2.571
1832.000 2.585
1833.000 2.592
1834.000 2.608
1835.000 2.613
1836.000 2.630
1837.000 2.642
1838.000 2.644
1839.000 2.657
1840.000 2.669
1841.000 2.678
1842.000 2.693
1843.000 2.695
1844.000 2.714
1845.000 2.726
1846.000 2.730
1847.000 2.737
1848.000 2.751
1849.000 2.753
1850.000 2.765
1851.000 2.774
1852.000 2.783
1853.000 2.793
1854.000 2.797
1855.000 2.811
1856.000 2.828
1857.000 2.831
1858.000 2.852
1859.000 2.857
1860.000 2.869
1861.000 2.876
1862.000 2.884
1863.000 2.885
1864.000 2.895
1865.000 2.901
1866.000 2.916
1867.000 2.919
1868.000 2.932
1869.000 2.941
1870.000 2.948
1871.000 2.957
1872.000 2.966
1873.000 2.971
1874.000 2.974
1875.000 2.981
1876.000 2.986
1877.000 2.997
1878.000 3.000
1879.000 3.013
1880.000 3.023
1881.000 3.025
1882.000 3.033
1883.000 3.037
1884.000 3.047
1885.000 3.056
1886.000 3.060
1887.000 3.068
1888.000 3.076
1889.000 3.074
1890.000 3.084
1891.000 3.094
1892.000 3.103
1893.000 3.113
1894.000 3.117
1895.000 3.127
1896.000 3.132
1897.000 3.142
1898.000 3.140
1899.000 3.148
1900.000 3.151
1901.000 3.157
1902.000 3.158
1903.000 3.167
1904.000 3.179
1905.000 3.183
1906.000 3.183
1907.000 3.192
1908.000 3.193
1909.000 3.200
1910.000 3.204
1911.000 3.209
1912.000 3.216
1913.000 3.220
1914.000 3.225
1915.000 3.224
1916.000 3.237
1917.000 3.239
1918.000 3.246
1919.000 3.251
1920.000 3.254
1921.000 3.262
1922.000 3.267
1923.000 3.269
1924.000 3.276
1925.000 3.287
1926.000 3.288
1927.000 3.295
1928.000 3.305
1929.000 3.306
1930.000 3.316
1931.000 3.320
1932.000 3.328
1933.000 3.337
1934.000 3.345
1935.000 3.347
1936.000 3.350
1937.000 3.354
1938.000 3.358
1939.000 3.366
1940.000 3.374
1941.000 3.381
1942.000 3.384
1943.000 3.397
1944.000 3.399
1945.000 3.408
1946.000 3.415
1947.000 3.411
1948.000 3.425
1949.000 3.432
1950.000 3.429
1951.000 3.441
1952.000 3.456
1953.000 3.462
1954.000 3.467
1955.000 3.476
1956.000 3.484
1957.000 3.499
1958.000 3.505
1959.000 3.514
1960.000 3.511
1961.000 3.526
1962.000 3.535
1963.000 3.544
1964.000 3.544
1965.000 3.551
1966.000 3.564
1967.000 3.577
1968.000 3.584
1969.000 3.587
1970.000 3.601
1971.000 3.604
1972.000 3.619
1973.000 3.621
1974.000 3.621
1975.000 3.652
1976.000 3.651
1977.000 3.663
1978.000 3.669
1979.000 3.687
1980.000 3.692
1981.000 3.701
1982.000 3.722
1983.000 3.738
1984.000 3.728
1985.000 3.742
1986.000 3.760
1987.000 3.771
1988.000 3.791
1989.000 3.807
1990.000 3.819
1991.000 3.826
1992.000 3.855
1993.000 3.854
1994.000 3.882
1995.000 3.885
1996.000 3.893
1997.000 3.916
1998.000 3.933
1999.000 3.954
2000.000 3.963
2001.000 3.982
2002.000 4.004
2003.000 4.027
2004.000 4.056
2005.000 4.071
2006.000 4.080
2007.000 4.119
2008.000 4.130
2009.000 4.136
2010.000 4.176
2011.000 4.190
2012.000 4.218
2013.000 4.259
2014.000 4.270
2015.000 4.295
2016.000 4.310
2017.000 4.345
2018.000 4.382
2019.000 4.407
2020.000 4.426
2021.000 4.452
2022.000 4.489
2023.000 4.522
2024.000 4.547
2025.000 4.592
2026.000 4.610
2027.000 4.639
2028.000 4.692
2029.000 4.716
2030.000 4.752
2031.000 4.805
2032.000 4.844
2033.000 4.871
2034.000 4.921
2035.000 4.956
2036.000 5.011
2037.000 5.068
2038.000 5.119
2039.000 5.170
2040.000 5.229
2041.000 5.292
2042.000 5.360
2043.000 5.402
2044.000 5.449
2045.000 5.502
2046.000 5.562
2047.000 5.652
2048.000 5.731
2049.000 5.822
2050.000 5.894
2051.000 5.970
2052.000 6.063
2053.000 6.159
2054.000 6.254
2055.000 6.358
2056.000 6.419
2057.000 6.509
2058.000 6.653
2059.000 6.731
2060.000 6.894
2061.000 7.033
2062.000 7.153
2063.000 7.330
2064.000 7.475
2065.000 7.661
2066.000 7.832
2067.000 8.001
2068.000 8.234
2069.000 8.344
2070.000 8.525
2071.000 8.798
2072.000 9.059
2073.000 9.300
2074.000 9.616
2075.000 9.863
2076.000 10.279
2077.000 10.636
2078.000 10.968
2079.000 11.460
2080.000 11.846
2081.000 12.116
2082.000 12.702
2083.000 13.198
2084.000 13.903
2085.000 14.566
2086.000 15.163
2087.000 16.078
2088.000 16.899
2089.000 17.788
2090.000 18.731
2091.000 19.529
2092.000 20.011
2093.000 20.910
2094.000 21.582
2095.000 22.153
2096.000 22.476
2097.000 22.464
2098.000 22.115
2099.000 21.547
2100.000 20.559
2101.000 19.420
2102.000 18.325
2103.000 16.932
2104.000 15.834
2105.000 15.286
2106.000 13.995
2107.000 13.106
2108.000 12.054
2109.000 11.210
2110.000 10.576
2111.000 9.769
2112.000 9.218
2113.000 8.571
2114.000 8.068
2115.000 7.677
2116.000 7.166
2117.000 6.963
2118.000 6.641
2119.000 6.231
2120.000 5.960
2121.000 5.583
2122.000 5.320
2123.000 5.093
2124.000 4.804
2125.000 4.596
2126.000 4.346
2127.000 4.156
2128.000 3.990
2129.000 3.783
2130.000 3.697
2131.000 3.556
2132.000 3.374
2133.000 3.227
2134.000 3.092
2135.000 2.960
2136.000 2.851
2137.000 2.712
2138.000 2.585
2139.000 2.489
2140.000 2.374
2141.000 2.322
2142.000 2.239
2143.000 2.137
2144.000 2.062
2145.000 1.960
2146.000 1.868
2147.000 1.802
2148.000 1.711
2149.000 1.653
2150.000 1.572
2151.000 1.495
2152.000 1.435
2153.000 1.396
2154.000 1.328
2155.000 1.279
2156.000 1.208
2157.000 1.159
2158.000 1.094
2159.000 1.041
2160.000 0.996
2161.000 0.937
2162.000 0.883
2163.000 0.838
2164.000 0.793
2165.000 0.751
2166.000 0.715
2167.000 0.681
2168.000 0.643
2169.000 0.590
2170.000 0.554
2171.000 0.519
2172.000 0.473
2173.000 0.443
2174.000 0.402
2175.000 0.370
2176.000 0.342
2177.000 0.312
2178.000 0.291
2179.000 0.278
2180.000 0.252
2181.000 0.237
2182.000 0.226
2183.000 0.224
2184.000 0.223
2185.000 0.232
2186.000 0.243
2187.000 0.261
2188.000 0.281
2189.000 0.295
2190.000 0.318
2191.000 0.339
2192.000 0.361
2193.000 0.399
2194.000 0.426
2195.000 0.460
2196.000 0.490
2197.000 0.513
2198.000 0.552
2199.000 0.583
2200.000 0.615
2201.000 0.653
2202.000 0.672
2203.000 0.702
2204.000 0.737
2205.000 0.767
2206.000 0.813
2207.000 0.847
2208.000 0.873
2209.000 0.920
2210.000 0.943
2211.000 0.995
2212.000 1.035
2213.000 1.071
2214.000 1.119
2215.000 1.140
2216.000 1.175
2217.000 1.227
2218.000 1.266
2219.000 1.320
2220.000 1.363
2221.000 1.405
2222.000 1.473
2223.000 1.512
2224.000 1.570
2225.000 1.625
2226.000 1.673
2227.000 1.706
2228.000 1.771
2229.000 1.823
2230.000 1.899
2231.000 1.971
2232.000 2.035
2233.000 2.118
2234.000 2.186
2235.000 2.278
2236.000 2.378
2237.000 2.454
2238.000 2.516
2239.000 2.612
2240.000 2.700
2241.000 2.839
2242.000 2.943
2243.000 3.089
2244.000 3.221
2245.000 3.350
2246.000 3.534
2247.000 3.684
2248.000 3.895
2249.000 4.095
2250.000 4.264
2251.000 4.428
2252.000 4.683
2253.000 4.895
2254.000 5.261
2255.000 5.595
2256.000 5.912
2257.000 6.369
2258.000 6.764
2259.000 7.326
2260.000 7.881
2261.000 8.374
2262.000 9.145
2263.000 9.482
2264.000 10.092
2265.000 10.896
2266.000 11.603
2267.000 12.171
2268.000 12.679
2269.000 12.910
2270.000 12.869
2271.000 12.536
2272.000 11.979
2273.000 11.172
2274.000 10.453
2275.000 9.547
2276.000 9.152
2277.000 8.544
2278.000 7.792
2279.000 7.244
2280.000 6.774
2281.000 6.287
2282.000 5.964
2283.000 5.520
2284.000 5.213
2285.000 4.961
2286.000 4.659
2287.000 4.540
2288.000 4.334
2289.000 4.106
2290.000 3.968
2291.000 3.757
2292.000 3.600
2293.000 3.474
2294.000 3.322
2295.000 3.231
2296.000 3.080
2297.000 2.969
2298.000 2.881
2299.000 2.818
2300.000 2.719
2301.000 2.649
2302.000 2.552
2303.000 2.485
2304.000 2.395
2305.000 2.322
2306.000 2.267
2307.000 2.195
2308.000 2.142
2309.000 2.078
2310.000 2.023
2311.000 1.977
2312.000 1.937
2313.000 1.898
2314.000 1.856
2315.000 1.803
2316.000 1.758
2317.000 1.713
2318.000 1.672
2319.000 1.647
2320.000 1.597
2321.000 1.565
2322.000 1.520
2323.000 1.492
2324.000 1.477
2325.000 1.443
2326.000 1.416
2327.000 1.395
2328.000 1.355
2329.000 1.333
2330.000 1.306
2331.000 1.280
2332.000 1.260
2333.000 1.233
2334.000 1.208
2335.000 1.183
2336.000 1.170
2337.000 1.148
2338.000 1.127
2339.000 1.105
2340.000 1.090
2341.000 1.062
2342.000 1.044
2343.000 1.032
2344.000 1.012
2345.000 0.990
2346.000 0.976
2347.000 0.961
2348.000 0.959
2349.000 0.933
2350.000 0.914
2351.000 0.899
2352.000 0.883
2353.000 0.869
2354.000 0.861
2355.000 0.850
2356.000 0.836
2357.000 0.822
2358.000 0.806
2359.000 0.793
2360.000 0.779
2361.000 0.773
2362.000 0.766
2363.000 0.746
2364.000 0.735
2365.000 0.721
2366.000 0.706
2367.000 0.695
2368.000 0.691
2369.000 0.675
2370.000 0.661
2371.000 0.652
2372.000 0.642
2373.000 0.636
2374.000 0.629
2375.000 0.623
2376.000 0.612
2377.000 0.603
2378.000 0.591
2379.000 0.584
2380.000 0.578
2381.000 0.564
2382.000 0.555
2383.000 0.550
2384.000 0.539
2385.000 0.538
2386.000 0.528
2387.000 0.518
2388.000 0.512
2389.000 0.503
2390.000 0.495
2391.000 0.489
2392.000 0.483
2393.000 0.478
2394.000 0.467
2395.000 0.457
2396.000 0.455
2397.000 0.451
2398.000 0.447
2399.000 0.438
2400.000 0.432
2401.000 0.426
2402.000 0.423
2403.000 0.414
2404.000 0.406
2405.000 0.399
2406.000 0.393
2407.000 0.392
2408.000 0.382
2409.000 0.379
2410.000 0.370
2411.000 0.365
2412.000 0.359
2413.000 0.356
2414.000 0.354
2415.000 0.346
2416.000 0.343
2417.000 0.340
2418.000 0.332
2419.000 0.330
2420.000 0.322
2421.000 0.318
2422.000 0.319
2423.000 0.308
2424.000 0.304
2425.000 0.302
2426.000 0.291
2427.000 0.290
2428.000 0.288
2429.000 0.281
2430.000 0.279
2431.000 0.270
2432.000 0.271
2433.000 0.266
2434.000 0.265
2435.000 0.258
2436.000 0.251
2437.000 0.244
2438.000 0.244
2439.000 0.239
2440.000 0.236
2441.000 0.231
2442.000 0.230
2443.000 0.225
2444.000 0.221
2445.000 0.218
2446.000 0.217
2447.000 0.213
2448.000 0.210
2449.000 0.206
2450.000 0.202
2451.000 0.199
2452.000 0.195
2453.000 0.189
2454.000 0.186
2455.000 0.182
2456.000 0.179
2457.000 0.181
2458.000 0.177
2459.000 0.171
2460.000 0.170
2461.000 0.166
2462.000 0.161
2463.000 0.161
2464.000 0.154
2465.000 0.150
2466.000 0.150
2467.000 0.146
2468.000 0.144
2469.000 0.139
2470.000 0.137
2471.000 0.133
2472.000 0.134
2473.000 0.127
2474.000 0.121
2475.000 0.121
2476.000 0.122
2477.000 0.117
2478.000 0.114
2479.000 0.113
2480.000 0.106
2481.000 0.108
2482.000 0.105
2483.000 0.102
2484.000 0.098
2485.000 0.097
2486.000 0.094
2487.000 0.092
2488.000 0.085
2489.000 0.087
2490.000 0.083
2491.000 0.083
2492.000 0.080
2493.000 0.073
2494.000 0.076
2495.000 0.067
2496.000 0.074
2497.000 0.066
2498.000 0.064
2499.000 0.063
2500.000 0.063
2501.000 0.063
2502.000 0.057
2503.000 0.057
2504.000 0.052
2505.000 0.062
2506.000 0.063
2507.000 0.046
2508.000 0.048
2509.000 0.043
2510.000 0.036
2511.000 0.040
2512.000 0.034
2513.000 0.032
2514.000 0.040
2515.000 0.025
2516.000 0.026
2517.000 0.025
2518.000 0.023
2519.000 0.023
2520.000 0.019
2521.000 0.019
2522.000 0.017
2523.000 0.014
2524.000 0.013
2525.000 0.010
2526.000 0.010
2527.000 0.012
2528.000 0.010
2529.000 0.010
2530.000 0.010
2531.000 0.010
2532.000 0.013
2533.000 0.014
2534.000 0.015
2535.000 0.018
2536.000 0.021
2537.000 0.022
2538.000 0.024
2539.000 0.023
2540.000 0.028
2541.000 0.028
2542.000 0.028
2543.000 0.032
2544.000 0.031
2545.000 0.035
2546.000 0.039
2547.000 0.036
2548.000 0.040
2549.000 0.046
2550.000 0.041
2551.000 0.042
2552.000 0.045
2553.000 0.046
2554.000 0.049
2555.000 0.048
2556.000 0.054
2557.000 0.052
2558.000 0.060
2559.000 0.059
2560.000 0.060
2561.000 0.065
2562.000 0.066
2563.000 0.066
2564.000 0.068
2565.000 0.068
2566.000 0.071
2567.000 0.066
2568.000 0.071
2569.000 0.081
2570.000 0.078
2571.000 0.078
2572.000 0.082
2573.000 0.081
2574.000 0.085
2575.000 0.087
2576.000 0.092
2577.000 0.093
2578.000 0.090
2579.000 0.096
2580.000 0.099
2581.000 0.096
2582.000 0.105
2583.000 0.098
2584.000 0.103
2585.000 0.104
2586.000 0.107
2587.000 0.107
2588.000 0.114
2589.000 0.109
2590.000 0.108
2591.000 0.114
2592.000 0.116
2593.000 0.116
2594.000 0.118
2595.000 0.117
2596.000 0.122
2597.000 0.122
2598.000 0.124
2599.000 0.129
2600.000 0.131
