1801.000 1.946
1802.000 2.084
1803.000 2.090
1804.000 2.097
1805.000 2.103
1806.000 2.112
1807.000 2.123
1808.000 2.118
1809.000 2.118
1810.000 2.121
1811.000 2.123
1812.000 2.147
1813.000 2.155
1814.000 2.165
1815.000 2.181
1816.000 2.190
1817.000 2.199
1818.000 2.201
1819.000 2.213
1820.000 2.223
1821.000 2.229
1822.000 2.237
1823.000 2.249
1824.000 2.255
1825.000 2.268
1826.000 2.273
1827.000 2.284
1828.000 2.287
1829.000 2.297
1830.000 2.301
1831.000 2.310
1832.000 2.318
1833.000 2.329
1834.000 2.331
1835.000 2.341
1836.000 2.350
1837.000 2.363
1838.000 2.374
1839.000 2.376
1840.000 2.385
1841.000 2.395
1842.000 2.397
1843.000 2.407
1844.000 2.413
1845.000 2.423
1846.000 2.427
1847.000 2.431
1848.000 2.443
1849.000 2.451
1850.000 2.458
1851.000 2.458
1852.000 2.467
1853.000 2.473
1854.000 2.477
1855.000 2.484
1856.000 2.496
1857.000 2.499
1858.000 2.506
1859.000 2.519
1860.000 2.519
1861.000 2.529
1862.000 2.533
1863.000 2.534
1864.000 2.544
1865.000 2.548
1866.000 2.554
1867.000 2.555
1868.000 2.561
1869.000 2.568
1870.000 2.577
1871.000 2.578
1872.000 2.584
1873.000 2.588
1874.000 2.593
1875.000 2.600
1876.000 2.604
1877.000 2.604
1878.000 2.610
1879.000 2.612
1880.000 2.617
1881.000 2.619
1882.000 2.622
1883.000 2.630
1884.000 2.635
1885.000 2.638
1886.000 2.638
1887.000 2.638
1888.000 2.644
1889.000 2.653
1890.000 2.659
1891.000 2.646
1892.000 2.660
1893.000 2.658
1894.000 2.670
1895.000 2.671
1896.000 2.671
1897.000 2.679
1898.000 2.677
1899.000 2.676
1900.000 2.684
1901.000 2.679
1902.000 2.680
1903.000 2.685
1904.000 2.689
1905.000 2.694
1906.000 2.693
1907.000 2.699
1908.000 2.699
1909.000 2.697
1910.000 2.704
1911.000 2.701
1912.000 2.703
1913.000 2.703
1914.000 2.707
1915.000 2.704
1916.000 2.706
1917.000 2.710
1918.000 2.717
1919.000 2.721
1920.000 2.723
1921.000 2.722
1922.000 2.710
1923.000 2.720
1924.000 2.718
1925.000 2.723
1926.000 2.724
1927.000 2.722
1928.000 2.727
1929.000 2.729
1930.000 2.731
1931.000 2.740
1932.000 2.729
1933.000 2.730
1934.000 2.736
1935.000 2.734
1936.000 2.740
1937.000 2.733
1938.000 2.736
1939.000 2.736
1940.000 2.736
1941.000 2.738
1942.000 2.737
1943.000 2.745
1944.000 2.744
1945.000 2.738
1946.000 2.741
1947.000 2.747
1948.000 2.742
1949.000 2.747
1950.000 2.748
1951.000 2.752
1952.000 2.745
1953.000 2.742
1954.000 2.750
1955.000 2.749
1956.000 2.751
1957.000 2.759
1958.000 2.765
1959.000 2.750
1960.000 2.763
1961.000 2.757
1962.000 2.761
1963.000 2.758
1964.000 2.758
1965.000 2.768
1966.000 2.760
1967.000 2.752
1968.000 2.754
1969.000 2.756
1970.000 2.756
1971.000 2.761
1972.000 2.767
1973.000 2.773
1974.000 2.778
1975.000 2.766
1976.000 2.772
1977.000 2.776
1978.000 2.772
1979.000 2.769
1980.000 2.782
1981.000 2.771
1982.000 2.769
1983.000 2.780
1984.000 2.786
1985.000 2.788
1986.000 2.787
1987.000 2.782
1988.000 2.796
1989.000 2.796
1990.000 2.786
1991.000 2.792
1992.000 2.802
1993.000 2.796
1994.000 2.811
1995.000 2.802
1996.000 2.797
1997.000 2.815
1998.000 2.815
1999.000 2.809
2000.000 2.811
2001.000 2.806
2002.000 2.810
2003.000 2.821
2004.000 2.831
2005.000 2.833
2006.000 2.828
2007.000 2.838
2008.000 2.846
2009.000 2.841
2010.000 2.856
2011.000 2.853
2012.000 2.852
2013.000 2.863
2014.000 2.859
2015.000 2.863
2016.000 2.875
2017.000 2.872
2018.000 2.881
2019.000 2.887
2020.000 2.886
2021.000 2.902
2022.000 2.911
2023.000 2.904
2024.000 2.913
2025.000 2.913
2026.000 2.929
2027.000 2.928
2028.000 2.923
2029.000 2.939
2030.000 2.941
2031.000 2.944
2032.000 2.944
2033.000 2.952
2034.000 2.959
2035.000 2.964
2036.000 2.975
2037.000 2.986
2038.000 2.991
2039.000 2.992
2040.000 3.011
2041.000 3.008
2042.000 3.024
2043.000 3.029
2044.000 3.038
2045.000 3.047
2046.000 3.055
2047.000 3.055
2048.000 3.065
2049.000 3.081
2050.000 3.088
2051.000 3.101
2052.000 3.105
2053.000 3.113
2054.000 3.130
2055.000 3.136
2056.000 3.140
2057.000 3.165
2058.000 3.160
2059.000 3.183
2060.000 3.194
2061.000 3.203
2062.000 3.209
2063.000 3.223
2064.000 3.242
2065.000 3.257
2066.000 3.267
2067.000 3.284
2068.000 3.298
2069.000 3.317
2070.000 3.334
2071.000 3.345
2072.000 3.365
2073.000 3.371
2074.000 3.383
2075.000 3.400
2076.000 3.417
2077.000 3.429
2078.000 3.456
2079.000 3.471
2080.000 3.493
2081.000 3.512
2082.000 3.530
2083.000 3.553
2084.000 3.570
2085.000 3.582
2086.000 3.610
2087.000 3.627
2088.000 3.652
2089.000 3.676
2090.000 3.701
2091.000 3.736
2092.000 3.760
2093.000 3.784
2094.000 3.817
2095.000 3.846
2096.000 3.880
2097.000 3.915
2098.000 3.926
2099.000 3.966
2100.000 4.002
2101.000 4.036
2102.000 4.073
2103.000 4.102
2104.000 4.153
2105.000 4.186
2106.000 4.223
2107.000 4.272
2108.000 4.316
2109.000 4.361
2110.000 4.387
2111.000 4.435
2112.000 4.483
2113.000 4.543
2114.000 4.588
2115.000 4.650
2116.000 4.713
2117.000 4.764
2118.000 4.842
2119.000 4.898
2120.000 4.982
2121.000 5.013
2122.000 5.073
2123.000 5.163
2124.000 5.249
2125.000 5.319
2126.000 5.417
2127.000 5.512
2128.000 5.615
2129.000 5.713
2130.000 5.806
2131.000 5.935
2132.000 6.053
2133.000 6.175
2134.000 6.246
2135.000 6.386
2136.000 6.517
2137.000 6.694
2138.000 6.823
2139.000 7.041
2140.000 7.242
2141.000 7.415
2142.000 7.672
2143.000 7.872
2144.000 8.180
2145.000 8.450
2146.000 8.573
2147.000 8.921
2148.000 9.263
2149.000 9.564
2150.000 10.052
2151.000 10.506
2152.000 10.958
2153.000 11.550
2154.000 12.052
2155.000 12.831
2156.000 13.542
2157.000 14.196
2158.000 15.209
2159.000 15.644
2160.000 16.423
2161.000 17.514
2162.000 18.418
2163.000 19.203
2164.000 19.948
2165.000 20.357
2166.000 20.413
2167.000 20.071
2168.000 19.345
2169.000 18.137
2170.000 17.460
2171.000 16.062
2172.000 14.553
2173.000 13.433
2174.000 12.025
2175.000 11.013
2176.000 10.047
2177.000 9.162
2178.000 8.554
2179.000 7.735
2180.000 7.144
2181.000 6.672
2182.000 6.347
2183.000 5.907
2184.000 5.494
2185.000 5.101
2186.000 4.821
2187.000 4.433
2188.000 4.138
2189.000 3.897
2190.000 3.610
2191.000 3.429
2192.000 3.171
2193.000 2.961
2194.000 2.796
2195.000 2.678
2196.000 2.499
2197.000 2.366
2198.000 2.182
2199.000 2.056
2200.000 1.887
2201.000 1.757
2202.000 1.649
2203.000 1.501
2204.000 1.394
2205.000 1.268
2206.000 1.166
2207.000 1.119
2208.000 1.007
2209.000 0.912
2210.000 0.831
2211.000 0.719
2212.000 0.633
2213.000 0.554
2214.000 0.457
2215.000 0.388
2216.000 0.291
2217.000 0.212
2218.000 0.172
2219.000 0.110
2220.000 0.107
2221.000 0.136
2222.000 0.204
2223.000 0.270
2224.000 0.342
2225.000 0.421
2226.000 0.485
2227.000 0.570
2228.000 0.633
2229.000 0.725
2230.000 0.801
2231.000 0.824
2232.000 0.926
2233.000 1.008
2234.000 1.076
2235.000 1.175
2236.000 1.259
2237.000 1.346
2238.000 1.430
2239.000 1.514
2240.000 1.624
2241.000 1.723
2242.000 1.826
2243.000 1.936
2244.000 1.992
2245.000 2.092
2246.000 2.225
2247.000 2.325
2248.000 2.488
2249.000 2.632
2250.000 2.758
2251.000 2.944
2252.000 3.075
2253.000 3.298
2254.000 3.480
2255.000 3.656
2256.000 3.813
2257.000 4.045
2258.000 4.241
2259.000 4.587
2260.000 4.909
2261.000 5.240
2262.000 5.648
2263.000 5.998
2264.000 6.609
2265.000 7.127
2266.000 7.683
2267.000 8.502
2268.000 9.205
2269.000 9.688
2270.000 10.884
2271.000 11.896
2272.000 13.221
2273.000 14.721
2274.000 15.992
2275.000 17.448
2276.000 18.522
2277.000 19.064
2278.000 18.872
2279.000 17.963
2280.000 17.227
2281.000 15.332
2282.000 13.735
2283.000 12.088
2284.000 10.855
2285.000 9.927
2286.000 8.947
2287.000 8.354
2288.000 7.565
2289.000 7.067
2290.000 6.617
2291.000 6.183
2292.000 5.986
2293.000 5.664
2294.000 5.334
2295.000 5.127
2296.000 4.813
2297.000 4.587
2298.000 4.402
2299.000 4.178
2300.000 4.041
2301.000 3.847
2302.000 3.694
2303.000 3.569
2304.000 3.424
2305.000 3.356
2306.000 3.268
2307.000 3.138
2308.000 3.060
2309.000 2.945
2310.000 2.848
2311.000 2.781
2312.000 2.676
2313.000 2.609
2314.000 2.527
2315.000 2.455
2316.000 2.400
2317.000 2.353
2318.000 2.289
2319.000 2.239
2320.000 2.167
2321.000 2.122
2322.000 2.056
2323.000 2.010
2324.000 1.974
2325.000 1.920
2326.000 1.875
2327.000 1.831
2328.000 1.816
2329.000 1.773
2330.000 1.732
2331.000 1.694
2332.000 1.664
2333.000 1.623
2334.000 1.591
2335.000 1.555
2336.000 1.526
2337.000 1.500
2338.000 1.468
2339.000 1.437
2340.000 1.413
2341.000 1.392
2342.000 1.368
2343.000 1.349
2344.000 1.317
2345.000 1.300
2346.000 1.267
2347.000 1.247
2348.000 1.227
2349.000 1.201
2350.000 1.181
2351.000 1.161
2352.000 1.136
2353.000 1.133
2354.000 1.115
2355.000 1.095
2356.000 1.077
2357.000 1.058
2358.000 1.040
2359.000 1.024
2360.000 1.008
2361.000 0.991
2362.000 0.973
2363.000 0.960
2364.000 0.942
2365.000 0.926
2366.000 0.915
2367.000 0.903
2368.000 0.882
2369.000 0.870
2370.000 0.854
2371.000 0.840
2372.000 0.827
2373.000 0.809
2374.000 0.798
2375.000 0.787
2376.000 0.777
2377.000 0.771
2378.000 0.757
2379.000 0.752
2380.000 0.741
2381.000 0.723
2382.000 0.717
2383.000 0.703
2384.000 0.691
2385.000 0.688
2386.000 0.673
2387.000 0.666
2388.000 0.650
2389.000 0.650
2390.000 0.638
2391.000 0.625
2392.000 0.617
2393.000 0.615
2394.000 0.601
2395.000 0.593
2396.000 0.582
2397.000 0.576
2398.000 0.569
2399.000 0.561
2400.000 0.544
2401.000 0.537
2402.000 0.535
2403.000 0.531
2404.000 0.521
2405.000 0.513
2406.000 0.507
2407.000 0.498
2408.000 0.493
2409.000 0.489
2410.000 0.482
2411.000 0.475
2412.000 0.462
2413.000 0.460
2414.000 0.449
2415.000 0.449
2416.000 0.436
2417.000 0.433
2418.000 0.425
2419.000 0.421
2420.000 0.413
2421.000 0.407
2422.000 0.400
2423.000 0.395
2424.000 0.384
2425.000 0.382
2426.000 0.375
2427.000 0.371
2428.000 0.363
2429.000 0.360
2430.000 0.355
2431.000 0.348
2432.000 0.343
2433.000 0.338
2434.000 0.330
2435.000 0.326
2436.000 0.319
2437.000 0.316
2438.000 0.313
2439.000 0.311
2440.000 0.302
2441.000 0.299
2442.000 0.296
2443.000 0.291
2444.000 0.283
2445.000 0.282
2446.000 0.279
2447.000 0.270
2448.000 0.266
2449.000 0.263
2450.000 0.261
2451.000 0.258
2452.000 0.253
2453.000 0.248
2454.000 0.244
2455.000 0.241
2456.000 0.236
2457.000 0.234
2458.000 0.227
2459.000 0.223
2460.000 0.216
2461.000 0.214
2462.000 0.210
2463.000 0.210
2464.000 0.206
2465.000 0.202
2466.000 0.198
2467.000 0.195
2468.000 0.187
2469.000 0.185
2470.000 0.180
2471.000 0.174
2472.000 0.172
2473.000 0.172
2474.000 0.168
2475.000 0.164
2476.000 0.157
2477.000 0.156
2478.000 0.157
2479.000 0.151
2480.000 0.151
2481.000 0.149
2482.000 0.147
2483.000 0.141
2484.000 0.138
2485.000 0.134
2486.000 0.131
2487.000 0.130
2488.000 0.128
2489.000 0.121
2490.000 0.124
2491.000 0.117
2492.000 0.115
2493.000 0.110
2494.000 0.112
2495.000 0.108
2496.000 0.103
2497.000 0.104
2498.000 0.098
2499.000 0.101
2500.000 0.096
2501.000 0.090
2502.000 0.090
2503.000 0.086
2504.000 0.088
2505.000 0.085
2506.000 0.080
2507.000 0.078
2508.000 0.074
2509.000 0.078
2510.000 0.071
2511.000 0.071
2512.000 0.069
2513.000 0.069
2514.000 0.069
2515.000 0.068
2516.000 0.062
2517.000 0.063
2518.000 0.059
2519.000 0.058
2520.000 0.055
2521.000 0.053
2522.000 0.054
2523.000 0.054
2524.000 0.052
2525.000 0.054
2526.000 0.049
2527.000 0.049
2528.000 0.052
2529.000 0.052
2530.000 0.053
2531.000 0.047
2532.000 0.049
2533.000 0.048
2534.000 0.047
2535.000 0.050
2536.000 0.051
2537.000 0.054
2538.000 0.055
2539.000 0.056
2540.000 0.052
2541.000 0.054
2542.000 0.056
2543.000 0.054
2544.000 0.060
2545.000 0.062
2546.000 0.061
2547.000 0.060
2548.000 0.065
2549.000 0.064
2550.000 0.064
2551.000 0.064
2552.000 0.072
2553.000 0.068
2554.000 0.070
2555.000 0.071
2556.000 0.075
2557.000 0.076
2558.000 0.074
2559.000 0.080
2560.000 0.083
2561.000 0.082
2562.000 0.083
2563.000 0.083
2564.000 0.083
2565.000 0.090
2566.000 0.089
2567.000 0.090
2568.000 0.099
2569.000 0.099
2570.000 0.101
2571.000 0.097
2572.000 0.104
2573.000 0.108
2574.000 0.109
2575.000 0.103
2576.000 0.106
2577.000 0.115
2578.000 0.116
2579.000 0.117
2580.000 0.121
2581.000 0.121
2582.000 0.125
2583.000 0.131
2584.000 0.129
2585.000 0.135
2586.000 0.134
2587.000 0.135
2588.000 0.137
2589.000 0.140
2590.000 0.143
2591.000 0.138
2592.000 0.147
2593.000 0.145
2594.000 0.147
2595.000 0.150
2596.000 0.151
2597.000 0.151
2598.000 0.154
2599.000 0.154
2600.000 0.158
