1801.000 1.079
1802.000 1.900
1803.000 1.916
1804.000 1.938
1805.000 1.947
1806.000 1.954
1807.000 1.960
1808.000 1.974
1809.000 1.984
1810.000 1.984
1811.000 1.992
1812.000 1.998
1813.000 2.004
1814.000 2.010
1815.000 2.018
1816.000 2.033
1817.000 2.043
1818.000 2.049
1819.000 2.059
1820.000 2.066
1821.000 2.075
1822.000 2.076
1823.000 2.084
1824.000 2.084
1825.000 2.091
1826.000 2.109
1827.000 2.111
1828.000 2.117
1829.000 2.126
1830.000 2.135
1831.000 2.134
1832.000 2.146
1833.000 2.146
1834.000 2.156
1835.000 2.163
1836.000 2.166
1837.000 2.172
1838.000 2.182
1839.000 2.184
1840.000 2.191
1841.000 2.199
1842.000 2.203
1843.000 2.211
1844.000 2.220
1845.000 2.220
1846.000 2.229
1847.000 2.236
1848.000 2.238
1849.000 2.245
1850.000 2.251
1851.000 2.252
1852.000 2.262
1853.000 2.265
1854.000 2.273
1855.000 2.278
1856.000 2.285
1857.000 2.291
1858.000 2.295
1859.000 2.303
1860.000 2.304
1861.000 2.310
1862.000 2.314
1863.000 2.317
1864.000 2.326
1865.000 2.333
1866.000 2.329
1867.000 2.336
1868.000 2.340
1869.000 2.343
1870.000 2.342
1871.000 2.349
1872.000 2.356
1873.000 2.351
1874.000 2.358
1875.000 2.360
1876.000 2.363
1877.000 2.363
1878.000 2.366
1879.000 2.367
1880.000 2.370
1881.000 2.375
1882.000 2.377
1883.000 2.382
1884.000 2.381
1885.000 2.386
1886.000 2.392
1887.000 2.391
1888.000 2.395
1889.000 2.395
1890.000 2.397
1891.000 2.400
1892.000 2.403
1893.000 2.406
1894.000 2.410
1895.000 2.412
1896.000 2.414
1897.000 2.414
1898.000 2.417
1899.000 2.418
1900.000 2.417
1901.000 2.421
1902.000 2.420
1903.000 2.417
1904.000 2.420
1905.000 2.417
1906.000 2.421
1907.000 2.421
1908.000 2.424
1909.000 2.416
1910.000 2.419
1911.000 2.422
1912.000 2.419
1913.000 2.419
1914.000 2.416
1915.000 2.418
1916.000 2.417
1917.000 2.417
1918.000 2.420
1919.000 2.420
1920.000 2.416
1921.000 2.421
1922.000 2.418
1923.000 2.419
1924.000 2.417
1925.000 2.420
1926.000 2.419
1927.000 2.420
1928.000 2.424
1929.000 2.419
1930.000 2.418
1931.000 2.422
1932.000 2.426
1933.000 2.425
1934.000 2.420
1935.000 2.416
1936.000 2.419
1937.000 2.422
1938.000 2.413
1939.000 2.409
1940.000 2.408
1941.000 2.413
1942.000 2.414
1943.000 2.407
1944.000 2.408
1945.000 2.416
1946.000 2.406
1947.000 2.405
1948.000 2.412
1949.000 2.398
1950.000 2.401
1951.000 2.403
1952.000 2.405
1953.000 2.405
1954.000 2.401
1955.000 2.401
1956.000 2.402
1957.000 2.402
1958.000 2.398
1959.000 2.397
1960.000 2.401
1961.000 2.394
1962.000 2.402
1963.000 2.398
1964.000 2.388
1965.000 2.395
1966.000 2.398
1967.000 2.390
1968.000 2.387
1969.000 2.383
1970.000 2.384
1971.000 2.384
1972.000 2.390
1973.000 2.386
1974.000 2.378
1975.000 2.383
1976.000 2.380
1977.000 2.373
1978.000 2.371
1979.000 2.376
1980.000 2.361
1981.000 2.370
1982.000 2.368
1983.000 2.364
1984.000 2.365
1985.000 2.371
1986.000 2.366
1987.000 2.362
1988.000 2.364
1989.000 2.370
1990.000 2.369
1991.000 2.353
1992.000 2.373
1993.000 2.360
1994.000 2.363
1995.000 2.359
1996.000 2.351
1997.000 2.362
1998.000 2.363
1999.000 2.358
2000.000 2.358
2001.000 2.350
2002.000 2.360
2003.000 2.362
2004.000 2.366
2005.000 2.358
2006.000 2.348
2007.000 2.358
2008.000 2.360
2009.000 2.355
2010.000 2.366
2011.000 2.362
2012.000 2.351
2013.000 2.364
2014.000 2.365
2015.000 2.363
2016.000 2.364
2017.000 2.356
2018.000 2.368
2019.000 2.356
2020.000 2.354
2021.000 2.360
2022.000 2.368
2023.000 2.359
2024.000 2.363
2025.000 2.364
2026.000 2.357
2027.000 2.357
2028.000 2.369
2029.000 2.362
2030.000 2.359
2031.000 2.352
2032.000 2.359
2033.000 2.356
2034.000 2.354
2035.000 2.359
2036.000 2.369
2037.000 2.369
2038.000 2.365
2039.000 2.366
2040.000 2.376
2041.000 2.370
2042.000 2.375
2043.000 2.368
2044.000 2.379
2045.000 2.375
2046.000 2.371
2047.000 2.375
2048.000 2.385
2049.000 2.388
2050.000 2.386
2051.000 2.390
2052.000 2.389
2053.000 2.401
2054.000 2.388
2055.000 2.397
2056.000 2.398
2057.000 2.403
2058.000 2.406
2059.000 2.407
2060.000 2.404
2061.000 2.411
2062.000 2.419
2063.000 2.418
2064.000 2.419
2065.000 2.429
2066.000 2.428
2067.000 2.431
2068.000 2.438
2069.000 2.433
2070.000 2.434
2071.000 2.444
2072.000 2.444
2073.000 2.452
2074.000 2.447
2075.000 2.454
2076.000 2.454
2077.000 2.459
2078.000 2.466
2079.000 2.468
2080.000 2.470
2081.000 2.473
2082.000 2.479
2083.000 2.489
2084.000 2.488
2085.000 2.494
2086.000 2.498
2087.000 2.507
2088.000 2.510
2089.000 2.513
2090.000 2.515
2091.000 2.527
2092.000 2.526
2093.000 2.536
2094.000 2.543
2095.000 2.550
2096.000 2.559
2097.000 2.561
2098.000 2.567
2099.000 2.579
2100.000 2.581
2101.000 2.592
2102.000 2.593
2103.000 2.601
2104.000 2.610
2105.000 2.619
2106.000 2.618
2107.000 2.630
2108.000 2.636
2109.000 2.648
2110.000 2.656
2111.000 2.661
2112.000 2.672
2113.000 2.681
2114.000 2.689
2115.000 2.693
2116.000 2.704
2117.000 2.712
2118.000 2.724
2119.000 2.727
2120.000 2.743
2121.000 2.756
2122.000 2.757
2123.000 2.771
2124.000 2.781
2125.000 2.790
2126.000 2.804
2127.000 2.806
2128.000 2.823
2129.000 2.827
2130.000 2.842
2131.000 2.856
2132.000 2.868
2133.000 2.882
2134.000 2.895
2135.000 2.910
2136.000 2.921
2137.000 2.934
2138.000 2.940
2139.000 2.961
2140.000 2.971
2141.000 2.986
2142.000 3.006
2143.000 3.017
2144.000 3.037
2145.000 3.056
2146.000 3.068
2147.000 3.092
2148.000 3.110
2149.000 3.134
2150.000 3.152
2151.000 3.160
2152.000 3.185
2153.000 3.201
2154.000 3.219
2155.000 3.247
2156.000 3.269
2157.000 3.292
2158.000 3.320
2159.000 3.335
2160.000 3.367
2161.000 3.393
2162.000 3.419
2163.000 3.452
2164.000 3.463
2165.000 3.498
2166.000 3.527
2167.000 3.549
2168.000 3.587
2169.000 3.612
2170.000 3.645
2171.000 3.683
2172.000 3.718
2173.000 3.758
2174.000 3.801
2175.000 3.826
2176.000 3.857
2177.000 3.901
2178.000 3.939
2179.000 3.996
2180.000 4.042
2181.000 4.093
2182.000 4.147
2183.000 4.158
2184.000 4.255
2185.000 4.308
2186.000 4.385
2187.000 4.414
2188.000 4.469
2189.000 4.540
2190.000 4.608
2191.000 4.671
2192.000 4.756
2193.000 4.843
2194.000 4.909
2195.000 5.006
2196.000 5.079
2197.000 5.197
2198.000 5.305
2199.000 5.394
2200.000 5.476
2201.000 5.592
2202.000 5.693
2203.000 5.858
2204.000 5.969
2205.000 6.153
2206.000 6.321
2207.000 6.485
2208.000 6.688
2209.000 6.872
2210.000 7.139
2211.000 7.359
2212.000 7.473
2213.000 7.752
2214.000 8.053
2215.000 8.301
2216.000 8.737
2217.000 9.129
2218.000 9.500
2219.000 10.057
2220.000 10.529
2221.000 11.215
2222.000 11.863
2223.000 12.468
2224.000 13.451
2225.000 13.875
2226.000 14.637
2227.000 15.733
2228.000 16.720
2229.000 17.525
2230.000 18.360
2231.000 18.841
2232.000 18.825
2233.000 18.314
2234.000 17.289
2235.000 15.669
2236.000 14.842
2237.000 13.283
2238.000 11.525
2239.000 10.316
2240.000 8.933
2241.000 7.906
2242.000 7.116
2243.000 6.229
2244.000 5.680
2245.000 4.930
2246.000 4.408
2247.000 3.938
2248.000 3.696
2249.000 3.285
2250.000 2.920
2251.000 2.548
2252.000 2.295
2253.000 1.923
2254.000 1.653
2255.000 1.422
2256.000 1.153
2257.000 0.983
2258.000 0.750
2259.000 0.583
2260.000 0.503
2261.000 0.489
2262.000 0.537
2263.000 0.639
2264.000 0.830
2265.000 1.016
2266.000 1.222
2267.000 1.418
2268.000 1.601
2269.000 1.855
2270.000 2.088
2271.000 2.341
2272.000 2.599
2273.000 2.719
2274.000 2.987
2275.000 3.309
2276.000 3.556
2277.000 3.972
2278.000 4.333
2279.000 4.709
2280.000 5.172
2281.000 5.588
2282.000 6.255
2283.000 6.845
2284.000 7.070
2285.000 7.863
2286.000 8.635
2287.000 9.341
2288.000 10.408
2289.000 11.336
2290.000 12.294
2291.000 13.349
2292.000 14.115
2293.000 14.801
2294.000 15.130
2295.000 15.077
2296.000 14.564
2297.000 14.181
2298.000 13.380
2299.000 12.278
2300.000 11.392
2301.000 10.435
2302.000 9.629
2303.000 8.977
2304.000 8.290
2305.000 7.837
2306.000 7.244
2307.000 6.828
2308.000 6.472
2309.000 6.251
2310.000 5.936
2311.000 5.661
2312.000 5.365
2313.000 5.166
2314.000 4.878
2315.000 4.671
2316.000 4.500
2317.000 4.291
2318.000 4.175
2319.000 3.967
2320.000 3.832
2321.000 3.710
2322.000 3.625
2323.000 3.501
2324.000 3.404
2325.000 3.269
2326.000 3.177
2327.000 3.058
2328.000 2.985
2329.000 2.914
2330.000 2.819
2331.000 2.756
2332.000 2.656
2333.000 2.627
2334.000 2.572
2335.000 2.494
2336.000 2.421
2337.000 2.376
2338.000 2.305
2339.000 2.253
2340.000 2.193
2341.000 2.141
2342.000 2.102
2343.000 2.049
2344.000 2.004
2345.000 1.955
2346.000 1.931
2347.000 1.893
2348.000 1.855
2349.000 1.833
2350.000 1.784
2351.000 1.743
2352.000 1.704
2353.000 1.677
2354.000 1.639
2355.000 1.616
2356.000 1.576
2357.000 1.543
2358.000 1.534
2359.000 1.499
2360.000 1.469
2361.000 1.447
2362.000 1.414
2363.000 1.388
2364.000 1.357
2365.000 1.331
2366.000 1.309
2367.000 1.284
2368.000 1.261
2369.000 1.239
2370.000 1.216
2371.000 1.204
2372.000 1.180
2373.000 1.164
2374.000 1.146
2375.000 1.123
2376.000 1.106
2377.000 1.085
2378.000 1.068
2379.000 1.051
2380.000 1.033
2381.000 1.009
2382.000 1.008
2383.000 0.990
2384.000 0.973
2385.000 0.959
2386.000 0.943
2387.000 0.929
2388.000 0.907
2389.000 0.897
2390.000 0.888
2391.000 0.868
2392.000 0.859
2393.000 0.841
2394.000 0.836
2395.000 0.822
2396.000 0.809
2397.000 0.803
2398.000 0.791
2399.000 0.774
2400.000 0.762
2401.000 0.753
2402.000 0.740
2403.000 0.728
2404.000 0.710
2405.000 0.701
2406.000 0.693
2407.000 0.689
2408.000 0.676
2409.000 0.667
2410.000 0.657
2411.000 0.644
2412.000 0.635
2413.000 0.626
2414.000 0.615
2415.000 0.608
2416.000 0.600
2417.000 0.590
2418.000 0.580
2419.000 0.577
2420.000 0.565
2421.000 0.556
2422.000 0.545
2423.000 0.538
2424.000 0.527
2425.000 0.520
2426.000 0.515
2427.000 0.509
2428.000 0.500
2429.000 0.492
2430.000 0.487
2431.000 0.480
2432.000 0.471
2433.000 0.466
2434.000 0.455
2435.000 0.450
2436.000 0.438
2437.000 0.436
2438.000 0.432
2439.000 0.420
2440.000 0.412
2441.000 0.410
2442.000 0.406
2443.000 0.400
2444.000 0.390
2445.000 0.387
2446.000 0.384
2447.000 0.375
2448.000 0.370
2449.000 0.367
2450.000 0.356
2451.000 0.352
2452.000 0.347
2453.000 0.344
2454.000 0.339
2455.000 0.334
2456.000 0.329
2457.000 0.327
2458.000 0.319
2459.000 0.314
2460.000 0.307
2461.000 0.306
2462.000 0.303
2463.000 0.297
2464.000 0.292
2465.000 0.285
2466.000 0.279
2467.000 0.276
2468.000 0.270
2469.000 0.267
2470.000 0.262
2471.000 0.258
2472.000 0.252
2473.000 0.246
2474.000 0.246
2475.000 0.242
2476.000 0.239
2477.000 0.235
2478.000 0.234
2479.000 0.230
2480.000 0.224
2481.000 0.225
2482.000 0.220
2483.000 0.215
2484.000 0.209
2485.000 0.204
2486.000 0.207
2487.000 0.203
2488.000 0.198
2489.000 0.197
2490.000 0.193
2491.000 0.186
2492.000 0.189
2493.000 0.186
2494.000 0.182
2495.000 0.183
2496.000 0.177
2497.000 0.174
2498.000 0.171
2499.000 0.164
2500.000 0.163
2501.000 0.160
2502.000 0.163
2503.000 0.157
2504.000 0.155
2505.000 0.153
2506.000 0.152
2507.000 0.150
2508.000 0.152
2509.000 0.149
2510.000 0.144
2511.000 0.145
2512.000 0.141
2513.000 0.141
2514.000 0.137
2515.000 0.136
2516.000 0.134
2517.000 0.133
2518.000 0.134
2519.000 0.130
2520.000 0.131
2521.000 0.130
2522.000 0.130
2523.000 0.124
2524.000 0.126
2525.000 0.124
2526.000 0.124
2527.000 0.127
2528.000 0.122
2529.000 0.122
2530.000 0.123
2531.000 0.123
2532.000 0.122
2533.000 0.122
2534.000 0.124
2535.000 0.123
2536.000 0.125
2537.000 0.126
2538.000 0.126
2539.000 0.125
2540.000 0.123
2541.000 0.125
2542.000 0.128
2543.000 0.124
2544.000 0.123
2545.000 0.124
2546.000 0.127
2547.000 0.129
2548.000 0.125
2549.000 0.130
2550.000 0.133
2551.000 0.129
2552.000 0.136
2553.000 0.133
2554.000 0.135
2555.000 0.133
2556.000 0.131
2557.000 0.132
2558.000 0.136
2559.000 0.132
2560.000 0.138
2561.000 0.140
2562.000 0.141
2563.000 0.142
2564.000 0.146
2565.000 0.146
2566.000 0.143
2567.000 0.150
2568.000 0.151
2569.000 0.153
2570.000 0.149
2571.000 0.160
2572.000 0.158
2573.000 0.157
2574.000 0.163
2575.000 0.162
2576.000 0.162
2577.000 0.160
2578.000 0.165
2579.000 0.169
2580.000 0.171
2581.000 0.177
2582.000 0.174
2583.000 0.178
2584.000 0.181
2585.000 0.180
2586.000 0.180
2587.000 0.183
2588.000 0.181
2589.000 0.186
2590.000 0.184
2591.000 0.197
2592.000 0.188
2593.000 0.188
2594.000 0.195
2595.000 0.192
2596.000 0.196
2597.000 0.197
2598.000 0.200
2599.000 0.203
2600.000 0.201
