1801.000 2.164
1802.000 2.202
1803.000 2.220
1804.000 2.244
1805.000 2.244
1806.000 2.245
1807.000 2.256
1808.000 2.264
1809.000 2.276
1810.000 2.281
1811.000 2.294
1812.000 2.305
1813.000 2.319
1814.000 2.330
1815.000 2.338
1816.000 2.357
1817.000 2.365
1818.000 2.374
1819.000 2.373
1820.000 2.384
1821.000 2.396
1822.000 2.403
1823.000 2.415
1824.000 2.423
1825.000 2.437
1826.000 2.446
1827.000 2.453
1828.000 2.467
1829.000 2.482
1830.000 2.491
1831.000 2.506
1832.000 2.510
1833.000 2.511
1834.000 2.525
1835.000 2.534
1836.000 2.546
1837.000 2.560
1838.000 2.569
1839.000 2.592
1840.000 2.593
1841.000 2.607
1842.000 2.614
1843.000 2.620
1844.000 2.625
1845.000 2.633
1846.000 2.644
1847.000 2.656
1848.000 2.667
1849.000 2.676
1850.000 2.687
1851.000 2.688
1852.000 2.701
1853.000 2.715
1854.000 2.725
1855.000 2.737
1856.000 2.747
1857.000 2.754
1858.000 2.765
1859.000 2.773
1860.000 2.782
1861.000 2.795
1862.000 2.802
1863.000 2.812
1864.000 2.820
1865.000 2.829
1866.000 2.845
1867.000 2.846
1868.000 2.853
1869.000 2.863
1870.000 2.873
1871.000 2.877
1872.000 2.889
1873.000 2.905
1874.000 2.912
1875.000 2.917
1876.000 2.931
1877.000 2.942
1878.000 2.949
1879.000 2.960
1880.000 2.965
1881.000 2.967
1882.000 2.977
1883.000 2.984
1884.000 2.991
1885.000 2.999
1886.000 3.007
1887.000 3.009
1888.000 3.021
1889.000 3.028
1890.000 3.033
1891.000 3.041
1892.000 3.051
1893.000 3.058
1894.000 3.064
1895.000 3.076
1896.000 3.080
1897.000 3.093
1898.000 3.097
1899.000 3.111
1900.000 3.116
1901.000 3.119
1902.000 3.125
1903.000 3.135
1904.000 3.137
1905.000 3.144
1906.000 3.150
1907.000 3.152
1908.000 3.159
1909.000 3.167
1910.000 3.169
1911.000 3.177
1912.000 3.180
1913.000 3.186
1914.000 3.195
1915.000 3.198
1916.000 3.204
1917.000 3.211
1918.000 3.215
1919.000 3.219
1920.000 3.228
1921.000 3.236
1922.000 3.242
1923.000 3.246
1924.000 3.253
1925.000 3.258
1926.000 3.268
1927.000 3.272
1928.000 3.282
1929.000 3.284
1930.000 3.295
1931.000 3.298
1932.000 3.304
1933.000 3.316
1934.000 3.323
1935.000 3.330
1936.000 3.332
1937.000 3.337
1938.000 3.339
1939.000 3.344
1940.000 3.356
1941.000 3.360
1942.000 3.363
1943.000 3.375
1944.000 3.385
1945.000 3.385
1946.000 3.399
1947.000 3.396
1948.000 3.406
1949.000 3.416
1950.000 3.422
1951.000 3.427
1952.000 3.429
1953.000 3.440
1954.000 3.445
1955.000 3.450
1956.000 3.453
1957.000 3.464
1958.000 3.485
1959.000 3.495
1960.000 3.493
1961.000 3.514
1962.000 3.510
1963.000 3.523
1964.000 3.532
1965.000 3.534
1966.000 3.534
1967.000 3.543
1968.000 3.553
1969.000 3.561
1970.000 3.570
1971.000 3.581
1972.000 3.583
1973.000 3.604
1974.000 3.621
1975.000 3.613
1976.000 3.631
1977.000 3.636
1978.000 3.634
1979.000 3.652
1980.000 3.669
1981.000 3.664
1982.000 3.682
1983.000 3.703
1984.000 3.724
1985.000 3.735
1986.000 3.747
1987.000 3.758
1988.000 3.763
1989.000 3.775
1990.000 3.785
1991.000 3.800
1992.000 3.821
1993.000 3.819
1994.000 3.850
1995.000 3.852
1996.000 3.868
1997.000 3.909
1998.000 3.907
1999.000 3.916
2000.000 3.928
2001.000 3.953
2002.000 3.974
2003.000 3.984
2004.000 4.018
2005.000 4.041
2006.000 4.044
2007.000 4.075
2008.000 4.097
2009.000 4.110
2010.000 4.145
2011.000 4.163
2012.000 4.176
2013.000 4.213
2014.000 4.214
2015.000 4.265
2016.000 4.273
2017.000 4.307
2018.000 4.331
2019.000 4.359
2020.000 4.386
2021.000 4.424
2022.000 4.457
2023.000 4.480
2024.000 4.529
2025.000 4.550
2026.000 4.578
2027.000 4.612
2028.000 4.649
2029.000 4.687
2030.000 4.736
2031.000 4.769
2032.000 4.803
2033.000 4.853
2034.000 4.903
2035.000 4.956
2036.000 5.012
2037.000 5.050
2038.000 5.107
2039.000 5.138
2040.000 5.189
2041.000 5.246
2042.000 5.299
2043.000 5.357
2044.000 5.425
2045.000 5.493
2046.000 5.567
2047.000 5.640
2048.000 5.715
2049.000 5.790
2050.000 5.862
2051.000 5.918
2052.000 6.002
2053.000 6.062
2054.000 6.183
2055.000 6.291
2056.000 6.389
2057.000 6.510
2058.000 6.612
2059.000 6.750
2060.000 6.883
2061.000 7.003
2062.000 7.078
2063.000 7.230
2064.000 7.370
2065.000 7.568
2066.000 7.700
2067.000 7.929
2068.000 8.139
2069.000 8.321
2070.000 8.590
2071.000 8.796
2072.000 9.112
2073.000 9.375
2074.000 9.639
2075.000 9.849
2076.000 10.199
2077.000 10.496
2078.000 10.963
2079.000 11.405
2080.000 11.845
2081.000 12.412
2082.000 12.859
2083.000 13.597
2084.000 14.266
2085.000 14.931
2086.000 15.840
2087.000 16.269
2088.000 17.059
2089.000 18.186
2090.000 19.125
2091.000 20.260
2092.000 21.425
2093.000 22.282
2094.000 23.356
2095.000 24.116
2096.000 24.597
2097.000 24.780
2098.000 24.555
2099.000 23.761
2100.000 23.205
2101.000 22.139
2102.000 20.497
2103.000 19.002
2104.000 17.707
2105.000 16.162
2106.000 15.117
2107.000 13.698
2108.000 12.746
2109.000 11.797
2110.000 10.967
2111.000 10.613
2112.000 9.885
2113.000 9.248
2114.000 8.776
2115.000 8.152
2116.000 7.677
2117.000 7.248
2118.000 6.826
2119.000 6.528
2120.000 6.124
2121.000 5.800
2122.000 5.550
2123.000 5.381
2124.000 5.112
2125.000 4.901
2126.000 4.633
2127.000 4.459
2128.000 4.223
2129.000 4.038
2130.000 3.878
2131.000 3.687
2132.000 3.567
2133.000 3.397
2134.000 3.249
2135.000 3.139
2136.000 3.054
2137.000 2.924
2138.000 2.822
2139.000 2.691
2140.000 2.602
2141.000 2.473
2142.000 2.377
2143.000 2.300
2144.000 2.194
2145.000 2.110
2146.000 2.022
2147.000 1.943
2148.000 1.906
2149.000 1.825
2150.000 1.750
2151.000 1.694
2152.000 1.609
2153.000 1.549
2154.000 1.494
2155.000 1.421
2156.000 1.371
2157.000 1.300
2158.000 1.247
2159.000 1.231
2160.000 1.167
2161.000 1.118
2162.000 1.068
2163.000 1.015
2164.000 0.972
2165.000 0.922
2166.000 0.880
2167.000 0.840
2168.000 0.793
2169.000 0.758
2170.000 0.711
2171.000 0.671
2172.000 0.663
2173.000 0.616
2174.000 0.580
2175.000 0.552
2176.000 0.512
2177.000 0.484
2178.000 0.445
2179.000 0.415
2180.000 0.390
2181.000 0.365
2182.000 0.339
2183.000 0.314
2184.000 0.297
2185.000 0.287
2186.000 0.270
2187.000 0.262
2188.000 0.255
2189.000 0.246
2190.000 0.253
2191.000 0.259
2192.000 0.267
2193.000 0.280
2194.000 0.294
2195.000 0.320
2196.000 0.336
2197.000 0.351
2198.000 0.374
2199.000 0.395
2200.000 0.423
2201.000 0.448
2202.000 0.478
2203.000 0.506
2204.000 0.528
2205.000 0.565
2206.000 0.593
2207.000 0.629
2208.000 0.645
2209.000 0.676
2210.000 0.712
2211.000 0.746
2212.000 0.773
2213.000 0.817
2214.000 0.847
2215.000 0.885
2216.000 0.922
2217.000 0.954
2218.000 1.003
2219.000 1.044
2220.000 1.080
2221.000 1.102
2222.000 1.141
2223.000 1.196
2224.000 1.233
2225.000 1.279
2226.000 1.336
2227.000 1.382
2228.000 1.437
2229.000 1.494
2230.000 1.540
2231.000 1.609
2232.000 1.670
2233.000 1.689
2234.000 1.766
2235.000 1.831
2236.000 1.891
2237.000 1.978
2238.000 2.047
2239.000 2.146
2240.000 2.234
2241.000 2.314
2242.000 2.431
2243.000 2.518
2244.000 2.655
2245.000 2.775
2246.000 2.822
2247.000 2.976
2248.000 3.116
2249.000 3.241
2250.000 3.440
2251.000 3.624
2252.000 3.815
2253.000 4.046
2254.000 4.240
2255.000 4.562
2256.000 4.866
2257.000 4.966
2258.000 5.377
2259.000 5.741
2260.000 6.081
2261.000 6.611
2262.000 7.036
2263.000 7.619
2264.000 8.204
2265.000 8.699
2266.000 9.350
2267.000 9.851
2268.000 10.276
2269.000 10.463
2270.000 10.660
2271.000 10.659
2272.000 10.399
2273.000 10.014
2274.000 9.386
2275.000 8.731
2276.000 8.138
2277.000 7.463
2278.000 6.996
2279.000 6.407
2280.000 5.999
2281.000 5.582
2282.000 5.392
2283.000 5.081
2284.000 4.755
2285.000 4.485
2286.000 4.289
2287.000 4.019
2288.000 3.824
2289.000 3.641
2290.000 3.468
2291.000 3.343
2292.000 3.177
2293.000 3.045
2294.000 3.010
2295.000 2.874
2296.000 2.755
2297.000 2.652
2298.000 2.561
2299.000 2.479
2300.000 2.387
2301.000 2.308
2302.000 2.240
2303.000 2.162
2304.000 2.113
2305.000 2.037
2306.000 2.004
2307.000 1.956
2308.000 1.893
2309.000 1.841
2310.000 1.801
2311.000 1.743
2312.000 1.707
2313.000 1.654
2314.000 1.605
2315.000 1.569
2316.000 1.525
2317.000 1.495
2318.000 1.480
2319.000 1.437
2320.000 1.419
2321.000 1.376
2322.000 1.346
2323.000 1.321
2324.000 1.286
2325.000 1.262
2326.000 1.236
2327.000 1.208
2328.000 1.187
2329.000 1.160
2330.000 1.147
2331.000 1.127
2332.000 1.100
2333.000 1.077
2334.000 1.053
2335.000 1.033
2336.000 1.016
2337.000 0.995
2338.000 0.981
2339.000 0.963
2340.000 0.946
2341.000 0.930
2342.000 0.912
2343.000 0.899
2344.000 0.889
2345.000 0.869
2346.000 0.851
2347.000 0.841
2348.000 0.823
2349.000 0.813
2350.000 0.797
2351.000 0.781
2352.000 0.774
2353.000 0.755
2354.000 0.750
2355.000 0.742
2356.000 0.725
2357.000 0.714
2358.000 0.703
2359.000 0.690
2360.000 0.683
2361.000 0.666
2362.000 0.659
2363.000 0.645
2364.000 0.635
2365.000 0.624
2366.000 0.613
2367.000 0.608
2368.000 0.599
2369.000 0.588
2370.000 0.581
2371.000 0.569
2372.000 0.565
2373.000 0.553
2374.000 0.545
2375.000 0.537
2376.000 0.529
2377.000 0.524
2378.000 0.513
2379.000 0.511
2380.000 0.502
2381.000 0.492
2382.000 0.485
2383.000 0.480
2384.000 0.468
2385.000 0.464
2386.000 0.459
2387.000 0.451
2388.000 0.440
2389.000 0.431
2390.000 0.428
2391.000 0.423
2392.000 0.416
2393.000 0.409
2394.000 0.403
2395.000 0.400
2396.000 0.392
2397.000 0.389
2398.000 0.390
2399.000 0.375
2400.000 0.375
2401.000 0.366
2402.000 0.355
2403.000 0.355
2404.000 0.351
2405.000 0.346
2406.000 0.340
2407.000 0.331
2408.000 0.330
2409.000 0.324
2410.000 0.320
2411.000 0.313
2412.000 0.310
2413.000 0.307
2414.000 0.298
2415.000 0.297
2416.000 0.293
2417.000 0.291
2418.000 0.282
2419.000 0.279
2420.000 0.273
2421.000 0.287
2422.000 0.268
2423.000 0.262
2424.000 0.261
2425.000 0.257
2426.000 0.250
2427.000 0.246
2428.000 0.246
2429.000 0.245
2430.000 0.217
2431.000 0.237
2432.000 0.233
2433.000 0.227
2434.000 0.221
2435.000 0.219
2436.000 0.216
2437.000 0.213
2438.000 0.210
2439.000 0.206
2440.000 0.204
2441.000 0.199
2442.000 0.198
2443.000 0.196
2444.000 0.192
2445.000 0.186
2446.000 0.184
2447.000 0.183
2448.000 0.181
2449.000 0.177
2450.000 0.173
2451.000 0.169
2452.000 0.166
2453.000 0.165
2454.000 0.160
2455.000 0.157
2456.000 0.155
2457.000 0.153
2458.000 0.151
2459.000 0.149
2460.000 0.148
2461.000 0.141
2462.000 0.134
2463.000 0.135
2464.000 0.134
2465.000 0.130
2466.000 0.130
2467.000 0.130
2468.000 0.126
2469.000 0.125
2470.000 0.119
2471.000 0.116
2472.000 0.113
2473.000 0.113
2474.000 0.107
2475.000 0.111
2476.000 0.106
2477.000 0.105
2478.000 0.103
2479.000 0.106
2480.000 0.103
2481.000 0.102
2482.000 0.097
2483.000 0.095
2484.000 0.096
2485.000 0.096
2486.000 0.091
2487.000 0.087
2488.000 0.086
2489.000 0.087
2490.000 0.084
2491.000 0.082
2492.000 0.081
2493.000 0.079
2494.000 0.077
2495.000 0.073
2496.000 0.077
2497.000 0.077
2498.000 0.075
2499.000 0.066
2500.000 0.069
2501.000 0.071
2502.000 0.073
2503.000 0.066
2504.000 0.066
2505.000 0.066
2506.000 0.063
2507.000 0.063
2508.000 0.068
2509.000 0.069
2510.000 0.068
2511.000 0.066
2512.000 0.067
2513.000 0.066
2514.000 0.062
2515.000 0.064
2516.000 0.063
2517.000 0.062
2518.000 0.056
2519.000 0.056
2520.000 0.061
2521.000 0.055
2522.000 0.058
2523.000 0.063
2524.000 0.060
2525.000 0.060
2526.000 0.055
2527.000 0.058
2528.000 0.068
2529.000 0.055
2530.000 0.056
2531.000 0.056
2532.000 0.051
2533.000 0.048
2534.000 0.047
2535.000 0.050
2536.000 0.047
2537.000 0.049
2538.000 0.047
2539.000 0.050
2540.000 0.052
2541.000 0.053
2542.000 0.056
2543.000 0.055
2544.000 0.054
2545.000 0.054
2546.000 0.052
2547.000 0.054
2548.000 0.055
2549.000 0.058
2550.000 0.059
2551.000 0.054
2552.000 0.055
2553.000 0.058
2554.000 0.060
2555.000 0.062
2556.000 0.064
2557.000 0.066
2558.000 0.067
2559.000 0.068
2560.000 0.069
2561.000 0.066
2562.000 0.069
2563.000 0.067
2564.000 0.068
2565.000 0.068
2566.000 0.071
2567.000 0.076
2568.000 0.073
2569.000 0.078
2570.000 0.074
2571.000 0.077
2572.000 0.079
2573.000 0.079
2574.000 0.075
2575.000 0.082
2576.000 0.079
2577.000 0.081
2578.000 0.088
2579.000 0.087
2580.000 0.084
2581.000 0.084
2582.000 0.087
2583.000 0.087
2584.000 0.088
2585.000 0.092
2586.000 0.096
2587.000 0.094
2588.000 0.093
2589.000 0.092
2590.000 0.090
2591.000 0.100
2592.000 0.097
2593.000 0.099
2594.000 0.103
2595.000 0.100
2596.000 0.099
2597.000 0.102
2598.000 0.106
2599.000 0.107
2600.000 0.105
