1801.000 0.917
1802.000 1.576
1803.000 1.585
1804.000 1.600
1805.000 1.600
1806.000 1.609
1807.000 1.615
1808.000 1.625
1809.000 1.626
1810.000 1.641
1811.000 1.643
1812.000 1.649
1813.000 1.659
1814.000 1.664
1815.000 1.670
1816.000 1.681
1817.000 1.679
1818.000 1.689
1819.000 1.698
1820.000 1.710
1821.000 1.716
1822.000 1.722
1823.000 1.730
1824.000 1.734
1825.000 1.738
1826.000 1.749
1827.000 1.749
1828.000 1.760
1829.000 1.769
1830.000 1.776
1831.000 1.786
1832.000 1.787
1833.000 1.799
1834.000 1.804
1835.000 1.813
1836.000 1.822
1837.000 1.824
1838.000 1.835
1839.000 1.838
1840.000 1.846
1841.000 1.851
1842.000 1.860
1843.000 1.864
1844.000 1.876
1845.000 1.882
1846.000 1.886
1847.000 1.895
1848.000 1.896
1849.000 1.908
1850.000 1.909
1851.000 1.918
1852.000 1.925
1853.000 1.932
1854.000 1.935
1855.000 1.944
1856.000 1.951
1857.000 1.954
1858.000 1.963
1859.000 1.967
1860.000 1.970
1861.000 1.981
1862.000 1.981
1863.000 1.992
1864.000 1.997
1865.000 2.002
1866.000 2.003
1867.000 2.012
1868.000 2.017
1869.000 2.031
1870.000 2.031
1871.000 2.037
1872.000 2.037
1873.000 2.042
1874.000 2.049
1875.000 2.057
1876.000 2.063
1877.000 2.067
1878.000 2.070
1879.000 2.081
1880.000 2.089
1881.000 2.098
1882.000 2.097
1883.000 2.103
1884.000 2.106
1885.000 2.110
1886.000 2.112
1887.000 2.120
1888.000 2.115
1889.000 2.130
1890.000 2.128
1891.000 2.139
1892.000 2.144
1893.000 2.149
1894.000 2.159
1895.000 2.161
1896.000 2.162
1897.000 2.174
1898.000 2.173
1899.000 2.185
1900.000 2.182
1901.000 2.193
1902.000 2.190
1903.000 2.199
1904.000 2.202
1905.000 2.206
1906.000 2.212
1907.000 2.220
1908.000 2.222
1909.000 2.226
1910.000 2.226
1911.000 2.231
1912.000 2.236
1913.000 2.235
1914.000 2.243
1915.000 2.251
1916.000 2.254
1917.000 2.262
1918.000 2.267
1919.000 2.271
1920.000 2.274
1921.000 2.278
1922.000 2.283
1923.000 2.286
1924.000 2.291
1925.000 2.299
1926.000 2.307
1927.000 2.308
1928.000 2.315
1929.000 2.318
1930.000 2.325
1931.000 2.325
1932.000 2.339
1933.000 2.342
1934.000 2.343
1935.000 2.346
1936.000 2.350
1937.000 2.362
1938.000 2.366
1939.000 2.368
1940.000 2.374
1941.000 2.381
1942.000 2.394
1943.000 2.394
1944.000 2.406
1945.000 2.407
1946.000 2.411
1947.000 2.417
1948.000 2.427
1949.000 2.428
1950.000 2.427
1951.000 2.438
1952.000 2.443
1953.000 2.454
1954.000 2.461
1955.000 2.464
1956.000 2.469
1957.000 2.483
1958.000 2.481
1959.000 2.490
1960.000 2.501
1961.000 2.499
1962.000 2.516
1963.000 2.516
1964.000 2.521
1965.000 2.535
1966.000 2.543
1967.000 2.552
1968.000 2.554
1969.000 2.563
1970.000 2.572
1971.000 2.580
1972.000 2.594
1973.000 2.601
1974.000 2.597
1975.000 2.617
1976.000 2.622
1977.000 2.631
1978.000 2.638
1979.000 2.653
1980.000 2.654
1981.000 2.672
1982.000 2.693
1983.000 2.683
1984.000 2.699
1985.000 2.708
1986.000 2.720
1987.000 2.736
1988.000 2.746
1989.000 2.767
1990.000 2.784
1991.000 2.789
1992.000 2.811
1993.000 2.811
1994.000 2.829
1995.000 2.838
1996.000 2.844
1997.000 2.870
1998.000 2.890
1999.000 2.904
2000.000 2.913
2001.000 2.935
2002.000 2.954
2003.000 2.975
2004.000 3.002
2005.000 3.006
2006.000 3.014
2007.000 3.041
2008.000 3.072
2009.000 3.073
2010.000 3.109
2011.000 3.125
2012.000 3.145
2013.000 3.181
2014.000 3.206
2015.000 3.230
2016.000 3.247
2017.000 3.265
2018.000 3.302
2019.000 3.312
2020.000 3.333
2021.000 3.363
2022.000 3.408
2023.000 3.432
2024.000 3.453
2025.000 3.494
2026.000 3.519
2027.000 3.573
2028.000 3.620
2029.000 3.635
2030.000 3.670
2031.000 3.702
2032.000 3.731
2033.000 3.778
2034.000 3.814
2035.000 3.857
2036.000 3.920
2037.000 3.969
2038.000 4.019
2039.000 4.071
2040.000 4.127
2041.000 4.168
2042.000 4.206
2043.000 4.256
2044.000 4.325
2045.000 4.375
2046.000 4.447
2047.000 4.517
2048.000 4.581
2049.000 4.669
2050.000 4.729
2051.000 4.815
2052.000 4.905
2053.000 4.982
2054.000 5.091
2055.000 5.136
2056.000 5.218
2057.000 5.335
2058.000 5.439
2059.000 5.564
2060.000 5.680
2061.000 5.800
2062.000 5.971
2063.000 6.097
2064.000 6.243
2065.000 6.409
2066.000 6.557
2067.000 6.662
2068.000 6.866
2069.000 7.018
2070.000 7.266
2071.000 7.502
2072.000 7.701
2073.000 7.999
2074.000 8.224
2075.000 8.593
2076.000 8.916
2077.000 9.218
2078.000 9.655
2079.000 10.052
2080.000 10.220
2081.000 10.768
2082.000 11.285
2083.000 11.835
2084.000 12.479
2085.000 13.032
2086.000 13.959
2087.000 14.734
2088.000 15.617
2089.000 16.649
2090.000 17.547
2091.000 18.146
2092.000 19.415
2093.000 20.464
2094.000 21.740
2095.000 22.901
2096.000 23.769
2097.000 24.599
2098.000 25.031
2099.000 25.046
2100.000 24.640
2101.000 23.919
2102.000 22.676
2103.000 21.999
2104.000 20.792
2105.000 19.197
2106.000 17.896
2107.000 16.630
2108.000 15.418
2109.000 14.568
2110.000 13.466
2111.000 12.735
2112.000 11.881
2113.000 11.222
2114.000 10.703
2115.000 10.039
2116.000 9.773
2117.000 9.378
2118.000 8.849
2119.000 8.448
2120.000 8.035
2121.000 7.708
2122.000 7.445
2123.000 7.108
2124.000 6.829
2125.000 6.577
2126.000 6.335
2127.000 6.149
2128.000 6.023
2129.000 5.811
2130.000 5.655
2131.000 5.459
2132.000 5.290
2133.000 5.157
2134.000 4.989
2135.000 4.863
2136.000 4.709
2137.000 4.578
2138.000 4.481
2139.000 4.397
2140.000 4.296
2141.000 4.199
2142.000 4.099
2143.000 4.033
2144.000 3.920
2145.000 3.844
2146.000 3.782
2147.000 3.687
2148.000 3.626
2149.000 3.535
2150.000 3.476
2151.000 3.415
2152.000 3.371
2153.000 3.324
2154.000 3.265
2155.000 3.200
2156.000 3.149
2157.000 3.098
2158.000 3.054
2159.000 3.017
2160.000 2.963
2161.000 2.921
2162.000 2.885
2163.000 2.840
2164.000 2.813
2165.000 2.790
2166.000 2.751
2167.000 2.720
2168.000 2.676
2169.000 2.649
2170.000 2.620
2171.000 2.587
2172.000 2.568
2173.000 2.535
2174.000 2.511
2175.000 2.488
2176.000 2.464
2177.000 2.454
2178.000 2.432
2179.000 2.409
2180.000 2.399
2181.000 2.373
2182.000 2.354
2183.000 2.334
2184.000 2.318
2185.000 2.308
2186.000 2.289
2187.000 2.276
2188.000 2.269
2189.000 2.261
2190.000 2.248
2191.000 2.239
2192.000 2.226
2193.000 2.218
2194.000 2.205
2195.000 2.200
2196.000 2.193
2197.000 2.187
2198.000 2.179
2199.000 2.180
2200.000 2.167
2201.000 2.169
2202.000 2.167
2203.000 2.170
2204.000 2.163
2205.000 2.164
2206.000 2.168
2207.000 2.170
2208.000 2.178
2209.000 2.180
2210.000 2.172
2211.000 2.182
2212.000 2.189
2213.000 2.192
2214.000 2.200
2215.000 2.211
2216.000 2.222
2217.000 2.235
2218.000 2.254
2219.000 2.265
2220.000 2.277
2221.000 2.319
2222.000 2.322
2223.000 2.343
2224.000 2.369
2225.000 2.373
2226.000 2.396
2227.000 2.415
2228.000 2.443
2229.000 2.480
2230.000 2.539
2231.000 2.548
2232.000 2.590
2233.000 2.622
2234.000 2.676
2235.000 2.723
2236.000 2.763
2237.000 2.800
2238.000 2.857
2239.000 2.908
2240.000 2.981
2241.000 3.035
2242.000 3.129
2243.000 3.215
2244.000 3.289
2245.000 3.400
2246.000 3.488
2247.000 3.630
2248.000 3.754
2249.000 3.807
2250.000 3.965
2251.000 4.117
2252.000 4.253
2253.000 4.484
2254.000 4.694
2255.000 4.906
2256.000 5.185
2257.000 5.422
2258.000 5.814
2259.000 6.163
2260.000 6.509
2261.000 7.000
2262.000 7.230
2263.000 7.659
2264.000 8.280
2265.000 8.797
2266.000 9.369
2267.000 9.921
2268.000 10.313
2269.000 10.624
2270.000 10.706
2271.000 10.547
2272.000 10.116
2273.000 9.594
2274.000 9.219
2275.000 8.421
2276.000 7.811
2277.000 7.036
2278.000 6.482
2279.000 5.931
2280.000 5.463
2281.000 5.140
2282.000 4.707
2283.000 4.419
2284.000 4.096
2285.000 3.983
2286.000 3.766
2287.000 3.531
2288.000 3.349
2289.000 3.206
2290.000 3.031
2291.000 2.889
2292.000 2.753
2293.000 2.639
2294.000 2.549
2295.000 2.431
2296.000 2.331
2297.000 2.253
2298.000 2.212
2299.000 2.129
2300.000 2.052
2301.000 1.986
2302.000 1.935
2303.000 1.857
2304.000 1.820
2305.000 1.762
2306.000 1.711
2307.000 1.674
2308.000 1.617
2309.000 1.582
2310.000 1.566
2311.000 1.523
2312.000 1.486
2313.000 1.465
2314.000 1.420
2315.000 1.395
2316.000 1.362
2317.000 1.336
2318.000 1.313
2319.000 1.282
2320.000 1.262
2321.000 1.235
2322.000 1.209
2323.000 1.207
2324.000 1.184
2325.000 1.156
2326.000 1.148
2327.000 1.125
2328.000 1.113
2329.000 1.094
2330.000 1.077
2331.000 1.068
2332.000 1.051
2333.000 1.034
2334.000 1.028
2335.000 1.015
2336.000 1.002
2337.000 0.988
2338.000 0.981
2339.000 0.965
2340.000 0.954
2341.000 0.947
2342.000 0.931
2343.000 0.926
2344.000 0.917
2345.000 0.910
2346.000 0.902
2347.000 0.897
2348.000 0.887
2349.000 0.880
2350.000 0.872
2351.000 0.864
2352.000 0.857
2353.000 0.850
2354.000 0.840
2355.000 0.834
2356.000 0.830
2357.000 0.824
2358.000 0.819
2359.000 0.814
2360.000 0.809
2361.000 0.806
2362.000 0.801
2363.000 0.795
2364.000 0.787
2365.000 0.782
2366.000 0.779
2367.000 0.777
2368.000 0.769
2369.000 0.757
2370.000 0.756
2371.000 0.754
2372.000 0.752
2373.000 0.747
2374.000 0.749
2375.000 0.743
2376.000 0.743
2377.000 0.737
2378.000 0.735
2379.000 0.727
2380.000 0.726
2381.000 0.724
2382.000 0.719
2383.000 0.716
2384.000 0.712
2385.000 0.709
2386.000 0.708
2387.000 0.707
2388.000 0.702
2389.000 0.702
2390.000 0.702
2391.000 0.697
2392.000 0.695
2393.000 0.688
2394.000 0.689
2395.000 0.688
2396.000 0.685
2397.000 0.683
2398.000 0.678
2399.000 0.675
2400.000 0.675
2401.000 0.673
2402.000 0.672
2403.000 0.670
2404.000 0.670
2405.000 0.665
2406.000 0.667
2407.000 0.666
2408.000 0.662
2409.000 0.657
2410.000 0.657
2411.000 0.652
2412.000 0.654
2413.000 0.656
2414.000 0.651
2415.000 0.651
2416.000 0.652
2417.000 0.648
2418.000 0.647
2419.000 0.643
2420.000 0.643
2421.000 0.646
2422.000 0.645
2423.000 0.641
2424.000 0.639
2425.000 0.637
2426.000 0.640
2427.000 0.632
2428.000 0.635
2429.000 0.633
2430.000 0.634
2431.000 0.629
2432.000 0.633
2433.000 0.630
2434.000 0.632
2435.000 0.631
2436.000 0.625
2437.000 0.624
2438.000 0.622
2439.000 0.624
2440.000 0.626
2441.000 0.626
2442.000 0.621
2443.000 0.621
2444.000 0.621
2445.000 0.619
2446.000 0.622
2447.000 0.617
2448.000 0.620
2449.000 0.616
2450.000 0.617
2451.000 0.614
2452.000 0.618
2453.000 0.613
2454.000 0.615
2455.000 0.617
2456.000 0.616
2457.000 0.612
2458.000 0.614
2459.000 0.609
2460.000 0.611
2461.000 0.612
2462.000 0.609
2463.000 0.612
2464.000 0.611
2465.000 0.609
2466.000 0.611
2467.000 0.607
2468.000 0.609
2469.000 0.605
2470.000 0.607
2471.000 0.608
2472.000 0.605
2473.000 0.607
2474.000 0.604
2475.000 0.600
2476.000 0.606
2477.000 0.605
2478.000 0.602
2479.000 0.604
2480.000 0.603
2481.000 0.604
2482.000 0.606
2483.000 0.602
2484.000 0.603
2485.000 0.603
2486.000 0.600
2487.000 0.604
2488.000 0.599
2489.000 0.599
2490.000 0.601
2491.000 0.594
2492.000 0.598
2493.000 0.602
2494.000 0.603
2495.000 0.601
2496.000 0.598
2497.000 0.598
2498.000 0.597
2499.000 0.601
2500.000 0.597
2501.000 0.597
2502.000 0.600
2503.000 0.596
2504.000 0.598
2505.000 0.595
2506.000 0.597
2507.000 0.598
2508.000 0.604
2509.000 0.601
2510.000 0.597
2511.000 0.599
2512.000 0.602
2513.000 0.596
2514.000 0.596
2515.000 0.597
2516.000 0.598
2517.000 0.595
2518.000 0.596
2519.000 0.598
2520.000 0.598
2521.000 0.596
2522.000 0.597
2523.000 0.593
2524.000 0.598
2525.000 0.599
2526.000 0.595
2527.000 0.597
2528.000 0.598
2529.000 0.595
2530.000 0.595
2531.000 0.597
2532.000 0.595
2533.000 0.598
2534.000 0.597
2535.000 0.595
2536.000 0.596
2537.000 0.594
2538.000 0.595
2539.000 0.597
2540.000 0.597
2541.000 0.596
2542.000 0.598
2543.000 0.595
2544.000 0.594
2545.000 0.594
2546.000 0.598
2547.000 0.595
2548.000 0.594
2549.000 0.594
2550.000 0.597
2551.000 0.599
2552.000 0.595
2553.000 0.599
2554.000 0.596
2555.000 0.597
2556.000 0.598
2557.000 0.598
2558.000 0.600
2559.000 0.595
2560.000 0.599
2561.000 0.593
2562.000 0.595
2563.000 0.601
2564.000 0.597
2565.000 0.596
2566.000 0.598
2567.000 0.601
2568.000 0.597
2569.000 0.601
2570.000 0.604
2571.000 0.598
2572.000 0.600
2573.000 0.601
2574.000 0.600
2575.000 0.599
2576.000 0.604
2577.000 0.598
2578.000 0.599
2579.000 0.599
2580.000 0.597
2581.000 0.601
2582.000 0.604
2583.000 0.602
2584.000 0.601
2585.000 0.605
2586.000 0.606
2587.000 0.604
2588.000 0.605
2589.000 0.604
2590.000 0.604
2591.000 0.606
2592.000 0.604
2593.000 0.604
2594.000 0.601
2595.000 0.604
2596.000 0.603
2597.000 0.605
2598.000 0.607
2599.000 0.604
2600.000 0.610
