1801.000 1.204
1802.000 1.463
1803.000 1.465
1804.000 1.480
1805.000 1.485
1806.000 1.487
1807.000 1.492
1808.000 1.502
1809.000 1.507
1810.000 1.518
1811.000 1.523
1812.000 1.532
1813.000 1.539
1814.000 1.542
1815.000 1.548
1816.000 1.553
1817.000 1.558
1818.000 1.565
1819.000 1.567
1820.000 1.575
1821.000 1.578
1822.000 1.587
1823.000 1.596
1824.000 1.597
1825.000 1.604
1826.000 1.613
1827.000 1.625
1828.000 1.629
1829.000 1.640
1830.000 1.648
1831.000 1.649
1832.000 1.652
1833.000 1.657
1834.000 1.665
1835.000 1.674
1836.000 1.680
1837.000 1.686
1838.000 1.690
1839.000 1.697
1840.000 1.703
1841.000 1.711
1842.000 1.720
1843.000 1.725
1844.000 1.722
1845.000 1.728
1846.000 1.737
1847.000 1.742
1848.000 1.750
1849.000 1.752
1850.000 1.761
1851.000 1.772
1852.000 1.773
1853.000 1.784
1854.000 1.789
1855.000 1.796
1856.000 1.802
1857.000 1.804
1858.000 1.814
1859.000 1.816
1860.000 1.826
1861.000 1.827
1862.000 1.840
1863.000 1.843
1864.000 1.846
1865.000 1.851
1866.000 1.857
1867.000 1.867
1868.000 1.863
1869.000 1.869
1870.000 1.878
1871.000 1.881
1872.000 1.886
1873.000 1.895
1874.000 1.898
1875.000 1.904
1876.000 1.908
1877.000 1.917
1878.000 1.927
1879.000 1.926
1880.000 1.930
1881.000 1.936
1882.000 1.942
1883.000 1.950
1884.000 1.953
1885.000 1.957
1886.000 1.959
1887.000 1.964
1888.000 1.971
1889.000 1.975
1890.000 1.985
1891.000 1.989
1892.000 1.995
1893.000 2.002
1894.000 2.007
1895.000 2.010
1896.000 2.012
1897.000 2.025
1898.000 2.025
1899.000 2.025
1900.000 2.032
1901.000 2.037
1902.000 2.038
1903.000 2.042
1904.000 2.051
1905.000 2.058
1906.000 2.061
1907.000 2.066
1908.000 2.073
1909.000 2.074
1910.000 2.077
1911.000 2.079
1912.000 2.088
1913.000 2.091
1914.000 2.089
1915.000 2.099
1916.000 2.104
1917.000 2.106
1918.000 2.115
1919.000 2.121
1920.000 2.124
1921.000 2.129
1922.000 2.133
1923.000 2.134
1924.000 2.144
1925.000 2.143
1926.000 2.150
1927.000 2.159
1928.000 2.162
1929.000 2.164
1930.000 2.167
1931.000 2.172
1932.000 2.181
1933.000 2.179
1934.000 2.189
1935.000 2.198
1936.000 2.203
1937.000 2.212
1938.000 2.212
1939.000 2.215
1940.000 2.217
1941.000 2.220
1942.000 2.229
1943.000 2.235
1944.000 2.239
1945.000 2.250
1946.000 2.248
1947.000 2.263
1948.000 2.262
1949.000 2.259
1950.000 2.275
1951.000 2.282
1952.000 2.284
1953.000 2.296
1954.000 2.292
1955.000 2.299
1956.000 2.309
1957.000 2.323
1958.000 2.330
1959.000 2.329
1960.000 2.350
1961.000 2.345
1962.000 2.359
1963.000 2.361
1964.000 2.369
1965.000 2.382
1966.000 2.378
1967.000 2.380
1968.000 2.385
1969.000 2.398
1970.000 2.407
1971.000 2.413
1972.000 2.434
1973.000 2.448
1974.000 2.446
1975.000 2.453
1976.000 2.470
1977.000 2.469
1978.000 2.480
1979.000 2.488
1980.000 2.507
1981.000 2.511
1982.000 2.516
1983.000 2.527
1984.000 2.537
1985.000 2.555
1986.000 2.566
1987.000 2.578
1988.000 2.589
1989.000 2.608
1990.000 2.608
1991.000 2.631
1992.000 2.640
1993.000 2.649
1994.000 2.673
1995.000 2.684
1996.000 2.685
1997.000 2.717
1998.000 2.731
1999.000 2.742
2000.000 2.757
2001.000 2.778
2002.000 2.791
2003.000 2.807
2004.000 2.839
2005.000 2.853
2006.000 2.862
2007.000 2.893
2008.000 2.909
2009.000 2.920
2010.000 2.947
2011.000 2.973
2012.000 2.984
2013.000 3.019
2014.000 3.029
2015.000 3.047
2016.000 3.073
2017.000 3.103
2018.000 3.121
2019.000 3.149
2020.000 3.174
2021.000 3.208
2022.000 3.250
2023.000 3.264
2024.000 3.310
2025.000 3.333
2026.000 3.354
2027.000 3.383
2028.000 3.423
2029.000 3.462
2030.000 3.502
2031.000 3.535
2032.000 3.570
2033.000 3.616
2034.000 3.647
2035.000 3.702
2036.000 3.759
2037.000 3.809
2038.000 3.847
2039.000 3.867
2040.000 3.934
2041.000 3.977
2042.000 4.043
2043.000 4.094
2044.000 4.165
2045.000 4.223
2046.000 4.287
2047.000 4.348
2048.000 4.434
2049.000 4.507
2050.000 4.568
2051.000 4.629
2052.000 4.714
2053.000 4.771
2054.000 4.879
2055.000 4.962
2056.000 5.067
2057.000 5.201
2058.000 5.269
2059.000 5.409
2060.000 5.518
2061.000 5.672
2062.000 5.746
2063.000 5.871
2064.000 6.044
2065.000 6.196
2066.000 6.346
2067.000 6.554
2068.000 6.739
2069.000 6.935
2070.000 7.161
2071.000 7.340
2072.000 7.629
2073.000 7.887
2074.000 8.135
2075.000 8.335
2076.000 8.646
2077.000 8.952
2078.000 9.379
2079.000 9.743
2080.000 10.253
2081.000 10.723
2082.000 11.170
2083.000 11.831
2084.000 12.408
2085.000 13.166
2086.000 13.922
2087.000 14.288
2088.000 15.169
2089.000 16.150
2090.000 17.025
2091.000 18.300
2092.000 19.469
2093.000 20.546
2094.000 21.879
2095.000 22.930
2096.000 23.962
2097.000 24.738
2098.000 25.109
2099.000 25.133
2100.000 24.961
2101.000 24.417
2102.000 23.335
2103.000 22.128
2104.000 20.770
2105.000 19.277
2106.000 18.122
2107.000 16.673
2108.000 15.663
2109.000 14.536
2110.000 13.629
2111.000 13.271
2112.000 12.352
2113.000 11.670
2114.000 11.130
2115.000 10.467
2116.000 10.003
2117.000 9.438
2118.000 9.015
2119.000 8.674
2120.000 8.250
2121.000 7.928
2122.000 7.574
2123.000 7.476
2124.000 7.191
2125.000 6.887
2126.000 6.654
2127.000 6.465
2128.000 6.223
2129.000 6.029
2130.000 5.854
2131.000 5.673
2132.000 5.539
2133.000 5.360
2134.000 5.210
2135.000 5.068
2136.000 5.001
2137.000 4.878
2138.000 4.759
2139.000 4.641
2140.000 4.551
2141.000 4.436
2142.000 4.336
2143.000 4.265
2144.000 4.166
2145.000 4.097
2146.000 4.001
2147.000 3.930
2148.000 3.865
2149.000 3.823
2150.000 3.749
2151.000 3.697
2152.000 3.626
2153.000 3.573
2154.000 3.516
2155.000 3.460
2156.000 3.422
2157.000 3.369
2158.000 3.312
2159.000 3.271
2160.000 3.229
2161.000 3.211
2162.000 3.164
2163.000 3.121
2164.000 3.089
2165.000 3.054
2166.000 3.018
2167.000 2.991
2168.000 2.957
2169.000 2.929
2170.000 2.900
2171.000 2.867
2172.000 2.861
2173.000 2.833
2174.000 2.813
2175.000 2.795
2176.000 2.768
2177.000 2.750
2178.000 2.727
2179.000 2.709
2180.000 2.698
2181.000 2.676
2182.000 2.662
2183.000 2.649
2184.000 2.636
2185.000 2.631
2186.000 2.616
2187.000 2.605
2188.000 2.598
2189.000 2.588
2190.000 2.579
2191.000 2.571
2192.000 2.563
2193.000 2.555
2194.000 2.549
2195.000 2.543
2196.000 2.542
2197.000 2.543
2198.000 2.544
2199.000 2.545
2200.000 2.543
2201.000 2.540
2202.000 2.546
2203.000 2.549
2204.000 2.548
2205.000 2.555
2206.000 2.560
2207.000 2.573
2208.000 2.581
2209.000 2.590
2210.000 2.599
2211.000 2.593
2212.000 2.608
2213.000 2.623
2214.000 2.649
2215.000 2.653
2216.000 2.671
2217.000 2.685
2218.000 2.710
2219.000 2.731
2220.000 2.762
2221.000 2.776
2222.000 2.795
2223.000 2.828
2224.000 2.862
2225.000 2.886
2226.000 2.923
2227.000 2.951
2228.000 2.998
2229.000 3.037
2230.000 3.077
2231.000 3.135
2232.000 3.186
2233.000 3.207
2234.000 3.270
2235.000 3.329
2236.000 3.394
2237.000 3.462
2238.000 3.517
2239.000 3.606
2240.000 3.697
2241.000 3.777
2242.000 3.886
2243.000 3.971
2244.000 4.110
2245.000 4.228
2246.000 4.258
2247.000 4.429
2248.000 4.575
2249.000 4.709
2250.000 4.918
2251.000 5.071
2252.000 5.323
2253.000 5.553
2254.000 5.753
2255.000 6.078
2256.000 6.380
2257.000 6.724
2258.000 6.923
2259.000 7.307
2260.000 7.743
2261.000 8.258
2262.000 8.704
2263.000 9.387
2264.000 10.024
2265.000 10.598
2266.000 11.383
2267.000 11.980
2268.000 12.630
2269.000 12.905
2270.000 13.268
2271.000 13.438
2272.000 13.333
2273.000 12.960
2274.000 12.257
2275.000 11.503
2276.000 10.608
2277.000 9.707
2278.000 9.055
2279.000 8.207
2280.000 7.649
2281.000 7.044
2282.000 6.768
2283.000 6.346
2284.000 5.881
2285.000 5.534
2286.000 5.243
2287.000 4.895
2288.000 4.675
2289.000 4.371
2290.000 4.167
2291.000 4.002
2292.000 3.792
2293.000 3.646
2294.000 3.566
2295.000 3.395
2296.000 3.272
2297.000 3.120
2298.000 3.012
2299.000 2.919
2300.000 2.800
2301.000 2.706
2302.000 2.609
2303.000 2.533
2304.000 2.467
2305.000 2.379
2306.000 2.320
2307.000 2.292
2308.000 2.214
2309.000 2.161
2310.000 2.097
2311.000 2.049
2312.000 2.005
2313.000 1.943
2314.000 1.902
2315.000 1.855
2316.000 1.814
2317.000 1.779
2318.000 1.758
2319.000 1.718
2320.000 1.687
2321.000 1.651
2322.000 1.620
2323.000 1.596
2324.000 1.562
2325.000 1.538
2326.000 1.510
2327.000 1.483
2328.000 1.462
2329.000 1.432
2330.000 1.415
2331.000 1.404
2332.000 1.373
2333.000 1.361
2334.000 1.338
2335.000 1.321
2336.000 1.311
2337.000 1.282
2338.000 1.271
2339.000 1.254
2340.000 1.234
2341.000 1.221
2342.000 1.202
2343.000 1.194
2344.000 1.181
2345.000 1.172
2346.000 1.156
2347.000 1.144
2348.000 1.131
2349.000 1.128
2350.000 1.112
2351.000 1.099
2352.000 1.087
2353.000 1.077
2354.000 1.069
2355.000 1.059
2356.000 1.054
2357.000 1.043
2358.000 1.031
2359.000 1.021
2360.000 1.013
2361.000 1.004
2362.000 0.998
2363.000 0.990
2364.000 0.982
2365.000 0.978
2366.000 0.965
2367.000 0.966
2368.000 0.958
2369.000 0.950
2370.000 0.945
2371.000 0.941
2372.000 0.930
2373.000 0.927
2374.000 0.920
2375.000 0.910
2376.000 0.904
2377.000 0.898
2378.000 0.900
2379.000 0.894
2380.000 0.884
2381.000 0.882
2382.000 0.874
2383.000 0.868
2384.000 0.869
2385.000 0.865
2386.000 0.861
2387.000 0.849
2388.000 0.846
2389.000 0.843
2390.000 0.841
2391.000 0.840
2392.000 0.838
2393.000 0.834
2394.000 0.834
2395.000 0.826
2396.000 0.821
2397.000 0.821
2398.000 0.816
2399.000 0.817
2400.000 0.812
2401.000 0.805
2402.000 0.801
2403.000 0.797
2404.000 0.793
2405.000 0.794
2406.000 0.789
2407.000 0.787
2408.000 0.785
2409.000 0.786
2410.000 0.782
2411.000 0.778
2412.000 0.776
2413.000 0.778
2414.000 0.773
2415.000 0.768
2416.000 0.763
2417.000 0.766
2418.000 0.764
2419.000 0.761
2420.000 0.758
2421.000 0.756
2422.000 0.751
2423.000 0.751
2424.000 0.750
2425.000 0.754
2426.000 0.748
2427.000 0.748
2428.000 0.746
2429.000 0.743
2430.000 0.740
2431.000 0.739
2432.000 0.738
2433.000 0.735
2434.000 0.733
2435.000 0.731
2436.000 0.732
2437.000 0.730
2438.000 0.731
2439.000 0.727
2440.000 0.729
2441.000 0.724
2442.000 0.726
2443.000 0.725
2444.000 0.722
2445.000 0.721
2446.000 0.719
2447.000 0.720
2448.000 0.718
2449.000 0.716
2450.000 0.715
2451.000 0.712
2452.000 0.711
2453.000 0.713
2454.000 0.711
2455.000 0.713
2456.000 0.708
2457.000 0.707
2458.000 0.710
2459.000 0.708
2460.000 0.707
2461.000 0.705
2462.000 0.701
2463.000 0.704
2464.000 0.708
2465.000 0.702
2466.000 0.701
2467.000 0.697
2468.000 0.697
2469.000 0.700
2470.000 0.693
2471.000 0.698
2472.000 0.703
2473.000 0.700
2474.000 0.695
2475.000 0.699
2476.000 0.694
2477.000 0.698
2478.000 0.693
2479.000 0.698
2480.000 0.692
2481.000 0.689
2482.000 0.692
2483.000 0.691
2484.000 0.691
2485.000 0.691
2486.000 0.692
2487.000 0.691
2488.000 0.688
2489.000 0.690
2490.000 0.684
2491.000 0.685
2492.000 0.687
2493.000 0.686
2494.000 0.687
2495.000 0.683
2496.000 0.686
2497.000 0.684
2498.000 0.684
2499.000 0.685
2500.000 0.687
2501.000 0.680
2502.000 0.685
2503.000 0.686
2504.000 0.680
2505.000 0.684
2506.000 0.683
2507.000 0.683
2508.000 0.682
2509.000 0.679
2510.000 0.682
2511.000 0.683
2512.000 0.680
2513.000 0.681
2514.000 0.681
2515.000 0.684
2516.000 0.683
2517.000 0.682
2518.000 0.679
2519.000 0.678
2520.000 0.682
2521.000 0.679
2522.000 0.679
2523.000 0.679
2524.000 0.681
2525.000 0.678
2526.000 0.680
2527.000 0.683
2528.000 0.682
2529.000 0.682
2530.000 0.681
2531.000 0.684
2532.000 0.681
2533.000 0.679
2534.000 0.681
2535.000 0.681
2536.000 0.680
2537.000 0.678
2538.000 0.682
2539.000 0.680
2540.000 0.681
2541.000 0.677
2542.000 0.676
2543.000 0.683
2544.000 0.678
2545.000 0.682
2546.000 0.684
2547.000 0.682
2548.000 0.682
2549.000 0.679
2550.000 0.681
2551.000 0.684
2552.000 0.680
2553.000 0.680
2554.000 0.680
2555.000 0.675
2556.000 0.676
2557.000 0.676
2558.000 0.682
2559.000 0.684
2560.000 0.680
2561.000 0.685
2562.000 0.685
2563.000 0.684
2564.000 0.682
2565.000 0.684
2566.000 0.686
2567.000 0.684
2568.000 0.682
2569.000 0.686
2570.000 0.686
2571.000 0.687
2572.000 0.684
2573.000 0.686
2574.000 0.689
2575.000 0.688
2576.000 0.685
2577.000 0.688
2578.000 0.690
2579.000 0.688
2580.000 0.687
2581.000 0.684
2582.000 0.686
2583.000 0.688
2584.000 0.687
2585.000 0.690
2586.000 0.689
2587.000 0.690
2588.000 0.693
2589.000 0.690
2590.000 0.694
2591.000 0.692
2592.000 0.692
2593.000 0.689
2594.000 0.689
2595.000 0.694
2596.000 0.693
2597.000 0.691
2598.000 0.695
2599.000 0.694
2600.000 0.696
