1801.000 2.023
1802.000 2.080
1803.000 2.096
1804.000 2.107
1805.000 2.122
1806.000 2.127
1807.000 2.142
1808.000 2.158
1809.000 2.167
1810.000 2.181
1811.000 2.185
1812.000 2.211
1813.000 2.211
1814.000 2.224
1815.000 2.236
1816.000 2.246
1817.000 2.256
1818.000 2.268
1819.000 2.274
1820.000 2.290
1821.000 2.297
1822.000 2.303
1823.000 2.311
1824.000 2.322
1825.000 2.332
1826.000 2.340
1827.000 2.353
1828.000 2.364
1829.000 2.375
1830.000 2.381
1831.000 2.396
1832.000 2.402
1833.000 2.408
1834.000 2.423
1835.000 2.430
1836.000 2.438
1837.000 2.447
1838.000 2.454
1839.000 2.463
1840.000 2.480
1841.000 2.487
1842.000 2.500
1843.000 2.508
1844.000 2.519
1845.000 2.530
1846.000 2.531
1847.000 2.541
1848.000 2.547
1849.000 2.554
1850.000 2.560
1851.000 2.570
1852.000 2.583
1853.000 2.591
1854.000 2.598
1855.000 2.612
1856.000 2.619
1857.000 2.630
1858.000 2.646
1859.000 2.655
1860.000 2.656
1861.000 2.665
1862.000 2.674
1863.000 2.690
1864.000 2.694
1865.000 2.698
1866.000 2.699
1867.000 2.705
1868.000 2.714
1869.000 2.719
1870.000 2.725
1871.000 2.739
1872.000 2.745
1873.000 2.755
1874.000 2.764
1875.000 2.768
1876.000 2.785
1877.000 2.792
1878.000 2.803
1879.000 2.808
1880.000 2.814
1881.000 2.822
1882.000 2.824
1883.000 2.832
1884.000 2.838
1885.000 2.844
1886.000 2.840
1887.000 2.851
1888.000 2.861
1889.000 2.866
1890.000 2.872
1891.000 2.879
1892.000 2.886
1893.000 2.896
1894.000 2.908
1895.000 2.916
1896.000 2.910
1897.000 2.916
1898.000 2.925
1899.000 2.943
1900.000 2.926
1901.000 2.946
1902.000 2.949
1903.000 2.961
1904.000 2.966
1905.000 2.974
1906.000 2.985
1907.000 2.988
1908.000 2.988
1909.000 2.999
1910.000 2.999
1911.000 3.003
1912.000 3.001
1913.000 3.016
1914.000 3.016
1915.000 3.024
1916.000 3.031
1917.000 3.031
1918.000 3.040
1919.000 3.043
1920.000 3.052
1921.000 3.056
1922.000 3.060
1923.000 3.062
1924.000 3.067
1925.000 3.065
1926.000 3.075
1927.000 3.089
1928.000 3.088
1929.000 3.102
1930.000 3.110
1931.000 3.125
1932.000 3.123
1933.000 3.130
1934.000 3.131
1935.000 3.142
1936.000 3.154
1937.000 3.153
1938.000 3.162
1939.000 3.166
1940.000 3.171
1941.000 3.173
1942.000 3.180
1943.000 3.195
1944.000 3.192
1945.000 3.197
1946.000 3.200
1947.000 3.212
1948.000 3.212
1949.000 3.222
1950.000 3.235
1951.000 3.234
1952.000 3.239
1953.000 3.256
1954.000 3.260
1955.000 3.274
1956.000 3.279
1957.000 3.283
1958.000 3.293
1959.000 3.288
1960.000 3.306
1961.000 3.312
1962.000 3.331
1963.000 3.322
1964.000 3.341
1965.000 3.346
1966.000 3.348
1967.000 3.354
1968.000 3.361
1969.000 3.367
1970.000 3.377
1971.000 3.379
1972.000 3.397
1973.000 3.408
1974.000 3.410
1975.000 3.423
1976.000 3.435
1977.000 3.424
1978.000 3.456
1979.000 3.463
1980.000 3.463
1981.000 3.494
1982.000 3.476
1983.000 3.494
1984.000 3.518
1985.000 3.534
1986.000 3.555
1987.000 3.556
1988.000 3.564
1989.000 3.585
1990.000 3.609
1991.000 3.606
1992.000 3.633
1993.000 3.631
1994.000 3.656
1995.000 3.670
1996.000 3.674
1997.000 3.699
1998.000 3.713
1999.000 3.730
2000.000 3.736
2001.000 3.761
2002.000 3.779
2003.000 3.806
2004.000 3.839
2005.000 3.851
2006.000 3.854
2007.000 3.883
2008.000 3.901
2009.000 3.931
2010.000 3.950
2011.000 3.980
2012.000 3.992
2013.000 4.024
2014.000 4.058
2015.000 4.068
2016.000 4.098
2017.000 4.130
2018.000 4.129
2019.000 4.162
2020.000 4.177
2021.000 4.209
2022.000 4.275
2023.000 4.272
2024.000 4.324
2025.000 4.352
2026.000 4.385
2027.000 4.415
2028.000 4.452
2029.000 4.508
2030.000 4.539
2031.000 4.549
2032.000 4.589
2033.000 4.637
2034.000 4.670
2035.000 4.705
2036.000 4.756
2037.000 4.864
2038.000 4.877
2039.000 4.926
2040.000 4.996
2041.000 5.059
2042.000 5.085
2043.000 5.141
2044.000 5.186
2045.000 5.258
2046.000 5.337
2047.000 5.412
2048.000 5.493
2049.000 5.567
2050.000 5.643
2051.000 5.739
2052.000 5.813
2053.000 5.914
2054.000 5.961
2055.000 6.039
2056.000 6.152
2057.000 6.286
2058.000 6.369
2059.000 6.505
2060.000 6.621
2061.000 6.757
2062.000 6.903
2063.000 7.042
2064.000 7.214
2065.000 7.375
2066.000 7.557
2067.000 7.645
2068.000 7.799
2069.000 8.090
2070.000 8.280
2071.000 8.479
2072.000 8.755
2073.000 9.026
2074.000 9.306
2075.000 9.631
2076.000 9.914
2077.000 10.356
2078.000 10.753
2079.000 10.912
2080.000 11.451
2081.000 11.944
2082.000 12.408
2083.000 13.082
2084.000 13.679
2085.000 14.491
2086.000 15.235
2087.000 15.948
2088.000 16.998
2089.000 17.884
2090.000 18.294
2091.000 19.497
2092.000 20.521
2093.000 21.536
2094.000 22.562
2095.000 23.292
2096.000 23.889
2097.000 24.170
2098.000 24.023
2099.000 23.467
2100.000 22.665
2101.000 21.381
2102.000 19.996
2103.000 19.455
2104.000 17.910
2105.000 16.605
2106.000 15.425
2107.000 14.165
2108.000 13.318
2109.000 12.205
2110.000 11.385
2111.000 10.706
2112.000 9.981
2113.000 9.467
2114.000 8.800
2115.000 8.545
2116.000 8.140
2117.000 7.589
2118.000 7.196
2119.000 6.870
2120.000 6.465
2121.000 6.214
2122.000 5.842
2123.000 5.576
2124.000 5.349
2125.000 5.075
2126.000 4.893
2127.000 4.647
2128.000 4.541
2129.000 4.394
2130.000 4.184
2131.000 4.013
2132.000 3.884
2133.000 3.707
2134.000 3.589
2135.000 3.423
2136.000 3.290
2137.000 3.193
2138.000 3.052
2139.000 2.994
2140.000 2.910
2141.000 2.789
2142.000 2.696
2143.000 2.586
2144.000 2.507
2145.000 2.437
2146.000 2.332
2147.000 2.261
2148.000 2.181
2149.000 2.111
2150.000 2.043
2151.000 2.002
2152.000 1.933
2153.000 1.871
2154.000 1.809
2155.000 1.748
2156.000 1.690
2157.000 1.629
2158.000 1.587
2159.000 1.530
2160.000 1.471
2161.000 1.428
2162.000 1.379
2163.000 1.336
2164.000 1.309
2165.000 1.261
2166.000 1.235
2167.000 1.177
2168.000 1.131
2169.000 1.100
2170.000 1.055
2171.000 1.024
2172.000 0.980
2173.000 0.939
2174.000 0.913
2175.000 0.879
2176.000 0.858
2177.000 0.834
2178.000 0.799
2179.000 0.761
2180.000 0.731
2181.000 0.698
2182.000 0.675
2183.000 0.639
2184.000 0.615
2185.000 0.584
2186.000 0.556
2187.000 0.541
2188.000 0.512
2189.000 0.490
2190.000 0.482
2191.000 0.450
2192.000 0.426
2193.000 0.403
2194.000 0.388
2195.000 0.372
2196.000 0.351
2197.000 0.338
2198.000 0.321
2199.000 0.308
2200.000 0.332
2201.000 0.298
2202.000 0.289
2203.000 0.283
2204.000 0.282
2205.000 0.278
2206.000 0.282
2207.000 0.289
2208.000 0.300
2209.000 0.312
2210.000 0.319
2211.000 0.337
2212.000 0.356
2213.000 0.366
2214.000 0.379
2215.000 0.407
2216.000 0.414
2217.000 0.445
2218.000 0.471
2219.000 0.493
2220.000 0.518
2221.000 0.545
2222.000 0.579
2223.000 0.600
2224.000 0.627
2225.000 0.649
2226.000 0.677
2227.000 0.717
2228.000 0.752
2229.000 0.787
2230.000 0.819
2231.000 0.859
2232.000 0.898
2233.000 0.947
2234.000 0.990
2235.000 1.041
2236.000 1.063
2237.000 1.112
2238.000 1.162
2239.000 1.219
2240.000 1.263
2241.000 1.342
2242.000 1.402
2243.000 1.453
2244.000 1.540
2245.000 1.611
2246.000 1.708
2247.000 1.793
2248.000 1.873
2249.000 1.947
2250.000 2.052
2251.000 2.158
2252.000 2.295
2253.000 2.421
2254.000 2.596
2255.000 2.759
2256.000 2.905
2257.000 3.156
2258.000 3.368
2259.000 3.597
2260.000 3.888
2261.000 4.032
2262.000 4.303
2263.000 4.684
2264.000 4.990
2265.000 5.391
2266.000 5.781
2267.000 6.101
2268.000 6.439
2269.000 6.657
2270.000 6.786
2271.000 6.772
2272.000 6.652
2273.000 6.339
2274.000 6.152
2275.000 5.801
2276.000 5.316
2277.000 4.942
2278.000 4.569
2279.000 4.228
2280.000 3.984
2281.000 3.675
2282.000 3.478
2283.000 3.218
2284.000 3.032
2285.000 2.980
2286.000 2.784
2287.000 2.646
2288.000 2.531
2289.000 2.403
2290.000 2.305
2291.000 2.180
2292.000 2.098
2293.000 2.023
2294.000 1.930
2295.000 1.858
2296.000 1.781
2297.000 1.751
2298.000 1.704
2299.000 1.633
2300.000 1.577
2301.000 1.538
2302.000 1.481
2303.000 1.440
2304.000 1.388
2305.000 1.353
2306.000 1.314
2307.000 1.274
2308.000 1.241
2309.000 1.195
2310.000 1.187
2311.000 1.156
2312.000 1.116
2313.000 1.090
2314.000 1.075
2315.000 1.034
2316.000 1.011
2317.000 0.987
2318.000 0.968
2319.000 0.947
2320.000 0.936
2321.000 0.903
2322.000 0.888
2323.000 0.866
2324.000 0.847
2325.000 0.836
2326.000 0.814
2327.000 0.802
2328.000 0.785
2329.000 0.766
2330.000 0.755
2331.000 0.736
2332.000 0.728
2333.000 0.712
2334.000 0.705
2335.000 0.692
2336.000 0.675
2337.000 0.664
2338.000 0.650
2339.000 0.635
2340.000 0.628
2341.000 0.619
2342.000 0.606
2343.000 0.600
2344.000 0.583
2345.000 0.571
2346.000 0.573
2347.000 0.556
2348.000 0.551
2349.000 0.541
2350.000 0.534
2351.000 0.528
2352.000 0.516
2353.000 0.510
2354.000 0.499
2355.000 0.491
2356.000 0.480
2357.000 0.475
2358.000 0.469
2359.000 0.464
2360.000 0.454
2361.000 0.443
2362.000 0.441
2363.000 0.434
2364.000 0.428
2365.000 0.419
2366.000 0.416
2367.000 0.407
2368.000 0.399
2369.000 0.396
2370.000 0.387
2371.000 0.384
2372.000 0.376
2373.000 0.377
2374.000 0.366
2375.000 0.368
2376.000 0.362
2377.000 0.361
2378.000 0.354
2379.000 0.347
2380.000 0.519
2381.000 0.338
2382.000 0.340
2383.000 0.351
2384.000 0.326
2385.000 0.325
2386.000 0.321
2387.000 0.315
2388.000 0.311
2389.000 0.306
2390.000 0.305
2391.000 0.300
2392.000 0.296
2393.000 0.288
2394.000 0.290
2395.000 0.287
2396.000 0.279
2397.000 0.279
2398.000 0.275
2399.000 0.269
2400.000 0.268
2401.000 0.269
2402.000 0.262
2403.000 0.263
2404.000 0.255
2405.000 0.255
2406.000 0.256
2407.000 0.248
2408.000 0.249
2409.000 0.246
2410.000 0.242
2411.000 0.242
2412.000 0.239
2413.000 0.233
2414.000 0.237
2415.000 0.230
2416.000 0.227
2417.000 0.227
2418.000 0.225
2419.000 0.225
2420.000 0.222
2421.000 0.217
2422.000 0.222
2423.000 0.214
2424.000 0.215
2425.000 0.211
2426.000 0.212
2427.000 0.209
2428.000 0.204
2429.000 0.202
2430.000 0.201
2431.000 0.202
2432.000 0.202
2433.000 0.199
2434.000 0.198
2435.000 0.198
2436.000 0.197
2437.000 0.197
2438.000 0.194
2439.000 0.192
2440.000 0.187
2441.000 0.188
2442.000 0.189
2443.000 0.187
2444.000 0.186
2445.000 0.187
2446.000 0.184
2447.000 0.186
2448.000 0.182
2449.000 0.180
2450.000 0.179
2451.000 0.180
2452.000 0.182
2453.000 0.178
2454.000 0.176
2455.000 0.179
2456.000 0.176
2457.000 0.180
2458.000 0.178
2459.000 0.180
2460.000 0.177
2461.000 0.173
2462.000 0.172
2463.000 0.170
2464.000 0.169
2465.000 0.169
2466.000 0.170
2467.000 0.170
2468.000 0.167
2469.000 0.169
2470.000 0.169
2471.000 0.171
2472.000 0.166
2473.000 0.165
2474.000 0.169
2475.000 0.167
2476.000 0.163
2477.000 0.164
2478.000 0.163
2479.000 0.165
2480.000 0.162
2481.000 0.161
2482.000 0.162
2483.000 0.165
2484.000 0.163
2485.000 0.162
2486.000 0.162
2487.000 0.166
2488.000 0.166
2489.000 0.164
2490.000 0.165
2491.000 0.167
2492.000 0.166
2493.000 0.159
2494.000 0.162
2495.000 0.162
2496.000 0.164
2497.000 0.166
2498.000 0.167
2499.000 0.164
2500.000 0.162
2501.000 0.163
2502.000 0.162
2503.000 0.162
2504.000 0.165
2505.000 0.165
2506.000 0.165
2507.000 0.161
2508.000 0.164
2509.000 0.163
2510.000 0.159
2511.000 0.159
2512.000 0.162
2513.000 0.161
2514.000 0.161
2515.000 0.159
2516.000 0.161
2517.000 0.161
2518.000 0.161
2519.000 0.163
2520.000 0.161
2521.000 0.165
2522.000 0.160
2523.000 0.159
2524.000 0.161
2525.000 0.160
2526.000 0.161
2527.000 0.163
2528.000 0.164
2529.000 0.161
2530.000 0.160
2531.000 0.162
2532.000 0.164
2533.000 0.164
2534.000 0.159
2535.000 0.159
2536.000 0.162
2537.000 0.164
2538.000 0.159
2539.000 0.160
2540.000 0.162
2541.000 0.159
2542.000 0.158
2543.000 0.162
2544.000 0.165
2545.000 0.165
2546.000 0.163
2547.000 0.162
2548.000 0.165
2549.000 0.162
2550.000 0.163
2551.000 0.164
2552.000 0.165
2553.000 0.166
2554.000 0.164
2555.000 0.165
2556.000 0.164
2557.000 0.163
2558.000 0.165
2559.000 0.164
2560.000 0.167
2561.000 0.166
2562.000 0.166
2563.000 0.164
2564.000 0.164
2565.000 0.164
2566.000 0.163
2567.000 0.162
2568.000 0.162
2569.000 0.160
2570.000 0.161
2571.000 0.161
2572.000 0.163
2573.000 0.158
2574.000 0.162
2575.000 0.163
2576.000 0.166
2577.000 0.164
2578.000 0.166
2579.000 0.164
2580.000 0.161
2581.000 0.160
2582.000 0.160
2583.000 0.160
2584.000 0.163
2585.000 0.161
2586.000 0.163
2587.000 0.161
2588.000 0.158
2589.000 0.163
2590.000 0.166
2591.000 0.163
2592.000 0.165
2593.000 0.169
2594.000 0.163
2595.000 0.163
2596.000 0.165
2597.000 0.162
2598.000 0.160
2599.000 0.161
2600.000 0.159
