1801.000 1.241
1802.000 1.822
1803.000 1.838
1804.000 1.854
1805.000 1.855
1806.000 1.864
1807.000 1.876
1808.000 1.884
1809.000 1.892
1810.000 1.898
1811.000 1.910
1812.000 1.916
1813.000 1.932
1814.000 1.937
1815.000 1.947
1816.000 1.968
1817.000 1.965
1818.000 1.969
1819.000 1.985
1820.000 1.978
1821.000 1.992
1822.000 2.001
1823.000 2.011
1824.000 2.020
1825.000 2.026
1826.000 2.037
1827.000 2.041
1828.000 2.050
1829.000 2.064
1830.000 2.066
1831.000 2.082
1832.000 2.087
1833.000 2.090
1834.000 2.103
1835.000 2.111
1836.000 2.121
1837.000 2.125
1838.000 2.134
1839.000 2.140
1840.000 2.152
1841.000 2.157
1842.000 2.169
1843.000 2.180
1844.000 2.183
1845.000 2.193
1846.000 2.200
1847.000 2.211
1848.000 2.217
1849.000 2.218
1850.000 2.231
1851.000 2.240
1852.000 2.244
1853.000 2.253
1854.000 2.263
1855.000 2.269
1856.000 2.279
1857.000 2.282
1858.000 2.287
1859.000 2.299
1860.000 2.305
1861.000 2.314
1862.000 2.321
1863.000 2.330
1864.000 2.337
1865.000 2.341
1866.000 2.352
1867.000 2.361
1868.000 2.369
1869.000 2.363
1870.000 2.376
1871.000 2.374
1872.000 2.382
1873.000 2.387
1874.000 2.395
1875.000 2.405
1876.000 2.408
1877.000 2.428
1878.000 2.430
1879.000 2.428
1880.000 2.441
1881.000 2.443
1882.000 2.450
1883.000 2.456
1884.000 2.462
1885.000 2.465
1886.000 2.466
1887.000 2.473
1888.000 2.477
1889.000 2.487
1890.000 2.490
1891.000 2.503
1892.000 2.510
1893.000 2.514
1894.000 2.517
1895.000 2.522
1896.000 2.529
1897.000 2.534
1898.000 2.540
1899.000 2.550
1900.000 2.549
1901.000 2.557
1902.000 2.560
1903.000 2.563
1904.000 2.572
1905.000 2.581
1906.000 2.575
1907.000 2.586
1908.000 2.594
1909.000 2.594
1910.000 2.602
1911.000 2.612
1912.000 2.608
1913.000 2.612
1914.000 2.616
1915.000 2.634
1916.000 2.633
1917.000 2.627
1918.000 2.635
1919.000 2.650
1920.000 2.654
1921.000 2.653
1922.000 2.662
1923.000 2.663
1924.000 2.671
1925.000 2.676
1926.000 2.687
1927.000 2.694
1928.000 2.692
1929.000 2.699
1930.000 2.699
1931.000 2.706
1932.000 2.714
1933.000 2.720
1934.000 2.718
1935.000 2.729
1936.000 2.737
1937.000 2.745
1938.000 2.750
1939.000 2.754
1940.000 2.755
1941.000 2.765
1942.000 2.769
1943.000 2.773
1944.000 2.772
1945.000 2.783
1946.000 2.789
1947.000 2.795
1948.000 2.804
1949.000 2.802
1950.000 2.808
1951.000 2.823
1952.000 2.828
1953.000 2.839
1954.000 2.850
1955.000 2.844
1956.000 2.862
1957.000 2.869
1958.000 2.873
1959.000 2.878
1960.000 2.891
1961.000 2.883
1962.000 2.906
1963.000 2.905
1964.000 2.912
1965.000 2.925
1966.000 2.924
1967.000 2.931
1968.000 2.936
1969.000 2.937
1970.000 2.953
1971.000 2.966
1972.000 2.978
1973.000 2.993
1974.000 2.989
1975.000 2.996
1976.000 3.013
1977.000 3.015
1978.000 3.031
1979.000 3.024
1980.000 3.053
1981.000 3.061
1982.000 3.066
1983.000 3.071
1984.000 3.093
1985.000 3.113
1986.000 3.150
1987.000 3.118
1988.000 3.128
1989.000 3.169
1990.000 3.183
1991.000 3.178
1992.000 3.197
1993.000 3.195
1994.000 3.225
1995.000 3.229
1996.000 3.231
1997.000 3.265
1998.000 3.280
1999.000 3.293
2000.000 3.303
2001.000 3.324
2002.000 3.343
2003.000 3.363
2004.000 3.373
2005.000 3.398
2006.000 3.397
2007.000 3.430
2008.000 3.455
2009.000 3.471
2010.000 3.508
2011.000 3.519
2012.000 3.543
2013.000 3.570
2014.000 3.596
2015.000 3.606
2016.000 3.634
2017.000 3.656
2018.000 3.683
2019.000 3.700
2020.000 3.734
2021.000 3.767
2022.000 3.804
2023.000 3.817
2024.000 3.861
2025.000 3.887
2026.000 3.925
2027.000 3.928
2028.000 3.978
2029.000 4.022
2030.000 4.059
2031.000 4.090
2032.000 4.121
2033.000 4.170
2034.000 4.212
2035.000 4.254
2036.000 4.313
2037.000 4.361
2038.000 4.411
2039.000 4.464
2040.000 4.473
2041.000 4.548
2042.000 4.597
2043.000 4.640
2044.000 4.697
2045.000 4.776
2046.000 4.844
2047.000 4.924
2048.000 5.005
2049.000 5.072
2050.000 5.145
2051.000 5.230
2052.000 5.276
2053.000 5.341
2054.000 5.444
2055.000 5.542
2056.000 5.625
2057.000 5.742
2058.000 5.847
2059.000 5.966
2060.000 6.082
2061.000 6.198
2062.000 6.353
2063.000 6.434
2064.000 6.568
2065.000 6.735
2066.000 6.909
2067.000 7.058
2068.000 7.271
2069.000 7.426
2070.000 7.698
2071.000 7.921
2072.000 8.115
2073.000 8.425
2074.000 8.666
2075.000 9.013
2076.000 9.164
2077.000 9.493
2078.000 9.879
2079.000 10.289
2080.000 10.641
2081.000 11.186
2082.000 11.683
2083.000 12.272
2084.000 12.896
2085.000 13.445
2086.000 14.315
2087.000 15.097
2088.000 15.385
2089.000 16.439
2090.000 17.409
2091.000 18.294
2092.000 19.520
2093.000 20.535
2094.000 21.621
2095.000 22.633
2096.000 23.335
2097.000 23.943
2098.000 24.166
2099.000 23.974
2100.000 23.378
2101.000 22.971
2102.000 21.975
2103.000 20.587
2104.000 19.396
2105.000 17.878
2106.000 16.617
2107.000 15.513
2108.000 14.323
2109.000 13.527
2110.000 12.477
2111.000 11.719
2112.000 10.984
2113.000 10.579
2114.000 10.015
2115.000 9.426
2116.000 8.849
2117.000 8.520
2118.000 8.016
2119.000 7.622
2120.000 7.270
2121.000 6.924
2122.000 6.740
2123.000 6.323
2124.000 6.211
2125.000 6.006
2126.000 5.721
2127.000 5.483
2128.000 5.311
2129.000 5.095
2130.000 4.964
2131.000 4.745
2132.000 4.575
2133.000 4.443
2134.000 4.277
2135.000 4.165
2136.000 4.013
2137.000 3.949
2138.000 3.848
2139.000 3.707
2140.000 3.603
2141.000 3.512
2142.000 3.410
2143.000 3.331
2144.000 3.232
2145.000 3.153
2146.000 3.079
2147.000 2.982
2148.000 2.908
2149.000 2.833
2150.000 2.800
2151.000 2.728
2152.000 2.659
2153.000 2.599
2154.000 2.550
2155.000 2.485
2156.000 2.429
2157.000 2.380
2158.000 2.326
2159.000 2.280
2160.000 2.228
2161.000 2.177
2162.000 2.161
2163.000 2.111
2164.000 2.066
2165.000 2.030
2166.000 1.988
2167.000 1.953
2168.000 1.917
2169.000 1.878
2170.000 1.853
2171.000 1.810
2172.000 1.782
2173.000 1.767
2174.000 1.729
2175.000 1.707
2176.000 1.669
2177.000 1.643
2178.000 1.618
2179.000 1.590
2180.000 1.563
2181.000 1.542
2182.000 1.512
2183.000 1.497
2184.000 1.470
2185.000 1.452
2186.000 1.437
2187.000 1.418
2188.000 1.393
2189.000 1.377
2190.000 1.359
2191.000 1.340
2192.000 1.315
2193.000 1.308
2194.000 1.291
2195.000 1.270
2196.000 1.252
2197.000 1.237
2198.000 1.234
2199.000 1.213
2200.000 1.196
2201.000 1.197
2202.000 1.175
2203.000 1.157
2204.000 1.147
2205.000 1.134
2206.000 1.122
2207.000 1.110
2208.000 1.096
2209.000 1.094
2210.000 1.073
2211.000 1.074
2212.000 1.066
2213.000 1.057
2214.000 1.053
2215.000 1.044
2216.000 1.011
2217.000 1.025
2218.000 1.013
2219.000 1.041
2220.000 1.015
2221.000 0.998
2222.000 0.995
2223.000 0.989
2224.000 0.986
2225.000 0.982
2226.000 0.972
2227.000 0.971
2228.000 0.965
2229.000 0.973
2230.000 0.951
2231.000 0.968
2232.000 0.917
2233.000 0.996
2234.000 0.990
2235.000 0.965
2236.000 0.968
2237.000 0.969
2238.000 0.972
2239.000 0.979
2240.000 0.981
2241.000 0.986
2242.000 0.995
2243.000 0.998
2244.000 1.005
2245.000 1.023
2246.000 1.040
2247.000 1.044
2248.000 1.063
2249.000 1.081
2250.000 1.108
2251.000 1.135
2252.000 1.145
2253.000 1.183
2254.000 1.210
2255.000 1.250
2256.000 1.289
2257.000 1.335
2258.000 1.401
2259.000 1.431
2260.000 1.495
2261.000 1.579
2262.000 1.678
2263.000 1.737
2264.000 1.847
2265.000 1.946
2266.000 2.035
2267.000 2.113
2268.000 2.142
2269.000 2.130
2270.000 2.108
2271.000 2.022
2272.000 1.874
2273.000 1.716
2274.000 1.557
2275.000 1.395
2276.000 1.279
2277.000 1.152
2278.000 1.058
2279.000 0.957
2280.000 0.891
2281.000 0.830
2282.000 0.763
2283.000 0.741
2284.000 0.701
2285.000 0.665
2286.000 0.626
2287.000 0.593
2288.000 0.570
2289.000 0.555
2290.000 0.541
2291.000 0.532
2292.000 0.507
2293.000 0.483
2294.000 0.478
2295.000 0.475
2296.000 0.468
2297.000 0.452
2298.000 0.438
2299.000 0.437
2300.000 0.434
2301.000 0.426
2302.000 0.425
2303.000 0.417
2304.000 0.409
2305.000 0.406
2306.000 0.400
2307.000 0.398
2308.000 0.395
2309.000 0.397
2310.000 0.399
2311.000 0.391
2312.000 0.383
2313.000 0.399
2314.000 0.388
2315.000 0.393
2316.000 0.384
2317.000 0.381
2318.000 0.380
2319.000 0.377
2320.000 0.376
2321.000 0.376
2322.000 0.377
2323.000 0.374
2324.000 0.375
2325.000 0.372
2326.000 0.377
2327.000 0.374
2328.000 0.371
2329.000 0.372
2330.000 0.371
2331.000 0.375
2332.000 0.376
2333.000 0.372
2334.000 0.368
2335.000 0.371
2336.000 0.374
2337.000 0.376
2338.000 0.366
2339.000 0.376
2340.000 0.372
2341.000 0.366
2342.000 0.363
2343.000 0.367
2344.000 0.366
2345.000 0.368
2346.000 0.372
2347.000 0.370
2348.000 0.369
2349.000 0.363
2350.000 0.367
2351.000 0.366
2352.000 0.368
2353.000 0.368
2354.000 0.366
2355.000 0.368
2356.000 0.368
2357.000 0.370
2358.000 0.367
2359.000 0.367
2360.000 0.363
2361.000 0.369
2362.000 0.367
2363.000 0.369
2364.000 0.368
2365.000 0.371
2366.000 0.371
2367.000 0.369
2368.000 0.367
2369.000 0.366
2370.000 0.369
2371.000 0.368
2372.000 0.365
2373.000 0.365
2374.000 0.368
2375.000 0.363
2376.000 0.371
2377.000 0.369
2378.000 0.365
2379.000 0.369
2380.000 0.370
2381.000 0.372
2382.000 0.372
2383.000 0.367
2384.000 0.370
2385.000 0.370
2386.000 0.371
2387.000 0.369
2388.000 0.374
2389.000 0.372
2390.000 0.370
2391.000 0.374
2392.000 0.371
2393.000 0.374
2394.000 0.370
2395.000 0.370
2396.000 0.372
2397.000 0.372
2398.000 0.369
2399.000 0.370
2400.000 0.373
2401.000 0.375
2402.000 0.379
2403.000 0.375
2404.000 0.375
2405.000 0.374
2406.000 0.376
2407.000 0.376
2408.000 0.377
2409.000 0.373
2410.000 0.377
2411.000 0.375
2412.000 0.375
2413.000 0.374
2414.000 0.377
2415.000 0.373
2416.000 0.379
2417.000 0.380
2418.000 0.380
2419.000 0.377
2420.000 0.379
2421.000 0.378
2422.000 0.379
2423.000 0.375
2424.000 0.374
2425.000 0.377
2426.000 0.382
2427.000 0.377
2428.000 0.381
2429.000 0.379
2430.000 0.375
2431.000 0.377
2432.000 0.382
2433.000 0.382
2434.000 0.378
2435.000 0.384
2436.000 0.382
2437.000 0.381
2438.000 0.380
2439.000 0.377
2440.000 0.381
2441.000 0.377
2442.000 0.384
2443.000 0.378
2444.000 0.381
2445.000 0.381
2446.000 0.381
2447.000 0.380
2448.000 0.380
2449.000 0.381
2450.000 0.383
2451.000 0.382
2452.000 0.382
2453.000 0.380
2454.000 0.380
2455.000 0.381
2456.000 0.385
2457.000 0.380
2458.000 0.384
2459.000 0.385
2460.000 0.382
2461.000 0.384
2462.000 0.386
2463.000 0.388
2464.000 0.384
2465.000 0.386
2466.000 0.388
2467.000 0.387
2468.000 0.383
2469.000 0.386
2470.000 0.383
2471.000 0.387
2472.000 0.386
2473.000 0.384
2474.000 0.385
2475.000 0.388
2476.000 0.386
2477.000 0.386
2478.000 0.386
2479.000 0.388
2480.000 0.386
2481.000 0.389
2482.000 0.385
2483.000 0.386
2484.000 0.390
2485.000 0.385
2486.000 0.386
2487.000 0.387
2488.000 0.384
2489.000 0.388
2490.000 0.384
2491.000 0.387
2492.000 0.386
2493.000 0.386
2494.000 0.383
2495.000 0.384
2496.000 0.387
2497.000 0.390
2498.000 0.389
2499.000 0.388
2500.000 0.390
2501.000 0.390
2502.000 0.385
2503.000 0.392
2504.000 0.387
2505.000 0.391
2506.000 0.390
2507.000 0.392
2508.000 0.392
2509.000 0.387
2510.000 0.390
2511.000 0.388
2512.000 0.390
2513.000 0.390
2514.000 0.388
2515.000 0.391
2516.000 0.388
2517.000 0.382
2518.000 0.384
2519.000 0.391
2520.000 0.388
2521.000 0.389
2522.000 0.391
2523.000 0.392
2524.000 0.390
2525.000 0.387
2526.000 0.391
2527.000 0.391
2528.000 0.391
2529.000 0.385
2530.000 0.387
2531.000 0.390
2532.000 0.388
2533.000 0.390
2534.000 0.390
2535.000 0.389
2536.000 0.386
2537.000 0.390
2538.000 0.391
2539.000 0.387
2540.000 0.393
2541.000 0.387
2542.000 0.392
2543.000 0.388
2544.000 0.393
2545.000 0.390
2546.000 0.392
2547.000 0.389
2548.000 0.390
2549.000 0.391
2550.000 0.386
2551.000 0.387
2552.000 0.392
2553.000 0.390
2554.000 0.387
2555.000 0.392
2556.000 0.386
2557.000 0.389
2558.000 0.389
2559.000 0.390
2560.000 0.388
2561.000 0.387
2562.000 0.391
2563.000 0.388
2564.000 0.390
2565.000 0.388
2566.000 0.390
2567.000 0.392
2568.000 0.388
2569.000 0.393
2570.000 0.391
2571.000 0.389
2572.000 0.389
2573.000 0.388
2574.000 0.389
2575.000 0.385
2576.000 0.389
2577.000 0.387
2578.000 0.388
2579.000 0.384
2580.000 0.388
2581.000 0.385
2582.000 0.384
2583.000 0.388
2584.000 0.390
2585.000 0.383
2586.000 0.386
2587.000 0.388
2588.000 0.385
2589.000 0.383
2590.000 0.386
2591.000 0.391
2592.000 0.383
2593.000 0.385
2594.000 0.386
2595.000 0.389
2596.000 0.387
2597.000 0.388
2598.000 0.387
2599.000 0.390
2600.000 0.386
