1801.000 2.234
1802.000 2.252
1803.000 2.263
1804.000 2.261
1805.000 2.282
1806.000 2.292
1807.000 2.300
1808.000 2.317
1809.000 2.326
1810.000 2.342
1811.000 2.353
1812.000 2.367
1813.000 2.378
1814.000 2.390
1815.000 2.406
1816.000 2.418
1817.000 2.432
1818.000 2.437
1819.000 2.450
1820.000 2.458
1821.000 2.469
1822.000 2.475
1823.000 2.487
1824.000 2.492
1825.000 2.506
1826.000 2.516
1827.000 2.521
1828.000 2.529
1829.000 2.547
1830.000 2.556
1831.000 2.570
1832.000 2.576
1833.000 2.597
1834.000 2.600
1835.000 2.607
1836.000 2.616
1837.000 2.630
1838.000 2.639
1839.000 2.649
1840.000 2.655
1841.000 2.669
1842.000 2.672
1843.000 2.690
1844.000 2.691
1845.000 2.708
1846.000 2.721
1847.000 2.734
1848.000 2.744
1849.000 2.746
1850.000 2.757
1851.000 2.760
1852.000 2.762
1853.000 2.770
1854.000 2.790
1855.000 2.805
1856.000 2.811
1857.000 2.823
1858.000 2.833
1859.000 2.835
1860.000 2.855
1861.000 2.846
1862.000 2.862
1863.000 2.875
1864.000 2.879
1865.000 2.892
1866.000 2.896
1867.000 2.905
1868.000 2.915
1869.000 2.926
1870.000 2.934
1871.000 2.941
1872.000 2.954
1873.000 2.962
1874.000 2.967
1875.000 2.976
1876.000 2.984
1877.000 2.983
1878.000 2.997
1879.000 3.006
1880.000 3.010
1881.000 3.018
1882.000 3.020
1883.000 3.038
1884.000 3.015
1885.000 3.032
1886.000 3.049
1887.000 3.060
1888.000 3.054
1889.000 3.070
1890.000 3.077
1891.000 3.091
1892.000 3.101
1893.000 3.105
1894.000 3.115
1895.000 3.117
1896.000 3.123
1897.000 3.131
1898.000 3.141
1899.000 3.145
1900.000 3.154
1901.000 3.155
1902.000 3.162
1903.000 3.171
1904.000 3.181
1905.000 3.184
1906.000 3.182
1907.000 3.187
1908.000 3.198
1909.000 3.199
1910.000 3.205
1911.000 3.209
1912.000 3.207
1913.000 3.225
1914.000 3.218
1915.000 3.234
1916.000 3.247
1917.000 3.247
1918.000 3.243
1919.000 3.246
1920.000 3.264
1921.000 3.280
1922.000 3.263
1923.000 3.276
1924.000 3.285
1925.000 3.285
1926.000 3.299
1927.000 3.280
1928.000 3.308
1929.000 3.315
1930.000 3.325
1931.000 3.315
1932.000 3.329
1933.000 3.329
1934.000 3.346
1935.000 3.351
1936.000 3.360
1937.000 3.362
1938.000 3.374
1939.000 3.377
1940.000 3.382
1941.000 3.385
1942.000 3.394
1943.000 3.403
1944.000 3.410
1945.000 3.432
1946.000 3.423
1947.000 3.434
1948.000 3.435
1949.000 3.441
1950.000 3.441
1951.000 3.462
1952.000 3.462
1953.000 3.470
1954.000 3.481
1955.000 3.491
1956.000 3.496
1957.000 3.493
1958.000 3.505
1959.000 3.522
1960.000 3.522
1961.000 3.538
1962.000 3.532
1963.000 3.558
1964.000 3.557
1965.000 3.563
1966.000 3.566
1967.000 3.583
1968.000 3.587
1969.000 3.609
1970.000 3.609
1971.000 3.622
1972.000 3.618
1973.000 3.631
1974.000 3.642
1975.000 3.650
1976.000 3.658
1977.000 3.674
1978.000 3.662
1979.000 3.687
1980.000 3.693
1981.000 3.696
1982.000 3.717
1983.000 3.735
1984.000 3.755
1985.000 3.793
1986.000 3.782
1987.000 3.788
1988.000 3.800
1989.000 3.812
1990.000 3.802
1991.000 3.820
1992.000 3.843
1993.000 3.836
1994.000 3.904
1995.000 3.881
1996.000 3.900
1997.000 3.935
1998.000 3.928
1999.000 3.937
2000.000 3.967
2001.000 3.973
2002.000 3.991
2003.000 3.988
2004.000 4.053
2005.000 4.133
2006.000 4.131
2007.000 4.105
2008.000 4.129
2009.000 4.154
2010.000 4.147
2011.000 4.169
2012.000 4.253
2013.000 4.233
2014.000 4.247
2015.000 4.275
2016.000 4.297
2017.000 4.258
2018.000 4.410
2019.000 4.374
2020.000 4.420
2021.000 4.457
2022.000 4.476
2023.000 4.494
2024.000 4.549
2025.000 4.562
2026.000 4.590
2027.000 4.636
2028.000 4.667
2029.000 4.702
2030.000 4.730
2031.000 4.759
2032.000 4.816
2033.000 4.872
2034.000 4.913
2035.000 4.933
2036.000 4.980
2037.000 5.016
2038.000 5.112
2039.000 5.084
2040.000 5.153
2041.000 5.239
2042.000 5.301
2043.000 5.387
2044.000 5.405
2045.000 5.492
2046.000 5.593
2047.000 5.647
2048.000 5.694
2049.000 5.778
2050.000 5.883
2051.000 5.941
2052.000 6.024
2053.000 6.081
2054.000 6.188
2055.000 6.232
2056.000 6.392
2057.000 6.511
2058.000 6.633
2059.000 6.707
2060.000 6.802
2061.000 6.915
2062.000 7.149
2063.000 7.212
2064.000 7.376
2065.000 7.542
2066.000 7.675
2067.000 7.902
2068.000 8.062
2069.000 8.311
2070.000 8.535
2071.000 8.743
2072.000 9.019
2073.000 9.149
2074.000 9.397
2075.000 9.771
2076.000 9.994
2077.000 10.446
2078.000 10.803
2079.000 11.145
2080.000 11.665
2081.000 12.100
2082.000 12.665
2083.000 12.947
2084.000 13.541
2085.000 14.099
2086.000 15.261
2087.000 15.489
2088.000 16.404
2089.000 17.235
2090.000 18.064
2091.000 19.038
2092.000 19.795
2093.000 20.677
2094.000 21.411
2095.000 21.836
2096.000 22.127
2097.000 22.127
2098.000 21.948
2099.000 21.354
2100.000 20.572
2101.000 19.461
2102.000 18.310
2103.000 17.250
2104.000 15.848
2105.000 14.780
2106.000 13.628
2107.000 12.612
2108.000 11.849
2109.000 10.893
2110.000 10.271
2111.000 9.503
2112.000 9.206
2113.000 8.709
2114.000 8.076
2115.000 7.613
2116.000 7.243
2117.000 6.774
2118.000 6.446
2119.000 6.037
2120.000 5.740
2121.000 5.474
2122.000 5.129
2123.000 4.900
2124.000 4.784
2125.000 4.508
2126.000 4.297
2127.000 4.086
2128.000 3.918
2129.000 3.821
2130.000 3.529
2131.000 3.517
2132.000 3.241
2133.000 3.133
2134.000 3.057
2135.000 2.914
2136.000 2.792
2137.000 2.666
2138.000 2.533
2139.000 2.434
2140.000 2.325
2141.000 2.221
2142.000 2.138
2143.000 2.039
2144.000 1.949
2145.000 1.876
2146.000 1.828
2147.000 1.723
2148.000 1.680
2149.000 1.592
2150.000 1.534
2151.000 1.460
2152.000 1.395
2153.000 1.322
2154.000 1.247
2155.000 1.184
2156.000 1.177
2157.000 1.076
2158.000 1.058
2159.000 0.960
2160.000 0.939
2161.000 0.908
2162.000 0.840
2163.000 0.789
2164.000 0.738
2165.000 0.695
2166.000 0.656
2167.000 0.612
2168.000 0.563
2169.000 0.548
2170.000 0.514
2171.000 0.467
2172.000 0.417
2173.000 0.393
2174.000 0.370
2175.000 0.327
2176.000 0.302
2177.000 0.274
2178.000 0.250
2179.000 0.240
2180.000 0.311
2181.000 0.276
2182.000 0.220
2183.000 0.239
2184.000 0.233
2185.000 0.249
2186.000 0.268
2187.000 0.279
2188.000 0.312
2189.000 0.370
2190.000 0.346
2191.000 0.394
2192.000 0.424
2193.000 0.437
2194.000 0.488
2195.000 0.518
2196.000 0.549
2197.000 0.565
2198.000 0.596
2199.000 0.633
2200.000 0.665
2201.000 0.698
2202.000 0.735
2203.000 0.765
2204.000 0.805
2205.000 0.820
2206.000 0.877
2207.000 0.899
2208.000 0.926
2209.000 0.967
2210.000 1.004
2211.000 1.041
2212.000 1.080
2213.000 1.123
2214.000 1.169
2215.000 1.207
2216.000 1.246
2217.000 1.295
2218.000 1.344
2219.000 1.378
2220.000 1.465
2221.000 1.487
2222.000 1.505
2223.000 1.574
2224.000 1.608
2225.000 1.675
2226.000 1.734
2227.000 1.781
2228.000 1.856
2229.000 1.908
2230.000 1.941
2231.000 2.057
2232.000 2.117
2233.000 2.167
2234.000 2.283
2235.000 2.314
2236.000 2.419
2237.000 2.499
2238.000 2.610
2239.000 2.710
2240.000 2.810
2241.000 2.883
2242.000 3.048
2243.000 3.093
2244.000 3.329
2245.000 3.384
2246.000 3.585
2247.000 3.720
2248.000 3.864
2249.000 4.089
2250.000 4.287
2251.000 4.502
2252.000 4.812
2253.000 5.012
2254.000 5.393
2255.000 5.711
2256.000 6.008
2257.000 6.487
2258.000 6.706
2259.000 7.067
2260.000 7.695
2261.000 8.217
2262.000 8.836
2263.000 9.539
2264.000 10.119
2265.000 10.917
2266.000 11.273
2267.000 12.145
2268.000 12.623
2269.000 12.766
2270.000 12.878
2271.000 12.709
2272.000 12.277
2273.000 11.595
2274.000 10.816
2275.000 10.094
2276.000 9.237
2277.000 8.639
2278.000 8.298
2279.000 7.342
2280.000 7.162
2281.000 6.589
2282.000 6.188
2283.000 5.815
2284.000 5.465
2285.000 5.222
2286.000 4.881
2287.000 4.624
2288.000 4.412
2289.000 4.192
2290.000 4.050
2291.000 3.933
2292.000 3.675
2293.000 3.553
2294.000 3.459
2295.000 3.326
2296.000 3.225
2297.000 3.079
2298.000 2.997
2299.000 2.867
2300.000 2.771
2301.000 2.690
2302.000 2.597
2303.000 2.528
2304.000 2.443
2305.000 2.403
2306.000 2.352
2307.000 2.265
2308.000 2.210
2309.000 2.156
2310.000 2.079
2311.000 2.036
2312.000 1.967
2313.000 1.925
2314.000 1.881
2315.000 1.826
2316.000 1.804
2317.000 1.743
2318.000 1.721
2319.000 1.700
2320.000 1.646
2321.000 1.603
2322.000 1.583
2323.000 1.537
2324.000 1.499
2325.000 1.450
2326.000 1.444
2327.000 1.386
2328.000 1.372
2329.000 1.350
2330.000 1.345
2331.000 1.309
2332.000 1.303
2333.000 1.253
2334.000 1.230
2335.000 1.214
2336.000 1.179
2337.000 1.162
2338.000 1.160
2339.000 1.135
2340.000 1.109
2341.000 1.091
2342.000 1.072
2343.000 1.058
2344.000 1.030
2345.000 1.017
2346.000 1.003
2347.000 0.980
2348.000 0.971
2349.000 0.949
2350.000 0.931
2351.000 0.930
2352.000 0.904
2353.000 0.898
2354.000 0.885
2355.000 0.866
2356.000 0.860
2357.000 0.837
2358.000 0.825
2359.000 0.812
2360.000 0.797
2361.000 0.788
2362.000 0.769
2363.000 0.755
2364.000 0.743
2365.000 0.733
2366.000 0.722
2367.000 0.708
2368.000 0.702
2369.000 0.690
2370.000 0.681
2371.000 0.668
2372.000 0.662
2373.000 0.648
2374.000 0.640
2375.000 0.636
2376.000 0.627
2377.000 0.615
2378.000 0.608
2379.000 0.583
2380.000 0.595
2381.000 0.578
2382.000 0.571
2383.000 0.567
2384.000 0.557
2385.000 0.551
2386.000 0.539
2387.000 0.527
2388.000 0.526
2389.000 0.516
2390.000 0.511
2391.000 0.505
2392.000 0.495
2393.000 0.488
2394.000 0.481
2395.000 0.473
2396.000 0.472
2397.000 0.464
2398.000 0.456
2399.000 0.455
2400.000 0.455
2401.000 0.436
2402.000 0.432
2403.000 0.424
2404.000 0.422
2405.000 0.417
2406.000 0.408
2407.000 0.407
2408.000 0.401
2409.000 0.389
2410.000 0.385
2411.000 0.379
2412.000 0.375
2413.000 0.366
2414.000 0.367
2415.000 0.361
2416.000 0.357
2417.000 0.353
2418.000 0.342
2419.000 0.344
2420.000 0.330
2421.000 0.325
2422.000 0.325
2423.000 0.316
2424.000 0.311
2425.000 0.312
2426.000 0.308
2427.000 0.305
2428.000 0.298
2429.000 0.294
2430.000 0.287
2431.000 0.286
2432.000 0.278
2433.000 0.273
2434.000 0.267
2435.000 0.264
2436.000 0.257
2437.000 0.254
2438.000 0.249
2439.000 0.243
2440.000 0.243
2441.000 0.239
2442.000 0.239
2443.000 0.234
2444.000 0.232
2445.000 0.226
2446.000 0.222
2447.000 0.219
2448.000 0.214
2449.000 0.210
2450.000 0.202
2451.000 0.208
2452.000 0.203
2453.000 0.205
2454.000 0.197
2455.000 0.193
2456.000 0.187
2457.000 0.185
2458.000 0.180
2459.000 0.178
2460.000 0.177
2461.000 0.167
2462.000 0.165
2463.000 0.165
2464.000 0.158
2465.000 0.156
2466.000 0.156
2467.000 0.151
2468.000 0.144
2469.000 0.146
2470.000 0.140
2471.000 0.136
2472.000 0.137
2473.000 0.130
2474.000 0.129
2475.000 0.126
2476.000 0.126
2477.000 0.123
2478.000 0.116
2479.000 0.114
2480.000 0.113
2481.000 0.110
2482.000 0.110
2483.000 0.104
2484.000 0.110
2485.000 0.098
2486.000 0.096
2487.000 0.096
2488.000 0.094
2489.000 0.089
2490.000 0.087
2491.000 0.083
2492.000 0.084
2493.000 0.081
2494.000 0.080
2495.000 0.078
2496.000 0.073
2497.000 0.074
2498.000 0.070
2499.000 0.070
2500.000 0.064
2501.000 0.067
2502.000 0.062
2503.000 0.056
2504.000 0.052
2505.000 0.052
2506.000 0.051
2507.000 0.047
2508.000 0.044
2509.000 0.042
2510.000 0.040
2511.000 0.038
2512.000 0.033
2513.000 0.035
2514.000 0.036
2515.000 0.027
2516.000 0.032
2517.000 0.026
2518.000 0.023
2519.000 0.022
2520.000 0.015
2521.000 0.018
2522.000 0.013
2523.000 0.014
2524.000 0.013
2525.000 0.009
2526.000 0.011
2527.000 0.007
2528.000 0.007
2529.000 0.005
2530.000 0.004
2531.000 0.007
2532.000 0.006
2533.000 0.010
2534.000 0.011
2535.000 0.012
2536.000 0.019
2537.000 0.019
2538.000 0.020
2539.000 0.023
2540.000 0.023
2541.000 0.027
2542.000 0.024
2543.000 0.024
2544.000 0.030
2545.000 0.035
2546.000 0.033
2547.000 0.032
2548.000 0.038
2549.000 0.038
2550.000 0.041
2551.000 0.042
2552.000 0.045
2553.000 0.046
2554.000 0.051
2555.000 0.046
2556.000 0.051
2557.000 0.052
2558.000 0.055
2559.000 0.055
2560.000 0.060
2561.000 0.061
2562.000 0.063
2563.000 0.067
2564.000 0.067
2565.000 0.070
2566.000 0.070
2567.000 0.080
2568.000 0.073
2569.000 0.076
2570.000 0.079
2571.000 0.083
2572.000 0.083
2573.000 0.082
2574.000 0.085
2575.000 0.085
2576.000 0.089
2577.000 0.088
2578.000 0.088
2579.000 0.097
2580.000 0.094
2581.000 0.095
2582.000 0.101
2583.000 0.096
2584.000 0.100
2585.000 0.100
2586.000 0.098
2587.000 0.105
2588.000 0.098
2589.000 0.109
2590.000 0.111
2591.000 0.113
2592.000 0.118
2593.000 0.117
2594.000 0.121
2595.000 0.120
2596.000 0.126
2597.000 0.122
2598.000 0.126
2599.000 0.129
2600.000 0.126
