1801.000 1.676
1802.000 1.956
1803.000 1.973
1804.000 1.981
1805.000 2.002
1806.000 2.032
1807.000 2.010
1808.000 2.015
1809.000 2.026
1810.000 2.045
1811.000 2.059
1812.000 2.065
1813.000 2.067
1814.000 2.078
1815.000 2.086
1816.000 2.099
1817.000 2.101
1818.000 2.112
1819.000 2.119
1820.000 2.122
1821.000 2.140
1822.000 2.152
1823.000 2.170
1824.000 2.168
1825.000 2.177
1826.000 2.182
1827.000 2.194
1828.000 2.208
1829.000 2.217
1830.000 2.221
1831.000 2.233
1832.000 2.245
1833.000 2.248
1834.000 2.255
1835.000 2.265
1836.000 2.272
1837.000 2.285
1838.000 2.295
1839.000 2.303
1840.000 2.317
1841.000 2.324
1842.000 2.331
1843.000 2.346
1844.000 2.357
1845.000 2.356
1846.000 2.364
1847.000 2.382
1848.000 2.386
1849.000 2.393
1850.000 2.395
1851.000 2.406
1852.000 2.416
1853.000 2.424
1854.000 2.431
1855.000 2.441
1856.000 2.447
1857.000 2.452
1858.000 2.466
1859.000 2.470
1860.000 2.481
1861.000 2.484
1862.000 2.494
1863.000 2.501
1864.000 2.506
1865.000 2.514
1866.000 2.524
1867.000 2.530
1868.000 2.542
1869.000 2.543
1870.000 2.555
1871.000 2.558
1872.000 2.563
1873.000 2.573
1874.000 2.579
1875.000 2.586
1876.000 2.590
1877.000 2.597
1878.000 2.610
1879.000 2.618
1880.000 2.623
1881.000 2.633
1882.000 2.633
1883.000 2.643
1884.000 2.650
1885.000 2.656
1886.000 2.657
1887.000 2.661
1888.000 2.667
1889.000 2.678
1890.000 2.681
1891.000 2.691
1892.000 2.697
1893.000 2.701
1894.000 2.709
1895.000 2.719
1896.000 2.721
1897.000 2.731
1898.000 2.734
1899.000 2.735
1900.000 2.745
1901.000 2.743
1902.000 2.750
1903.000 2.756
1904.000 2.770
1905.000 2.773
1906.000 2.778
1907.000 2.786
1908.000 2.788
1909.000 2.796
1910.000 2.797
1911.000 2.799
1912.000 2.807
1913.000 2.809
1914.000 2.814
1915.000 2.816
1916.000 2.825
1917.000 2.830
1918.000 2.834
1919.000 2.836
1920.000 2.843
1921.000 2.848
1922.000 2.854
1923.000 2.863
1924.000 2.865
1925.000 2.870
1926.000 2.879
1927.000 2.883
1928.000 2.886
1929.000 2.897
1930.000 2.901
1931.000 2.915
1932.000 2.914
1933.000 2.920
1934.000 2.925
1935.000 2.934
1936.000 2.944
1937.000 2.952
1938.000 2.955
1939.000 2.964
1940.000 2.960
1941.000 2.972
1942.000 2.982
1943.000 2.990
1944.000 2.981
1945.000 2.998
1946.000 2.992
1947.000 3.007
1948.000 3.012
1949.000 3.016
1950.000 3.018
1951.000 3.033
1952.000 3.039
1953.000 3.051
1954.000 3.056
1955.000 3.057
1956.000 3.076
1957.000 3.077
1958.000 3.091
1959.000 3.088
1960.000 3.106
1961.000 3.099
1962.000 3.119
1963.000 3.119
1964.000 3.128
1965.000 3.141
1966.000 3.146
1967.000 3.146
1968.000 3.151
1969.000 3.159
1970.000 3.173
1971.000 3.179
1972.000 3.192
1973.000 3.186
1974.000 3.207
1975.000 3.214
1976.000 3.227
1977.000 3.228
1978.000 3.248
1979.000 3.260
1980.000 3.254
1981.000 3.283
1982.000 3.276
1983.000 3.292
1984.000 3.310
1985.000 3.324
1986.000 3.334
1987.000 3.345
1988.000 3.353
1989.000 3.378
1990.000 3.398
1991.000 3.398
1992.000 3.428
1993.000 3.424
1994.000 3.453
1995.000 3.453
1996.000 3.453
1997.000 3.484
1998.000 3.519
1999.000 3.512
2000.000 3.525
2001.000 3.544
2002.000 3.563
2003.000 3.600
2004.000 3.614
2005.000 3.633
2006.000 3.641
2007.000 3.656
2008.000 3.687
2009.000 3.696
2010.000 3.723
2011.000 3.751
2012.000 3.756
2013.000 3.797
2014.000 3.823
2015.000 3.847
2016.000 3.875
2017.000 3.902
2018.000 3.935
2019.000 3.964
2020.000 3.965
2021.000 4.003
2022.000 4.041
2023.000 4.052
2024.000 4.094
2025.000 4.126
2026.000 4.162
2027.000 4.195
2028.000 4.236
2029.000 4.285
2030.000 4.318
2031.000 4.332
2032.000 4.376
2033.000 4.418
2034.000 4.455
2035.000 4.510
2036.000 4.552
2037.000 4.610
2038.000 4.655
2039.000 4.701
2040.000 4.769
2041.000 4.819
2042.000 4.886
2043.000 4.911
2044.000 4.975
2045.000 5.050
2046.000 5.100
2047.000 5.164
2048.000 5.247
2049.000 5.327
2050.000 5.398
2051.000 5.490
2052.000 5.564
2053.000 5.669
2054.000 5.736
2055.000 5.850
2056.000 5.903
2057.000 6.000
2058.000 6.127
2059.000 6.249
2060.000 6.352
2061.000 6.506
2062.000 6.619
2063.000 6.796
2064.000 6.961
2065.000 7.058
2066.000 7.289
2067.000 7.475
2068.000 7.554
2069.000 7.779
2070.000 8.000
2071.000 8.230
2072.000 8.471
2073.000 8.691
2074.000 9.017
2075.000 9.350
2076.000 9.631
2077.000 10.083
2078.000 10.388
2079.000 10.623
2080.000 11.138
2081.000 11.557
2082.000 12.188
2083.000 12.750
2084.000 13.282
2085.000 14.092
2086.000 14.785
2087.000 15.629
2088.000 16.575
2089.000 17.386
2090.000 18.568
2091.000 19.649
2092.000 20.062
2093.000 21.243
2094.000 22.294
2095.000 23.091
2096.000 23.872
2097.000 24.275
2098.000 24.289
2099.000 23.912
2100.000 23.243
2101.000 22.017
2102.000 20.761
2103.000 19.380
2104.000 17.910
2105.000 17.303
2106.000 16.010
2107.000 14.774
2108.000 13.879
2109.000 12.765
2110.000 11.972
2111.000 11.179
2112.000 10.456
2113.000 9.938
2114.000 9.248
2115.000 8.723
2116.000 8.287
2117.000 8.023
2118.000 7.608
2119.000 7.241
2120.000 6.864
2121.000 6.602
2122.000 6.246
2123.000 5.947
2124.000 5.731
2125.000 5.443
2126.000 5.257
2127.000 4.978
2128.000 4.910
2129.000 4.741
2130.000 4.525
2131.000 4.357
2132.000 4.228
2133.000 4.057
2134.000 3.930
2135.000 3.768
2136.000 3.643
2137.000 3.541
2138.000 3.390
2139.000 3.312
2140.000 3.187
2141.000 3.136
2142.000 3.100
2143.000 2.947
2144.000 2.863
2145.000 2.788
2146.000 2.707
2147.000 2.616
2148.000 2.530
2149.000 2.467
2150.000 2.412
2151.000 2.335
2152.000 2.261
2153.000 2.231
2154.000 2.172
2155.000 2.118
2156.000 2.061
2157.000 2.002
2158.000 1.957
2159.000 1.895
2160.000 1.843
2161.000 1.814
2162.000 1.749
2163.000 1.716
2164.000 1.667
2165.000 1.623
2166.000 1.608
2167.000 1.564
2168.000 1.518
2169.000 1.488
2170.000 1.439
2171.000 1.406
2172.000 1.376
2173.000 1.340
2174.000 1.317
2175.000 1.269
2176.000 1.243
2177.000 1.233
2178.000 1.197
2179.000 1.166
2180.000 1.137
2181.000 1.112
2182.000 1.089
2183.000 1.053
2184.000 1.031
2185.000 1.006
2186.000 0.977
2187.000 0.960
2188.000 0.937
2189.000 0.917
2190.000 0.903
2191.000 0.871
2192.000 0.852
2193.000 0.831
2194.000 0.819
2195.000 0.791
2196.000 0.766
2197.000 0.748
2198.000 0.722
2199.000 0.707
2200.000 0.686
2201.000 0.673
2202.000 0.661
2203.000 0.642
2204.000 0.634
2205.000 0.608
2206.000 0.596
2207.000 0.574
2208.000 0.557
2209.000 0.544
2210.000 0.527
2211.000 0.516
2212.000 0.497
2213.000 0.480
2214.000 0.480
2215.000 0.458
2216.000 0.448
2217.000 0.438
2218.000 0.419
2219.000 0.407
2220.000 0.396
2221.000 0.382
2222.000 0.380
2223.000 0.363
2224.000 0.353
2225.000 0.347
2226.000 0.344
2227.000 0.334
2228.000 0.329
2229.000 0.319
2230.000 0.315
2231.000 0.314
2232.000 0.316
2233.000 0.306
2234.000 0.317
2235.000 0.325
2236.000 0.323
2237.000 0.325
2238.000 0.326
2239.000 0.340
2240.000 0.351
2241.000 0.370
2242.000 0.383
2243.000 0.396
2244.000 0.424
2245.000 0.447
2246.000 0.468
2247.000 0.503
2248.000 0.536
2249.000 0.573
2250.000 0.592
2251.000 0.634
2252.000 0.679
2253.000 0.734
2254.000 0.776
2255.000 0.854
2256.000 0.918
2257.000 0.987
2258.000 1.078
2259.000 1.162
2260.000 1.276
2261.000 1.391
2262.000 1.489
2263.000 1.574
2264.000 1.719
2265.000 1.845
2266.000 2.027
2267.000 2.181
2268.000 2.320
2269.000 2.462
2270.000 2.543
2271.000 2.597
2272.000 2.565
2273.000 2.487
2274.000 2.340
2275.000 2.252
2276.000 2.123
2277.000 1.951
2278.000 1.843
2279.000 1.697
2280.000 1.589
2281.000 1.508
2282.000 1.411
2283.000 1.343
2284.000 1.259
2285.000 1.194
2286.000 1.128
2287.000 1.109
2288.000 1.063
2289.000 1.015
2290.000 0.980
2291.000 0.949
2292.000 0.902
2293.000 0.873
2294.000 0.843
2295.000 0.809
2296.000 0.791
2297.000 0.763
2298.000 0.734
2299.000 0.733
2300.000 0.711
2301.000 0.688
2302.000 0.674
2303.000 0.642
2304.000 0.643
2305.000 0.624
2306.000 0.619
2307.000 0.592
2308.000 0.577
2309.000 0.569
2310.000 0.557
2311.000 0.521
2312.000 0.537
2313.000 0.522
2314.000 0.510
2315.000 0.503
2316.000 0.496
2317.000 0.482
2318.000 0.493
2319.000 0.475
2320.000 0.467
2321.000 0.497
2322.000 0.441
2323.000 0.427
2324.000 0.429
2325.000 0.428
2326.000 0.417
2327.000 0.413
2328.000 0.404
2329.000 0.394
2330.000 0.396
2331.000 0.391
2332.000 0.373
2333.000 0.379
2334.000 0.372
2335.000 0.370
2336.000 0.367
2337.000 0.364
2338.000 0.363
2339.000 0.361
2340.000 0.352
2341.000 0.353
2342.000 0.338
2343.000 0.343
2344.000 0.333
2345.000 0.338
2346.000 0.330
2347.000 0.330
2348.000 0.327
2349.000 0.321
2350.000 0.328
2351.000 0.316
2352.000 0.313
2353.000 0.309
2354.000 0.313
2355.000 0.302
2356.000 0.302
2357.000 0.303
2358.000 0.302
2359.000 0.299
2360.000 0.295
2361.000 0.297
2362.000 0.298
2363.000 0.290
2364.000 0.294
2365.000 0.291
2366.000 0.287
2367.000 0.288
2368.000 0.284
2369.000 0.275
2370.000 0.281
2371.000 0.279
2372.000 0.280
2373.000 0.278
2374.000 0.275
2375.000 0.271
2376.000 0.283
2377.000 0.271
2378.000 0.275
2379.000 0.276
2380.000 0.277
2381.000 0.276
2382.000 0.272
2383.000 0.266
2384.000 0.266
2385.000 0.269
2386.000 0.269
2387.000 0.264
2388.000 0.268
2389.000 0.263
2390.000 0.267
2391.000 0.266
2392.000 0.263
2393.000 0.267
2394.000 0.261
2395.000 0.261
2396.000 0.264
2397.000 0.258
2398.000 0.260
2399.000 0.261
2400.000 0.259
2401.000 0.257
2402.000 0.260
2403.000 0.261
2404.000 0.256
2405.000 0.259
2406.000 0.261
2407.000 0.260
2408.000 0.261
2409.000 0.261
2410.000 0.261
2411.000 0.260
2412.000 0.261
2413.000 0.261
2414.000 0.263
2415.000 0.260
2416.000 0.262
2417.000 0.261
2418.000 0.259
2419.000 0.259
2420.000 0.260
2421.000 0.260
2422.000 0.263
2423.000 0.258
2424.000 0.257
2425.000 0.260
2426.000 0.255
2427.000 0.257
2428.000 0.257
2429.000 0.261
2430.000 0.258
2431.000 0.257
2432.000 0.257
2433.000 0.258
2434.000 0.256
2435.000 0.259
2436.000 0.262
2437.000 0.263
2438.000 0.264
2439.000 0.263
2440.000 0.262
2441.000 0.266
2442.000 0.261
2443.000 0.264
2444.000 0.261
2445.000 0.263
2446.000 0.262
2447.000 0.263
2448.000 0.262
2449.000 0.261
2450.000 0.262
2451.000 0.261
2452.000 0.261
2453.000 0.264
2454.000 0.265
2455.000 0.267
2456.000 0.267
2457.000 0.265
2458.000 0.266
2459.000 0.260
2460.000 0.266
2461.000 0.263
2462.000 0.263
2463.000 0.265
2464.000 0.267
2465.000 0.262
2466.000 0.268
2467.000 0.263
2468.000 0.267
2469.000 0.265
2470.000 0.266
2471.000 0.267
2472.000 0.263
2473.000 0.267
2474.000 0.266
2475.000 0.267
2476.000 0.266
2477.000 0.265
2478.000 0.264
2479.000 0.270
2480.000 0.271
2481.000 0.268
2482.000 0.269
2483.000 0.268
2484.000 0.265
2485.000 0.267
2486.000 0.272
2487.000 0.269
2488.000 0.268
2489.000 0.271
2490.000 0.268
2491.000 0.269
2492.000 0.267
2493.000 0.267
2494.000 0.267
2495.000 0.267
2496.000 0.266
2497.000 0.269
2498.000 0.266
2499.000 0.272
2500.000 0.269
2501.000 0.268
2502.000 0.272
2503.000 0.272
2504.000 0.270
2505.000 0.267
2506.000 0.269
2507.000 0.266
2508.000 0.270
2509.000 0.265
2510.000 0.272
2511.000 0.272
2512.000 0.270
2513.000 0.270
2514.000 0.273
2515.000 0.276
2516.000 0.269
2517.000 0.271
2518.000 0.267
2519.000 0.269
2520.000 0.272
2521.000 0.271
2522.000 0.270
2523.000 0.266
2524.000 0.267
2525.000 0.271
2526.000 0.268
2527.000 0.272
2528.000 0.271
2529.000 0.273
2530.000 0.273
2531.000 0.271
2532.000 0.271
2533.000 0.271
2534.000 0.273
2535.000 0.268
2536.000 0.268
2537.000 0.271
2538.000 0.269
2539.000 0.268
2540.000 0.270
2541.000 0.272
2542.000 0.272
2543.000 0.274
2544.000 0.274
2545.000 0.271
2546.000 0.275
2547.000 0.271
2548.000 0.270
2549.000 0.269
2550.000 0.266
2551.000 0.266
2552.000 0.269
2553.000 0.269
2554.000 0.268
2555.000 0.268
2556.000 0.270
2557.000 0.270
2558.000 0.269
2559.000 0.268
2560.000 0.268
2561.000 0.271
2562.000 0.269
2563.000 0.269
2564.000 0.269
2565.000 0.269
2566.000 0.268
2567.000 0.267
2568.000 0.267
2569.000 0.267
2570.000 0.270
2571.000 0.268
2572.000 0.270
2573.000 0.271
2574.000 0.267
2575.000 0.267
2576.000 0.271
2577.000 0.267
2578.000 0.266
2579.000 0.265
2580.000 0.267
2581.000 0.262
2582.000 0.264
2583.000 0.264
2584.000 0.264
2585.000 0.271
2586.000 0.267
2587.000 0.264
2588.000 0.265
2589.000 0.265
2590.000 0.266
2591.000 0.265
2592.000 0.266
2593.000 0.265
2594.000 0.264
2595.000 0.264
2596.000 0.262
2597.000 0.265
2598.000 0.259
2599.000 0.264
2600.000 0.263
