1801.000 1.689
1802.000 1.701
1803.000 1.717
1804.000 1.724
1805.000 1.602
1806.000 1.770
1807.000 1.741
1808.000 1.745
1809.000 1.758
1810.000 1.764
1811.000 1.776
1812.000 1.782
1813.000 1.791
1814.000 1.796
1815.000 1.811
1816.000 1.812
1817.000 1.830
1818.000 1.831
1819.000 1.834
1820.000 1.841
1821.000 1.852
1822.000 1.865
1823.000 1.865
1824.000 1.881
1825.000 1.883
1826.000 1.890
1827.000 1.896
1828.000 1.909
1829.000 1.918
1830.000 1.923
1831.000 1.930
1832.000 1.933
1833.000 1.946
1834.000 1.947
1835.000 1.956
1836.000 1.966
1837.000 1.978
1838.000 1.980
1839.000 1.990
1840.000 2.005
1841.000 2.007
1842.000 2.016
1843.000 2.026
1844.000 2.026
1845.000 2.039
1846.000 2.047
1847.000 2.050
1848.000 2.058
1849.000 2.066
1850.000 2.072
1851.000 2.079
1852.000 2.089
1853.000 2.085
1854.000 2.097
1855.000 2.099
1856.000 2.111
1857.000 2.117
1858.000 2.125
1859.000 2.134
1860.000 2.142
1861.000 2.147
1862.000 2.150
1863.000 2.154
1864.000 2.164
1865.000 2.173
1866.000 2.177
1867.000 2.183
1868.000 2.188
1869.000 2.188
1870.000 2.195
1871.000 2.202
1872.000 2.205
1873.000 2.211
1874.000 2.222
1875.000 2.226
1876.000 2.235
1877.000 2.239
1878.000 2.252
1879.000 2.253
1880.000 2.263
1881.000 2.266
1882.000 2.274
1883.000 2.275
1884.000 2.283
1885.000 2.285
1886.000 2.291
1887.000 2.295
1888.000 2.304
1889.000 2.307
1890.000 2.321
1891.000 2.316
1892.000 2.323
1893.000 2.335
1894.000 2.340
1895.000 2.345
1896.000 2.350
1897.000 2.353
1898.000 2.358
1899.000 2.363
1900.000 2.366
1901.000 2.362
1902.000 2.376
1903.000 2.379
1904.000 2.386
1905.000 2.393
1906.000 2.391
1907.000 2.400
1908.000 2.410
1909.000 2.408
1910.000 2.411
1911.000 2.420
1912.000 2.419
1913.000 2.429
1914.000 2.429
1915.000 2.437
1916.000 2.435
1917.000 2.443
1918.000 2.450
1919.000 2.453
1920.000 2.458
1921.000 2.457
1922.000 2.470
1923.000 2.478
1924.000 2.470
1925.000 2.488
1926.000 2.491
1927.000 2.500
1928.000 2.491
1929.000 2.502
1930.000 2.507
1931.000 2.514
1932.000 2.522
1933.000 2.525
1934.000 2.527
1935.000 2.534
1936.000 2.541
1937.000 2.548
1938.000 2.547
1939.000 2.554
1940.000 2.555
1941.000 2.562
1942.000 2.576
1943.000 2.579
1944.000 2.584
1945.000 2.595
1946.000 2.596
1947.000 2.601
1948.000 2.606
1949.000 2.615
1950.000 2.619
1951.000 2.622
1952.000 2.626
1953.000 2.635
1954.000 2.639
1955.000 2.658
1956.000 2.658
1957.000 2.671
1958.000 2.668
1959.000 2.682
1960.000 2.683
1961.000 2.692
1962.000 2.698
1963.000 2.708
1964.000 2.712
1965.000 2.716
1966.000 2.727
1967.000 2.745
1968.000 2.753
1969.000 2.758
1970.000 2.768
1971.000 2.769
1972.000 2.768
1973.000 2.771
1974.000 2.803
1975.000 2.806
1976.000 2.811
1977.000 2.826
1978.000 2.816
1979.000 2.840
1980.000 2.849
1981.000 2.853
1982.000 2.871
1983.000 2.888
1984.000 2.907
1985.000 2.916
1986.000 2.932
1987.000 2.925
1988.000 2.942
1989.000 2.961
1990.000 2.966
1991.000 2.969
1992.000 3.007
1993.000 2.999
1994.000 3.029
1995.000 3.024
1996.000 3.044
1997.000 3.073
1998.000 3.080
1999.000 3.094
2000.000 3.104
2001.000 3.127
2002.000 3.135
2003.000 3.160
2004.000 3.187
2005.000 3.209
2006.000 3.209
2007.000 3.246
2008.000 3.256
2009.000 3.278
2010.000 3.297
2011.000 3.324
2012.000 3.345
2013.000 3.371
2014.000 3.376
2015.000 3.402
2016.000 3.425
2017.000 3.457
2018.000 3.475
2019.000 3.494
2020.000 3.538
2021.000 3.546
2022.000 3.570
2023.000 3.622
2024.000 3.637
2025.000 3.676
2026.000 3.705
2027.000 3.742
2028.000 3.775
2029.000 3.813
2030.000 3.855
2031.000 3.904
2032.000 3.932
2033.000 3.984
2034.000 4.030
2035.000 4.048
2036.000 4.115
2037.000 4.151
2038.000 4.180
2039.000 4.248
2040.000 4.288
2041.000 4.358
2042.000 4.407
2043.000 4.467
2044.000 4.529
2045.000 4.587
2046.000 4.661
2047.000 4.737
2048.000 4.796
2049.000 4.830
2050.000 4.912
2051.000 4.976
2052.000 5.078
2053.000 5.166
2054.000 5.251
2055.000 5.350
2056.000 5.447
2057.000 5.566
2058.000 5.669
2059.000 5.787
2060.000 5.908
2061.000 5.968
2062.000 6.094
2063.000 6.249
2064.000 6.368
2065.000 6.553
2066.000 6.743
2067.000 6.871
2068.000 7.093
2069.000 7.274
2070.000 7.526
2071.000 7.733
2072.000 7.963
2073.000 8.262
2074.000 8.391
2075.000 8.640
2076.000 9.003
2077.000 9.321
2078.000 9.745
2079.000 10.139
2080.000 10.509
2081.000 11.074
2082.000 11.590
2083.000 12.140
2084.000 12.791
2085.000 13.368
2086.000 14.253
2087.000 14.651
2088.000 15.359
2089.000 16.467
2090.000 17.459
2091.000 18.416
2092.000 19.702
2093.000 20.768
2094.000 21.946
2095.000 23.070
2096.000 23.764
2097.000 24.625
2098.000 24.894
2099.000 24.913
2100.000 24.594
2101.000 23.857
2102.000 22.840
2103.000 21.419
2104.000 20.138
2105.000 18.559
2106.000 17.325
2107.000 15.979
2108.000 14.849
2109.000 14.028
2110.000 13.394
2111.000 12.539
2112.000 11.910
2113.000 11.039
2114.000 10.510
2115.000 9.845
2116.000 9.339
2117.000 8.946
2118.000 8.444
2119.000 8.057
2120.000 7.668
2121.000 7.336
2122.000 7.078
2123.000 6.877
2124.000 6.591
2125.000 6.391
2126.000 6.116
2127.000 5.872
2128.000 5.647
2129.000 5.467
2130.000 5.298
2131.000 5.123
2132.000 4.962
2133.000 4.808
2134.000 4.657
2135.000 4.583
2136.000 4.466
2137.000 4.325
2138.000 4.222
2139.000 4.090
2140.000 3.979
2141.000 3.898
2142.000 3.783
2143.000 3.710
2144.000 3.652
2145.000 3.562
2146.000 3.494
2147.000 3.395
2148.000 3.326
2149.000 3.257
2150.000 3.185
2151.000 3.132
2152.000 3.054
2153.000 2.990
2154.000 2.931
2155.000 2.897
2156.000 2.844
2157.000 2.801
2158.000 2.735
2159.000 2.699
2160.000 2.646
2161.000 2.599
2162.000 2.563
2163.000 2.513
2164.000 2.486
2165.000 2.438
2166.000 2.396
2167.000 2.364
2168.000 2.325
2169.000 2.306
2170.000 2.287
2171.000 2.247
2172.000 2.218
2173.000 2.186
2174.000 2.155
2175.000 2.138
2176.000 2.109
2177.000 2.083
2178.000 2.057
2179.000 2.032
2180.000 2.024
2181.000 2.003
2182.000 1.985
2183.000 1.965
2184.000 1.940
2185.000 1.921
2186.000 1.913
2187.000 1.895
2188.000 1.876
2189.000 1.858
2190.000 1.841
2191.000 1.837
2192.000 1.828
2193.000 1.807
2194.000 1.799
2195.000 1.783
2196.000 1.769
2197.000 1.758
2198.000 1.745
2199.000 1.741
2200.000 1.729
2201.000 1.718
2202.000 1.712
2203.000 1.705
2204.000 1.704
2205.000 1.699
2206.000 1.694
2207.000 1.683
2208.000 1.683
2209.000 1.664
2210.000 1.675
2211.000 1.675
2212.000 1.677
2213.000 1.675
2214.000 1.674
2215.000 1.677
2216.000 1.681
2217.000 1.686
2218.000 1.674
2219.000 1.690
2220.000 1.693
2221.000 1.700
2222.000 1.714
2223.000 1.716
2224.000 1.730
2225.000 1.737
2226.000 1.748
2227.000 1.761
2228.000 1.792
2229.000 1.789
2230.000 1.812
2231.000 1.833
2232.000 1.841
2233.000 1.857
2234.000 1.883
2235.000 1.912
2236.000 1.934
2237.000 1.964
2238.000 2.003
2239.000 2.046
2240.000 2.082
2241.000 2.115
2242.000 2.168
2243.000 2.217
2244.000 2.267
2245.000 2.308
2246.000 2.371
2247.000 2.432
2248.000 2.518
2249.000 2.582
2250.000 2.691
2251.000 2.803
2252.000 2.897
2253.000 3.049
2254.000 3.151
2255.000 3.335
2256.000 3.416
2257.000 3.565
2258.000 3.809
2259.000 4.030
2260.000 4.237
2261.000 4.595
2262.000 4.846
2263.000 5.187
2264.000 5.573
2265.000 5.887
2266.000 6.286
2267.000 6.595
2268.000 6.810
2269.000 6.888
2270.000 6.929
2271.000 6.795
2272.000 6.486
2273.000 6.115
2274.000 5.588
2275.000 5.090
2276.000 4.664
2277.000 4.216
2278.000 3.916
2279.000 3.534
2280.000 3.283
2281.000 3.191
2282.000 2.914
2283.000 2.733
2284.000 2.546
2285.000 2.392
2286.000 2.280
2287.000 2.129
2288.000 2.018
2289.000 1.920
2290.000 1.829
2291.000 1.763
2292.000 1.672
2293.000 1.599
2294.000 1.582
2295.000 1.510
2296.000 1.448
2297.000 1.407
2298.000 1.345
2299.000 1.311
2300.000 1.264
2301.000 1.223
2302.000 1.212
2303.000 1.168
2304.000 1.124
2305.000 1.105
2306.000 1.078
2307.000 1.055
2308.000 1.026
2309.000 1.001
2310.000 0.989
2311.000 0.959
2312.000 0.946
2313.000 0.933
2314.000 0.903
2315.000 0.891
2316.000 0.877
2317.000 0.866
2318.000 0.850
2319.000 0.832
2320.000 0.826
2321.000 0.809
2322.000 0.798
2323.000 0.791
2324.000 0.779
2325.000 0.768
2326.000 0.766
2327.000 0.750
2328.000 0.740
2329.000 0.731
2330.000 0.725
2331.000 0.720
2332.000 0.707
2333.000 0.703
2334.000 0.694
2335.000 0.686
2336.000 0.681
2337.000 0.676
2338.000 0.673
2339.000 0.663
2340.000 0.660
2341.000 0.657
2342.000 0.655
2343.000 0.647
2344.000 0.647
2345.000 0.635
2346.000 0.642
2347.000 0.632
2348.000 0.627
2349.000 0.623
2350.000 0.620
2351.000 0.615
2352.000 0.613
2353.000 0.608
2354.000 0.608
2355.000 0.608
2356.000 0.599
2357.000 0.598
2358.000 0.594
2359.000 0.596
2360.000 0.592
2361.000 0.590
2362.000 0.582
2363.000 0.582
2364.000 0.578
2365.000 0.576
2366.000 0.578
2367.000 0.574
2368.000 0.575
2369.000 0.570
2370.000 0.572
2371.000 0.566
2372.000 0.567
2373.000 0.566
2374.000 0.558
2375.000 0.562
2376.000 0.557
2377.000 0.558
2378.000 0.559
2379.000 0.553
2380.000 0.555
2381.000 0.551
2382.000 0.553
2383.000 0.549
2384.000 0.547
2385.000 0.549
2386.000 0.550
2387.000 0.550
2388.000 0.544
2389.000 0.544
2390.000 0.542
2391.000 0.543
2392.000 0.541
2393.000 0.540
2394.000 0.538
2395.000 0.540
2396.000 0.533
2397.000 0.539
2398.000 0.534
2399.000 0.533
2400.000 0.532
2401.000 0.532
2402.000 0.534
2403.000 0.530
2404.000 0.530
2405.000 0.529
2406.000 0.526
2407.000 0.528
2408.000 0.525
2409.000 0.525
2410.000 0.525
2411.000 0.525
2412.000 0.523
2413.000 0.522
2414.000 0.528
2415.000 0.522
2416.000 0.525
2417.000 0.519
2418.000 0.523
2419.000 0.517
2420.000 0.521
2421.000 0.518
2422.000 0.520
2423.000 0.519
2424.000 0.515
2425.000 0.518
2426.000 0.520
2427.000 0.518
2428.000 0.519
2429.000 0.524
2430.000 0.517
2431.000 0.519
2432.000 0.517
2433.000 0.517
2434.000 0.516
2435.000 0.518
2436.000 0.515
2437.000 0.514
2438.000 0.513
2439.000 0.513
2440.000 0.511
2441.000 0.513
2442.000 0.511
2443.000 0.514
2444.000 0.512
2445.000 0.510
2446.000 0.515
2447.000 0.510
2448.000 0.512
2449.000 0.510
2450.000 0.510
2451.000 0.510
2452.000 0.508
2453.000 0.510
2454.000 0.510
2455.000 0.509
2456.000 0.508
2457.000 0.509
2458.000 0.510
2459.000 0.509
2460.000 0.509
2461.000 0.510
2462.000 0.511
2463.000 0.512
2464.000 0.507
2465.000 0.511
2466.000 0.506
2467.000 0.505
2468.000 0.509
2469.000 0.508
2470.000 0.509
2471.000 0.502
2472.000 0.505
2473.000 0.506
2474.000 0.509
2475.000 0.508
2476.000 0.509
2477.000 0.507
2478.000 0.507
2479.000 0.508
2480.000 0.507
2481.000 0.508
2482.000 0.508
2483.000 0.504
2484.000 0.507
2485.000 0.509
2486.000 0.508
2487.000 0.506
2488.000 0.502
2489.000 0.508
2490.000 0.506
2491.000 0.505
2492.000 0.506
2493.000 0.506
2494.000 0.511
2495.000 0.505
2496.000 0.506
2497.000 0.503
2498.000 0.506
2499.000 0.503
2500.000 0.499
2501.000 0.508
2502.000 0.506
2503.000 0.507
2504.000 0.505
2505.000 0.505
2506.000 0.504
2507.000 0.506
2508.000 0.506
2509.000 0.504
2510.000 0.505
2511.000 0.504
2512.000 0.502
2513.000 0.501
2514.000 0.507
2515.000 0.505
2516.000 0.507
2517.000 0.506
2518.000 0.501
2519.000 0.507
2520.000 0.504
2521.000 0.505
2522.000 0.505
2523.000 0.503
2524.000 0.504
2525.000 0.505
2526.000 0.504
2527.000 0.505
2528.000 0.503
2529.000 0.503
2530.000 0.499
2531.000 0.509
2532.000 0.503
2533.000 0.507
2534.000 0.503
2535.000 0.509
2536.000 0.505
2537.000 0.504
2538.000 0.509
2539.000 0.506
2540.000 0.506
2541.000 0.506
2542.000 0.506
2543.000 0.504
2544.000 0.505
2545.000 0.505
2546.000 0.504
2547.000 0.506
2548.000 0.507
2549.000 0.507
2550.000 0.508
2551.000 0.504
2552.000 0.507
2553.000 0.503
2554.000 0.506
2555.000 0.508
2556.000 0.506
2557.000 0.504
2558.000 0.505
2559.000 0.505
2560.000 0.505
2561.000 0.506
2562.000 0.507
2563.000 0.509
2564.000 0.508
2565.000 0.513
2566.000 0.505
2567.000 0.507
2568.000 0.503
2569.000 0.506
2570.000 0.502
2571.000 0.507
2572.000 0.505
2573.000 0.506
2574.000 0.506
2575.000 0.505
2576.000 0.510
2577.000 0.506
2578.000 0.510
2579.000 0.509
2580.000 0.511
2581.000 0.507
2582.000 0.505
2583.000 0.509
2584.000 0.507
2585.000 0.511
2586.000 0.504
2587.000 0.507
2588.000 0.506
2589.000 0.506
2590.000 0.508
2591.000 0.509
2592.000 0.506
2593.000 0.509
2594.000 0.506
2595.000 0.510
2596.000 0.508
2597.000 0.510
2598.000 0.509
2599.000 0.509
2600.000 0.506
