1801.000 0.140
1802.000 1.550
1803.000 1.557
1804.000 1.564
1805.000 1.572
1806.000 1.575
1807.000 1.587
1808.000 1.596
1809.000 1.607
1810.000 1.613
1811.000 1.613
1812.000 1.623
1813.000 1.636
1814.000 1.635
1815.000 1.638
1816.000 1.647
1817.000 1.655
1818.000 1.662
1819.000 1.671
1820.000 1.677
1821.000 1.683
1822.000 1.685
1823.000 1.696
1824.000 1.707
1825.000 1.706
1826.000 1.716
1827.000 1.723
1828.000 1.731
1829.000 1.736
1830.000 1.745
1831.000 1.755
1832.000 1.758
1833.000 1.765
1834.000 1.774
1835.000 1.780
1836.000 1.784
1837.000 1.788
1838.000 1.795
1839.000 1.806
1840.000 1.811
1841.000 1.823
1842.000 1.822
1843.000 1.832
1844.000 1.839
1845.000 1.844
1846.000 1.853
1847.000 1.858
1848.000 1.865
1849.000 1.869
1850.000 1.871
1851.000 1.883
1852.000 1.886
1853.000 1.890
1854.000 1.903
1855.000 1.914
1856.000 1.914
1857.000 1.925
1858.000 1.931
1859.000 1.935
1860.000 1.941
1861.000 1.946
1862.000 1.954
1863.000 1.955
1864.000 1.961
1865.000 1.962
1866.000 1.970
1867.000 1.978
1868.000 1.979
1869.000 1.985
1870.000 1.991
1871.000 1.994
1872.000 1.999
1873.000 2.006
1874.000 2.012
1875.000 2.019
1876.000 2.020
1877.000 2.027
1878.000 2.035
1879.000 2.042
1880.000 2.044
1881.000 2.052
1882.000 2.055
1883.000 2.058
1884.000 2.065
1885.000 2.069
1886.000 2.075
1887.000 2.081
1888.000 2.082
1889.000 2.088
1890.000 2.097
1891.000 2.098
1892.000 2.104
1893.000 2.102
1894.000 2.111
1895.000 2.116
1896.000 2.125
1897.000 2.130
1898.000 2.130
1899.000 2.132
1900.000 2.136
1901.000 2.142
1902.000 2.146
1903.000 2.149
1904.000 2.155
1905.000 2.162
1906.000 2.169
1907.000 2.168
1908.000 2.173
1909.000 2.193
1910.000 2.185
1911.000 2.183
1912.000 2.186
1913.000 2.195
1914.000 2.201
1915.000 2.204
1916.000 2.211
1917.000 2.215
1918.000 2.223
1919.000 2.229
1920.000 2.233
1921.000 2.244
1922.000 2.241
1923.000 2.239
1924.000 2.249
1925.000 2.254
1926.000 2.258
1927.000 2.258
1928.000 2.271
1929.000 2.269
1930.000 2.279
1931.000 2.281
1932.000 2.291
1933.000 2.297
1934.000 2.302
1935.000 2.303
1936.000 2.307
1937.000 2.311
1938.000 2.315
1939.000 2.326
1940.000 2.331
1941.000 2.345
1942.000 2.343
1943.000 2.356
1944.000 2.355
1945.000 2.364
1946.000 2.371
1947.000 2.377
1948.000 2.376
1949.000 2.390
1950.000 2.388
1951.000 2.395
1952.000 2.404
1953.000 2.407
1954.000 2.411
1955.000 2.419
1956.000 2.429
1957.000 2.441
1958.000 2.442
1959.000 2.450
1960.000 2.450
1961.000 2.466
1962.000 2.467
1963.000 2.486
1964.000 2.479
1965.000 2.492
1966.000 2.502
1967.000 2.505
1968.000 2.515
1969.000 2.520
1970.000 2.536
1971.000 2.545
1972.000 2.551
1973.000 2.558
1974.000 2.556
1975.000 2.581
1976.000 2.581
1977.000 2.591
1978.000 2.599
1979.000 2.615
1980.000 2.614
1981.000 2.633
1982.000 2.655
1983.000 2.651
1984.000 2.665
1985.000 2.673
1986.000 2.687
1987.000 2.698
1988.000 2.711
1989.000 2.737
1990.000 2.744
1991.000 2.746
1992.000 2.778
1993.000 2.772
1994.000 2.803
1995.000 2.804
1996.000 2.805
1997.000 2.838
1998.000 2.851
1999.000 2.870
2000.000 2.876
2001.000 2.894
2002.000 2.919
2003.000 2.944
2004.000 2.967
2005.000 2.977
2006.000 2.983
2007.000 3.024
2008.000 3.027
2009.000 3.034
2010.000 3.076
2011.000 3.092
2012.000 3.108
2013.000 3.144
2014.000 3.160
2015.000 3.187
2016.000 3.211
2017.000 3.231
2018.000 3.264
2019.000 3.275
2020.000 3.294
2021.000 3.330
2022.000 3.365
2023.000 3.399
2024.000 3.421
2025.000 3.461
2026.000 3.491
2027.000 3.523
2028.000 3.567
2029.000 3.605
2030.000 3.623
2031.000 3.669
2032.000 3.693
2033.000 3.729
2034.000 3.773
2035.000 3.809
2036.000 3.864
2037.000 3.918
2038.000 3.966
2039.000 4.016
2040.000 4.077
2041.000 4.133
2042.000 4.187
2043.000 4.231
2044.000 4.275
2045.000 4.336
2046.000 4.395
2047.000 4.476
2048.000 4.545
2049.000 4.598
2050.000 4.692
2051.000 4.757
2052.000 4.846
2053.000 4.925
2054.000 5.011
2055.000 5.126
2056.000 5.197
2057.000 5.265
2058.000 5.390
2059.000 5.468
2060.000 5.616
2061.000 5.753
2062.000 5.851
2063.000 6.023
2064.000 6.158
2065.000 6.346
2066.000 6.517
2067.000 6.670
2068.000 6.808
2069.000 6.991
2070.000 7.170
2071.000 7.425
2072.000 7.665
2073.000 7.903
2074.000 8.200
2075.000 8.441
2076.000 8.834
2077.000 9.190
2078.000 9.511
2079.000 9.977
2080.000 10.205
2081.000 10.628
2082.000 11.190
2083.000 11.656
2084.000 12.365
2085.000 13.045
2086.000 13.662
2087.000 14.597
2088.000 15.418
2089.000 16.445
2090.000 17.503
2091.000 18.461
2092.000 19.807
2093.000 20.376
2094.000 21.445
2095.000 22.687
2096.000 23.720
2097.000 24.445
2098.000 24.995
2099.000 25.046
2100.000 24.657
2101.000 23.834
2102.000 22.855
2103.000 21.385
2104.000 20.077
2105.000 19.468
2106.000 17.883
2107.000 16.801
2108.000 15.474
2109.000 14.463
2110.000 13.658
2111.000 12.696
2112.000 12.045
2113.000 11.232
2114.000 10.598
2115.000 10.112
2116.000 9.745
2117.000 9.290
2118.000 8.915
2119.000 8.461
2120.000 8.145
2121.000 7.738
2122.000 7.428
2123.000 7.175
2124.000 6.848
2125.000 6.617
2126.000 6.337
2127.000 6.119
2128.000 5.957
2129.000 5.809
2130.000 5.648
2131.000 5.503
2132.000 5.313
2133.000 5.188
2134.000 5.008
2135.000 4.877
2136.000 4.766
2137.000 4.627
2138.000 4.505
2139.000 4.395
2140.000 4.302
2141.000 4.217
2142.000 4.144
2143.000 4.050
2144.000 4.016
2145.000 3.883
2146.000 3.812
2147.000 3.740
2148.000 3.635
2149.000 3.591
2150.000 3.509
2151.000 3.449
2152.000 3.398
2153.000 3.327
2154.000 3.302
2155.000 3.258
2156.000 3.204
2157.000 3.152
2158.000 3.100
2159.000 3.054
2160.000 3.018
2161.000 2.967
2162.000 2.935
2163.000 2.887
2164.000 2.854
2165.000 2.843
2166.000 2.798
2167.000 2.771
2168.000 2.733
2169.000 2.703
2170.000 2.676
2171.000 2.640
2172.000 2.615
2173.000 2.594
2174.000 2.560
2175.000 2.542
2176.000 2.516
2177.000 2.492
2178.000 2.481
2179.000 2.457
2180.000 2.453
2181.000 2.440
2182.000 2.418
2183.000 2.399
2184.000 2.388
2185.000 2.376
2186.000 2.362
2187.000 2.346
2188.000 2.333
2189.000 2.325
2190.000 2.312
2191.000 2.305
2192.000 2.299
2193.000 2.286
2194.000 2.277
2195.000 2.269
2196.000 2.261
2197.000 2.257
2198.000 2.254
2199.000 2.244
2200.000 2.254
2201.000 2.251
2202.000 2.248
2203.000 2.248
2204.000 2.236
2205.000 2.249
2206.000 2.254
2207.000 2.259
2208.000 2.262
2209.000 2.269
2210.000 2.272
2211.000 2.278
2212.000 2.301
2213.000 2.313
2214.000 2.313
2215.000 2.318
2216.000 2.331
2217.000 2.348
2218.000 2.360
2219.000 2.383
2220.000 2.398
2221.000 2.415
2222.000 2.430
2223.000 2.460
2224.000 2.494
2225.000 2.505
2226.000 2.521
2227.000 2.543
2228.000 2.580
2229.000 2.612
2230.000 2.651
2231.000 2.680
2232.000 2.699
2233.000 2.750
2234.000 2.825
2235.000 2.895
2236.000 2.912
2237.000 2.992
2238.000 3.041
2239.000 3.156
2240.000 3.147
2241.000 3.217
2242.000 3.308
2243.000 3.392
2244.000 3.488
2245.000 3.600
2246.000 3.706
2247.000 3.834
2248.000 4.015
2249.000 4.119
2250.000 4.255
2251.000 4.369
2252.000 4.535
2253.000 4.721
2254.000 4.969
2255.000 5.205
2256.000 5.523
2257.000 5.813
2258.000 6.073
2259.000 6.535
2260.000 6.929
2261.000 7.371
2262.000 7.927
2263.000 8.215
2264.000 8.741
2265.000 9.424
2266.000 9.952
2267.000 10.582
2268.000 11.071
2269.000 11.389
2270.000 11.515
2271.000 11.403
2272.000 10.972
2273.000 10.324
2274.000 9.649
2275.000 9.192
2276.000 8.381
2277.000 7.753
2278.000 7.010
2279.000 6.529
2280.000 5.946
2281.000 5.518
2282.000 5.186
2283.000 4.789
2284.000 4.539
2285.000 4.203
2286.000 3.959
2287.000 3.905
2288.000 3.635
2289.000 3.452
2290.000 3.305
2291.000 3.126
2292.000 3.014
2293.000 2.849
2294.000 2.728
2295.000 2.654
2296.000 2.531
2297.000 2.455
2298.000 2.342
2299.000 2.260
2300.000 2.244
2301.000 2.146
2302.000 2.076
2303.000 2.025
2304.000 1.948
2305.000 1.911
2306.000 1.847
2307.000 1.801
2308.000 1.763
2309.000 1.695
2310.000 1.665
2311.000 1.618
2312.000 1.600
2313.000 1.569
2314.000 1.524
2315.000 1.495
2316.000 1.468
2317.000 1.433
2318.000 1.403
2319.000 1.379
2320.000 1.352
2321.000 1.329
2322.000 1.302
2323.000 1.281
2324.000 1.275
2325.000 1.252
2326.000 1.229
2327.000 1.208
2328.000 1.192
2329.000 1.177
2330.000 1.154
2331.000 1.141
2332.000 1.121
2333.000 1.104
2334.000 1.091
2335.000 1.078
2336.000 1.070
2337.000 1.056
2338.000 1.042
2339.000 1.031
2340.000 1.023
2341.000 1.009
2342.000 0.998
2343.000 0.988
2344.000 0.979
2345.000 0.965
2346.000 0.961
2347.000 0.962
2348.000 0.927
2349.000 0.937
2350.000 0.925
2351.000 0.918
2352.000 0.909
2353.000 0.903
2354.000 0.894
2355.000 0.886
2356.000 0.883
2357.000 0.870
2358.000 0.864
2359.000 0.858
2360.000 0.852
2361.000 0.848
2362.000 0.840
2363.000 0.835
2364.000 0.826
2365.000 0.823
2366.000 0.820
2367.000 0.815
2368.000 0.812
2369.000 0.805
2370.000 0.800
2371.000 0.796
2372.000 0.793
2373.000 0.790
2374.000 0.787
2375.000 0.782
2376.000 0.777
2377.000 0.770
2378.000 0.765
2379.000 0.768
2380.000 0.759
2381.000 0.756
2382.000 0.752
2383.000 0.751
2384.000 1.195
2385.000 0.868
2386.000 0.743
2387.000 0.739
2388.000 0.738
2389.000 0.736
2390.000 0.730
2391.000 0.731
2392.000 0.726
2393.000 0.722
2394.000 0.717
2395.000 0.716
2396.000 0.713
2397.000 0.714
2398.000 0.711
2399.000 0.708
2400.000 0.703
2401.000 0.703
2402.000 0.695
2403.000 0.702
2404.000 0.698
2405.000 0.694
2406.000 0.697
2407.000 0.690
2408.000 0.689
2409.000 0.690
2410.000 0.685
2411.000 0.683
2412.000 0.677
2413.000 0.677
2414.000 0.682
2415.000 0.679
2416.000 0.679
2417.000 0.675
2418.000 0.672
2419.000 0.670
2420.000 0.668
2421.000 0.668
2422.000 0.667
2423.000 0.666
2424.000 0.665
2425.000 0.662
2426.000 0.660
2427.000 0.661
2428.000 0.662
2429.000 0.657
2430.000 0.658
2431.000 0.659
2432.000 0.657
2433.000 0.659
2434.000 0.653
2435.000 0.653
2436.000 0.650
2437.000 0.652
2438.000 0.647
2439.000 0.651
2440.000 0.647
2441.000 0.646
2442.000 0.646
2443.000 0.645
2444.000 0.643
2445.000 0.643
2446.000 0.646
2447.000 0.645
2448.000 0.643
2449.000 0.644
2450.000 0.644
2451.000 0.639
2452.000 0.639
2453.000 0.640
2454.000 0.637
2455.000 0.635
2456.000 0.634
2457.000 0.634
2458.000 0.635
2459.000 0.631
2460.000 0.638
2461.000 0.636
2462.000 0.633
2463.000 0.636
2464.000 0.626
2465.000 0.629
2466.000 0.629
2467.000 0.629
2468.000 0.629
2469.000 0.628
2470.000 0.630
2471.000 0.628
2472.000 0.623
2473.000 0.625
2474.000 0.628
2475.000 0.627
2476.000 0.624
2477.000 0.628
2478.000 0.628
2479.000 0.628
2480.000 0.625
2481.000 0.623
2482.000 0.623
2483.000 0.621
2484.000 0.621
2485.000 0.627
2486.000 0.621
2487.000 0.622
2488.000 0.618
2489.000 0.619
2490.000 0.618
2491.000 0.624
2492.000 0.621
2493.000 0.619
2494.000 0.621
2495.000 0.619
2496.000 0.620
2497.000 0.621
2498.000 0.617
2499.000 0.617
2500.000 0.618
2501.000 0.618
2502.000 0.619
2503.000 0.616
2504.000 0.618
2505.000 0.617
2506.000 0.619
2507.000 0.620
2508.000 0.620
2509.000 0.617
2510.000 0.619
2511.000 0.618
2512.000 0.619
2513.000 0.614
2514.000 0.617
2515.000 0.615
2516.000 0.616
2517.000 0.613
2518.000 0.620
2519.000 0.618
2520.000 0.620
2521.000 0.617
2522.000 0.617
2523.000 0.618
2524.000 0.617
2525.000 0.616
2526.000 0.614
2527.000 0.614
2528.000 0.614
2529.000 0.613
2530.000 0.616
2531.000 0.615
2532.000 0.617
2533.000 0.618
2534.000 0.619
2535.000 0.617
2536.000 0.616
2537.000 0.618
2538.000 0.617
2539.000 0.616
2540.000 0.614
2541.000 0.615
2542.000 0.619
2543.000 0.616
2544.000 0.612
2545.000 0.615
2546.000 0.620
2547.000 0.614
2548.000 0.617
2549.000 0.620
2550.000 0.617
2551.000 0.616
2552.000 0.614
2553.000 0.616
2554.000 0.615
2555.000 0.619
2556.000 0.616
2557.000 0.616
2558.000 0.614
2559.000 0.613
2560.000 0.617
2561.000 0.619
2562.000 0.617
2563.000 0.623
2564.000 0.620
2565.000 0.619
2566.000 0.618
2567.000 0.623
2568.000 0.625
2569.000 0.621
2570.000 0.616
2571.000 0.621
2572.000 0.621
2573.000 0.621
2574.000 0.621
2575.000 0.620
2576.000 0.618
2577.000 0.622
2578.000 0.620
2579.000 0.622
2580.000 0.624
2581.000 0.623
2582.000 0.627
2583.000 0.626
2584.000 0.623
2585.000 0.624
2586.000 0.624
2587.000 0.625
2588.000 0.623
2589.000 0.622
2590.000 0.621
2591.000 0.626
2592.000 0.624
2593.000 0.625
2594.000 0.631
2595.000 0.630
2596.000 0.629
2597.000 0.631
2598.000 0.629
2599.000 0.624
2600.000 0.627
