1801.000 0.370
1802.000 1.530
1803.000 1.541
1804.000 1.547
1805.000 1.552
1806.000 1.562
1807.000 1.570
1808.000 1.582
1809.000 1.591
1810.000 1.598
1811.000 1.600
1812.000 1.608
1813.000 1.611
1814.000 1.615
1815.000 1.623
1816.000 1.630
1817.000 1.640
1818.000 1.641
1819.000 1.654
1820.000 1.659
1821.000 1.667
1822.000 1.677
1823.000 1.679
1824.000 1.688
1825.000 1.690
1826.000 1.699
1827.000 1.707
1828.000 1.708
1829.000 1.720
1830.000 1.727
1831.000 1.732
1832.000 1.738
1833.000 1.746
1834.000 1.753
1835.000 1.760
1836.000 1.766
1837.000 1.775
1838.000 1.776
1839.000 1.783
1840.000 1.789
1841.000 1.802
1842.000 1.806
1843.000 1.816
1844.000 1.827
1845.000 1.821
1846.000 1.828
1847.000 1.838
1848.000 1.839
1849.000 1.851
1850.000 1.857
1851.000 1.860
1852.000 1.870
1853.000 1.872
1854.000 1.881
1855.000 1.885
1856.000 1.895
1857.000 1.900
1858.000 1.909
1859.000 1.914
1860.000 1.914
1861.000 1.922
1862.000 1.925
1863.000 1.930
1864.000 1.942
1865.000 1.939
1866.000 1.950
1867.000 1.958
1868.000 1.962
1869.000 1.966
1870.000 1.973
1871.000 1.981
1872.000 1.979
1873.000 1.993
1874.000 1.996
1875.000 1.996
1876.000 2.002
1877.000 2.006
1878.000 2.014
1879.000 2.016
1880.000 2.023
1881.000 2.026
1882.000 2.032
1883.000 2.040
1884.000 2.041
1885.000 2.051
1886.000 2.052
1887.000 2.054
1888.000 2.061
1889.000 2.066
1890.000 2.070
1891.000 2.075
1892.000 2.077
1893.000 2.087
1894.000 2.092
1895.000 2.097
1896.000 2.099
1897.000 2.107
1898.000 2.112
1899.000 2.114
1900.000 2.123
1901.000 2.124
1902.000 2.129
1903.000 2.137
1904.000 2.140
1905.000 2.143
1906.000 2.146
1907.000 2.158
1908.000 2.160
1909.000 2.162
1910.000 2.162
1911.000 2.173
1912.000 2.176
1913.000 2.174
1914.000 2.182
1915.000 2.184
1916.000 2.185
1917.000 2.193
1918.000 2.198
1919.000 2.206
1920.000 2.204
1921.000 2.206
1922.000 2.215
1923.000 2.209
1924.000 2.223
1925.000 2.227
1926.000 2.238
1927.000 2.239
1928.000 2.244
1929.000 2.249
1930.000 2.257
1931.000 2.255
1932.000 2.268
1933.000 2.277
1934.000 2.271
1935.000 2.274
1936.000 2.285
1937.000 2.286
1938.000 2.291
1939.000 2.298
1940.000 2.306
1941.000 2.315
1942.000 2.314
1943.000 2.320
1944.000 2.329
1945.000 2.327
1946.000 2.337
1947.000 2.337
1948.000 2.350
1949.000 2.354
1950.000 2.357
1951.000 2.358
1952.000 2.372
1953.000 2.384
1954.000 2.393
1955.000 2.391
1956.000 2.396
1957.000 2.414
1958.000 2.408
1959.000 2.422
1960.000 2.432
1961.000 2.427
1962.000 2.446
1963.000 2.445
1964.000 2.451
1965.000 2.463
1966.000 2.474
1967.000 2.478
1968.000 2.480
1969.000 2.486
1970.000 2.496
1971.000 2.502
1972.000 2.521
1973.000 2.522
1974.000 2.523
1975.000 2.545
1976.000 2.552
1977.000 2.560
1978.000 2.566
1979.000 2.583
1980.000 2.578
1981.000 2.599
1982.000 2.594
1983.000 2.610
1984.000 2.623
1985.000 2.639
1986.000 2.652
1987.000 2.665
1988.000 2.678
1989.000 2.701
1990.000 2.713
1991.000 2.718
1992.000 2.742
1993.000 2.745
1994.000 2.765
1995.000 2.772
1996.000 2.772
1997.000 2.799
1998.000 2.822
1999.000 2.831
2000.000 2.842
2001.000 2.862
2002.000 2.884
2003.000 2.910
2004.000 2.936
2005.000 2.943
2006.000 2.948
2007.000 2.976
2008.000 3.001
2009.000 3.010
2010.000 3.048
2011.000 3.056
2012.000 3.079
2013.000 3.110
2014.000 3.138
2015.000 3.158
2016.000 3.176
2017.000 3.203
2018.000 3.220
2019.000 3.245
2020.000 3.270
2021.000 3.292
2022.000 3.337
2023.000 3.359
2024.000 3.382
2025.000 3.423
2026.000 3.446
2027.000 3.489
2028.000 3.533
2029.000 3.563
2030.000 3.581
2031.000 3.622
2032.000 3.654
2033.000 3.703
2034.000 3.741
2035.000 3.787
2036.000 3.832
2037.000 3.888
2038.000 3.944
2039.000 3.984
2040.000 4.051
2041.000 4.095
2042.000 4.156
2043.000 4.189
2044.000 4.251
2045.000 4.293
2046.000 4.371
2047.000 4.443
2048.000 4.529
2049.000 4.595
2050.000 4.661
2051.000 4.738
2052.000 4.833
2053.000 4.916
2054.000 4.963
2055.000 5.071
2056.000 5.148
2057.000 5.278
2058.000 5.356
2059.000 5.500
2060.000 5.615
2061.000 5.717
2062.000 5.865
2063.000 5.992
2064.000 6.167
2065.000 6.337
2066.000 6.381
2067.000 6.587
2068.000 6.785
2069.000 6.947
2070.000 7.194
2071.000 7.386
2072.000 7.676
2073.000 7.917
2074.000 8.165
2075.000 8.492
2076.000 8.777
2077.000 9.171
2078.000 9.575
2079.000 9.759
2080.000 10.212
2081.000 10.662
2082.000 11.102
2083.000 11.756
2084.000 12.362
2085.000 12.977
2086.000 13.788
2087.000 14.465
2088.000 15.487
2089.000 16.420
2090.000 17.356
2091.000 18.040
2092.000 19.211
2093.000 20.183
2094.000 21.541
2095.000 22.597
2096.000 23.633
2097.000 24.438
2098.000 24.891
2099.000 24.969
2100.000 24.598
2101.000 23.820
2102.000 23.250
2103.000 22.108
2104.000 20.692
2105.000 19.230
2106.000 18.088
2107.000 16.612
2108.000 15.592
2109.000 14.494
2110.000 13.558
2111.000 12.848
2112.000 11.951
2113.000 11.337
2114.000 10.662
2115.000 10.395
2116.000 9.888
2117.000 9.395
2118.000 8.890
2119.000 8.562
2120.000 8.147
2121.000 7.828
2122.000 7.459
2123.000 7.178
2124.000 6.942
2125.000 6.654
2126.000 6.418
2127.000 6.179
2128.000 6.081
2129.000 5.896
2130.000 5.711
2131.000 5.538
2132.000 5.405
2133.000 5.225
2134.000 5.078
2135.000 4.924
2136.000 4.767
2137.000 4.772
2138.000 4.582
2139.000 4.417
2140.000 4.417
2141.000 4.270
2142.000 4.193
2143.000 4.119
2144.000 4.023
2145.000 3.953
2146.000 3.843
2147.000 3.785
2148.000 3.715
2149.000 3.644
2150.000 3.583
2151.000 3.548
2152.000 3.473
2153.000 3.426
2154.000 3.354
2155.000 3.306
2156.000 3.264
2157.000 3.202
2158.000 3.165
2159.000 3.108
2160.000 3.077
2161.000 3.040
2162.000 2.990
2163.000 2.956
2164.000 2.939
2165.000 2.895
2166.000 2.864
2167.000 2.825
2168.000 2.794
2169.000 2.770
2170.000 2.732
2171.000 2.704
2172.000 2.682
2173.000 2.651
2174.000 2.628
2175.000 2.601
2176.000 2.594
2177.000 2.577
2178.000 2.551
2179.000 2.536
2180.000 2.511
2181.000 2.498
2182.000 2.484
2183.000 2.466
2184.000 2.455
2185.000 2.437
2186.000 2.419
2187.000 2.405
2188.000 2.390
2189.000 2.387
2190.000 2.382
2191.000 2.367
2192.000 2.358
2193.000 2.353
2194.000 2.343
2195.000 2.339
2196.000 2.336
2197.000 2.328
2198.000 2.334
2199.000 2.325
2200.000 2.323
2201.000 2.324
2202.000 2.325
2203.000 2.318
2204.000 2.329
2205.000 2.327
2206.000 2.332
2207.000 2.338
2208.000 2.340
2209.000 2.348
2210.000 2.356
2211.000 2.364
2212.000 2.369
2213.000 2.381
2214.000 2.389
2215.000 2.404
2216.000 2.416
2217.000 2.440
2218.000 2.451
2219.000 2.469
2220.000 2.500
2221.000 2.503
2222.000 2.528
2223.000 2.554
2224.000 2.569
2225.000 2.590
2226.000 2.618
2227.000 2.636
2228.000 2.674
2229.000 2.702
2230.000 2.747
2231.000 2.792
2232.000 2.831
2233.000 2.884
2234.000 2.941
2235.000 3.000
2236.000 3.051
2237.000 3.078
2238.000 3.143
2239.000 3.211
2240.000 3.266
2241.000 3.365
2242.000 3.455
2243.000 3.541
2244.000 3.655
2245.000 3.734
2246.000 3.883
2247.000 4.013
2248.000 4.132
2249.000 4.240
2250.000 4.404
2251.000 4.549
2252.000 4.770
2253.000 4.954
2254.000 5.233
2255.000 5.479
2256.000 5.722
2257.000 6.089
2258.000 6.403
2259.000 6.847
2260.000 7.288
2261.000 7.485
2262.000 8.007
2263.000 8.591
2264.000 9.097
2265.000 9.820
2266.000 10.461
2267.000 10.998
2268.000 11.566
2269.000 11.903
2270.000 12.050
2271.000 11.929
2272.000 11.558
2273.000 11.237
2274.000 10.492
2275.000 9.769
2276.000 8.866
2277.000 8.195
2278.000 7.433
2279.000 6.833
2280.000 6.384
2281.000 5.840
2282.000 5.504
2283.000 5.053
2284.000 4.749
2285.000 4.471
2286.000 4.321
2287.000 4.087
2288.000 3.873
2289.000 3.665
2290.000 3.533
2291.000 3.315
2292.000 3.168
2293.000 3.044
2294.000 2.898
2295.000 2.800
2296.000 2.674
2297.000 2.569
2298.000 2.538
2299.000 2.433
2300.000 2.349
2301.000 2.273
2302.000 2.199
2303.000 2.143
2304.000 2.067
2305.000 2.004
2306.000 1.961
2307.000 1.894
2308.000 1.854
2309.000 1.795
2310.000 1.776
2311.000 1.742
2312.000 1.689
2313.000 1.649
2314.000 1.625
2315.000 1.574
2316.000 1.551
2317.000 1.511
2318.000 1.484
2319.000 1.462
2320.000 1.429
2321.000 1.406
2322.000 1.388
2323.000 1.350
2324.000 1.348
2325.000 1.308
2326.000 1.307
2327.000 1.278
2328.000 1.242
2329.000 1.241
2330.000 1.215
2331.000 1.195
2332.000 1.190
2333.000 1.155
2334.000 1.150
2335.000 1.152
2336.000 1.125
2337.000 1.113
2338.000 1.097
2339.000 1.081
2340.000 1.072
2341.000 1.059
2342.000 1.052
2343.000 1.035
2344.000 1.028
2345.000 1.013
2346.000 1.002
2347.000 1.002
2348.000 0.995
2349.000 0.980
2350.000 0.969
2351.000 0.963
2352.000 0.954
2353.000 0.951
2354.000 0.933
2355.000 0.926
2356.000 0.920
2357.000 0.910
2358.000 0.906
2359.000 0.903
2360.000 0.893
2361.000 0.891
2362.000 0.884
2363.000 0.876
2364.000 0.870
2365.000 0.864
2366.000 0.860
2367.000 0.852
2368.000 0.846
2369.000 0.845
2370.000 0.837
2371.000 0.834
2372.000 0.829
2373.000 0.825
2374.000 0.820
2375.000 0.820
2376.000 0.809
2377.000 0.812
2378.000 0.806
2379.000 0.803
2380.000 0.796
2381.000 0.790
2382.000 0.789
2383.000 0.785
2384.000 0.778
2385.000 0.778
2386.000 0.774
2387.000 0.770
2388.000 0.768
2389.000 0.763
2390.000 0.759
2391.000 0.762
2392.000 0.756
2393.000 0.751
2394.000 0.750
2395.000 0.750
2396.000 0.746
2397.000 0.743
2398.000 0.738
2399.000 0.738
2400.000 0.736
2401.000 0.731
2402.000 0.727
2403.000 0.727
2404.000 0.726
2405.000 0.721
2406.000 0.720
2407.000 0.718
2408.000 0.716
2409.000 0.715
2410.000 0.710
2411.000 0.710
2412.000 0.710
2413.000 0.708
2414.000 0.702
2415.000 0.705
2416.000 0.701
2417.000 0.700
2418.000 0.693
2419.000 0.699
2420.000 0.696
2421.000 0.698
2422.000 0.692
2423.000 0.690
2424.000 0.691
2425.000 0.684
2426.000 0.683
2427.000 0.685
2428.000 0.682
2429.000 0.682
2430.000 0.682
2431.000 0.679
2432.000 0.677
2433.000 0.674
2434.000 0.676
2435.000 0.679
2436.000 0.675
2437.000 0.676
2438.000 0.672
2439.000 0.669
2440.000 0.675
2441.000 0.667
2442.000 0.668
2443.000 0.668
2444.000 0.667
2445.000 0.665
2446.000 0.672
2447.000 0.667
2448.000 0.663
2449.000 0.661
2450.000 0.662
2451.000 0.661
2452.000 0.661
2453.000 0.663
2454.000 0.654
2455.000 0.654
2456.000 0.657
2457.000 0.653
2458.000 0.689
2459.000 0.655
2460.000 0.652
2461.000 0.655
2462.000 0.653
2463.000 0.654
2464.000 0.649
2465.000 0.652
2466.000 0.654
2467.000 0.649
2468.000 0.652
2469.000 0.650
2470.000 0.651
2471.000 0.648
2472.000 0.646
2473.000 0.646
2474.000 0.648
2475.000 0.647
2476.000 0.648
2477.000 0.645
2478.000 0.647
2479.000 0.651
2480.000 0.645
2481.000 0.645
2482.000 0.643
2483.000 0.645
2484.000 0.644
2485.000 0.644
2486.000 0.642
2487.000 0.640
2488.000 0.643
2489.000 0.641
2490.000 0.640
2491.000 0.640
2492.000 0.642
2493.000 0.640
2494.000 0.640
2495.000 0.642
2496.000 0.639
2497.000 0.640
2498.000 0.638
2499.000 0.641
2500.000 0.640
2501.000 0.637
2502.000 0.639
2503.000 0.641
2504.000 0.641
2505.000 0.638
2506.000 0.639
2507.000 0.637
2508.000 0.641
2509.000 0.637
2510.000 0.638
2511.000 0.642
2512.000 0.637
2513.000 0.638
2514.000 0.638
2515.000 0.636
2516.000 0.638
2517.000 0.639
2518.000 0.635
2519.000 0.638
2520.000 0.634
2521.000 0.637
2522.000 0.639
2523.000 0.635
2524.000 0.634
2525.000 0.638
2526.000 0.638
2527.000 0.639
2528.000 0.634
2529.000 0.638
2530.000 0.633
2531.000 0.639
2532.000 0.636
2533.000 0.635
2534.000 0.636
2535.000 0.635
2536.000 0.638
2537.000 0.639
2538.000 0.638
2539.000 0.636
2540.000 0.636
2541.000 0.639
2542.000 0.635
2543.000 0.637
2544.000 0.637
2545.000 0.637
2546.000 0.635
2547.000 0.636
2548.000 0.635
2549.000 0.637
2550.000 0.638
2551.000 0.638
2552.000 0.640
2553.000 0.639
2554.000 0.636
2555.000 0.636
2556.000 0.638
2557.000 0.638
2558.000 0.641
2559.000 0.637
2560.000 0.636
2561.000 0.636
2562.000 0.635
2563.000 0.640
2564.000 0.636
2565.000 0.639
2566.000 0.641
2567.000 0.640
2568.000 0.641
2569.000 0.643
2570.000 0.639
2571.000 0.641
2572.000 0.640
2573.000 0.640
2574.000 0.642
2575.000 0.639
2576.000 0.640
2577.000 0.640
2578.000 0.641
2579.000 0.639
2580.000 0.645
2581.000 0.640
2582.000 0.645
2583.000 0.644
2584.000 0.646
2585.000 0.645
2586.000 0.644
2587.000 0.647
2588.000 0.642
2589.000 0.646
2590.000 0.648
2591.000 0.643
2592.000 0.645
2593.000 0.645
2594.000 0.647
2595.000 0.650
2596.000 0.649
2597.000 0.650
2598.000 0.648
2599.000 0.648
2600.000 0.651
