1801.000 1.494
1802.000 1.495
1803.000 1.508
1804.000 1.508
1805.000 1.518
1806.000 1.524
1807.000 1.534
1808.000 1.546
1809.000 1.551
1810.000 1.550
1811.000 1.559
1812.000 1.568
1813.000 1.570
1814.000 1.582
1815.000 1.588
1816.000 1.593
1817.000 1.600
1818.000 1.604
1819.000 1.616
1820.000 1.620
1821.000 1.626
1822.000 1.634
1823.000 1.647
1824.000 1.648
1825.000 1.654
1826.000 1.659
1827.000 1.666
1828.000 1.676
1829.000 1.680
1830.000 1.685
1831.000 1.694
1832.000 1.704
1833.000 1.705
1834.000 1.712
1835.000 1.719
1836.000 1.730
1837.000 1.737
1838.000 1.737
1839.000 1.746
1840.000 1.748
1841.000 1.762
1842.000 1.765
1843.000 1.772
1844.000 1.776
1845.000 1.786
1846.000 1.795
1847.000 1.799
1848.000 1.803
1849.000 1.813
1850.000 1.815
1851.000 1.819
1852.000 1.823
1853.000 1.833
1854.000 1.836
1855.000 1.844
1856.000 1.852
1857.000 1.855
1858.000 1.865
1859.000 1.870
1860.000 1.876
1861.000 1.886
1862.000 1.890
1863.000 1.892
1864.000 1.898
1865.000 1.901
1866.000 1.913
1867.000 1.920
1868.000 1.924
1869.000 1.930
1870.000 1.940
1871.000 1.945
1872.000 1.946
1873.000 1.955
1874.000 1.957
1875.000 1.959
1876.000 1.966
1877.000 1.970
1878.000 1.976
1879.000 1.983
1880.000 1.986
1881.000 1.998
1882.000 1.997
1883.000 2.007
1884.000 2.011
1885.000 2.014
1886.000 2.018
1887.000 2.020
1888.000 2.022
1889.000 2.034
1890.000 2.039
1891.000 2.038
1892.000 2.040
1893.000 2.052
1894.000 2.055
1895.000 2.059
1896.000 2.068
1897.000 2.072
1898.000 2.079
1899.000 2.078
1900.000 2.083
1901.000 2.085
1902.000 2.089
1903.000 2.097
1904.000 2.100
1905.000 2.101
1906.000 2.107
1907.000 2.107
1908.000 2.112
1909.000 2.109
1910.000 2.115
1911.000 2.117
1912.000 2.130
1913.000 2.133
1914.000 2.133
1915.000 2.138
1916.000 2.140
1917.000 2.148
1918.000 2.155
1919.000 2.157
1920.000 2.163
1921.000 2.166
1922.000 2.169
1923.000 2.170
1924.000 2.173
1925.000 2.178
1926.000 2.185
1927.000 2.184
1928.000 2.192
1929.000 2.194
1930.000 2.207
1931.000 2.204
1932.000 2.216
1933.000 2.221
1934.000 2.221
1935.000 2.224
1936.000 2.224
1937.000 2.232
1938.000 2.240
1939.000 2.243
1940.000 2.254
1941.000 2.262
1942.000 2.268
1943.000 2.272
1944.000 2.282
1945.000 2.282
1946.000 2.296
1947.000 2.297
1948.000 2.301
1949.000 2.301
1950.000 2.303
1951.000 2.308
1952.000 2.319
1953.000 2.325
1954.000 2.329
1955.000 2.334
1956.000 2.341
1957.000 2.351
1958.000 2.369
1959.000 2.363
1960.000 2.378
1961.000 2.372
1962.000 2.392
1963.000 2.391
1964.000 2.395
1965.000 2.410
1966.000 2.418
1967.000 2.419
1968.000 2.430
1969.000 2.440
1970.000 2.446
1971.000 2.457
1972.000 2.477
1973.000 2.478
1974.000 2.477
1975.000 2.499
1976.000 2.507
1977.000 2.514
1978.000 2.526
1979.000 2.543
1980.000 2.541
1981.000 2.557
1982.000 2.578
1983.000 2.587
1984.000 2.580
1985.000 2.597
1986.000 2.607
1987.000 2.622
1988.000 2.632
1989.000 2.657
1990.000 2.666
1991.000 2.665
1992.000 2.699
1993.000 2.694
1994.000 2.721
1995.000 2.730
1996.000 2.727
1997.000 2.750
1998.000 2.773
1999.000 2.785
2000.000 2.797
2001.000 2.816
2002.000 2.841
2003.000 2.865
2004.000 2.890
2005.000 2.898
2006.000 2.913
2007.000 2.924
2008.000 2.951
2009.000 2.963
2010.000 2.989
2011.000 3.006
2012.000 3.022
2013.000 3.060
2014.000 3.092
2015.000 3.103
2016.000 3.131
2017.000 3.176
2018.000 3.186
2019.000 3.218
2020.000 3.222
2021.000 3.245
2022.000 3.288
2023.000 3.303
2024.000 3.346
2025.000 3.382
2026.000 3.405
2027.000 3.440
2028.000 3.484
2029.000 3.516
2030.000 3.556
2031.000 3.578
2032.000 3.629
2033.000 3.660
2034.000 3.680
2035.000 3.742
2036.000 3.789
2037.000 3.835
2038.000 3.888
2039.000 3.925
2040.000 3.991
2041.000 4.036
2042.000 4.106
2043.000 4.160
2044.000 4.224
2045.000 4.247
2046.000 4.323
2047.000 4.389
2048.000 4.472
2049.000 4.534
2050.000 4.603
2051.000 4.703
2052.000 4.776
2053.000 4.869
2054.000 4.965
2055.000 5.052
2056.000 5.104
2057.000 5.225
2058.000 5.317
2059.000 5.451
2060.000 5.541
2061.000 5.700
2062.000 5.846
2063.000 5.972
2064.000 6.143
2065.000 6.304
2066.000 6.481
2067.000 6.664
2068.000 6.818
2069.000 6.958
2070.000 7.181
2071.000 7.382
2072.000 7.649
2073.000 7.925
2074.000 8.216
2075.000 8.490
2076.000 8.748
2077.000 9.222
2078.000 9.585
2079.000 9.955
2080.000 10.458
2081.000 10.703
2082.000 11.162
2083.000 11.808
2084.000 12.367
2085.000 13.152
2086.000 13.896
2087.000 14.560
2088.000 15.635
2089.000 16.584
2090.000 17.618
2091.000 18.860
2092.000 19.911
2093.000 21.252
2094.000 21.894
2095.000 22.928
2096.000 24.063
2097.000 24.884
2098.000 25.323
2099.000 25.388
2100.000 25.068
2101.000 24.146
2102.000 22.971
2103.000 21.736
2104.000 20.117
2105.000 19.421
2106.000 18.213
2107.000 16.781
2108.000 15.720
2109.000 14.587
2110.000 13.675
2111.000 12.936
2112.000 12.066
2113.000 11.508
2114.000 10.755
2115.000 10.210
2116.000 9.741
2117.000 9.457
2118.000 9.039
2119.000 8.661
2120.000 8.244
2121.000 7.979
2122.000 7.534
2123.000 7.289
2124.000 7.055
2125.000 6.765
2126.000 6.566
2127.000 6.304
2128.000 6.080
2129.000 5.942
2130.000 5.800
2131.000 5.608
2132.000 5.511
2133.000 5.318
2134.000 5.192
2135.000 5.028
2136.000 4.903
2137.000 4.804
2138.000 4.649
2139.000 4.555
2140.000 4.432
2141.000 4.337
2142.000 4.291
2143.000 4.195
2144.000 4.115
2145.000 4.048
2146.000 3.931
2147.000 3.881
2148.000 3.795
2149.000 3.721
2150.000 3.670
2151.000 3.586
2152.000 3.529
2153.000 3.506
2154.000 3.459
2155.000 3.386
2156.000 3.360
2157.000 3.297
2158.000 3.257
2159.000 3.198
2160.000 3.153
2161.000 3.175
2162.000 3.079
2163.000 3.051
2164.000 2.998
2165.000 2.997
2166.000 2.984
2167.000 2.930
2168.000 2.903
2169.000 2.853
2170.000 2.834
2171.000 2.809
2172.000 2.777
2173.000 2.737
2174.000 2.729
2175.000 2.714
2176.000 2.685
2177.000 2.666
2178.000 2.657
2179.000 2.643
2180.000 2.614
2181.000 2.604
2182.000 2.583
2183.000 2.566
2184.000 2.566
2185.000 2.540
2186.000 2.536
2187.000 2.509
2188.000 2.531
2189.000 2.503
2190.000 2.499
2191.000 2.494
2192.000 2.486
2193.000 2.479
2194.000 2.482
2195.000 2.464
2196.000 2.462
2197.000 2.452
2198.000 2.469
2199.000 2.459
2200.000 2.450
2201.000 2.461
2202.000 2.450
2203.000 2.447
2204.000 2.449
2205.000 2.458
2206.000 2.455
2207.000 2.465
2208.000 2.473
2209.000 2.481
2210.000 2.487
2211.000 2.492
2212.000 2.511
2213.000 2.518
2214.000 2.535
2215.000 2.544
2216.000 2.561
2217.000 2.575
2218.000 2.600
2219.000 2.613
2220.000 2.644
2221.000 2.675
2222.000 2.692
2223.000 2.713
2224.000 2.727
2225.000 2.768
2226.000 2.805
2227.000 2.823
2228.000 2.860
2229.000 2.903
2230.000 2.942
2231.000 2.983
2232.000 3.053
2233.000 3.080
2234.000 3.166
2235.000 3.194
2236.000 3.298
2237.000 3.286
2238.000 3.369
2239.000 3.466
2240.000 3.489
2241.000 3.602
2242.000 3.693
2243.000 3.774
2244.000 3.896
2245.000 3.993
2246.000 4.159
2247.000 4.286
2248.000 4.413
2249.000 4.611
2250.000 4.746
2251.000 4.855
2252.000 5.085
2253.000 5.269
2254.000 5.568
2255.000 5.826
2256.000 6.071
2257.000 6.463
2258.000 6.824
2259.000 7.239
2260.000 7.706
2261.000 8.127
2262.000 8.758
2263.000 9.063
2264.000 9.592
2265.000 10.340
2266.000 11.034
2267.000 11.633
2268.000 12.284
2269.000 12.683
2270.000 12.954
2271.000 12.946
2272.000 12.681
2273.000 12.077
2274.000 11.330
2275.000 10.441
2276.000 9.964
2277.000 9.197
2278.000 8.385
2279.000 7.663
2280.000 7.220
2281.000 6.594
2282.000 6.181
2283.000 5.664
2284.000 5.293
2285.000 5.013
2286.000 4.697
2287.000 4.483
2288.000 4.362
2289.000 4.065
2290.000 3.924
2291.000 3.702
2292.000 3.524
2293.000 3.395
2294.000 3.259
2295.000 3.151
2296.000 2.989
2297.000 2.870
2298.000 2.784
2299.000 2.704
2300.000 2.623
2301.000 2.542
2302.000 2.451
2303.000 2.391
2304.000 2.303
2305.000 2.237
2306.000 2.185
2307.000 2.115
2308.000 2.068
2309.000 2.001
2310.000 1.949
2311.000 1.912
2312.000 1.875
2313.000 1.831
2314.000 1.794
2315.000 1.746
2316.000 1.718
2317.000 1.710
2318.000 1.665
2319.000 1.605
2320.000 1.564
2321.000 1.548
2322.000 1.494
2323.000 1.479
2324.000 1.473
2325.000 1.448
2326.000 1.419
2327.000 1.405
2328.000 1.370
2329.000 1.387
2330.000 1.357
2331.000 1.308
2332.000 1.297
2333.000 1.273
2334.000 1.259
2335.000 1.242
2336.000 1.223
2337.000 1.221
2338.000 1.196
2339.000 1.181
2340.000 1.138
2341.000 1.158
2342.000 1.143
2343.000 1.148
2344.000 1.117
2345.000 1.105
2346.000 1.086
2347.000 1.080
2348.000 1.066
2349.000 1.058
2350.000 1.055
2351.000 1.046
2352.000 1.035
2353.000 1.025
2354.000 1.010
2355.000 0.965
2356.000 0.989
2357.000 0.981
2358.000 0.981
2359.000 0.973
2360.000 0.969
2361.000 0.963
2362.000 0.949
2363.000 0.945
2364.000 0.939
2365.000 0.935
2366.000 0.929
2367.000 0.917
2368.000 0.908
2369.000 0.896
2370.000 0.889
2371.000 0.889
2372.000 0.885
2373.000 0.884
2374.000 0.877
2375.000 0.882
2376.000 0.870
2377.000 0.863
2378.000 0.861
2379.000 0.855
2380.000 0.847
2381.000 0.840
2382.000 0.838
2383.000 0.832
2384.000 0.831
2385.000 0.826
2386.000 0.823
2387.000 0.817
2388.000 0.818
2389.000 0.811
2390.000 0.812
2391.000 0.805
2392.000 0.799
2393.000 0.802
2394.000 0.798
2395.000 0.795
2396.000 0.788
2397.000 0.784
2398.000 0.787
2399.000 0.780
2400.000 0.778
2401.000 0.778
2402.000 0.781
2403.000 0.776
2404.000 0.766
2405.000 0.763
2406.000 0.761
2407.000 0.761
2408.000 0.757
2409.000 0.757
2410.000 0.757
2411.000 0.753
2412.000 0.751
2413.000 0.745
2414.000 0.745
2415.000 0.741
2416.000 0.739
2417.000 0.737
2418.000 0.738
2419.000 0.738
2420.000 0.730
2421.000 0.730
2422.000 0.732
2423.000 0.728
2424.000 0.729
2425.000 0.727
2426.000 0.718
2427.000 0.722
2428.000 0.719
2429.000 0.716
2430.000 0.717
2431.000 0.716
2432.000 0.716
2433.000 0.715
2434.000 0.709
2435.000 0.709
2436.000 0.708
2437.000 0.703
2438.000 0.706
2439.000 0.705
2440.000 0.701
2441.000 0.702
2442.000 0.701
2443.000 0.696
2444.000 0.695
2445.000 0.693
2446.000 0.693
2447.000 0.690
2448.000 0.692
2449.000 0.693
2450.000 0.692
2451.000 0.692
2452.000 0.689
2453.000 0.688
2454.000 0.690
2455.000 0.685
2456.000 0.685
2457.000 0.685
2458.000 0.687
2459.000 0.682
2460.000 0.678
2461.000 0.678
2462.000 0.683
2463.000 0.678
2464.000 0.678
2465.000 0.684
2466.000 0.681
2467.000 0.678
2468.000 0.677
2469.000 0.676
2470.000 0.677
2471.000 0.676
2472.000 0.672
2473.000 0.675
2474.000 0.675
2475.000 0.675
2476.000 0.672
2477.000 0.672
2478.000 0.676
2479.000 0.672
2480.000 0.669
2481.000 0.674
2482.000 0.673
2483.000 0.673
2484.000 0.667
2485.000 0.668
2486.000 0.671
2487.000 0.667
2488.000 0.667
2489.000 0.665
2490.000 0.667
2491.000 0.660
2492.000 0.664
2493.000 0.666
2494.000 0.670
2495.000 0.665
2496.000 0.668
2497.000 0.668
2498.000 0.670
2499.000 0.664
2500.000 0.662
2501.000 0.660
2502.000 0.666
2503.000 0.661
2504.000 0.664
2505.000 0.662
2506.000 0.662
2507.000 0.661
2508.000 0.665
2509.000 0.663
2510.000 0.662
2511.000 0.663
2512.000 0.665
2513.000 0.664
2514.000 0.663
2515.000 0.663
2516.000 0.661
2517.000 0.660
2518.000 0.659
2519.000 0.659
2520.000 0.663
2521.000 0.664
2522.000 0.661
2523.000 0.659
2524.000 0.665
2525.000 0.661
2526.000 0.663
2527.000 0.659
2528.000 0.662
2529.000 0.660
2530.000 0.660
2531.000 0.659
2532.000 0.661
2533.000 0.660
2534.000 0.661
2535.000 0.661
2536.000 0.660
2537.000 0.660
2538.000 0.663
2539.000 0.660
2540.000 0.663
2541.000 0.661
2542.000 0.661
2543.000 0.662
2544.000 0.662
2545.000 0.662
2546.000 0.663
2547.000 0.665
2548.000 0.659
2549.000 0.662
2550.000 0.658
2551.000 0.663
2552.000 0.664
2553.000 0.664
2554.000 0.659
2555.000 0.661
2556.000 0.661
2557.000 0.660
2558.000 0.664
2559.000 0.665
2560.000 0.666
2561.000 0.664
2562.000 0.664
2563.000 0.661
2564.000 0.662
2565.000 0.665
2566.000 0.662
2567.000 0.667
2568.000 0.669
2569.000 0.667
2570.000 0.665
2571.000 0.668
2572.000 0.668
2573.000 0.667
2574.000 0.665
2575.000 0.668
2576.000 0.667
2577.000 0.666
2578.000 0.662
2579.000 0.663
2580.000 0.667
2581.000 0.664
2582.000 0.673
2583.000 0.668
2584.000 0.673
2585.000 0.671
2586.000 0.672
2587.000 0.669
2588.000 0.669
2589.000 0.672
2590.000 0.673
2591.000 0.672
2592.000 0.671
2593.000 0.673
2594.000 0.671
2595.000 0.673
2596.000 0.674
2597.000 0.674
2598.000 0.675
2599.000 0.673
2600.000 0.677
