1801.000 0.009
1802.000 2.218
1803.000 2.227
1804.000 2.244
1805.000 2.250
1806.000 2.262
1807.000 2.277
1808.000 2.288
1809.000 2.303
1810.000 2.307
1811.000 2.324
1812.000 2.335
1813.000 2.348
1814.000 2.358
1815.000 2.363
1816.000 2.380
1817.000 2.384
1818.000 2.395
1819.000 2.406
1820.000 2.419
1821.000 2.431
1822.000 2.443
1823.000 2.450
1824.000 2.466
1825.000 2.469
1826.000 2.478
1827.000 2.489
1828.000 2.503
1829.000 2.515
1830.000 2.519
1831.000 2.532
1832.000 2.540
1833.000 2.554
1834.000 2.562
1835.000 2.576
1836.000 2.587
1837.000 2.589
1838.000 2.601
1839.000 2.610
1840.000 2.621
1841.000 2.633
1842.000 2.647
1843.000 2.660
1844.000 2.665
1845.000 2.678
1846.000 2.686
1847.000 2.694
1848.000 2.707
1849.000 2.719
1850.000 2.721
1851.000 2.731
1852.000 2.740
1853.000 2.750
1854.000 2.757
1855.000 2.772
1856.000 2.774
1857.000 2.787
1858.000 2.799
1859.000 2.811
1860.000 2.824
1861.000 2.834
1862.000 2.845
1863.000 2.849
1864.000 2.853
1865.000 2.865
1866.000 2.872
1867.000 2.886
1868.000 2.894
1869.000 2.897
1870.000 2.907
1871.000 2.915
1872.000 2.922
1873.000 2.933
1874.000 2.936
1875.000 2.942
1876.000 2.955
1877.000 2.956
1878.000 2.970
1879.000 2.982
1880.000 2.985
1881.000 2.993
1882.000 3.005
1883.000 3.013
1884.000 3.020
1885.000 3.026
1886.000 3.031
1887.000 3.035
1888.000 3.045
1889.000 3.052
1890.000 3.062
1891.000 3.074
1892.000 3.081
1893.000 3.087
1894.000 3.097
1895.000 3.106
1896.000 3.112
1897.000 3.118
1898.000 3.124
1899.000 3.132
1900.000 3.136
1901.000 3.143
1902.000 3.149
1903.000 3.161
1904.000 3.171
1905.000 3.172
1906.000 3.180
1907.000 3.182
1908.000 3.198
1909.000 3.202
1910.000 3.209
1911.000 3.210
1912.000 3.218
1913.000 3.222
1914.000 3.231
1915.000 3.236
1916.000 3.239
1917.000 3.246
1918.000 3.254
1919.000 3.265
1920.000 3.264
1921.000 3.270
1922.000 3.272
1923.000 3.284
1924.000 3.289
1925.000 3.293
1926.000 3.299
1927.000 3.307
1928.000 3.312
1929.000 3.326
1930.000 3.327
1931.000 3.333
1932.000 3.337
1933.000 3.336
1934.000 3.347
1935.000 3.347
1936.000 3.348
1937.000 3.361
1938.000 3.367
1939.000 3.375
1940.000 3.375
1941.000 3.381
1942.000 3.392
1943.000 3.405
1944.000 3.412
1945.000 3.421
1946.000 3.428
1947.000 3.435
1948.000 3.434
1949.000 3.450
1950.000 3.462
1951.000 3.467
1952.000 3.472
1953.000 3.486
1954.000 3.494
1955.000 3.510
1956.000 3.517
1957.000 3.525
1958.000 3.527
1959.000 3.545
1960.000 3.542
1961.000 3.563
1962.000 3.555
1963.000 3.571
1964.000 3.580
1965.000 3.576
1966.000 3.590
1967.000 3.604
1968.000 3.619
1969.000 3.631
1970.000 3.640
1971.000 3.641
1972.000 3.650
1973.000 3.651
1974.000 3.662
1975.000 3.680
1976.000 3.677
1977.000 3.701
1978.000 3.695
1979.000 3.717
1980.000 3.716
1981.000 3.722
1982.000 3.746
1983.000 3.744
1984.000 3.753
1985.000 3.777
1986.000 3.786
1987.000 3.798
1988.000 3.827
1989.000 3.844
1990.000 3.807
1991.000 3.831
1992.000 3.865
1993.000 3.863
1994.000 3.899
1995.000 3.905
1996.000 3.903
1997.000 3.921
1998.000 3.943
1999.000 3.960
2000.000 3.970
2001.000 3.989
2002.000 4.011
2003.000 4.034
2004.000 4.059
2005.000 4.076
2006.000 4.098
2007.000 4.125
2008.000 4.134
2009.000 4.136
2010.000 4.180
2011.000 4.190
2012.000 4.230
2013.000 4.266
2014.000 4.279
2015.000 4.293
2016.000 4.319
2017.000 4.346
2018.000 4.380
2019.000 4.409
2020.000 4.428
2021.000 4.451
2022.000 4.491
2023.000 4.528
2024.000 4.547
2025.000 4.595
2026.000 4.617
2027.000 4.661
2028.000 4.693
2029.000 4.716
2030.000 4.769
2031.000 4.811
2032.000 4.840
2033.000 4.888
2034.000 4.932
2035.000 4.972
2036.000 5.019
2037.000 5.068
2038.000 5.122
2039.000 5.181
2040.000 5.215
2041.000 5.295
2042.000 5.343
2043.000 5.406
2044.000 5.467
2045.000 5.519
2046.000 5.572
2047.000 5.656
2048.000 5.711
2049.000 5.806
2050.000 5.888
2051.000 5.966
2052.000 6.062
2053.000 6.146
2054.000 6.239
2055.000 6.345
2056.000 6.434
2057.000 6.519
2058.000 6.616
2059.000 6.731
2060.000 6.862
2061.000 6.996
2062.000 7.126
2063.000 7.287
2064.000 7.405
2065.000 7.601
2066.000 7.788
2067.000 7.939
2068.000 8.168
2069.000 8.292
2070.000 8.470
2071.000 8.738
2072.000 8.941
2073.000 9.251
2074.000 9.513
2075.000 9.772
2076.000 10.150
2077.000 10.505
2078.000 10.887
2079.000 11.314
2080.000 11.696
2081.000 11.990
2082.000 12.540
2083.000 12.998
2084.000 13.708
2085.000 14.361
2086.000 14.925
2087.000 15.817
2088.000 16.561
2089.000 17.420
2090.000 18.350
2091.000 19.103
2092.000 20.089
2093.000 20.522
2094.000 21.184
2095.000 21.808
2096.000 22.189
2097.000 22.251
2098.000 22.003
2099.000 21.541
2100.000 20.672
2101.000 19.577
2102.000 18.531
2103.000 17.170
2104.000 16.098
2105.000 14.814
2106.000 14.249
2107.000 13.341
2108.000 12.262
2109.000 11.420
2110.000 10.757
2111.000 9.940
2112.000 9.382
2113.000 8.703
2114.000 8.194
2115.000 7.776
2116.000 7.265
2117.000 6.886
2118.000 6.719
2119.000 6.283
2120.000 5.985
2121.000 5.619
2122.000 5.358
2123.000 5.119
2124.000 4.833
2125.000 4.603
2126.000 4.373
2127.000 4.169
2128.000 4.002
2129.000 3.885
2130.000 3.708
2131.000 3.569
2132.000 3.390
2133.000 3.241
2134.000 3.109
2135.000 2.964
2136.000 2.853
2137.000 2.706
2138.000 2.588
2139.000 2.488
2140.000 2.376
2141.000 2.282
2142.000 2.229
2143.000 2.131
2144.000 2.052
2145.000 1.948
2146.000 1.867
2147.000 1.802
2148.000 1.698
2149.000 1.657
2150.000 1.568
2151.000 1.474
2152.000 1.428
2153.000 1.362
2154.000 1.323
2155.000 1.266
2156.000 1.201
2157.000 1.146
2158.000 1.083
2159.000 1.031
2160.000 0.980
2161.000 0.920
2162.000 0.870
2163.000 0.817
2164.000 0.778
2165.000 0.742
2166.000 0.683
2167.000 0.660
2168.000 0.622
2169.000 0.577
2170.000 0.533
2171.000 0.499
2172.000 0.457
2173.000 0.426
2174.000 0.385
2175.000 0.350
2176.000 0.322
2177.000 0.289
2178.000 0.277
2179.000 0.256
2180.000 0.237
2181.000 0.222
2182.000 0.212
2183.000 0.214
2184.000 0.216
2185.000 0.232
2186.000 0.252
2187.000 0.263
2188.000 0.289
2189.000 0.307
2190.000 0.327
2191.000 0.351
2192.000 0.379
2193.000 0.417
2194.000 0.439
2195.000 0.462
2196.000 0.502
2197.000 0.534
2198.000 0.568
2199.000 0.596
2200.000 0.627
2201.000 0.669
2202.000 0.697
2203.000 0.716
2204.000 0.756
2205.000 0.786
2206.000 0.828
2207.000 0.868
2208.000 0.899
2209.000 0.944
2210.000 0.980
2211.000 1.023
2212.000 1.061
2213.000 1.104
2214.000 1.149
2215.000 1.172
2216.000 1.196
2217.000 1.255
2218.000 1.313
2219.000 1.350
2220.000 1.400
2221.000 1.436
2222.000 1.493
2223.000 1.547
2224.000 1.597
2225.000 1.658
2226.000 1.692
2227.000 1.736
2228.000 1.803
2229.000 1.857
2230.000 1.937
2231.000 2.009
2232.000 2.065
2233.000 2.150
2234.000 2.235
2235.000 2.322
2236.000 2.406
2237.000 2.485
2238.000 2.592
2239.000 2.646
2240.000 2.732
2241.000 2.865
2242.000 2.988
2243.000 3.100
2244.000 3.262
2245.000 3.367
2246.000 3.577
2247.000 3.732
2248.000 3.900
2249.000 4.119
2250.000 4.289
2251.000 4.575
2252.000 4.686
2253.000 4.929
2254.000 5.261
2255.000 5.585
2256.000 5.881
2257.000 6.369
2258.000 6.792
2259.000 7.265
2260.000 7.844
2261.000 8.338
2262.000 9.061
2263.000 9.747
2264.000 10.015
2265.000 10.784
2266.000 11.510
2267.000 12.116
2268.000 12.662
2269.000 12.940
2270.000 12.961
2271.000 12.680
2272.000 12.215
2273.000 11.438
2274.000 10.659
2275.000 10.322
2276.000 9.423
2277.000 8.725
2278.000 8.066
2279.000 7.451
2280.000 7.025
2281.000 6.460
2282.000 6.084
2283.000 5.708
2284.000 5.379
2285.000 5.141
2286.000 4.812
2287.000 4.588
2288.000 4.493
2289.000 4.244
2290.000 4.063
2291.000 3.858
2292.000 3.715
2293.000 3.571
2294.000 3.422
2295.000 3.294
2296.000 3.165
2297.000 3.058
2298.000 2.981
2299.000 2.843
2300.000 2.795
2301.000 2.721
2302.000 2.610
2303.000 2.534
2304.000 2.468
2305.000 2.385
2306.000 2.331
2307.000 2.252
2308.000 2.186
2309.000 2.140
2310.000 2.080
2311.000 2.032
2312.000 1.974
2313.000 1.947
2314.000 1.894
2315.000 1.847
2316.000 1.799
2317.000 1.762
2318.000 1.710
2319.000 1.675
2320.000 1.633
2321.000 1.598
2322.000 1.567
2323.000 1.520
2324.000 1.508
2325.000 1.479
2326.000 1.446
2327.000 1.416
2328.000 1.383
2329.000 1.361
2330.000 1.336
2331.000 1.308
2332.000 1.279
2333.000 1.249
2334.000 1.230
2335.000 1.206
2336.000 1.198
2337.000 1.170
2338.000 1.152
2339.000 1.131
2340.000 1.110
2341.000 1.092
2342.000 1.071
2343.000 1.059
2344.000 1.029
2345.000 1.012
2346.000 1.007
2347.000 0.982
2348.000 0.968
2349.000 0.960
2350.000 0.942
2351.000 0.933
2352.000 0.910
2353.000 0.896
2354.000 0.882
2355.000 0.866
2356.000 0.854
2357.000 0.841
2358.000 0.828
2359.000 0.818
2360.000 0.801
2361.000 0.796
2362.000 0.784
2363.000 0.769
2364.000 0.755
2365.000 0.743
2366.000 0.731
2367.000 0.721
2368.000 0.707
2369.000 0.693
2370.000 0.687
2371.000 0.680
2372.000 0.670
2373.000 0.658
2374.000 0.646
2375.000 0.644
2376.000 0.630
2377.000 0.626
2378.000 0.614
2379.000 0.602
2380.000 0.595
2381.000 0.585
2382.000 0.577
2383.000 0.572
2384.000 0.561
2385.000 0.559
2386.000 0.551
2387.000 0.541
2388.000 0.532
2389.000 0.523
2390.000 0.515
2391.000 0.509
2392.000 0.499
2393.000 0.495
2394.000 0.487
2395.000 0.478
2396.000 0.472
2397.000 0.468
2398.000 0.463
2399.000 0.461
2400.000 0.451
2401.000 0.442
2402.000 0.438
2403.000 0.430
2404.000 0.427
2405.000 0.417
2406.000 0.411
2407.000 0.406
2408.000 0.396
2409.000 0.397
2410.000 0.390
2411.000 0.382
2412.000 0.378
2413.000 0.372
2414.000 0.371
2415.000 0.363
2416.000 0.355
2417.000 0.351
2418.000 0.344
2419.000 0.341
2420.000 0.333
2421.000 0.334
2422.000 0.325
2423.000 0.322
2424.000 0.314
2425.000 0.307
2426.000 0.304
2427.000 0.299
2428.000 0.298
2429.000 0.292
2430.000 0.290
2431.000 0.282
2432.000 0.280
2433.000 0.274
2434.000 0.272
2435.000 0.268
2436.000 0.264
2437.000 0.258
2438.000 0.252
2439.000 0.251
2440.000 0.243
2441.000 0.242
2442.000 0.239
2443.000 0.234
2444.000 0.232
2445.000 0.226
2446.000 0.223
2447.000 0.223
2448.000 0.219
2449.000 0.219
2450.000 0.210
2451.000 0.206
2452.000 0.203
2453.000 0.205
2454.000 0.197
2455.000 0.194
2456.000 0.190
2457.000 0.182
2458.000 0.185
2459.000 0.179
2460.000 0.176
2461.000 0.172
2462.000 0.171
2463.000 0.169
2464.000 0.164
2465.000 0.163
2466.000 0.159
2467.000 0.156
2468.000 0.148
2469.000 0.148
2470.000 0.141
2471.000 0.143
2472.000 0.138
2473.000 0.132
2474.000 0.135
2475.000 0.131
2476.000 0.126
2477.000 0.125
2478.000 0.127
2479.000 0.117
2480.000 0.116
2481.000 0.112
2482.000 0.112
2483.000 0.112
2484.000 0.106
2485.000 0.104
2486.000 0.102
2487.000 0.097
2488.000 0.095
2489.000 0.095
2490.000 0.094
2491.000 0.089
2492.000 0.087
2493.000 0.086
2494.000 0.079
2495.000 0.078
2496.000 0.076
2497.000 0.074
2498.000 0.073
2499.000 0.069
2500.000 0.067
2501.000 0.069
2502.000 0.061
2503.000 0.059
2504.000 0.059
2505.000 0.058
2506.000 0.053
2507.000 0.051
2508.000 0.047
2509.000 0.051
2510.000 0.045
2511.000 0.042
2512.000 0.042
2513.000 0.032
2514.000 0.034
2515.000 0.031
2516.000 0.028
2517.000 0.031
2518.000 0.024
2519.000 0.022
2520.000 0.022
2521.000 0.024
2522.000 0.019
2523.000 0.020
2524.000 0.015
2525.000 0.012
2526.000 0.013
2527.000 0.012
2528.000 0.007
2529.000 0.009
2530.000 0.011
2531.000 0.012
2532.000 0.007
2533.000 0.011
2534.000 0.013
2535.000 0.013
2536.000 0.017
2537.000 0.019
2538.000 0.020
2539.000 0.019
2540.000 0.023
2541.000 0.023
2542.000 0.024
2543.000 0.028
2544.000 0.030
2545.000 0.029
2546.000 0.033
2547.000 0.034
2548.000 0.034
2549.000 0.037
2550.000 0.038
2551.000 0.044
2552.000 0.042
2553.000 0.049
2554.000 0.050
2555.000 0.048
2556.000 0.052
2557.000 0.056
2558.000 0.054
2559.000 0.057
2560.000 0.059
2561.000 0.061
2562.000 0.060
2563.000 0.064
2564.000 0.067
2565.000 0.069
2566.000 0.069
2567.000 0.069
2568.000 0.074
2569.000 0.079
2570.000 0.077
2571.000 0.080
2572.000 0.082
2573.000 0.084
2574.000 0.085
2575.000 0.090
2576.000 0.093
2577.000 0.091
2578.000 0.092
2579.000 0.096
2580.000 0.095
2581.000 0.099
2582.000 0.097
2583.000 0.105
2584.000 0.100
2585.000 0.103
2586.000 0.107
2587.000 0.107
2588.000 0.110
2589.000 0.107
2590.000 0.115
2591.000 0.117
2592.000 0.113
2593.000 0.119
2594.000 0.119
2595.000 0.123
2596.000 0.130
2597.000 0.127
2598.000 0.130
2599.000 0.133
2600.000 0.133
