1801.000 1.191
1802.000 2.207
1803.000 2.220
1804.000 2.240
1805.000 2.240
1806.000 2.251
1807.000 2.262
1808.000 2.273
1809.000 2.283
1810.000 2.300
1811.000 2.304
1812.000 2.320
1813.000 2.336
1814.000 2.359
1815.000 2.361
1816.000 2.382
1817.000 2.424
1818.000 2.408
1819.000 2.420
1820.000 2.432
1821.000 2.432
1822.000 2.440
1823.000 2.450
1824.000 2.459
1825.000 2.478
1826.000 2.489
1827.000 2.502
1828.000 2.520
1829.000 2.521
1830.000 2.531
1831.000 2.555
1832.000 2.562
1833.000 2.565
1834.000 2.577
1835.000 2.578
1836.000 2.597
1837.000 2.616
1838.000 2.622
1839.000 2.622
1840.000 2.625
1841.000 2.640
1842.000 2.648
1843.000 2.658
1844.000 2.683
1845.000 2.695
1846.000 2.707
1847.000 2.714
1848.000 2.719
1849.000 2.730
1850.000 2.731
1851.000 2.744
1852.000 2.756
1853.000 2.765
1854.000 2.776
1855.000 2.789
1856.000 2.802
1857.000 2.806
1858.000 2.810
1859.000 2.823
1860.000 2.817
1861.000 2.842
1862.000 2.832
1863.000 2.865
1864.000 2.865
1865.000 2.862
1866.000 2.888
1867.000 2.898
1868.000 2.899
1869.000 2.918
1870.000 2.926
1871.000 2.928
1872.000 2.934
1873.000 2.938
1874.000 2.957
1875.000 2.960
1876.000 2.976
1877.000 2.977
1878.000 2.989
1879.000 3.005
1880.000 3.008
1881.000 3.019
1882.000 3.027
1883.000 3.026
1884.000 3.037
1885.000 3.039
1886.000 3.060
1887.000 3.059
1888.000 3.069
1889.000 3.082
1890.000 3.079
1891.000 3.086
1892.000 3.097
1893.000 3.105
1894.000 3.115
1895.000 3.118
1896.000 3.124
1897.000 3.133
1898.000 3.146
1899.000 3.150
1900.000 3.154
1901.000 3.162
1902.000 3.176
1903.000 3.177
1904.000 3.180
1905.000 3.196
1906.000 3.186
1907.000 3.198
1908.000 3.212
1909.000 3.206
1910.000 3.212
1911.000 3.210
1912.000 3.219
1913.000 3.224
1914.000 3.235
1915.000 3.238
1916.000 3.249
1917.000 3.256
1918.000 3.264
1919.000 3.269
1920.000 3.263
1921.000 3.266
1922.000 3.272
1923.000 3.279
1924.000 3.287
1925.000 3.301
1926.000 3.310
1927.000 3.311
1928.000 3.319
1929.000 3.327
1930.000 3.340
1931.000 3.347
1932.000 3.356
1933.000 3.358
1934.000 3.356
1935.000 3.370
1936.000 3.373
1937.000 3.382
1938.000 3.385
1939.000 3.386
1940.000 3.382
1941.000 3.394
1942.000 3.411
1943.000 3.415
1944.000 3.416
1945.000 3.418
1946.000 3.433
1947.000 3.444
1948.000 3.453
1949.000 3.449
1950.000 3.460
1951.000 3.473
1952.000 3.470
1953.000 3.481
1954.000 3.489
1955.000 3.504
1956.000 3.503
1957.000 3.510
1958.000 3.516
1959.000 3.525
1960.000 3.538
1961.000 3.543
1962.000 3.559
1963.000 3.554
1964.000 3.573
1965.000 3.580
1966.000 3.594
1967.000 3.590
1968.000 3.594
1969.000 3.596
1970.000 3.608
1971.000 3.622
1972.000 3.635
1973.000 3.642
1974.000 3.645
1975.000 3.657
1976.000 3.668
1977.000 3.671
1978.000 3.686
1979.000 3.704
1980.000 3.704
1981.000 3.723
1982.000 3.726
1983.000 3.738
1984.000 3.757
1985.000 3.773
1986.000 3.782
1987.000 3.793
1988.000 3.800
1989.000 3.820
1990.000 3.843
1991.000 3.838
1992.000 3.874
1993.000 3.866
1994.000 3.890
1995.000 3.900
1996.000 3.911
1997.000 3.935
1998.000 3.951
1999.000 3.963
2000.000 3.979
2001.000 3.997
2002.000 4.018
2003.000 4.052
2004.000 4.077
2005.000 4.085
2006.000 4.092
2007.000 4.113
2008.000 4.146
2009.000 4.157
2010.000 4.183
2011.000 4.203
2012.000 4.224
2013.000 4.264
2014.000 4.287
2015.000 4.301
2016.000 4.332
2017.000 4.354
2018.000 4.379
2019.000 4.405
2020.000 4.434
2021.000 4.457
2022.000 4.507
2023.000 4.527
2024.000 4.561
2025.000 4.605
2026.000 4.626
2027.000 4.669
2028.000 4.717
2029.000 4.751
2030.000 4.762
2031.000 4.807
2032.000 4.853
2033.000 4.897
2034.000 4.933
2035.000 4.990
2036.000 5.036
2037.000 5.104
2038.000 5.153
2039.000 5.194
2040.000 5.273
2041.000 5.280
2042.000 5.341
2043.000 5.406
2044.000 5.481
2045.000 5.535
2046.000 5.602
2047.000 5.670
2048.000 5.763
2049.000 5.833
2050.000 5.908
2051.000 5.980
2052.000 6.060
2053.000 6.179
2054.000 6.228
2055.000 6.309
2056.000 6.432
2057.000 6.533
2058.000 6.638
2059.000 6.770
2060.000 6.872
2061.000 7.038
2062.000 7.182
2063.000 7.316
2064.000 7.506
2065.000 7.631
2066.000 7.639
2067.000 8.221
2068.000 7.895
2069.000 8.329
2070.000 8.592
2071.000 8.820
2072.000 9.099
2073.000 9.388
2074.000 9.663
2075.000 10.027
2076.000 10.293
2077.000 10.745
2078.000 11.164
2079.000 11.290
2080.000 11.862
2081.000 12.398
2082.000 12.894
2083.000 13.583
2084.000 14.174
2085.000 15.005
2086.000 15.801
2087.000 16.529
2088.000 17.640
2089.000 18.542
2090.000 19.016
2091.000 20.274
2092.000 21.350
2093.000 22.395
2094.000 23.449
2095.000 24.169
2096.000 24.739
2097.000 24.902
2098.000 24.625
2099.000 23.899
2100.000 22.900
2101.000 21.406
2102.000 20.631
2103.000 19.303
2104.000 17.636
2105.000 16.226
2106.000 15.079
2107.000 13.768
2108.000 12.916
2109.000 11.785
2110.000 10.991
2111.000 10.249
2112.000 9.540
2113.000 9.043
2114.000 8.371
2115.000 8.110
2116.000 7.718
2117.000 7.183
2118.000 6.781
2119.000 6.445
2120.000 6.082
2121.000 5.811
2122.000 5.454
2123.000 5.186
2124.000 4.956
2125.000 4.672
2126.000 4.489
2127.000 4.250
2128.000 4.148
2129.000 3.992
2130.000 3.787
2131.000 3.605
2132.000 3.473
2133.000 3.294
2134.000 3.189
2135.000 3.024
2136.000 2.891
2137.000 2.782
2138.000 2.647
2139.000 2.607
2140.000 2.500
2141.000 2.381
2142.000 2.294
2143.000 2.189
2144.000 2.099
2145.000 2.023
2146.000 1.927
2147.000 1.872
2148.000 1.781
2149.000 1.697
2150.000 1.631
2151.000 1.583
2152.000 1.513
2153.000 1.460
2154.000 1.386
2155.000 1.328
2156.000 1.262
2157.000 1.208
2158.000 1.158
2159.000 1.088
2160.000 1.042
2161.000 0.987
2162.000 0.935
2163.000 0.901
2164.000 0.865
2165.000 0.822
2166.000 0.780
2167.000 0.732
2168.000 0.688
2169.000 0.649
2170.000 0.603
2171.000 0.574
2172.000 0.531
2173.000 0.493
2174.000 0.465
2175.000 0.430
2176.000 0.410
2177.000 0.383
2178.000 0.350
2179.000 0.331
2180.000 0.302
2181.000 0.286
2182.000 0.268
2183.000 0.255
2184.000 0.248
2185.000 0.247
2186.000 0.250
2187.000 0.253
2188.000 0.265
2189.000 0.280
2190.000 0.291
2191.000 0.314
2192.000 0.338
2193.000 0.358
2194.000 0.383
2195.000 0.405
2196.000 0.441
2197.000 0.469
2198.000 0.501
2199.000 0.527
2200.000 0.545
2201.000 0.576
2202.000 0.628
2203.000 0.635
2204.000 0.676
2205.000 0.713
2206.000 0.738
2207.000 0.774
2208.000 0.805
2209.000 0.841
2210.000 0.874
2211.000 0.913
2212.000 0.935
2213.000 0.972
2214.000 1.005
2215.000 1.056
2216.000 1.084
2217.000 1.152
2218.000 1.175
2219.000 1.217
2220.000 1.265
2221.000 1.308
2222.000 1.356
2223.000 1.388
2224.000 1.448
2225.000 1.484
2226.000 1.535
2227.000 1.581
2228.000 1.610
2229.000 1.692
2230.000 1.775
2231.000 1.832
2232.000 1.892
2233.000 1.973
2234.000 2.041
2235.000 2.128
2236.000 2.164
2237.000 2.247
2238.000 2.331
2239.000 2.421
2240.000 2.506
2241.000 2.624
2242.000 2.742
2243.000 2.841
2244.000 2.976
2245.000 3.079
2246.000 3.250
2247.000 3.407
2248.000 3.455
2249.000 3.665
2250.000 3.852
2251.000 4.025
2252.000 4.284
2253.000 4.488
2254.000 4.806
2255.000 5.088
2256.000 5.344
2257.000 5.770
2258.000 6.146
2259.000 6.566
2260.000 7.075
2261.000 7.290
2262.000 7.836
2263.000 8.455
2264.000 8.990
2265.000 9.715
2266.000 10.356
2267.000 10.892
2268.000 11.448
2269.000 11.773
2270.000 11.906
2271.000 11.765
2272.000 11.443
2273.000 11.134
2274.000 10.451
2275.000 9.814
2276.000 8.990
2277.000 8.395
2278.000 7.696
2279.000 7.105
2280.000 6.665
2281.000 6.158
2282.000 5.841
2283.000 5.419
2284.000 5.098
2285.000 5.005
2286.000 4.671
2287.000 4.431
2288.000 4.237
2289.000 4.006
2290.000 3.851
2291.000 3.649
2292.000 3.489
2293.000 3.367
2294.000 3.214
2295.000 3.113
2296.000 2.973
2297.000 2.914
2298.000 2.832
2299.000 2.706
2300.000 2.615
2301.000 2.544
2302.000 2.454
2303.000 2.388
2304.000 2.295
2305.000 2.235
2306.000 2.171
2307.000 2.098
2308.000 2.056
2309.000 1.985
2310.000 1.957
2311.000 1.918
2312.000 1.860
2313.000 1.809
2314.000 1.771
2315.000 1.714
2316.000 1.677
2317.000 1.631
2318.000 1.593
2319.000 1.568
2320.000 1.526
2321.000 1.497
2322.000 1.478
2323.000 1.433
2324.000 1.407
2325.000 1.377
2326.000 1.350
2327.000 1.327
2328.000 1.293
2329.000 1.266
2330.000 1.239
2331.000 1.215
2332.000 1.194
2333.000 1.181
2334.000 1.156
2335.000 1.141
2336.000 1.111
2337.000 1.092
2338.000 1.070
2339.000 1.049
2340.000 1.035
2341.000 1.014
2342.000 0.992
2343.000 0.980
2344.000 0.955
2345.000 0.944
2346.000 0.933
2347.000 0.915
2348.000 0.899
2349.000 0.881
2350.000 0.866
2351.000 0.853
2352.000 0.836
2353.000 0.824
2354.000 0.812
2355.000 0.798
2356.000 0.783
2357.000 0.770
2358.000 0.764
2359.000 0.758
2360.000 0.741
2361.000 0.732
2362.000 0.712
2363.000 0.707
2364.000 0.690
2365.000 0.683
2366.000 0.670
2367.000 0.659
2368.000 0.652
2369.000 0.640
2370.000 0.632
2371.000 0.628
2372.000 0.618
2373.000 0.610
2374.000 0.599
2375.000 0.588
2376.000 0.579
2377.000 0.570
2378.000 0.563
2379.000 0.549
2380.000 0.547
2381.000 0.533
2382.000 0.530
2383.000 0.520
2384.000 0.512
2385.000 0.506
2386.000 0.498
2387.000 0.491
2388.000 0.488
2389.000 0.476
2390.000 0.470
2391.000 0.462
2392.000 0.455
2393.000 0.443
2394.000 0.441
2395.000 0.436
2396.000 0.432
2397.000 0.422
2398.000 0.419
2399.000 0.414
2400.000 0.406
2401.000 0.402
2402.000 0.393
2403.000 0.391
2404.000 0.381
2405.000 0.374
2406.000 0.370
2407.000 0.368
2408.000 0.362
2409.000 0.356
2410.000 0.347
2411.000 0.343
2412.000 0.326
2413.000 0.335
2414.000 0.323
2415.000 0.325
2416.000 0.319
2417.000 0.314
2418.000 0.313
2419.000 0.306
2420.000 0.304
2421.000 0.297
2422.000 0.293
2423.000 0.287
2424.000 0.282
2425.000 0.277
2426.000 0.274
2427.000 0.275
2428.000 0.263
2429.000 0.266
2430.000 0.258
2431.000 0.254
2432.000 0.251
2433.000 0.248
2434.000 0.243
2435.000 0.237
2436.000 0.234
2437.000 0.228
2438.000 0.220
2439.000 0.223
2440.000 0.221
2441.000 0.216
2442.000 0.207
2443.000 0.213
2444.000 0.206
2445.000 0.201
2446.000 0.197
2447.000 0.190
2448.000 0.193
2449.000 0.185
2450.000 0.182
2451.000 0.182
2452.000 0.178
2453.000 0.174
2454.000 0.173
2455.000 0.170
2456.000 0.171
2457.000 0.165
2458.000 0.162
2459.000 0.155
2460.000 0.155
2461.000 0.151
2462.000 0.146
2463.000 0.144
2464.000 0.141
2465.000 0.139
2466.000 0.138
2467.000 0.130
2468.000 0.130
2469.000 0.130
2470.000 0.126
2471.000 0.117
2472.000 0.123
2473.000 0.119
2474.000 0.117
2475.000 0.114
2476.000 0.112
2477.000 0.111
2478.000 0.104
2479.000 0.109
2480.000 0.101
2481.000 0.097
2482.000 0.096
2483.000 0.092
2484.000 0.092
2485.000 0.093
2486.000 0.090
2487.000 0.086
2488.000 0.081
2489.000 0.080
2490.000 0.072
2491.000 0.072
2492.000 0.074
2493.000 0.074
2494.000 0.065
2495.000 0.067
2496.000 0.061
2497.000 0.061
2498.000 0.059
2499.000 0.059
2500.000 0.053
2501.000 0.056
2502.000 0.051
2503.000 0.049
2504.000 0.051
2505.000 0.052
2506.000 0.046
2507.000 0.045
2508.000 0.047
2509.000 0.049
2510.000 0.042
2511.000 0.046
2512.000 0.046
2513.000 0.046
2514.000 0.045
2515.000 0.042
2516.000 0.041
2517.000 0.038
2518.000 0.034
2519.000 0.037
2520.000 0.037
2521.000 0.033
2522.000 0.034
2523.000 0.031
2524.000 0.031
2525.000 0.025
2526.000 0.024
2527.000 0.032
2528.000 0.027
2529.000 0.033
2530.000 0.032
2531.000 0.028
2532.000 0.030
2533.000 0.028
2534.000 0.026
2535.000 0.030
2536.000 0.029
2537.000 0.031
2538.000 0.031
2539.000 0.035
2540.000 0.032
2541.000 0.033
2542.000 0.035
2543.000 0.037
2544.000 0.036
2545.000 0.042
2546.000 0.042
2547.000 0.042
2548.000 0.043
2549.000 0.044
2550.000 0.042
2551.000 0.045
2552.000 0.049
2553.000 0.051
2554.000 0.050
2555.000 0.053
2556.000 0.052
2557.000 0.052
2558.000 0.057
2559.000 0.063
2560.000 0.063
2561.000 0.060
2562.000 0.064
2563.000 0.066
2564.000 0.065
2565.000 0.069
2566.000 0.075
2567.000 0.077
2568.000 0.071
2569.000 0.070
2570.000 0.077
2571.000 0.077
2572.000 0.079
2573.000 0.080
2574.000 0.081
2575.000 0.086
2576.000 0.081
2577.000 0.087
2578.000 0.083
2579.000 0.088
2580.000 0.089
2581.000 0.092
2582.000 0.094
2583.000 0.092
2584.000 0.094
2585.000 0.096
2586.000 0.099
2587.000 0.100
2588.000 0.102
2589.000 0.100
2590.000 0.105
2591.000 0.106
2592.000 0.106
2593.000 0.107
2594.000 0.112
2595.000 0.113
2596.000 0.112
2597.000 0.116
2598.000 0.118
2599.000 0.119
2600.000 0.118
