1801.000 1.411
1802.000 1.508
1803.000 1.521
1804.000 1.523
1805.000 1.529
1806.000 1.537
1807.000 1.549
1808.000 1.553
1809.000 1.565
1810.000 1.566
1811.000 1.573
1812.000 1.580
1813.000 1.588
1814.000 1.594
1815.000 1.601
1816.000 1.612
1817.000 1.617
1818.000 1.621
1819.000 1.630
1820.000 1.636
1821.000 1.641
1822.000 1.650
1823.000 1.653
1824.000 1.657
1825.000 1.668
1826.000 1.677
1827.000 1.684
1828.000 1.688
1829.000 1.690
1830.000 1.701
1831.000 1.712
1832.000 1.721
1833.000 1.725
1834.000 1.727
1835.000 1.732
1836.000 1.743
1837.000 1.747
1838.000 1.757
1839.000 1.757
1840.000 1.766
1841.000 1.774
1842.000 1.780
1843.000 1.784
1844.000 1.795
1845.000 1.802
1846.000 1.808
1847.000 1.815
1848.000 1.817
1849.000 1.824
1850.000 1.832
1851.000 1.832
1852.000 1.841
1853.000 1.846
1854.000 1.857
1855.000 1.867
1856.000 1.681
1857.000 1.875
1858.000 1.886
1859.000 1.885
1860.000 1.887
1861.000 1.891
1862.000 1.902
1863.000 1.906
1864.000 1.911
1865.000 1.917
1866.000 1.924
1867.000 1.932
1868.000 1.939
1869.000 1.936
1870.000 1.947
1871.000 1.951
1872.000 1.955
1873.000 1.959
1874.000 1.965
1875.000 1.974
1876.000 1.973
1877.000 1.985
1878.000 1.990
1879.000 1.991
1880.000 1.999
1881.000 2.006
1882.000 2.010
1883.000 2.013
1884.000 2.017
1885.000 2.021
1886.000 2.026
1887.000 2.034
1888.000 2.036
1889.000 2.044
1890.000 2.049
1891.000 2.055
1892.000 2.063
1893.000 2.065
1894.000 2.069
1895.000 2.077
1896.000 2.075
1897.000 2.081
1898.000 2.085
1899.000 2.089
1900.000 2.095
1901.000 2.095
1902.000 2.101
1903.000 2.102
1904.000 2.116
1905.000 2.119
1906.000 2.124
1907.000 2.126
1908.000 2.128
1909.000 2.137
1910.000 2.136
1911.000 2.145
1912.000 2.144
1913.000 2.152
1914.000 2.153
1915.000 2.159
1916.000 2.157
1917.000 2.167
1918.000 2.173
1919.000 2.182
1920.000 2.184
1921.000 2.188
1922.000 2.191
1923.000 2.193
1924.000 2.204
1925.000 2.207
1926.000 2.207
1927.000 2.212
1928.000 2.219
1929.000 2.223
1930.000 2.233
1931.000 2.238
1932.000 2.235
1933.000 2.237
1934.000 2.249
1935.000 2.256
1936.000 2.262
1937.000 2.267
1938.000 2.274
1939.000 2.279
1940.000 2.279
1941.000 2.285
1942.000 2.294
1943.000 2.299
1944.000 2.300
1945.000 2.313
1946.000 2.311
1947.000 2.318
1948.000 2.318
1949.000 2.325
1950.000 2.337
1951.000 2.345
1952.000 2.354
1953.000 2.361
1954.000 2.367
1955.000 2.376
1956.000 2.367
1957.000 2.382
1958.000 2.397
1959.000 2.391
1960.000 2.403
1961.000 2.408
1962.000 2.414
1963.000 2.418
1964.000 2.436
1965.000 2.443
1966.000 2.445
1967.000 2.448
1968.000 2.453
1969.000 2.467
1970.000 2.471
1971.000 2.475
1972.000 2.489
1973.000 2.507
1974.000 2.513
1975.000 2.508
1976.000 2.535
1977.000 2.529
1978.000 2.555
1979.000 2.554
1980.000 2.567
1981.000 2.574
1982.000 2.581
1983.000 2.598
1984.000 2.613
1985.000 2.630
1986.000 2.636
1987.000 2.641
1988.000 2.649
1989.000 2.674
1990.000 2.686
1991.000 2.693
1992.000 2.720
1993.000 2.720
1994.000 2.744
1995.000 2.750
1996.000 2.755
1997.000 2.784
1998.000 2.802
1999.000 2.814
2000.000 2.829
2001.000 2.840
2002.000 2.865
2003.000 2.891
2004.000 2.909
2005.000 2.918
2006.000 2.924
2007.000 2.957
2008.000 2.987
2009.000 2.984
2010.000 3.017
2011.000 3.045
2012.000 3.048
2013.000 3.080
2014.000 3.125
2015.000 3.143
2016.000 3.167
2017.000 3.169
2018.000 3.176
2019.000 3.223
2020.000 3.239
2021.000 3.278
2022.000 3.313
2023.000 3.327
2024.000 3.394
2025.000 3.419
2026.000 3.437
2027.000 3.455
2028.000 3.516
2029.000 3.554
2030.000 3.570
2031.000 3.610
2032.000 3.646
2033.000 3.680
2034.000 3.742
2035.000 3.784
2036.000 3.833
2037.000 3.879
2038.000 3.908
2039.000 3.992
2040.000 4.029
2041.000 4.097
2042.000 4.122
2043.000 4.159
2044.000 4.238
2045.000 4.301
2046.000 4.353
2047.000 4.444
2048.000 4.537
2049.000 4.564
2050.000 4.639
2051.000 4.729
2052.000 4.849
2053.000 4.864
2054.000 4.944
2055.000 5.050
2056.000 5.146
2057.000 5.249
2058.000 5.368
2059.000 5.461
2060.000 5.621
2061.000 5.733
2062.000 5.829
2063.000 6.012
2064.000 6.128
2065.000 6.346
2066.000 6.409
2067.000 6.599
2068.000 6.818
2069.000 7.003
2070.000 7.183
2071.000 7.448
2072.000 7.690
2073.000 7.947
2074.000 8.237
2075.000 8.477
2076.000 8.876
2077.000 9.222
2078.000 9.349
2079.000 9.821
2080.000 10.271
2081.000 10.716
2082.000 11.271
2083.000 11.752
2084.000 12.497
2085.000 13.165
2086.000 13.805
2087.000 14.755
2088.000 15.560
2089.000 16.614
2090.000 17.698
2091.000 18.209
2092.000 19.324
2093.000 20.610
2094.000 21.626
2095.000 22.893
2096.000 23.872
2097.000 24.595
2098.000 25.048
2099.000 25.085
2100.000 24.657
2101.000 23.843
2102.000 22.806
2103.000 21.997
2104.000 20.599
2105.000 19.312
2106.000 17.823
2107.000 16.753
2108.000 15.464
2109.000 14.458
2110.000 13.631
2111.000 12.732
2112.000 12.097
2113.000 11.292
2114.000 10.714
2115.000 10.508
2116.000 9.888
2117.000 9.401
2118.000 8.973
2119.000 8.555
2120.000 8.244
2121.000 7.835
2122.000 7.518
2123.000 7.254
2124.000 6.967
2125.000 6.745
2126.000 6.465
2127.000 6.344
2128.000 6.194
2129.000 5.938
2130.000 5.761
2131.000 5.526
2132.000 5.482
2133.000 5.262
2134.000 5.123
2135.000 4.759
2136.000 4.924
2137.000 4.735
2138.000 4.640
2139.000 4.889
2140.000 4.254
2141.000 4.212
2142.000 4.261
2143.000 4.219
2144.000 4.083
2145.000 4.090
2146.000 3.919
2147.000 3.824
2148.000 3.769
2149.000 3.705
2150.000 3.627
2151.000 3.520
2152.000 3.590
2153.000 3.436
2154.000 3.414
2155.000 3.358
2156.000 3.307
2157.000 3.265
2158.000 3.215
2159.000 3.146
2160.000 3.120
2161.000 3.078
2162.000 3.035
2163.000 3.023
2164.000 2.984
2165.000 2.955
2166.000 2.921
2167.000 2.885
2168.000 2.848
2169.000 2.821
2170.000 2.793
2171.000 2.789
2172.000 2.733
2173.000 2.719
2174.000 2.683
2175.000 2.670
2176.000 2.658
2177.000 2.631
2178.000 2.623
2179.000 2.569
2180.000 2.569
2181.000 2.566
2182.000 2.544
2183.000 2.524
2184.000 2.505
2185.000 2.496
2186.000 2.485
2187.000 2.473
2188.000 2.466
2189.000 2.459
2190.000 2.445
2191.000 2.432
2192.000 2.431
2193.000 2.421
2194.000 2.414
2195.000 2.399
2196.000 2.400
2197.000 2.396
2198.000 2.390
2199.000 2.394
2200.000 2.395
2201.000 2.391
2202.000 2.391
2203.000 2.396
2204.000 2.400
2205.000 2.404
2206.000 2.408
2207.000 2.416
2208.000 2.420
2209.000 2.434
2210.000 2.438
2211.000 2.448
2212.000 2.449
2213.000 2.461
2214.000 2.466
2215.000 2.481
2216.000 2.495
2217.000 2.514
2218.000 2.531
2219.000 2.557
2220.000 2.574
2221.000 2.600
2222.000 2.622
2223.000 2.641
2224.000 2.657
2225.000 2.689
2226.000 2.713
2227.000 2.755
2228.000 2.787
2229.000 2.837
2230.000 2.868
2231.000 2.901
2232.000 2.962
2233.000 2.999
2234.000 3.061
2235.000 3.121
2236.000 3.167
2237.000 3.203
2238.000 3.276
2239.000 3.339
2240.000 3.432
2241.000 3.513
2242.000 3.590
2243.000 3.694
2244.000 3.773
2245.000 3.912
2246.000 4.040
2247.000 4.152
2248.000 4.324
2249.000 4.404
2250.000 4.545
2251.000 4.767
2252.000 4.922
2253.000 5.192
2254.000 5.430
2255.000 5.650
2256.000 5.994
2257.000 6.294
2258.000 6.703
2259.000 7.111
2260.000 7.307
2261.000 7.780
2262.000 8.335
2263.000 8.822
2264.000 9.530
2265.000 10.164
2266.000 10.790
2267.000 11.463
2268.000 11.990
2269.000 12.407
2270.000 12.614
2271.000 12.548
2272.000 12.147
2273.000 11.854
2274.000 11.200
2275.000 10.273
2276.000 9.505
2277.000 8.649
2278.000 7.924
2279.000 7.390
2280.000 6.703
2281.000 6.291
2282.000 5.766
2283.000 5.385
2284.000 5.071
2285.000 4.738
2286.000 4.587
2287.000 4.363
2288.000 4.086
2289.000 3.930
2290.000 3.686
2291.000 3.519
2292.000 3.384
2293.000 3.216
2294.000 3.103
2295.000 2.945
2296.000 2.839
2297.000 2.749
2298.000 2.685
2299.000 2.584
2300.000 2.511
2301.000 2.412
2302.000 2.350
2303.000 2.258
2304.000 2.196
2305.000 2.139
2306.000 2.064
2307.000 2.019
2308.000 1.948
2309.000 1.931
2310.000 1.880
2311.000 1.834
2312.000 1.786
2313.000 1.762
2314.000 1.696
2315.000 1.674
2316.000 1.633
2317.000 1.598
2318.000 1.568
2319.000 1.534
2320.000 1.502
2321.000 1.477
2322.000 1.461
2323.000 1.436
2324.000 1.399
2325.000 1.388
2326.000 1.368
2327.000 1.339
2328.000 1.322
2329.000 1.296
2330.000 1.279
2331.000 1.259
2332.000 1.240
2333.000 1.224
2334.000 1.219
2335.000 1.195
2336.000 1.187
2337.000 1.171
2338.000 1.151
2339.000 1.141
2340.000 1.126
2341.000 1.113
2342.000 1.100
2343.000 1.087
2344.000 1.077
2345.000 1.064
2346.000 1.052
2347.000 1.047
2348.000 1.037
2349.000 1.027
2350.000 1.021
2351.000 1.005
2352.000 0.995
2353.000 0.990
2354.000 0.982
2355.000 0.971
2356.000 0.960
2357.000 0.955
2358.000 0.945
2359.000 0.939
2360.000 0.933
2361.000 0.922
2362.000 0.920
2363.000 0.911
2364.000 0.906
2365.000 0.899
2366.000 0.892
2367.000 0.890
2368.000 0.881
2369.000 0.882
2370.000 0.875
2371.000 0.870
2372.000 0.862
2373.000 0.856
2374.000 0.852
2375.000 0.847
2376.000 0.843
2377.000 0.836
2378.000 0.833
2379.000 0.828
2380.000 0.822
2381.000 0.821
2382.000 0.813
2383.000 0.808
2384.000 0.811
2385.000 0.804
2386.000 0.802
2387.000 0.800
2388.000 0.800
2389.000 0.793
2390.000 0.790
2391.000 0.785
2392.000 0.777
2393.000 0.776
2394.000 0.773
2395.000 0.773
2396.000 0.772
2397.000 0.766
2398.000 0.763
2399.000 0.762
2400.000 0.759
2401.000 0.761
2402.000 0.752
2403.000 0.749
2404.000 0.745
2405.000 0.744
2406.000 0.743
2407.000 0.740
2408.000 0.736
2409.000 0.738
2410.000 0.732
2411.000 0.732
2412.000 0.726
2413.000 0.730
2414.000 0.726
2415.000 0.728
2416.000 0.724
2417.000 0.722
2418.000 0.719
2419.000 0.717
2420.000 0.714
2421.000 0.712
2422.000 0.712
2423.000 0.709
2424.000 0.708
2425.000 0.706
2426.000 0.707
2427.000 0.704
2428.000 0.705
2429.000 0.704
2430.000 0.703
2431.000 0.702
2432.000 0.702
2433.000 0.701
2434.000 0.700
2435.000 0.695
2436.000 0.693
2437.000 0.693
2438.000 0.692
2439.000 0.689
2440.000 0.689
2441.000 0.684
2442.000 0.684
2443.000 0.687
2444.000 0.683
2445.000 0.684
2446.000 0.686
2447.000 0.684
2448.000 0.684
2449.000 0.682
2450.000 0.676
2451.000 0.679
2452.000 0.678
2453.000 0.674
2454.000 0.674
2455.000 0.671
2456.000 0.675
2457.000 0.671
2458.000 0.671
2459.000 0.670
2460.000 0.671
2461.000 0.672
2462.000 0.673
2463.000 0.664
2464.000 0.663
2465.000 0.670
2466.000 0.668
2467.000 0.667
2468.000 0.662
2469.000 0.663
2470.000 0.660
2471.000 0.665
2472.000 0.665
2473.000 0.661
2474.000 0.664
2475.000 0.664
2476.000 0.661
2477.000 0.660
2478.000 0.663
2479.000 0.662
2480.000 0.656
2481.000 0.659
2482.000 0.658
2483.000 0.655
2484.000 0.653
2485.000 0.657
2486.000 0.657
2487.000 0.655
2488.000 0.653
2489.000 0.655
2490.000 0.655
2491.000 0.661
2492.000 0.653
2493.000 0.653
2494.000 0.655
2495.000 0.652
2496.000 0.652
2497.000 0.650
2498.000 0.653
2499.000 0.649
2500.000 0.647
2501.000 0.654
2502.000 0.650
2503.000 0.653
2504.000 0.652
2505.000 0.651
2506.000 0.652
2507.000 0.649
2508.000 0.651
2509.000 0.649
2510.000 0.648
2511.000 0.649
2512.000 0.649
2513.000 0.647
2514.000 0.647
2515.000 0.650
2516.000 0.649
2517.000 0.647
2518.000 0.645
2519.000 0.650
2520.000 0.647
2521.000 0.648
2522.000 0.651
2523.000 0.648
2524.000 0.647
2525.000 0.646
2526.000 0.646
2527.000 0.648
2528.000 0.644
2529.000 0.646
2530.000 0.649
2531.000 0.647
2532.000 0.649
2533.000 0.648
2534.000 0.651
2535.000 0.647
2536.000 0.648
2537.000 0.651
2538.000 0.643
2539.000 0.649
2540.000 0.648
2541.000 0.645
2542.000 0.650
2543.000 0.646
2544.000 0.649
2545.000 0.645
2546.000 0.650
2547.000 0.647
2548.000 0.647
2549.000 0.649
2550.000 0.651
2551.000 0.653
2552.000 0.649
2553.000 0.649
2554.000 0.651
2555.000 0.646
2556.000 0.652
2557.000 0.648
2558.000 0.647
2559.000 0.649
2560.000 0.649
2561.000 0.652
2562.000 0.654
2563.000 0.651
2564.000 0.652
2565.000 0.653
2566.000 0.655
2567.000 0.648
2568.000 0.655
2569.000 0.653
2570.000 0.649
2571.000 0.652
2572.000 0.654
2573.000 0.650
2574.000 0.654
2575.000 0.651
2576.000 0.656
2577.000 0.654
2578.000 0.654
2579.000 0.657
2580.000 0.657
2581.000 0.658
2582.000 0.658
2583.000 0.660
2584.000 0.658
2585.000 0.660
2586.000 0.655
2587.000 0.657
2588.000 0.658
2589.000 0.655
2590.000 0.660
2591.000 0.658
2592.000 0.659
2593.000 0.661
2594.000 0.664
2595.000 0.662
2596.000 0.661
2597.000 0.658
2598.000 0.661
2599.000 0.663
2600.000 0.659
