1801.000 1.757
1802.000 1.760
1803.000 1.777
1804.000 1.782
1805.000 1.788
1806.000 1.799
1807.000 1.807
1808.000 1.800
1809.000 1.816
1810.000 1.825
1811.000 1.830
1812.000 1.848
1813.000 1.850
1814.000 1.867
1815.000 1.874
1816.000 1.874
1817.000 1.886
1818.000 1.896
1819.000 1.902
1820.000 1.909
1821.000 1.921
1822.000 1.926
1823.000 1.933
1824.000 1.941
1825.000 1.955
1826.000 1.957
1827.000 1.968
1828.000 1.980
1829.000 1.988
1830.000 1.990
1831.000 2.007
1832.000 2.009
1833.000 2.020
1834.000 2.019
1835.000 2.030
1836.000 2.037
1837.000 2.042
1838.000 2.053
1839.000 2.061
1840.000 2.071
1841.000 2.081
1842.000 2.089
1843.000 2.092
1844.000 2.105
1845.000 2.117
1846.000 2.120
1847.000 2.123
1848.000 2.135
1849.000 2.139
1850.000 2.148
1851.000 2.154
1852.000 2.160
1853.000 2.167
1854.000 2.173
1855.000 2.188
1856.000 2.188
1857.000 2.210
1858.000 2.204
1859.000 2.205
1860.000 2.220
1861.000 2.225
1862.000 2.228
1863.000 2.236
1864.000 2.240
1865.000 2.252
1866.000 2.259
1867.000 2.262
1868.000 2.267
1869.000 2.275
1870.000 2.281
1871.000 2.291
1872.000 2.296
1873.000 2.298
1874.000 2.305
1875.000 2.307
1876.000 2.315
1877.000 2.320
1878.000 2.323
1879.000 2.332
1880.000 2.336
1881.000 2.344
1882.000 2.348
1883.000 2.353
1884.000 2.364
1885.000 2.364
1886.000 2.370
1887.000 2.376
1888.000 2.385
1889.000 2.391
1890.000 2.403
1891.000 2.410
1892.000 2.416
1893.000 2.422
1894.000 2.425
1895.000 2.432
1896.000 2.437
1897.000 2.436
1898.000 2.443
1899.000 2.444
1900.000 2.450
1901.000 2.451
1902.000 2.456
1903.000 2.459
1904.000 2.463
1905.000 2.470
1906.000 2.474
1907.000 2.477
1908.000 2.482
1909.000 2.484
1910.000 2.495
1911.000 2.493
1912.000 2.497
1913.000 2.503
1914.000 2.508
1915.000 2.514
1916.000 2.525
1917.000 2.525
1918.000 2.525
1919.000 2.536
1920.000 2.534
1921.000 2.542
1922.000 2.551
1923.000 2.551
1924.000 2.557
1925.000 2.565
1926.000 2.573
1927.000 2.574
1928.000 2.580
1929.000 2.590
1930.000 2.594
1931.000 2.590
1932.000 2.606
1933.000 2.616
1934.000 2.613
1935.000 2.621
1936.000 2.625
1937.000 2.628
1938.000 2.633
1939.000 2.640
1940.000 2.657
1941.000 2.657
1942.000 2.657
1943.000 2.664
1944.000 2.681
1945.000 2.677
1946.000 2.687
1947.000 2.693
1948.000 2.700
1949.000 2.713
1950.000 2.710
1951.000 2.714
1952.000 2.717
1953.000 2.727
1954.000 2.734
1955.000 2.744
1956.000 2.752
1957.000 2.748
1958.000 2.766
1959.000 2.777
1960.000 2.776
1961.000 2.793
1962.000 2.786
1963.000 2.806
1964.000 2.810
1965.000 2.810
1966.000 2.817
1967.000 2.827
1968.000 2.839
1969.000 2.850
1970.000 2.854
1971.000 2.863
1972.000 2.867
1973.000 2.883
1974.000 2.898
1975.000 2.891
1976.000 2.914
1977.000 2.915
1978.000 2.920
1979.000 2.939
1980.000 2.948
1981.000 2.948
1982.000 2.961
1983.000 2.982
1984.000 2.996
1985.000 3.007
1986.000 3.021
1987.000 3.020
1988.000 3.027
1989.000 3.053
1990.000 3.077
1991.000 3.072
1992.000 3.095
1993.000 3.093
1994.000 3.123
1995.000 3.123
1996.000 3.138
1997.000 3.158
1998.000 3.176
1999.000 3.189
2000.000 3.201
2001.000 3.223
2002.000 3.231
2003.000 3.263
2004.000 3.283
2005.000 3.295
2006.000 3.306
2007.000 3.338
2008.000 3.354
2009.000 3.377
2010.000 3.394
2011.000 3.424
2012.000 3.435
2013.000 3.464
2014.000 3.476
2015.000 3.495
2016.000 3.518
2017.000 3.549
2018.000 3.572
2019.000 3.605
2020.000 3.639
2021.000 3.674
2022.000 3.693
2023.000 3.718
2024.000 3.759
2025.000 3.779
2026.000 3.821
2027.000 3.840
2028.000 3.866
2029.000 3.902
2030.000 3.954
2031.000 3.998
2032.000 4.037
2033.000 4.081
2034.000 4.114
2035.000 4.174
2036.000 4.210
2037.000 4.255
2038.000 4.298
2039.000 4.347
2040.000 4.390
2041.000 4.453
2042.000 4.492
2043.000 4.563
2044.000 4.607
2045.000 4.695
2046.000 4.759
2047.000 4.819
2048.000 4.901
2049.000 4.964
2050.000 5.059
2051.000 5.137
2052.000 5.182
2053.000 5.276
2054.000 5.357
2055.000 5.428
2056.000 5.558
2057.000 5.664
2058.000 5.760
2059.000 5.903
2060.000 5.977
2061.000 6.128
2062.000 6.281
2063.000 6.320
2064.000 6.496
2065.000 6.660
2066.000 6.831
2067.000 7.010
2068.000 7.163
2069.000 7.403
2070.000 7.618
2071.000 7.819
2072.000 8.092
2073.000 8.310
2074.000 8.651
2075.000 8.988
2076.000 9.096
2077.000 9.458
2078.000 9.824
2079.000 10.138
2080.000 10.743
2081.000 11.171
2082.000 11.674
2083.000 12.278
2084.000 12.819
2085.000 13.632
2086.000 14.364
2087.000 15.054
2088.000 15.634
2089.000 16.582
2090.000 17.433
2091.000 18.693
2092.000 19.746
2093.000 20.908
2094.000 22.100
2095.000 23.037
2096.000 23.920
2097.000 24.539
2098.000 24.738
2099.000 24.551
2100.000 24.024
2101.000 23.489
2102.000 22.283
2103.000 21.100
2104.000 19.540
2105.000 18.132
2106.000 16.898
2107.000 15.558
2108.000 14.645
2109.000 13.478
2110.000 12.617
2111.000 11.873
2112.000 11.428
2113.000 10.759
2114.000 10.195
2115.000 9.578
2116.000 9.148
2117.000 8.595
2118.000 8.159
2119.000 7.795
2120.000 7.409
2121.000 7.137
2122.000 6.772
2123.000 6.490
2124.000 6.404
2125.000 6.107
2126.000 5.862
2127.000 5.667
2128.000 5.427
2129.000 5.280
2130.000 5.063
2131.000 4.892
2132.000 4.756
2133.000 4.583
2134.000 4.456
2135.000 4.296
2136.000 4.176
2137.000 4.135
2138.000 3.989
2139.000 3.879
2140.000 3.788
2141.000 3.677
2142.000 3.591
2143.000 3.482
2144.000 3.397
2145.000 3.324
2146.000 3.231
2147.000 3.165
2148.000 3.078
2149.000 3.046
2150.000 2.976
2151.000 2.897
2152.000 2.839
2153.000 2.791
2154.000 2.722
2155.000 2.667
2156.000 2.611
2157.000 2.562
2158.000 2.514
2159.000 2.459
2160.000 2.439
2161.000 2.395
2162.000 2.349
2163.000 2.309
2164.000 2.248
2165.000 2.220
2166.000 2.189
2167.000 2.148
2168.000 2.109
2169.000 2.079
2170.000 2.046
2171.000 2.021
2172.000 1.997
2173.000 1.967
2174.000 1.937
2175.000 1.912
2176.000 1.878
2177.000 1.866
2178.000 1.832
2179.000 1.813
2180.000 1.787
2181.000 1.762
2182.000 1.744
2183.000 1.694
2184.000 1.708
2185.000 1.686
2186.000 1.671
2187.000 1.650
2188.000 1.636
2189.000 1.609
2190.000 1.598
2191.000 1.583
2192.000 1.567
2193.000 1.553
2194.000 1.536
2195.000 1.523
2196.000 1.501
2197.000 1.490
2198.000 1.481
2199.000 1.475
2200.000 1.461
2201.000 1.451
2202.000 1.434
2203.000 1.427
2204.000 1.419
2205.000 1.417
2206.000 1.407
2207.000 1.399
2208.000 1.397
2209.000 1.391
2210.000 1.384
2211.000 1.378
2212.000 1.369
2213.000 1.366
2214.000 1.365
2215.000 1.360
2216.000 1.354
2217.000 1.355
2218.000 1.354
2219.000 1.354
2220.000 1.354
2221.000 1.352
2222.000 1.355
2223.000 1.367
2224.000 1.360
2225.000 1.363
2226.000 1.366
2227.000 1.360
2228.000 1.379
2229.000 1.384
2230.000 1.390
2231.000 1.407
2232.000 1.413
2233.000 1.427
2234.000 1.434
2235.000 1.447
2236.000 1.466
2237.000 1.478
2238.000 1.491
2239.000 1.513
2240.000 1.528
2241.000 1.567
2242.000 1.595
2243.000 1.619
2244.000 1.658
2245.000 1.693
2246.000 1.706
2247.000 1.754
2248.000 1.801
2249.000 1.859
2250.000 1.915
2251.000 1.955
2252.000 2.039
2253.000 2.146
2254.000 2.221
2255.000 2.318
2256.000 2.410
2257.000 2.553
2258.000 2.616
2259.000 2.732
2260.000 2.929
2261.000 3.100
2262.000 3.272
2263.000 3.516
2264.000 3.733
2265.000 3.960
2266.000 4.196
2267.000 4.357
2268.000 4.491
2269.000 4.543
2270.000 4.528
2271.000 4.421
2272.000 4.208
2273.000 3.931
2274.000 3.610
2275.000 3.313
2276.000 2.977
2277.000 2.747
2278.000 2.497
2279.000 2.287
2280.000 2.144
2281.000 1.953
2282.000 1.836
2283.000 1.783
2284.000 1.628
2285.000 1.554
2286.000 1.457
2287.000 1.382
2288.000 1.326
2289.000 1.250
2290.000 1.187
2291.000 1.138
2292.000 1.091
2293.000 1.052
2294.000 1.007
2295.000 0.991
2296.000 0.958
2297.000 0.922
2298.000 0.892
2299.000 0.858
2300.000 0.835
2301.000 0.819
2302.000 0.797
2303.000 0.776
2304.000 0.759
2305.000 0.737
2306.000 0.732
2307.000 0.717
2308.000 0.703
2309.000 0.690
2310.000 0.678
2311.000 0.660
2312.000 0.651
2313.000 0.645
2314.000 0.632
2315.000 0.630
2316.000 0.615
2317.000 0.610
2318.000 0.599
2319.000 0.602
2320.000 0.589
2321.000 0.585
2322.000 0.582
2323.000 0.570
2324.000 0.559
2325.000 0.564
2326.000 0.553
2327.000 0.549
2328.000 0.546
2329.000 0.543
2330.000 0.539
2331.000 0.534
2332.000 0.532
2333.000 0.531
2334.000 0.527
2335.000 0.521
2336.000 0.521
2337.000 0.520
2338.000 0.515
2339.000 0.512
2340.000 0.508
2341.000 0.509
2342.000 0.505
2343.000 0.500
2344.000 0.500
2345.000 0.501
2346.000 0.498
2347.000 0.494
2348.000 0.491
2349.000 0.492
2350.000 0.490
2351.000 0.488
2352.000 0.488
2353.000 0.486
2354.000 0.484
2355.000 0.484
2356.000 0.481
2357.000 0.482
2358.000 0.477
2359.000 0.474
2360.000 0.477
2361.000 0.479
2362.000 0.480
2363.000 0.478
2364.000 0.473
2365.000 0.471
2366.000 0.472
2367.000 0.471
2368.000 0.467
2369.000 0.471
2370.000 0.469
2371.000 0.466
2372.000 0.467
2373.000 0.464
2374.000 0.465
2375.000 0.464
2376.000 0.470
2377.000 0.463
2378.000 0.463
2379.000 0.461
2380.000 0.463
2381.000 0.463
2382.000 0.461
2383.000 0.462
2384.000 0.463
2385.000 0.462
2386.000 0.460
2387.000 0.461
2388.000 0.458
2389.000 0.456
2390.000 0.457
2391.000 0.457
2392.000 0.458
2393.000 0.457
2394.000 0.458
2395.000 0.456
2396.000 0.459
2397.000 0.459
2398.000 0.453
2399.000 0.459
2400.000 0.456
2401.000 0.454
2402.000 0.454
2403.000 0.456
2404.000 0.455
2405.000 0.454
2406.000 0.456
2407.000 0.452
2408.000 0.456
2409.000 0.456
2410.000 0.456
2411.000 0.456
2412.000 0.456
2413.000 0.457
2414.000 0.452
2415.000 0.455
2416.000 0.451
2417.000 0.455
2418.000 0.454
2419.000 0.453
2420.000 0.453
2421.000 0.451
2422.000 0.448
2423.000 0.454
2424.000 0.455
2425.000 0.457
2426.000 0.454
2427.000 0.457
2428.000 0.450
2429.000 0.452
2430.000 0.452
2431.000 0.452
2432.000 0.447
2433.000 0.450
2434.000 0.451
2435.000 0.450
2436.000 0.453
2437.000 0.450
2438.000 0.451
2439.000 0.454
2440.000 0.448
2441.000 0.452
2442.000 0.450
2443.000 0.452
2444.000 0.450
2445.000 0.454
2446.000 0.450
2447.000 0.451
2448.000 0.452
2449.000 0.451
2450.000 0.452
2451.000 0.452
2452.000 0.450
2453.000 0.454
2454.000 0.447
2455.000 0.454
2456.000 0.452
2457.000 0.451
2458.000 0.451
2459.000 0.450
2460.000 0.447
2461.000 0.451
2462.000 0.450
2463.000 0.451
2464.000 0.448
2465.000 0.446
2466.000 0.450
2467.000 0.450
2468.000 0.451
2469.000 0.452
2470.000 0.455
2471.000 0.454
2472.000 0.454
2473.000 0.455
2474.000 0.448
2475.000 0.449
2476.000 0.451
2477.000 0.450
2478.000 0.449
2479.000 0.449
2480.000 0.453
2481.000 0.454
2482.000 0.451
2483.000 0.450
2484.000 0.455
2485.000 0.452
2486.000 0.453
2487.000 0.454
2488.000 0.448
2489.000 0.451
2490.000 0.448
2491.000 0.448
2492.000 0.450
2493.000 0.451
2494.000 0.446
2495.000 0.452
2496.000 0.450
2497.000 0.448
2498.000 0.453
2499.000 0.452
2500.000 0.452
2501.000 0.453
2502.000 0.448
2503.000 0.454
2504.000 0.450
2505.000 0.447
2506.000 0.450
2507.000 0.448
2508.000 0.452
2509.000 0.447
2510.000 0.451
2511.000 0.452
2512.000 0.453
2513.000 0.453
2514.000 0.448
2515.000 0.449
2516.000 0.454
2517.000 0.456
2518.000 0.450
2519.000 0.454
2520.000 0.450
2521.000 0.451
2522.000 0.446
2523.000 0.452
2524.000 0.455
2525.000 0.454
2526.000 0.453
2527.000 0.457
2528.000 0.449
2529.000 0.456
2530.000 0.454
2531.000 0.449
2532.000 0.454
2533.000 0.451
2534.000 0.452
2535.000 0.454
2536.000 0.451
2537.000 0.450
2538.000 0.453
2539.000 0.452
2540.000 0.452
2541.000 0.456
2542.000 0.452
2543.000 0.454
2544.000 0.451
2545.000 0.454
2546.000 0.452
2547.000 0.451
2548.000 0.454
2549.000 0.453
2550.000 0.454
2551.000 0.453
2552.000 0.449
2553.000 0.450
2554.000 0.453
2555.000 0.451
2556.000 0.451
2557.000 0.453
2558.000 0.459
2559.000 0.455
2560.000 0.448
2561.000 0.450
2562.000 0.451
2563.000 0.452
2564.000 0.452
2565.000 0.450
2566.000 0.448
2567.000 0.450
2568.000 0.452
2569.000 0.449
2570.000 0.454
2571.000 0.451
2572.000 0.452
2573.000 0.453
2574.000 0.455
2575.000 0.453
2576.000 0.448
2577.000 0.449
2578.000 0.451
2579.000 0.447
2580.000 0.450
2581.000 0.453
2582.000 0.456
2583.000 0.450
2584.000 0.454
2585.000 0.451
2586.000 0.452
2587.000 0.454
2588.000 0.450
2589.000 0.453
2590.000 0.452
2591.000 0.453
2592.000 0.450
2593.000 0.452
2594.000 0.451
2595.000 0.456
2596.000 0.451
2597.000 0.450
2598.000 0.453
2599.000 0.454
2600.000 0.450
