1801.000 0.298
1802.000 1.792
1803.000 1.807
1804.000 1.812
1805.000 1.823
1806.000 1.833
1807.000 1.842
1808.000 1.823
1809.000 1.857
1810.000 1.886
1811.000 1.876
1812.000 1.897
1813.000 1.902
1814.000 1.915
1815.000 1.922
1816.000 1.926
1817.000 1.938
1818.000 1.940
1819.000 1.951
1820.000 1.959
1821.000 1.968
1822.000 1.972
1823.000 1.986
1824.000 1.995
1825.000 2.003
1826.000 2.013
1827.000 2.021
1828.000 2.025
1829.000 2.033
1830.000 2.038
1831.000 2.048
1832.000 2.049
1833.000 2.068
1834.000 2.077
1835.000 2.082
1836.000 2.092
1837.000 2.102
1838.000 2.110
1839.000 2.115
1840.000 2.126
1841.000 2.128
1842.000 2.135
1843.000 2.144
1844.000 2.155
1845.000 2.163
1846.000 2.167
1847.000 2.177
1848.000 2.182
1849.000 2.193
1850.000 2.194
1851.000 2.205
1852.000 2.226
1853.000 2.215
1854.000 2.224
1855.000 2.233
1856.000 2.242
1857.000 2.248
1858.000 2.257
1859.000 2.263
1860.000 2.271
1861.000 2.279
1862.000 2.287
1863.000 2.294
1864.000 2.298
1865.000 2.306
1866.000 2.309
1867.000 2.318
1868.000 2.322
1869.000 2.331
1870.000 2.339
1871.000 2.349
1872.000 2.349
1873.000 2.355
1874.000 2.359
1875.000 2.367
1876.000 2.370
1877.000 2.377
1878.000 2.388
1879.000 2.391
1880.000 2.400
1881.000 2.403
1882.000 2.411
1883.000 2.419
1884.000 2.426
1885.000 2.432
1886.000 2.438
1887.000 2.437
1888.000 2.443
1889.000 2.444
1890.000 2.452
1891.000 2.461
1892.000 2.476
1893.000 2.479
1894.000 2.472
1895.000 2.480
1896.000 2.488
1897.000 2.498
1898.000 2.498
1899.000 2.504
1900.000 2.505
1901.000 2.508
1902.000 2.506
1903.000 2.516
1904.000 2.519
1905.000 2.528
1906.000 2.532
1907.000 2.539
1908.000 2.552
1909.000 2.555
1910.000 2.562
1911.000 2.561
1912.000 2.568
1913.000 2.571
1914.000 2.569
1915.000 2.575
1916.000 2.583
1917.000 2.586
1918.000 2.589
1919.000 2.593
1920.000 2.604
1921.000 2.600
1922.000 2.610
1923.000 2.615
1924.000 2.622
1925.000 2.624
1926.000 2.628
1927.000 2.638
1928.000 2.640
1929.000 2.646
1930.000 2.653
1931.000 2.665
1932.000 2.671
1933.000 2.675
1934.000 2.686
1935.000 2.690
1936.000 2.696
1937.000 2.699
1938.000 2.702
1939.000 2.714
1940.000 2.718
1941.000 2.721
1942.000 2.727
1943.000 2.733
1944.000 2.749
1945.000 2.749
1946.000 2.759
1947.000 2.762
1948.000 2.761
1949.000 2.768
1950.000 2.769
1951.000 2.767
1952.000 2.783
1953.000 2.788
1954.000 2.799
1955.000 2.804
1956.000 2.813
1957.000 2.828
1958.000 2.833
1959.000 2.829
1960.000 2.848
1961.000 2.840
1962.000 2.842
1963.000 2.860
1964.000 2.851
1965.000 2.864
1966.000 2.882
1967.000 2.885
1968.000 2.891
1969.000 2.906
1970.000 2.916
1971.000 2.919
1972.000 2.937
1973.000 2.920
1974.000 2.939
1975.000 2.959
1976.000 2.957
1977.000 2.973
1978.000 2.972
1979.000 2.999
1980.000 2.991
1981.000 3.002
1982.000 3.024
1983.000 3.035
1984.000 3.052
1985.000 3.060
1986.000 3.051
1987.000 3.066
1988.000 3.082
1989.000 3.112
1990.000 3.119
1991.000 3.120
1992.000 3.154
1993.000 3.145
1994.000 3.178
1995.000 3.175
1996.000 3.193
1997.000 3.215
1998.000 3.226
1999.000 3.230
2000.000 3.250
2001.000 3.267
2002.000 3.289
2003.000 3.315
2004.000 3.335
2005.000 3.350
2006.000 3.358
2007.000 3.395
2008.000 3.400
2009.000 3.430
2010.000 3.446
2011.000 3.459
2012.000 3.476
2013.000 3.517
2014.000 3.538
2015.000 3.553
2016.000 3.580
2017.000 3.594
2018.000 3.627
2019.000 3.663
2020.000 3.690
2021.000 3.721
2022.000 3.731
2023.000 3.758
2024.000 3.787
2025.000 3.831
2026.000 3.859
2027.000 3.899
2028.000 3.933
2029.000 3.969
2030.000 4.003
2031.000 4.046
2032.000 4.094
2033.000 4.126
2034.000 4.170
2035.000 4.192
2036.000 4.228
2037.000 4.311
2038.000 4.343
2039.000 4.383
2040.000 4.446
2041.000 4.506
2042.000 4.570
2043.000 4.627
2044.000 4.678
2045.000 4.757
2046.000 4.780
2047.000 4.846
2048.000 4.927
2049.000 4.989
2050.000 5.078
2051.000 5.152
2052.000 5.218
2053.000 5.321
2054.000 5.396
2055.000 5.506
2056.000 5.609
2057.000 5.705
2058.000 5.831
2059.000 5.883
2060.000 5.989
2061.000 6.138
2062.000 6.272
2063.000 6.420
2064.000 6.561
2065.000 6.703
2066.000 6.898
2067.000 7.077
2068.000 7.256
2069.000 7.480
2070.000 7.649
2071.000 7.778
2072.000 8.045
2073.000 8.251
2074.000 8.583
2075.000 8.881
2076.000 9.158
2077.000 9.550
2078.000 9.902
2079.000 10.349
2080.000 10.803
2081.000 11.176
2082.000 11.778
2083.000 12.325
2084.000 12.571
2085.000 13.339
2086.000 14.023
2087.000 14.800
2088.000 15.699
2089.000 16.448
2090.000 17.601
2091.000 18.633
2092.000 19.659
2093.000 20.861
2094.000 21.790
2095.000 22.232
2096.000 23.164
2097.000 23.728
2098.000 23.999
2099.000 23.900
2100.000 23.457
2101.000 22.529
2102.000 21.456
2103.000 20.171
2104.000 18.735
2105.000 17.614
2106.000 16.184
2107.000 15.604
2108.000 14.674
2109.000 13.500
2110.000 12.746
2111.000 11.809
2112.000 11.105
2113.000 10.547
2114.000 9.830
2115.000 9.378
2116.000 8.809
2117.000 8.384
2118.000 8.048
2119.000 7.597
2120.000 7.414
2121.000 7.133
2122.000 6.774
2123.000 6.483
2124.000 6.210
2125.000 5.952
2126.000 5.761
2127.000 5.511
2128.000 5.299
2129.000 5.126
2130.000 4.929
2131.000 4.794
2132.000 4.703
2133.000 4.524
2134.000 4.402
2135.000 4.228
2136.000 4.095
2137.000 3.977
2138.000 3.853
2139.000 3.773
2140.000 3.650
2141.000 3.544
2142.000 3.477
2143.000 3.392
2144.000 3.317
2145.000 3.238
2146.000 3.137
2147.000 3.079
2148.000 2.979
2149.000 2.897
2150.000 2.848
2151.000 2.779
2152.000 2.725
2153.000 2.654
2154.000 2.595
2155.000 2.554
2156.000 2.511
2157.000 2.453
2158.000 2.420
2159.000 2.359
2160.000 2.314
2161.000 2.271
2162.000 2.210
2163.000 2.182
2164.000 2.133
2165.000 2.100
2166.000 2.052
2167.000 2.022
2168.000 2.002
2169.000 1.970
2170.000 1.932
2171.000 1.906
2172.000 1.870
2173.000 1.835
2174.000 1.811
2175.000 1.772
2176.000 1.747
2177.000 1.721
2178.000 1.693
2179.000 1.672
2180.000 1.643
2181.000 1.632
2182.000 1.610
2183.000 1.587
2184.000 1.564
2185.000 1.543
2186.000 1.518
2187.000 1.507
2188.000 1.480
2189.000 1.466
2190.000 1.446
2191.000 1.430
2192.000 1.423
2193.000 1.400
2194.000 1.387
2195.000 1.373
2196.000 1.352
2197.000 1.338
2198.000 1.323
2199.000 1.307
2200.000 1.296
2201.000 1.286
2202.000 1.270
2203.000 1.260
2204.000 1.243
2205.000 1.243
2206.000 1.229
2207.000 1.223
2208.000 1.205
2209.000 1.203
2210.000 1.199
2211.000 1.193
2212.000 1.182
2213.000 1.173
2214.000 1.165
2215.000 1.162
2216.000 1.153
2217.000 1.150
2218.000 1.156
2219.000 1.152
2220.000 1.141
2221.000 1.133
2222.000 1.138
2223.000 1.143
2224.000 1.130
2225.000 1.126
2226.000 1.127
2227.000 1.130
2228.000 1.125
2229.000 1.129
2230.000 1.112
2231.000 1.113
2232.000 1.141
2233.000 1.140
2234.000 1.151
2235.000 1.156
2236.000 1.157
2237.000 1.165
2238.000 1.175
2239.000 1.190
2240.000 1.197
2241.000 1.202
2242.000 1.238
2243.000 1.244
2244.000 1.257
2245.000 1.276
2246.000 1.306
2247.000 1.327
2248.000 1.358
2249.000 1.394
2250.000 1.420
2251.000 1.476
2252.000 1.518
2253.000 1.538
2254.000 1.595
2255.000 1.658
2256.000 1.707
2257.000 1.805
2258.000 1.888
2259.000 1.973
2260.000 2.096
2261.000 2.199
2262.000 2.346
2263.000 2.499
2264.000 2.620
2265.000 2.796
2266.000 2.874
2267.000 2.969
2268.000 3.072
2269.000 3.101
2270.000 3.057
2271.000 2.936
2272.000 2.772
2273.000 2.541
2274.000 2.327
2275.000 2.108
2276.000 1.902
2277.000 1.766
2278.000 1.661
2279.000 1.512
2280.000 1.420
2281.000 1.289
2282.000 1.215
2283.000 1.111
2284.000 1.053
2285.000 1.001
2286.000 0.934
2287.000 0.889
2288.000 0.834
2289.000 0.816
2290.000 0.799
2291.000 0.754
2292.000 0.731
2293.000 0.706
2294.000 0.679
2295.000 0.664
2296.000 0.639
2297.000 0.633
2298.000 0.589
2299.000 0.590
2300.000 0.572
2301.000 0.563
2302.000 0.558
2303.000 0.550
2304.000 0.538
2305.000 0.532
2306.000 0.521
2307.000 0.516
2308.000 0.501
2309.000 0.498
2310.000 0.490
2311.000 0.484
2312.000 0.480
2313.000 0.475
2314.000 0.472
2315.000 0.468
2316.000 0.468
2317.000 0.460
2318.000 0.462
2319.000 0.455
2320.000 0.446
2321.000 0.448
2322.000 0.447
2323.000 0.445
2324.000 0.439
2325.000 0.439
2326.000 0.444
2327.000 0.432
2328.000 0.437
2329.000 0.433
2330.000 0.432
2331.000 0.431
2332.000 0.428
2333.000 0.429
2334.000 0.427
2335.000 0.424
2336.000 0.425
2337.000 0.420
2338.000 0.422
2339.000 0.417
2340.000 0.419
2341.000 0.421
2342.000 0.417
2343.000 0.415
2344.000 0.414
2345.000 0.414
2346.000 0.417
2347.000 0.413
2348.000 0.415
2349.000 0.413
2350.000 0.415
2351.000 0.409
2352.000 0.412
2353.000 0.410
2354.000 0.411
2355.000 0.412
2356.000 0.407
2357.000 0.403
2358.000 0.408
2359.000 0.407
2360.000 0.409
2361.000 0.410
2362.000 0.412
2363.000 0.410
2364.000 0.406
2365.000 0.408
2366.000 0.407
2367.000 0.406
2368.000 0.409
2369.000 0.407
2370.000 0.406
2371.000 0.406
2372.000 0.406
2373.000 0.404
2374.000 0.403
2375.000 0.408
2376.000 0.403
2377.000 0.406
2378.000 0.406
2379.000 0.405
2380.000 0.404
2381.000 0.407
2382.000 0.405
2383.000 0.405
2384.000 0.404
2385.000 0.409
2386.000 0.402
2387.000 0.405
2388.000 0.402
2389.000 0.403
2390.000 0.401
2391.000 0.407
2392.000 0.402
2393.000 0.404
2394.000 0.400
2395.000 0.404
2396.000 0.402
2397.000 0.405
2398.000 0.404
2399.000 0.402
2400.000 0.406
2401.000 0.402
2402.000 0.401
2403.000 0.403
2404.000 0.403
2405.000 0.404
2406.000 0.402
2407.000 0.405
2408.000 0.404
2409.000 0.410
2410.000 0.405
2411.000 0.408
2412.000 0.401
2413.000 0.405
2414.000 0.406
2415.000 0.409
2416.000 0.406
2417.000 0.405
2418.000 0.408
2419.000 0.405
2420.000 0.409
2421.000 0.407
2422.000 0.407
2423.000 0.409
2424.000 0.406
2425.000 0.408
2426.000 0.409
2427.000 0.408
2428.000 0.408
2429.000 0.405
2430.000 0.406
2431.000 0.407
2432.000 0.409
2433.000 0.407
2434.000 0.410
2435.000 0.409
2436.000 0.409
2437.000 0.409
2438.000 0.407
2439.000 0.408
2440.000 0.408
2441.000 0.412
2442.000 0.409
2443.000 0.408
2444.000 0.405
2445.000 0.407
2446.000 0.406
2447.000 0.407
2448.000 0.410
2449.000 0.408
2450.000 0.406
2451.000 0.407
2452.000 0.409
2453.000 0.408
2454.000 0.410
2455.000 0.414
2456.000 0.407
2457.000 0.408
2458.000 0.408
2459.000 0.407
2460.000 0.409
2461.000 0.409
2462.000 0.410
2463.000 0.410
2464.000 0.409
2465.000 0.411
2466.000 0.407
2467.000 0.410
2468.000 0.413
2469.000 0.412
2470.000 0.410
2471.000 0.409
2472.000 0.406
2473.000 0.410
2474.000 0.412
2475.000 0.411
2476.000 0.410
2477.000 0.411
2478.000 0.412
2479.000 0.412
2480.000 0.411
2481.000 0.415
2482.000 0.412
2483.000 0.416
2484.000 0.413
2485.000 0.410
2486.000 0.413
2487.000 0.410
2488.000 0.410
2489.000 0.410
2490.000 0.409
2491.000 0.414
2492.000 0.415
2493.000 0.415
2494.000 0.413
2495.000 0.411
2496.000 0.415
2497.000 0.412
2498.000 0.413
2499.000 0.414
2500.000 0.413
2501.000 0.414
2502.000 0.413
2503.000 0.410
2504.000 0.415
2505.000 0.409
2506.000 0.416
2507.000 0.412
2508.000 0.411
2509.000 0.414
2510.000 0.417
2511.000 0.417
2512.000 0.417
2513.000 0.413
2514.000 0.409
2515.000 0.411
2516.000 0.413
2517.000 0.411
2518.000 0.411
2519.000 0.413
2520.000 0.409
2521.000 0.409
2522.000 0.413
2523.000 0.412
2524.000 0.413
2525.000 0.413
2526.000 0.413
2527.000 0.415
2528.000 0.415
2529.000 0.417
2530.000 0.417
2531.000 0.414
2532.000 0.413
2533.000 0.413
2534.000 0.417
2535.000 0.412
2536.000 0.414
2537.000 0.414
2538.000 0.416
2539.000 0.415
2540.000 0.414
2541.000 0.415
2542.000 0.413
2543.000 0.417
2544.000 0.413
2545.000 0.415
2546.000 0.417
2547.000 0.412
2548.000 0.411
2549.000 0.414
2550.000 0.412
2551.000 0.414
2552.000 0.409
2553.000 0.417
2554.000 0.413
2555.000 0.417
2556.000 0.416
2557.000 0.414
2558.000 0.415
2559.000 0.415
2560.000 0.415
2561.000 0.415
2562.000 0.412
2563.000 0.412
2564.000 0.411
2565.000 0.412
2566.000 0.415
2567.000 0.410
2568.000 0.413
2569.000 0.413
2570.000 0.410
2571.000 0.414
2572.000 0.415
2573.000 0.410
2574.000 0.412
2575.000 0.414
2576.000 0.411
2577.000 0.409
2578.000 0.413
2579.000 0.410
2580.000 0.411
2581.000 0.408
2582.000 0.412
2583.000 0.417
2584.000 0.415
2585.000 0.412
2586.000 0.413
2587.000 0.412
2588.000 0.412
2589.000 0.412
2590.000 0.413
2591.000 0.411
2592.000 0.410
2593.000 0.410
2594.000 0.409
2595.000 0.412
2596.000 0.410
2597.000 0.410
2598.000 0.414
2599.000 0.414
2600.000 0.413
