1801.000 2.031
1802.000 2.043
1803.000 2.047
1804.000 2.054
1805.000 2.059
1806.000 2.076
1807.000 2.084
1808.000 2.097
1809.000 2.114
1810.000 2.117
1811.000 2.131
1812.000 2.138
1813.000 2.158
1814.000 2.163
1815.000 2.174
1816.000 2.173
1817.000 2.190
1818.000 2.198
1819.000 2.208
1820.000 2.224
1821.000 2.223
1822.000 2.236
1823.000 2.254
1824.000 2.262
1825.000 2.268
1826.000 2.269
1827.000 2.279
1828.000 2.290
1829.000 2.299
1830.000 2.308
1831.000 2.318
1832.000 2.328
1833.000 2.339
1834.000 2.352
1835.000 2.360
1836.000 2.372
1837.000 2.385
1838.000 2.391
1839.000 2.396
1840.000 2.408
1841.000 2.416
1842.000 2.422
1843.000 2.436
1844.000 2.444
1845.000 2.453
1846.000 2.465
1847.000 2.467
1848.000 2.474
1849.000 2.484
1850.000 2.492
1851.000 2.496
1852.000 2.510
1853.000 2.516
1854.000 2.529
1855.000 2.536
1856.000 2.549
1857.000 2.556
1858.000 2.569
1859.000 2.577
1860.000 2.578
1861.000 2.588
1862.000 2.594
1863.000 2.601
1864.000 2.612
1865.000 2.619
1866.000 2.630
1867.000 2.638
1868.000 2.643
1869.000 2.650
1870.000 2.661
1871.000 2.665
1872.000 2.666
1873.000 2.678
1874.000 2.683
1875.000 2.690
1876.000 2.697
1877.000 2.708
1878.000 2.711
1879.000 2.724
1880.000 2.736
1881.000 2.739
1882.000 2.746
1883.000 2.757
1884.000 2.763
1885.000 2.762
1886.000 2.772
1887.000 2.770
1888.000 2.779
1889.000 2.782
1890.000 2.793
1891.000 2.800
1892.000 2.809
1893.000 2.823
1894.000 2.824
1895.000 2.835
1896.000 2.840
1897.000 2.849
1898.000 2.845
1899.000 2.860
1900.000 2.859
1901.000 2.853
1902.000 2.865
1903.000 2.871
1904.000 2.878
1905.000 2.888
1906.000 2.893
1907.000 2.904
1908.000 2.904
1909.000 2.903
1910.000 2.910
1911.000 2.917
1912.000 2.922
1913.000 2.926
1914.000 2.940
1915.000 2.942
1916.000 2.937
1917.000 2.944
1918.000 2.955
1919.000 2.958
1920.000 2.964
1921.000 2.972
1922.000 2.978
1923.000 2.976
1924.000 2.982
1925.000 2.992
1926.000 2.998
1927.000 2.997
1928.000 3.011
1929.000 3.009
1930.000 3.026
1931.000 3.032
1932.000 3.037
1933.000 3.047
1934.000 3.052
1935.000 3.052
1936.000 3.054
1937.000 3.061
1938.000 3.061
1939.000 3.074
1940.000 3.079
1941.000 3.088
1942.000 3.081
1943.000 3.110
1944.000 3.101
1945.000 3.122
1946.000 3.125
1947.000 3.132
1948.000 3.133
1949.000 3.139
1950.000 3.140
1951.000 3.148
1952.000 3.153
1953.000 3.155
1954.000 3.171
1955.000 3.173
1956.000 3.182
1957.000 3.196
1958.000 3.208
1959.000 3.208
1960.000 3.216
1961.000 3.221
1962.000 3.236
1963.000 3.239
1964.000 3.240
1965.000 3.262
1966.000 3.270
1967.000 3.270
1968.000 3.274
1969.000 3.286
1970.000 3.295
1971.000 3.311
1972.000 3.312
1973.000 3.321
1974.000 3.318
1975.000 3.338
1976.000 3.342
1977.000 3.346
1978.000 3.369
1979.000 3.375
1980.000 3.373
1981.000 3.400
1982.000 3.420
1983.000 3.439
1984.000 3.442
1985.000 3.443
1986.000 3.458
1987.000 3.462
1988.000 3.480
1989.000 3.507
1990.000 3.512
1991.000 3.516
1992.000 3.550
1993.000 3.551
1994.000 3.578
1995.000 3.575
1996.000 3.596
1997.000 3.612
1998.000 3.625
1999.000 3.641
2000.000 3.648
2001.000 3.666
2002.000 3.693
2003.000 3.718
2004.000 3.746
2005.000 3.763
2006.000 3.762
2007.000 3.804
2008.000 3.820
2009.000 3.825
2010.000 3.862
2011.000 3.869
2012.000 3.902
2013.000 3.934
2014.000 3.945
2015.000 3.978
2016.000 3.997
2017.000 4.023
2018.000 4.046
2019.000 4.084
2020.000 4.123
2021.000 4.119
2022.000 4.161
2023.000 4.195
2024.000 4.220
2025.000 4.255
2026.000 4.292
2027.000 4.324
2028.000 4.375
2029.000 4.400
2030.000 4.440
2031.000 4.483
2032.000 4.521
2033.000 4.550
2034.000 4.597
2035.000 4.631
2036.000 4.682
2037.000 4.742
2038.000 4.791
2039.000 4.842
2040.000 4.895
2041.000 4.959
2042.000 5.021
2043.000 5.066
2044.000 5.148
2045.000 5.208
2046.000 5.230
2047.000 5.321
2048.000 5.383
2049.000 5.475
2050.000 5.557
2051.000 5.626
2052.000 5.717
2053.000 5.802
2054.000 5.922
2055.000 6.008
2056.000 6.106
2057.000 6.178
2058.000 6.292
2059.000 6.387
2060.000 6.530
2061.000 6.662
2062.000 6.790
2063.000 6.951
2064.000 7.070
2065.000 7.270
2066.000 7.456
2067.000 7.616
2068.000 7.849
2069.000 7.958
2070.000 8.134
2071.000 8.405
2072.000 8.604
2073.000 8.925
2074.000 9.210
2075.000 9.467
2076.000 9.843
2077.000 10.188
2078.000 10.639
2079.000 11.050
2080.000 11.430
2081.000 12.037
2082.000 12.314
2083.000 12.782
2084.000 13.532
2085.000 14.217
2086.000 14.887
2087.000 15.805
2088.000 16.587
2089.000 17.655
2090.000 18.689
2091.000 19.592
2092.000 20.814
2093.000 21.786
2094.000 22.238
2095.000 23.241
2096.000 23.929
2097.000 24.312
2098.000 24.383
2099.000 24.068
2100.000 23.252
2101.000 22.195
2102.000 20.928
2103.000 19.357
2104.000 18.157
2105.000 16.605
2106.000 15.969
2107.000 14.992
2108.000 13.717
2109.000 12.811
2110.000 11.920
2111.000 11.132
2112.000 10.542
2113.000 9.793
2114.000 9.272
2115.000 8.655
2116.000 8.201
2117.000 7.832
2118.000 7.548
2119.000 7.166
2120.000 6.874
2121.000 6.487
2122.000 6.182
2123.000 5.888
2124.000 5.618
2125.000 5.419
2126.000 5.163
2127.000 4.929
2128.000 4.866
2129.000 4.551
2130.000 4.404
2131.000 4.305
2132.000 4.119
2133.000 3.989
2134.000 3.820
2135.000 3.676
2136.000 3.560
2137.000 3.415
2138.000 3.321
2139.000 3.190
2140.000 3.079
2141.000 2.998
2142.000 2.888
2143.000 2.843
2144.000 2.756
2145.000 2.663
2146.000 2.607
2147.000 2.505
2148.000 2.426
2149.000 2.359
2150.000 2.274
2151.000 2.220
2152.000 2.127
2153.000 2.071
2154.000 2.053
2155.000 1.975
2156.000 1.913
2157.000 1.872
2158.000 1.807
2159.000 1.763
2160.000 1.703
2161.000 1.657
2162.000 1.620
2163.000 1.567
2164.000 1.519
2165.000 1.467
2166.000 1.428
2167.000 1.407
2168.000 1.365
2169.000 1.336
2170.000 1.295
2171.000 1.247
2172.000 1.212
2173.000 1.182
2174.000 1.153
2175.000 1.124
2176.000 1.079
2177.000 1.049
2178.000 1.023
2179.000 0.999
2180.000 0.968
2181.000 0.949
2182.000 0.912
2183.000 0.887
2184.000 0.855
2185.000 0.834
2186.000 0.803
2187.000 0.773
2188.000 0.755
2189.000 0.727
2190.000 0.707
2191.000 0.686
2192.000 0.680
2193.000 0.658
2194.000 0.630
2195.000 0.602
2196.000 0.586
2197.000 0.553
2198.000 0.534
2199.000 0.519
2200.000 0.501
2201.000 0.476
2202.000 0.461
2203.000 0.451
2204.000 0.431
2205.000 0.416
2206.000 0.394
2207.000 0.387
2208.000 0.370
2209.000 0.356
2210.000 0.345
2211.000 0.336
2212.000 0.324
2213.000 0.315
2214.000 0.311
2215.000 0.310
2216.000 0.305
2217.000 0.303
2218.000 0.297
2219.000 0.302
2220.000 0.303
2221.000 0.309
2222.000 0.321
2223.000 0.325
2224.000 0.339
2225.000 0.349
2226.000 0.373
2227.000 0.385
2228.000 0.390
2229.000 0.419
2230.000 0.432
2231.000 0.457
2232.000 0.483
2233.000 0.504
2234.000 0.531
2235.000 0.563
2236.000 0.589
2237.000 0.625
2238.000 0.661
2239.000 0.700
2240.000 0.717
2241.000 0.760
2242.000 0.798
2243.000 0.851
2244.000 0.886
2245.000 0.951
2246.000 1.000
2247.000 1.052
2248.000 1.126
2249.000 1.184
2250.000 1.274
2251.000 1.356
2252.000 1.387
2253.000 1.502
2254.000 1.597
2255.000 1.692
2256.000 1.839
2257.000 1.964
2258.000 2.128
2259.000 2.290
2260.000 2.439
2261.000 2.675
2262.000 2.880
2263.000 3.118
2264.000 3.259
2265.000 3.512
2266.000 3.762
2267.000 4.030
2268.000 4.242
2269.000 4.437
2270.000 4.546
2271.000 4.564
2272.000 4.475
2273.000 4.316
2274.000 4.068
2275.000 3.782
2276.000 3.672
2277.000 3.373
2278.000 3.118
2279.000 2.925
2280.000 2.704
2281.000 2.552
2282.000 2.364
2283.000 2.229
2284.000 2.106
2285.000 1.980
2286.000 1.899
2287.000 1.782
2288.000 1.698
2289.000 1.683
2290.000 1.583
2291.000 1.521
2292.000 1.466
2293.000 1.400
2294.000 1.364
2295.000 1.297
2296.000 1.243
2297.000 1.214
2298.000 1.163
2299.000 1.133
2300.000 1.093
2301.000 1.069
2302.000 1.049
2303.000 1.012
2304.000 0.980
2305.000 0.949
2306.000 0.924
2307.000 0.903
2308.000 0.878
2309.000 0.851
2310.000 0.836
2311.000 0.813
2312.000 0.793
2313.000 0.785
2314.000 0.764
2315.000 0.748
2316.000 0.739
2317.000 0.708
2318.000 0.697
2319.000 0.682
2320.000 0.663
2321.000 0.652
2322.000 0.636
2323.000 0.626
2324.000 0.613
2325.000 0.607
2326.000 0.598
2327.000 0.580
2328.000 0.571
2329.000 0.559
2330.000 0.550
2331.000 0.544
2332.000 0.541
2333.000 0.517
2334.000 0.517
2335.000 0.504
2336.000 0.492
2337.000 0.488
2338.000 0.484
2339.000 0.476
2340.000 0.465
2341.000 0.460
2342.000 0.456
2343.000 0.448
2344.000 0.441
2345.000 0.432
2346.000 0.424
2347.000 0.420
2348.000 0.415
2349.000 0.410
2350.000 0.404
2351.000 0.396
2352.000 0.396
2353.000 0.390
2354.000 0.382
2355.000 0.377
2356.000 0.375
2357.000 0.370
2358.000 0.362
2359.000 0.361
2360.000 0.357
2361.000 0.350
2362.000 0.345
2363.000 0.344
2364.000 0.339
2365.000 0.330
2366.000 0.327
2367.000 0.327
2368.000 0.323
2369.000 0.319
2370.000 0.313
2371.000 0.311
2372.000 0.304
2373.000 0.309
2374.000 0.304
2375.000 0.301
2376.000 0.302
2377.000 0.299
2378.000 0.291
2379.000 0.289
2380.000 0.288
2381.000 0.290
2382.000 0.284
2383.000 0.285
2384.000 0.283
2385.000 0.278
2386.000 0.274
2387.000 0.272
2388.000 0.271
2389.000 0.273
2390.000 0.266
2391.000 0.265
2392.000 0.262
2393.000 0.259
2394.000 0.259
2395.000 0.258
2396.000 0.258
2397.000 0.254
2398.000 0.253
2399.000 0.256
2400.000 0.251
2401.000 0.248
2402.000 0.250
2403.000 0.248
2404.000 0.245
2405.000 0.244
2406.000 0.240
2407.000 0.243
2408.000 0.241
2409.000 0.242
2410.000 0.239
2411.000 0.241
2412.000 0.238
2413.000 0.239
2414.000 0.239
2415.000 0.235
2416.000 0.235
2417.000 0.232
2418.000 0.232
2419.000 0.234
2420.000 0.230
2421.000 0.230
2422.000 0.226
2423.000 0.226
2424.000 0.228
2425.000 0.225
2426.000 0.225
2427.000 0.222
2428.000 0.224
2429.000 0.224
2430.000 0.222
2431.000 0.224
2432.000 0.225
2433.000 0.222
2434.000 0.221
2435.000 0.223
2436.000 0.221
2437.000 0.223
2438.000 0.222
2439.000 0.219
2440.000 0.222
2441.000 0.226
2442.000 0.220
2443.000 0.220
2444.000 0.222
2445.000 0.222
2446.000 0.219
2447.000 0.217
2448.000 0.217
2449.000 0.220
2450.000 0.218
2451.000 0.219
2452.000 0.219
2453.000 0.218
2454.000 0.223
2455.000 0.222
2456.000 0.221
2457.000 0.217
2458.000 0.220
2459.000 0.219
2460.000 0.219
2461.000 0.218
2462.000 0.218
2463.000 0.218
2464.000 0.218
2465.000 0.215
2466.000 0.219
2467.000 0.222
2468.000 0.218
2469.000 0.216
2470.000 0.219
2471.000 0.220
2472.000 0.217
2473.000 0.216
2474.000 0.218
2475.000 0.221
2476.000 0.215
2477.000 0.218
2478.000 0.218
2479.000 0.218
2480.000 0.222
2481.000 0.216
2482.000 0.218
2483.000 0.217
2484.000 0.221
2485.000 0.221
2486.000 0.218
2487.000 0.218
2488.000 0.219
2489.000 0.217
2490.000 0.216
2491.000 0.216
2492.000 0.214
2493.000 0.217
2494.000 0.219
2495.000 0.222
2496.000 0.222
2497.000 0.219
2498.000 0.220
2499.000 0.217
2500.000 0.218
2501.000 0.222
2502.000 0.219
2503.000 0.221
2504.000 0.216
2505.000 0.220
2506.000 0.217
2507.000 0.215
2508.000 0.221
2509.000 0.223
2510.000 0.219
2511.000 0.224
2512.000 0.222
2513.000 0.218
2514.000 0.222
2515.000 0.223
2516.000 0.221
2517.000 0.218
2518.000 0.220
2519.000 0.219
2520.000 0.215
2521.000 0.217
2522.000 0.217
2523.000 0.217
2524.000 0.219
2525.000 0.220
2526.000 0.220
2527.000 0.218
2528.000 0.222
2529.000 0.222
2530.000 0.222
2531.000 0.222
2532.000 0.218
2533.000 0.222
2534.000 0.217
2535.000 0.218
2536.000 0.219
2537.000 0.221
2538.000 0.219
2539.000 0.219
2540.000 0.220
2541.000 0.222
2542.000 0.225
2543.000 0.225
2544.000 0.222
2545.000 0.221
2546.000 0.220
2547.000 0.220
2548.000 0.218
2549.000 0.221
2550.000 0.219
2551.000 0.220
2552.000 0.221
2553.000 0.223
2554.000 0.220
2555.000 0.220
2556.000 0.222
2557.000 0.222
2558.000 0.221
2559.000 0.219
2560.000 0.220
2561.000 0.216
2562.000 0.222
2563.000 0.219
2564.000 0.215
2565.000 0.217
2566.000 0.221
2567.000 0.215
2568.000 0.214
2569.000 0.220
2570.000 0.219
2571.000 0.218
2572.000 0.217
2573.000 0.220
2574.000 0.214
2575.000 0.217
2576.000 0.216
2577.000 0.217
2578.000 0.217
2579.000 0.215
2580.000 0.217
2581.000 0.214
2582.000 0.214
2583.000 0.218
2584.000 0.215
2585.000 0.217
2586.000 0.215
2587.000 0.219
2588.000 0.217
2589.000 0.216
2590.000 0.214
2591.000 0.213
2592.000 0.217
2593.000 0.209
2594.000 0.213
2595.000 0.214
2596.000 0.214
2597.000 0.211
2598.000 0.213
2599.000 0.214
2600.000 0.213
