1801.000 1.867
1802.000 1.873
1803.000 1.873
1804.000 1.883
1805.000 1.893
1806.000 1.903
1807.000 1.913
1808.000 1.925
1809.000 1.890
1810.000 1.946
1811.000 1.952
1812.000 1.963
1813.000 1.972
1814.000 1.979
1815.000 1.983
1816.000 1.990
1817.000 1.990
1818.000 2.009
1819.000 2.018
1820.000 2.025
1821.000 2.038
1822.000 2.047
1823.000 2.054
1824.000 2.063
1825.000 2.075
1826.000 2.078
1827.000 2.087
1828.000 2.092
1829.000 2.104
1830.000 2.117
1831.000 2.119
1832.000 2.129
1833.000 2.135
1834.000 2.145
1835.000 2.156
1836.000 2.165
1837.000 2.169
1838.000 2.178
1839.000 2.183
1840.000 2.187
1841.000 2.199
1842.000 2.213
1843.000 2.224
1844.000 2.228
1845.000 2.234
1846.000 2.249
1847.000 2.252
1848.000 2.263
1849.000 2.271
1850.000 2.278
1851.000 2.285
1852.000 2.292
1853.000 2.302
1854.000 2.306
1855.000 2.317
1856.000 2.335
1857.000 2.330
1858.000 2.339
1859.000 2.342
1860.000 2.357
1861.000 2.358
1862.000 2.367
1863.000 2.377
1864.000 2.380
1865.000 2.382
1866.000 2.390
1867.000 2.399
1868.000 2.409
1869.000 2.413
1870.000 2.422
1871.000 2.436
1872.000 2.439
1873.000 2.444
1874.000 2.455
1875.000 2.455
1876.000 2.465
1877.000 2.466
1878.000 2.478
1879.000 2.485
1880.000 2.486
1881.000 2.493
1882.000 2.498
1883.000 2.507
1884.000 2.511
1885.000 2.521
1886.000 2.521
1887.000 2.527
1888.000 2.532
1889.000 2.538
1890.000 2.547
1891.000 2.552
1892.000 2.560
1893.000 2.560
1894.000 2.570
1895.000 2.586
1896.000 2.581
1897.000 2.590
1898.000 2.584
1899.000 2.599
1900.000 2.598
1901.000 2.603
1902.000 2.601
1903.000 2.615
1904.000 2.619
1905.000 2.638
1906.000 2.640
1907.000 2.658
1908.000 2.647
1909.000 2.658
1910.000 2.657
1911.000 2.658
1912.000 2.662
1913.000 2.671
1914.000 2.675
1915.000 2.680
1916.000 2.681
1917.000 2.688
1918.000 2.693
1919.000 2.696
1920.000 2.701
1921.000 2.707
1922.000 2.720
1923.000 2.720
1924.000 2.723
1925.000 2.730
1926.000 2.733
1927.000 2.740
1928.000 2.738
1929.000 2.758
1930.000 2.753
1931.000 2.762
1932.000 2.772
1933.000 2.783
1934.000 2.783
1935.000 2.787
1936.000 2.789
1937.000 2.791
1938.000 2.806
1939.000 2.812
1940.000 2.821
1941.000 2.821
1942.000 2.826
1943.000 2.839
1944.000 2.841
1945.000 2.850
1946.000 2.849
1947.000 2.862
1948.000 2.863
1949.000 2.872
1950.000 2.872
1951.000 2.874
1952.000 2.888
1953.000 2.890
1954.000 2.906
1955.000 2.911
1956.000 2.922
1957.000 2.939
1958.000 2.940
1959.000 2.938
1960.000 2.956
1961.000 2.951
1962.000 2.964
1963.000 2.972
1964.000 2.969
1965.000 2.990
1966.000 2.996
1967.000 3.003
1968.000 3.009
1969.000 3.025
1970.000 3.031
1971.000 3.034
1972.000 3.039
1973.000 3.046
1974.000 3.040
1975.000 3.064
1976.000 3.074
1977.000 3.080
1978.000 3.091
1979.000 3.111
1980.000 3.103
1981.000 3.121
1982.000 3.140
1983.000 3.163
1984.000 3.166
1985.000 3.164
1986.000 3.165
1987.000 3.187
1988.000 3.201
1989.000 3.225
1990.000 3.236
1991.000 3.241
1992.000 3.273
1993.000 3.269
1994.000 3.302
1995.000 3.298
1996.000 3.315
1997.000 3.323
1998.000 3.342
1999.000 3.355
2000.000 3.377
2001.000 3.391
2002.000 3.412
2003.000 3.441
2004.000 3.466
2005.000 3.475
2006.000 3.485
2007.000 3.518
2008.000 3.533
2009.000 3.554
2010.000 3.577
2011.000 3.590
2012.000 3.607
2013.000 3.641
2014.000 3.662
2015.000 3.682
2016.000 3.711
2017.000 3.726
2018.000 3.762
2019.000 3.792
2020.000 3.818
2021.000 3.832
2022.000 3.870
2023.000 3.886
2024.000 3.920
2025.000 3.952
2026.000 3.982
2027.000 4.028
2028.000 4.071
2029.000 4.101
2030.000 4.133
2031.000 4.173
2032.000 4.219
2033.000 4.241
2034.000 4.277
2035.000 4.332
2036.000 4.364
2037.000 4.427
2038.000 4.484
2039.000 4.521
2040.000 4.589
2041.000 4.638
2042.000 4.708
2043.000 4.769
2044.000 4.823
2045.000 4.891
2046.000 4.924
2047.000 4.984
2048.000 5.072
2049.000 5.144
2050.000 5.233
2051.000 5.303
2052.000 5.367
2053.000 5.468
2054.000 5.569
2055.000 5.657
2056.000 5.761
2057.000 5.864
2058.000 5.924
2059.000 6.049
2060.000 6.162
2061.000 6.299
2062.000 6.445
2063.000 6.562
2064.000 6.739
2065.000 6.870
2066.000 7.078
2067.000 7.260
2068.000 7.432
2069.000 7.671
2070.000 7.771
2071.000 7.973
2072.000 8.229
2073.000 8.481
2074.000 8.777
2075.000 9.142
2076.000 9.323
2077.000 9.780
2078.000 10.151
2079.000 10.575
2080.000 11.037
2081.000 11.442
2082.000 11.756
2083.000 12.370
2084.000 12.871
2085.000 13.669
2086.000 14.396
2087.000 15.080
2088.000 16.074
2089.000 16.928
2090.000 17.971
2091.000 19.103
2092.000 20.046
2093.000 21.251
2094.000 22.285
2095.000 22.677
2096.000 23.569
2097.000 24.138
2098.000 24.359
2099.000 24.184
2100.000 23.702
2101.000 22.711
2102.000 21.489
2103.000 20.300
2104.000 18.778
2105.000 17.584
2106.000 16.128
2107.000 15.536
2108.000 14.597
2109.000 13.428
2110.000 12.525
2111.000 11.752
2112.000 10.986
2113.000 10.453
2114.000 9.716
2115.000 9.197
2116.000 8.741
2117.000 8.240
2118.000 8.038
2119.000 7.686
2120.000 7.273
2121.000 7.007
2122.000 6.622
2123.000 6.311
2124.000 6.068
2125.000 5.813
2126.000 5.617
2127.000 5.350
2128.000 5.151
2129.000 5.000
2130.000 4.791
2131.000 4.708
2132.000 4.550
2133.000 4.383
2134.000 4.278
2135.000 4.102
2136.000 3.972
2137.000 3.862
2138.000 3.733
2139.000 3.624
2140.000 3.493
2141.000 3.409
2142.000 3.334
2143.000 3.259
2144.000 3.176
2145.000 3.104
2146.000 3.005
2147.000 2.923
2148.000 2.860
2149.000 2.784
2150.000 2.717
2151.000 2.635
2152.000 2.581
2153.000 2.523
2154.000 2.448
2155.000 2.400
2156.000 2.373
2157.000 2.326
2158.000 2.264
2159.000 2.205
2160.000 2.157
2161.000 2.107
2162.000 2.082
2163.000 2.009
2164.000 1.979
2165.000 1.931
2166.000 1.908
2167.000 1.883
2168.000 1.844
2169.000 1.812
2170.000 1.769
2171.000 1.741
2172.000 1.702
2173.000 1.677
2174.000 1.651
2175.000 1.609
2176.000 1.576
2177.000 1.549
2178.000 1.522
2179.000 1.512
2180.000 1.482
2181.000 1.457
2182.000 1.441
2183.000 1.410
2184.000 1.381
2185.000 1.364
2186.000 1.340
2187.000 1.321
2188.000 1.296
2189.000 1.276
2190.000 1.256
2191.000 1.240
2192.000 1.228
2193.000 1.209
2194.000 1.193
2195.000 1.175
2196.000 1.150
2197.000 1.136
2198.000 1.122
2199.000 1.101
2200.000 1.082
2201.000 1.075
2202.000 1.052
2203.000 1.042
2204.000 1.034
2205.000 1.017
2206.000 1.008
2207.000 0.992
2208.000 0.978
2209.000 0.972
2210.000 0.957
2211.000 0.946
2212.000 0.937
2213.000 0.926
2214.000 0.914
2215.000 0.908
2216.000 0.896
2217.000 0.887
2218.000 0.877
2219.000 0.869
2220.000 0.859
2221.000 0.855
2222.000 0.846
2223.000 0.836
2224.000 0.834
2225.000 0.822
2226.000 0.815
2227.000 0.807
2228.000 0.804
2229.000 0.793
2230.000 0.795
2231.000 0.791
2232.000 0.782
2233.000 0.777
2234.000 0.759
2235.000 0.799
2236.000 0.767
2237.000 0.749
2238.000 0.751
2239.000 0.757
2240.000 0.758
2241.000 0.715
2242.000 0.769
2243.000 0.753
2244.000 0.758
2245.000 0.756
2246.000 0.754
2247.000 0.753
2248.000 0.760
2249.000 0.767
2250.000 0.771
2251.000 0.778
2252.000 0.785
2253.000 0.792
2254.000 0.799
2255.000 0.812
2256.000 0.822
2257.000 0.840
2258.000 0.858
2259.000 0.875
2260.000 0.899
2261.000 0.923
2262.000 0.943
2263.000 0.971
2264.000 0.979
2265.000 0.992
2266.000 1.003
2267.000 1.001
2268.000 0.979
2269.000 0.934
2270.000 0.881
2271.000 0.813
2272.000 0.754
2273.000 0.682
2274.000 0.622
2275.000 0.573
2276.000 0.526
2277.000 0.502
2278.000 0.467
2279.000 0.437
2280.000 0.417
2281.000 0.401
2282.000 0.382
2283.000 0.369
2284.000 0.355
2285.000 0.351
2286.000 0.350
2287.000 0.353
2288.000 0.342
2289.000 0.330
2290.000 0.333
2291.000 0.331
2292.000 0.330
2293.000 0.332
2294.000 0.333
2295.000 0.331
2296.000 0.329
2297.000 0.330
2298.000 0.330
2299.000 0.326
2300.000 0.327
2301.000 0.332
2302.000 0.330
2303.000 0.327
2304.000 0.328
2305.000 0.340
2306.000 0.326
2307.000 0.327
2308.000 0.322
2309.000 0.316
2310.000 0.325
2311.000 0.322
2312.000 0.319
2313.000 0.315
2314.000 0.328
2315.000 0.327
2316.000 0.330
2317.000 0.328
2318.000 0.326
2319.000 0.325
2320.000 0.328
2321.000 0.326
2322.000 0.329
2323.000 0.324
2324.000 0.328
2325.000 0.329
2326.000 0.327
2327.000 0.329
2328.000 0.329
2329.000 0.326
2330.000 0.322
2331.000 0.330
2332.000 0.330
2333.000 0.328
2334.000 0.327
2335.000 0.324
2336.000 0.330
2337.000 0.327
2338.000 0.329
2339.000 0.327
2340.000 0.326
2341.000 0.331
2342.000 0.327
2343.000 0.328
2344.000 0.328
2345.000 0.333
2346.000 0.335
2347.000 0.334
2348.000 0.333
2349.000 0.333
2350.000 0.328
2351.000 0.330
2352.000 0.331
2353.000 0.333
2354.000 0.333
2355.000 0.333
2356.000 0.331
2357.000 0.332
2358.000 0.331
2359.000 0.335
2360.000 0.327
2361.000 0.337
2362.000 0.329
2363.000 0.335
2364.000 0.336
2365.000 0.336
2366.000 0.332
2367.000 0.330
2368.000 0.329
2369.000 0.333
2370.000 0.333
2371.000 0.333
2372.000 0.332
2373.000 0.336
2374.000 0.334
2375.000 0.336
2376.000 0.334
2377.000 0.345
2378.000 0.337
2379.000 0.332
2380.000 0.336
2381.000 0.335
2382.000 0.338
2383.000 0.335
2384.000 0.335
2385.000 0.336
2386.000 0.340
2387.000 0.339
2388.000 0.337
2389.000 0.338
2390.000 0.340
2391.000 0.341
2392.000 0.343
2393.000 0.339
2394.000 0.336
2395.000 0.340
2396.000 0.340
2397.000 0.343
2398.000 0.338
2399.000 0.341
2400.000 0.340
2401.000 0.341
2402.000 0.344
2403.000 0.342
2404.000 0.343
2405.000 0.343
2406.000 0.344
2407.000 0.340
2408.000 0.342
2409.000 0.347
2410.000 0.346
2411.000 0.342
2412.000 0.343
2413.000 0.343
2414.000 0.345
2415.000 0.349
2416.000 0.345
2417.000 0.349
2418.000 0.348
2419.000 0.347
2420.000 0.348
2421.000 0.347
2422.000 0.346
2423.000 0.348
2424.000 0.347
2425.000 0.351
2426.000 0.349
2427.000 0.347
2428.000 0.346
2429.000 0.345
2430.000 0.350
2431.000 0.350
2432.000 0.348
2433.000 0.351
2434.000 0.349
2435.000 0.352
2436.000 0.345
2437.000 0.352
2438.000 0.351
2439.000 0.350
2440.000 0.350
2441.000 0.348
2442.000 0.350
2443.000 0.352
2444.000 0.348
2445.000 0.351
2446.000 0.351
2447.000 0.354
2448.000 0.352
2449.000 0.353
2450.000 0.352
2451.000 0.357
2452.000 0.357
2453.000 0.353
2454.000 0.355
2455.000 0.355
2456.000 0.352
2457.000 0.354
2458.000 0.356
2459.000 0.353
2460.000 0.356
2461.000 0.356
2462.000 0.357
2463.000 0.355
2464.000 0.359
2465.000 0.356
2466.000 0.360
2467.000 0.357
2468.000 0.356
2469.000 0.359
2470.000 0.357
2471.000 0.354
2472.000 0.357
2473.000 0.354
2474.000 0.358
2475.000 0.356
2476.000 0.356
2477.000 0.356
2478.000 0.362
2479.000 0.359
2480.000 0.358
2481.000 0.358
2482.000 0.358
2483.000 0.362
2484.000 0.359
2485.000 0.355
2486.000 0.359
2487.000 0.356
2488.000 0.360
2489.000 0.361
2490.000 0.357
2491.000 0.357
2492.000 0.360
2493.000 0.359
2494.000 0.361
2495.000 0.359
2496.000 0.364
2497.000 0.359
2498.000 0.358
2499.000 0.360
2500.000 0.359
2501.000 0.360
2502.000 0.361
2503.000 0.358
2504.000 0.357
2505.000 0.359
2506.000 0.358
2507.000 0.363
2508.000 0.363
2509.000 0.362
2510.000 0.359
2511.000 0.365
2512.000 0.363
2513.000 0.361
2514.000 0.362
2515.000 0.362
2516.000 0.358
2517.000 0.365
2518.000 0.361
2519.000 0.361
2520.000 0.359
2521.000 0.361
2522.000 0.361
2523.000 0.361
2524.000 0.364
2525.000 0.361
2526.000 0.364
2527.000 0.362
2528.000 0.361
2529.000 0.360
2530.000 0.362
2531.000 0.363
2532.000 0.360
2533.000 0.361
2534.000 0.362
2535.000 0.358
2536.000 0.364
2537.000 0.364
2538.000 0.361
2539.000 0.367
2540.000 0.364
2541.000 0.361
2542.000 0.360
2543.000 0.360
2544.000 0.359
2545.000 0.363
2546.000 0.362
2547.000 0.361
2548.000 0.361
2549.000 0.359
2550.000 0.360
2551.000 0.361
2552.000 0.362
2553.000 0.362
2554.000 0.359
2555.000 0.356
2556.000 0.361
2557.000 0.363
2558.000 0.363
2559.000 0.362
2560.000 0.358
2561.000 0.357
2562.000 0.363
2563.000 0.360
2564.000 0.358
2565.000 0.358
2566.000 0.363
2567.000 0.363
2568.000 0.359
2569.000 0.360
2570.000 0.362
2571.000 0.358
2572.000 0.358
2573.000 0.359
2574.000 0.358
2575.000 0.359
2576.000 0.361
2577.000 0.359
2578.000 0.356
2579.000 0.360
2580.000 0.359
2581.000 0.355
2582.000 0.355
2583.000 0.359
2584.000 0.358
2585.000 0.359
2586.000 0.357
2587.000 0.357
2588.000 0.357
2589.000 0.362
2590.000 0.358
2591.000 0.358
2592.000 0.358
2593.000 0.357
2594.000 0.357
2595.000 0.356
2596.000 0.358
2597.000 0.357
2598.000 0.357
2599.000 0.355
2600.000 0.356
