1801.000 2.090
1802.000 2.246
1803.000 2.262
1804.000 2.274
1805.000 2.286
1806.000 2.299
1807.000 2.312
1808.000 2.316
1809.000 2.323
1810.000 2.336
1811.000 2.340
1812.000 2.355
1813.000 2.375
1814.000 2.385
1815.000 2.400
1816.000 2.408
1817.000 2.423
1818.000 2.434
1819.000 2.442
1820.000 2.456
1821.000 2.469
1822.000 2.476
1823.000 2.480
1824.000 2.493
1825.000 2.507
1826.000 2.514
1827.000 2.525
1828.000 2.541
1829.000 2.542
1830.000 2.554
1831.000 2.575
1832.000 2.582
1833.000 2.594
1834.000 2.604
1835.000 2.610
1836.000 2.619
1837.000 2.638
1838.000 2.651
1839.000 2.652
1840.000 2.668
1841.000 2.682
1842.000 2.691
1843.000 2.703
1844.000 2.713
1845.000 2.727
1846.000 2.731
1847.000 2.736
1848.000 2.746
1849.000 2.747
1850.000 2.763
1851.000 2.769
1852.000 2.774
1853.000 2.788
1854.000 2.792
1855.000 2.802
1856.000 2.812
1857.000 2.835
1858.000 2.831
1859.000 2.840
1860.000 2.855
1861.000 2.862
1862.000 2.849
1863.000 2.884
1864.000 2.893
1865.000 2.897
1866.000 2.908
1867.000 2.917
1868.000 2.922
1869.000 2.931
1870.000 2.940
1871.000 2.938
1872.000 2.950
1873.000 2.960
1874.000 2.970
1875.000 2.974
1876.000 2.989
1877.000 2.998
1878.000 3.008
1879.000 3.019
1880.000 3.025
1881.000 3.035
1882.000 3.042
1883.000 3.048
1884.000 3.056
1885.000 3.058
1886.000 3.064
1887.000 3.076
1888.000 3.079
1889.000 3.088
1890.000 3.096
1891.000 3.105
1892.000 3.126
1893.000 3.116
1894.000 3.126
1895.000 3.138
1896.000 3.140
1897.000 3.150
1898.000 3.148
1899.000 3.155
1900.000 3.167
1901.000 3.172
1902.000 3.175
1903.000 3.181
1904.000 3.202
1905.000 3.200
1906.000 3.205
1907.000 3.213
1908.000 3.216
1909.000 3.221
1910.000 3.227
1911.000 3.232
1912.000 3.236
1913.000 3.248
1914.000 3.247
1915.000 3.258
1916.000 3.264
1917.000 3.275
1918.000 3.282
1919.000 3.257
1920.000 3.293
1921.000 3.290
1922.000 3.288
1923.000 3.291
1924.000 3.306
1925.000 3.317
1926.000 3.317
1927.000 3.336
1928.000 3.340
1929.000 3.348
1930.000 3.352
1931.000 3.362
1932.000 3.367
1933.000 3.366
1934.000 3.376
1935.000 3.389
1936.000 3.390
1937.000 3.401
1938.000 3.411
1939.000 3.413
1940.000 3.419
1941.000 3.424
1942.000 3.433
1943.000 3.440
1944.000 3.440
1945.000 3.454
1946.000 3.456
1947.000 3.504
1948.000 3.461
1949.000 3.479
1950.000 3.484
1951.000 3.490
1952.000 3.499
1953.000 3.504
1954.000 3.512
1955.000 3.521
1956.000 3.515
1957.000 3.527
1958.000 3.557
1959.000 3.545
1960.000 3.561
1961.000 3.564
1962.000 3.576
1963.000 3.576
1964.000 3.599
1965.000 3.610
1966.000 3.607
1967.000 3.613
1968.000 3.613
1969.000 3.623
1970.000 3.622
1971.000 3.635
1972.000 3.655
1973.000 3.679
1974.000 3.689
1975.000 3.669
1976.000 3.691
1977.000 3.688
1978.000 3.710
1979.000 3.727
1980.000 3.726
1981.000 3.754
1982.000 3.746
1983.000 3.753
1984.000 3.784
1985.000 3.798
1986.000 3.817
1987.000 3.830
1988.000 3.911
1989.000 3.841
1990.000 3.868
1991.000 3.874
1992.000 3.886
1993.000 3.892
1994.000 3.923
1995.000 3.923
1996.000 3.943
1997.000 3.963
1998.000 3.980
1999.000 4.006
2000.000 4.005
2001.000 4.024
2002.000 4.053
2003.000 4.073
2004.000 4.100
2005.000 4.115
2006.000 4.122
2007.000 4.148
2008.000 4.176
2009.000 4.190
2010.000 4.219
2011.000 4.237
2012.000 4.256
2013.000 4.292
2014.000 4.311
2015.000 4.338
2016.000 4.355
2017.000 4.375
2018.000 4.408
2019.000 4.426
2020.000 4.446
2021.000 4.515
2022.000 4.556
2023.000 4.575
2024.000 4.605
2025.000 4.586
2026.000 4.671
2027.000 4.692
2028.000 4.703
2029.000 4.772
2030.000 4.801
2031.000 4.816
2032.000 4.881
2033.000 4.896
2034.000 4.964
2035.000 5.012
2036.000 5.072
2037.000 5.135
2038.000 5.173
2039.000 5.239
2040.000 5.287
2041.000 5.311
2042.000 5.397
2043.000 5.432
2044.000 5.482
2045.000 5.568
2046.000 5.633
2047.000 5.712
2048.000 5.790
2049.000 5.858
2050.000 5.953
2051.000 6.035
2052.000 6.123
2053.000 6.162
2054.000 6.254
2055.000 6.370
2056.000 6.489
2057.000 6.553
2058.000 6.690
2059.000 6.817
2060.000 6.924
2061.000 7.087
2062.000 7.194
2063.000 7.372
2064.000 7.529
2065.000 7.672
2066.000 7.807
2067.000 7.981
2068.000 8.143
2069.000 8.368
2070.000 8.607
2071.000 8.849
2072.000 9.099
2073.000 9.350
2074.000 9.668
2075.000 9.954
2076.000 10.343
2077.000 10.736
2078.000 10.918
2079.000 11.300
2080.000 11.852
2081.000 12.240
2082.000 12.864
2083.000 13.469
2084.000 14.063
2085.000 14.862
2086.000 15.546
2087.000 16.464
2088.000 17.383
2089.000 17.783
2090.000 18.779
2091.000 19.834
2092.000 20.696
2093.000 21.769
2094.000 22.590
2095.000 23.235
2096.000 23.692
2097.000 23.812
2098.000 23.475
2099.000 22.770
2100.000 21.850
2101.000 20.517
2102.000 19.816
2103.000 18.614
2104.000 17.081
2105.000 15.959
2106.000 14.583
2107.000 13.453
2108.000 12.623
2109.000 11.586
2110.000 10.935
2111.000 10.065
2112.000 9.425
2113.000 8.891
2114.000 8.534
2115.000 8.038
2116.000 7.617
2117.000 7.129
2118.000 6.796
2119.000 6.357
2120.000 6.029
2121.000 5.756
2122.000 5.402
2123.000 5.169
2124.000 4.859
2125.000 4.635
2126.000 4.478
2127.000 4.302
2128.000 4.100
2129.000 3.952
2130.000 3.741
2131.000 3.599
2132.000 3.524
2133.000 3.266
2134.000 3.156
2135.000 3.002
2136.000 2.866
2137.000 2.738
2138.000 2.683
2139.000 2.573
2140.000 2.451
2141.000 2.365
2142.000 2.276
2143.000 2.158
2144.000 2.076
2145.000 1.988
2146.000 1.907
2147.000 1.836
2148.000 1.747
2149.000 1.664
2150.000 1.644
2151.000 1.557
2152.000 1.472
2153.000 1.450
2154.000 1.324
2155.000 1.304
2156.000 1.239
2157.000 1.169
2158.000 1.118
2159.000 1.060
2160.000 1.010
2161.000 0.946
2162.000 0.894
2163.000 0.879
2164.000 0.820
2165.000 0.787
2166.000 0.755
2167.000 0.696
2168.000 0.651
2169.000 0.610
2170.000 0.565
2171.000 0.533
2172.000 0.493
2173.000 0.454
2174.000 0.413
2175.000 0.410
2176.000 0.369
2177.000 0.338
2178.000 0.317
2179.000 0.288
2180.000 0.267
2181.000 0.250
2182.000 0.239
2183.000 0.230
2184.000 0.231
2185.000 0.236
2186.000 0.245
2187.000 0.254
2188.000 0.272
2189.000 0.286
2190.000 0.312
2191.000 0.335
2192.000 0.361
2193.000 0.391
2194.000 0.418
2195.000 0.445
2196.000 0.492
2197.000 0.527
2198.000 0.552
2199.000 0.555
2200.000 0.589
2201.000 0.631
2202.000 0.642
2203.000 0.704
2204.000 0.736
2205.000 0.758
2206.000 0.794
2207.000 0.844
2208.000 0.858
2209.000 0.913
2210.000 0.948
2211.000 0.979
2212.000 1.009
2213.000 1.046
2214.000 1.083
2215.000 1.130
2216.000 1.162
2217.000 1.216
2218.000 1.261
2219.000 1.297
2220.000 1.350
2221.000 1.390
2222.000 1.448
2223.000 1.500
2224.000 1.512
2225.000 1.580
2226.000 1.635
2227.000 1.681
2228.000 1.754
2229.000 1.825
2230.000 1.868
2231.000 1.953
2232.000 2.014
2233.000 2.093
2234.000 2.179
2235.000 2.196
2236.000 2.294
2237.000 2.393
2238.000 2.471
2239.000 2.570
2240.000 2.656
2241.000 2.788
2242.000 2.909
2243.000 3.028
2244.000 3.170
2245.000 3.277
2246.000 3.468
2247.000 3.633
2248.000 3.685
2249.000 3.914
2250.000 4.113
2251.000 4.299
2252.000 4.573
2253.000 4.806
2254.000 5.129
2255.000 5.413
2256.000 5.712
2257.000 6.164
2258.000 6.592
2259.000 7.010
2260.000 7.337
2261.000 7.836
2262.000 8.380
2263.000 9.075
2264.000 9.670
2265.000 10.408
2266.000 11.110
2267.000 11.647
2268.000 12.177
2269.000 12.476
2270.000 12.527
2271.000 12.299
2272.000 11.889
2273.000 11.541
2274.000 10.783
2275.000 10.118
2276.000 9.257
2277.000 8.605
2278.000 7.945
2279.000 7.347
2280.000 6.917
2281.000 6.387
2282.000 6.011
2283.000 5.601
2284.000 5.447
2285.000 5.195
2286.000 4.852
2287.000 4.611
2288.000 4.421
2289.000 4.174
2290.000 4.018
2291.000 3.803
2292.000 3.650
2293.000 3.527
2294.000 3.362
2295.000 3.243
2296.000 3.155
2297.000 3.050
2298.000 2.931
2299.000 2.826
2300.000 2.737
2301.000 2.669
2302.000 2.573
2303.000 2.482
2304.000 2.403
2305.000 2.344
2306.000 2.285
2307.000 2.196
2308.000 2.150
2309.000 2.130
2310.000 2.062
2311.000 2.008
2312.000 1.947
2313.000 1.899
2314.000 1.863
2315.000 1.820
2316.000 1.782
2317.000 1.727
2318.000 1.686
2319.000 1.652
2320.000 1.591
2321.000 1.582
2322.000 1.558
2323.000 1.516
2324.000 1.479
2325.000 1.454
2326.000 1.420
2327.000 1.391
2328.000 1.359
2329.000 1.334
2330.000 1.311
2331.000 1.278
2332.000 1.269
2333.000 1.244
2334.000 1.217
2335.000 1.196
2336.000 1.171
2337.000 1.150
2338.000 1.136
2339.000 1.107
2340.000 1.093
2341.000 1.068
2342.000 1.057
2343.000 1.036
2344.000 1.015
2345.000 1.015
2346.000 0.990
2347.000 0.979
2348.000 0.953
2349.000 0.938
2350.000 0.921
2351.000 0.912
2352.000 0.890
2353.000 0.878
2354.000 0.872
2355.000 0.849
2356.000 0.837
2357.000 0.828
2358.000 0.813
2359.000 0.805
2360.000 0.788
2361.000 0.772
2362.000 0.763
2363.000 0.748
2364.000 0.743
2365.000 0.719
2366.000 0.712
2367.000 0.699
2368.000 0.691
2369.000 0.684
2370.000 0.680
2371.000 0.667
2372.000 0.660
2373.000 0.647
2374.000 0.636
2375.000 0.628
2376.000 0.618
2377.000 0.612
2378.000 0.602
2379.000 0.591
2380.000 0.582
2381.000 0.578
2382.000 0.567
2383.000 0.567
2384.000 0.551
2385.000 0.547
2386.000 0.537
2387.000 0.529
2388.000 0.524
2389.000 0.513
2390.000 0.502
2391.000 0.498
2392.000 0.484
2393.000 0.482
2394.000 0.479
2395.000 0.467
2396.000 0.461
2397.000 0.456
2398.000 0.450
2399.000 0.444
2400.000 0.434
2401.000 0.431
2402.000 0.424
2403.000 0.410
2404.000 0.413
2405.000 0.406
2406.000 0.402
2407.000 0.397
2408.000 0.388
2409.000 0.387
2410.000 0.376
2411.000 0.374
2412.000 0.364
2413.000 0.366
2414.000 0.352
2415.000 0.349
2416.000 0.345
2417.000 0.342
2418.000 0.327
2419.000 0.328
2420.000 0.325
2421.000 0.320
2422.000 0.315
2423.000 0.315
2424.000 0.304
2425.000 0.305
2426.000 0.297
2427.000 0.297
2428.000 0.292
2429.000 0.284
2430.000 0.283
2431.000 0.282
2432.000 0.272
2433.000 0.272
2434.000 0.262
2435.000 0.265
2436.000 0.260
2437.000 0.255
2438.000 0.248
2439.000 0.250
2440.000 0.243
2441.000 0.238
2442.000 0.233
2443.000 0.230
2444.000 0.227
2445.000 0.229
2446.000 0.218
2447.000 0.217
2448.000 0.210
2449.000 0.214
2450.000 0.202
2451.000 0.208
2452.000 0.198
2453.000 0.194
2454.000 0.194
2455.000 0.187
2456.000 0.189
2457.000 0.186
2458.000 0.180
2459.000 0.175
2460.000 0.171
2461.000 0.167
2462.000 0.163
2463.000 0.159
2464.000 0.158
2465.000 0.155
2466.000 0.153
2467.000 0.151
2468.000 0.143
2469.000 0.141
2470.000 0.141
2471.000 0.140
2472.000 0.137
2473.000 0.133
2474.000 0.128
2475.000 0.124
2476.000 0.124
2477.000 0.121
2478.000 0.116
2479.000 0.119
2480.000 0.118
2481.000 0.110
2482.000 0.107
2483.000 0.107
2484.000 0.101
2485.000 0.098
2486.000 0.104
2487.000 0.094
2488.000 0.093
2489.000 0.093
2490.000 0.082
2491.000 0.084
2492.000 0.083
2493.000 0.081
2494.000 0.077
2495.000 0.075
2496.000 0.074
2497.000 0.070
2498.000 0.068
2499.000 0.064
2500.000 0.063
2501.000 0.062
2502.000 0.058
2503.000 0.056
2504.000 0.052
2505.000 0.050
2506.000 0.050
2507.000 0.046
2508.000 0.048
2509.000 0.044
2510.000 0.039
2511.000 0.036
2512.000 0.036
2513.000 0.034
2514.000 0.032
2515.000 0.030
2516.000 0.030
2517.000 0.029
2518.000 0.023
2519.000 0.024
2520.000 0.019
2521.000 0.024
2522.000 0.016
2523.000 0.014
2524.000 0.014
2525.000 0.011
2526.000 0.009
2527.000 0.007
2528.000 0.008
2529.000 0.007
2530.000 0.007
2531.000 0.008
2532.000 0.009
2533.000 0.006
2534.000 0.009
2535.000 0.010
2536.000 0.015
2537.000 0.015
2538.000 0.015
2539.000 0.018
2540.000 0.020
2541.000 0.024
2542.000 0.024
2543.000 0.027
2544.000 0.027
2545.000 0.028
2546.000 0.032
2547.000 0.034
2548.000 0.036
2549.000 0.037
2550.000 0.041
2551.000 0.038
2552.000 0.043
2553.000 0.042
2554.000 0.045
2555.000 0.048
2556.000 0.054
2557.000 0.051
2558.000 0.052
2559.000 0.058
2560.000 0.057
2561.000 0.061
2562.000 0.060
2563.000 0.065
2564.000 0.060
2565.000 0.067
2566.000 0.069
2567.000 0.072
2568.000 0.073
2569.000 0.075
2570.000 0.077
2571.000 0.081
2572.000 0.079
2573.000 0.077
2574.000 0.080
2575.000 0.083
2576.000 0.086
2577.000 0.084
2578.000 0.087
2579.000 0.092
2580.000 0.091
2581.000 0.092
2582.000 0.094
2583.000 0.093
2584.000 0.094
2585.000 0.099
2586.000 0.096
2587.000 0.099
2588.000 0.102
2589.000 0.105
2590.000 0.104
2591.000 0.106
2592.000 0.107
2593.000 0.109
2594.000 0.115
2595.000 0.111
2596.000 0.118
2597.000 0.117
2598.000 0.124
2599.000 0.124
2600.000 0.123
