1801.000 2.141
1802.000 2.154
1803.000 2.158
1804.000 2.170
1805.000 2.181
1806.000 2.187
1807.000 2.203
1808.000 2.216
1809.000 2.224
1810.000 2.243
1811.000 2.254
1812.000 2.260
1813.000 2.269
1814.000 2.280
1815.000 2.296
1816.000 2.307
1817.000 2.311
1818.000 2.315
1819.000 2.333
1820.000 2.348
1821.000 2.354
1822.000 2.355
1823.000 2.366
1824.000 2.377
1825.000 2.385
1826.000 2.400
1827.000 2.406
1828.000 2.416
1829.000 2.429
1830.000 2.435
1831.000 2.452
1832.000 2.461
1833.000 2.469
1834.000 2.484
1835.000 2.488
1836.000 2.502
1837.000 2.517
1838.000 2.526
1839.000 2.539
1840.000 2.542
1841.000 2.546
1842.000 2.565
1843.000 2.568
1844.000 2.582
1845.000 2.589
1846.000 2.599
1847.000 2.601
1848.000 2.623
1849.000 2.641
1850.000 2.650
1851.000 2.648
1852.000 2.655
1853.000 2.665
1854.000 2.670
1855.000 2.686
1856.000 2.694
1857.000 2.704
1858.000 2.714
1859.000 2.717
1860.000 2.734
1861.000 2.742
1862.000 2.756
1863.000 2.760
1864.000 2.772
1865.000 2.778
1866.000 2.782
1867.000 2.790
1868.000 2.793
1869.000 2.807
1870.000 2.808
1871.000 2.820
1872.000 2.818
1873.000 2.832
1874.000 2.842
1875.000 2.845
1876.000 2.861
1877.000 2.871
1878.000 2.869
1879.000 2.882
1880.000 2.888
1881.000 2.890
1882.000 2.901
1883.000 2.908
1884.000 2.919
1885.000 2.918
1886.000 2.933
1887.000 2.943
1888.000 2.944
1889.000 2.951
1890.000 2.962
1891.000 2.968
1892.000 2.978
1893.000 2.984
1894.000 2.995
1895.000 3.001
1896.000 3.003
1897.000 3.008
1898.000 3.013
1899.000 3.018
1900.000 3.027
1901.000 3.036
1902.000 3.039
1903.000 3.049
1904.000 3.053
1905.000 3.054
1906.000 3.065
1907.000 3.069
1908.000 3.072
1909.000 3.075
1910.000 3.089
1911.000 3.088
1912.000 3.093
1913.000 3.096
1914.000 3.111
1915.000 3.112
1916.000 3.117
1917.000 3.125
1918.000 3.124
1919.000 3.130
1920.000 3.136
1921.000 3.145
1922.000 3.152
1923.000 3.155
1924.000 3.161
1925.000 3.161
1926.000 3.179
1927.000 3.179
1928.000 3.189
1929.000 3.190
1930.000 3.201
1931.000 3.204
1932.000 3.215
1933.000 3.219
1934.000 3.224
1935.000 3.234
1936.000 3.242
1937.000 3.251
1938.000 3.252
1939.000 3.257
1940.000 3.258
1941.000 3.267
1942.000 3.274
1943.000 3.276
1944.000 3.288
1945.000 3.296
1946.000 3.301
1947.000 3.296
1948.000 3.316
1949.000 3.317
1950.000 3.318
1951.000 3.329
1952.000 3.333
1953.000 3.343
1954.000 3.349
1955.000 3.364
1956.000 3.366
1957.000 3.368
1958.000 3.385
1959.000 3.399
1960.000 3.392
1961.000 3.414
1962.000 3.409
1963.000 3.418
1964.000 3.436
1965.000 3.433
1966.000 3.443
1967.000 3.451
1968.000 3.463
1969.000 3.479
1970.000 3.481
1971.000 3.486
1972.000 3.485
1973.000 3.501
1974.000 3.518
1975.000 3.512
1976.000 3.518
1977.000 3.541
1978.000 3.535
1979.000 3.562
1980.000 3.572
1981.000 3.570
1982.000 3.594
1983.000 3.614
1984.000 3.630
1985.000 3.649
1986.000 3.659
1987.000 3.654
1988.000 3.675
1989.000 3.690
1990.000 3.687
1991.000 3.704
1992.000 3.731
1993.000 3.734
1994.000 3.758
1995.000 3.768
1996.000 3.782
1997.000 3.805
1998.000 3.822
1999.000 3.833
2000.000 3.829
2001.000 3.848
2002.000 3.876
2003.000 3.897
2004.000 3.927
2005.000 3.939
2006.000 3.951
2007.000 3.986
2008.000 4.000
2009.000 4.025
2010.000 4.047
2011.000 4.092
2012.000 4.085
2013.000 4.118
2014.000 4.139
2015.000 4.165
2016.000 4.181
2017.000 4.204
2018.000 4.232
2019.000 4.267
2020.000 4.308
2021.000 4.342
2022.000 4.367
2023.000 4.393
2024.000 4.313
2025.000 4.475
2026.000 4.480
2027.000 4.530
2028.000 4.552
2029.000 4.624
2030.000 4.647
2031.000 4.689
2032.000 4.733
2033.000 4.778
2034.000 4.814
2035.000 4.850
2036.000 4.894
2037.000 4.935
2038.000 4.989
2039.000 5.073
2040.000 5.105
2041.000 5.163
2042.000 5.214
2043.000 5.290
2044.000 5.351
2045.000 5.412
2046.000 5.482
2047.000 5.551
2048.000 5.581
2049.000 5.672
2050.000 5.733
2051.000 5.823
2052.000 5.938
2053.000 6.013
2054.000 6.115
2055.000 6.181
2056.000 6.326
2057.000 6.421
2058.000 6.520
2059.000 6.651
2060.000 6.723
2061.000 6.821
2062.000 6.985
2063.000 7.153
2064.000 7.286
2065.000 7.466
2066.000 7.622
2067.000 7.723
2068.000 8.044
2069.000 8.234
2070.000 8.482
2071.000 8.674
2072.000 8.952
2073.000 9.107
2074.000 9.344
2075.000 9.724
2076.000 10.033
2077.000 10.348
2078.000 10.823
2079.000 11.200
2080.000 11.729
2081.000 12.242
2082.000 12.686
2083.000 13.383
2084.000 13.697
2085.000 14.256
2086.000 15.127
2087.000 15.884
2088.000 16.737
2089.000 17.746
2090.000 18.595
2091.000 19.772
2092.000 20.812
2093.000 21.702
2094.000 22.725
2095.000 23.447
2096.000 23.965
2097.000 24.115
2098.000 24.149
2099.000 23.742
2100.000 22.945
2101.000 22.013
2102.000 20.584
2103.000 19.283
2104.000 17.842
2105.000 16.443
2106.000 15.394
2107.000 14.116
2108.000 13.225
2109.000 12.784
2110.000 11.764
2111.000 11.118
2112.000 10.245
2113.000 9.619
2114.000 9.118
2115.000 8.510
2116.000 8.092
2117.000 7.542
2118.000 7.154
2119.000 6.837
2120.000 6.433
2121.000 6.132
2122.000 6.006
2123.000 5.677
2124.000 5.444
2125.000 5.145
2126.000 4.921
2127.000 4.729
2128.000 4.489
2129.000 4.325
2130.000 4.120
2131.000 3.952
2132.000 3.822
2133.000 3.712
2134.000 3.568
2135.000 3.446
2136.000 3.295
2137.000 3.169
2138.000 3.053
2139.000 2.939
2140.000 2.840
2141.000 2.718
2142.000 2.625
2143.000 2.540
2144.000 2.438
2145.000 2.391
2146.000 2.299
2147.000 2.219
2148.000 2.160
2149.000 2.065
2150.000 2.003
2151.000 1.921
2152.000 1.856
2153.000 1.782
2154.000 1.721
2155.000 1.656
2156.000 1.609
2157.000 1.542
2158.000 1.513
2159.000 1.467
2160.000 1.409
2161.000 1.364
2162.000 1.306
2163.000 1.257
2164.000 1.213
2165.000 1.152
2166.000 1.128
2167.000 1.075
2168.000 1.034
2169.000 0.999
2170.000 0.969
2171.000 0.934
2172.000 0.899
2173.000 0.851
2174.000 0.815
2175.000 0.782
2176.000 0.745
2177.000 0.715
2178.000 0.675
2179.000 0.645
2180.000 0.617
2181.000 0.596
2182.000 0.567
2183.000 0.541
2184.000 0.513
2185.000 0.487
2186.000 0.458
2187.000 0.435
2188.000 0.409
2189.000 0.381
2190.000 0.366
2191.000 0.339
2192.000 0.320
2193.000 0.318
2194.000 0.303
2195.000 0.292
2196.000 0.281
2197.000 0.269
2198.000 0.268
2199.000 0.271
2200.000 0.274
2201.000 0.279
2202.000 0.288
2203.000 0.302
2204.000 0.312
2205.000 0.336
2206.000 0.340
2207.000 0.362
2208.000 0.380
2209.000 0.405
2210.000 0.428
2211.000 0.454
2212.000 0.474
2213.000 0.501
2214.000 0.527
2215.000 0.559
2216.000 0.589
2217.000 0.618
2218.000 0.655
2219.000 0.669
2220.000 0.702
2221.000 0.736
2222.000 0.759
2223.000 0.804
2224.000 0.837
2225.000 0.874
2226.000 0.915
2227.000 0.955
2228.000 1.002
2229.000 1.046
2230.000 1.059
2231.000 1.114
2232.000 1.167
2233.000 1.210
2234.000 1.266
2235.000 1.310
2236.000 1.377
2237.000 1.442
2238.000 1.490
2239.000 1.567
2240.000 1.625
2241.000 1.719
2242.000 1.757
2243.000 1.824
2244.000 1.927
2245.000 2.013
2246.000 2.098
2247.000 2.224
2248.000 2.338
2249.000 2.454
2250.000 2.602
2251.000 2.717
2252.000 2.909
2253.000 3.079
2254.000 3.260
2255.000 3.372
2256.000 3.592
2257.000 3.801
2258.000 4.098
2259.000 4.349
2260.000 4.723
2261.000 5.078
2262.000 5.398
2263.000 5.891
2264.000 6.318
2265.000 6.779
2266.000 7.277
2267.000 7.664
2268.000 7.878
2269.000 8.228
2270.000 8.414
2271.000 8.444
2272.000 8.289
2273.000 7.975
2274.000 7.486
2275.000 7.019
2276.000 6.412
2277.000 5.939
2278.000 5.512
2279.000 5.276
2280.000 4.920
2281.000 4.592
2282.000 4.276
2283.000 4.059
2284.000 3.764
2285.000 3.559
2286.000 3.372
2287.000 3.187
2288.000 3.059
2289.000 2.891
2290.000 2.761
2291.000 2.712
2292.000 2.575
2293.000 2.468
2294.000 2.372
2295.000 2.276
2296.000 2.205
2297.000 2.111
2298.000 2.033
2299.000 1.968
2300.000 1.898
2301.000 1.848
2302.000 1.777
2303.000 1.723
2304.000 1.698
2305.000 1.643
2306.000 1.597
2307.000 1.555
2308.000 1.503
2309.000 1.469
2310.000 1.427
2311.000 1.385
2312.000 1.354
2313.000 1.311
2314.000 1.290
2315.000 1.249
2316.000 1.237
2317.000 1.210
2318.000 1.170
2319.000 1.152
2320.000 1.126
2321.000 1.098
2322.000 1.082
2323.000 1.051
2324.000 1.031
2325.000 1.003
2326.000 0.979
2327.000 0.969
2328.000 0.952
2329.000 0.930
2330.000 0.914
2331.000 0.891
2332.000 0.876
2333.000 0.867
2334.000 0.849
2335.000 0.828
2336.000 0.809
2337.000 0.795
2338.000 0.781
2339.000 0.766
2340.000 0.759
2341.000 0.746
2342.000 0.732
2343.000 0.719
2344.000 0.703
2345.000 0.692
2346.000 0.680
2347.000 0.670
2348.000 0.655
2349.000 0.648
2350.000 0.632
2351.000 0.628
2352.000 0.618
2353.000 0.608
2354.000 0.601
2355.000 0.589
2356.000 0.577
2357.000 0.571
2358.000 0.559
2359.000 0.552
2360.000 0.545
2361.000 0.534
2362.000 0.522
2363.000 0.517
2364.000 0.507
2365.000 0.503
2366.000 0.492
2367.000 0.484
2368.000 0.479
2369.000 0.469
2370.000 0.461
2371.000 0.457
2372.000 0.450
2373.000 0.443
2374.000 0.432
2375.000 0.429
2376.000 0.428
2377.000 0.422
2378.000 0.418
2379.000 0.412
2380.000 0.405
2381.000 0.396
2382.000 0.390
2383.000 0.387
2384.000 0.379
2385.000 0.374
2386.000 0.366
2387.000 0.363
2388.000 0.358
2389.000 0.353
2390.000 0.348
2391.000 0.342
2392.000 0.339
2393.000 0.333
2394.000 0.330
2395.000 0.326
2396.000 0.321
2397.000 0.312
2398.000 0.317
2399.000 0.308
2400.000 0.303
2401.000 0.303
2402.000 0.299
2403.000 0.291
2404.000 0.293
2405.000 0.277
2406.000 0.281
2407.000 0.279
2408.000 0.274
2409.000 0.275
2410.000 0.267
2411.000 0.265
2412.000 0.260
2413.000 0.256
2414.000 0.253
2415.000 0.253
2416.000 0.247
2417.000 0.241
2418.000 0.239
2419.000 0.229
2420.000 0.236
2421.000 0.229
2422.000 0.228
2423.000 0.223
2424.000 0.224
2425.000 0.219
2426.000 0.217
2427.000 0.215
2428.000 0.215
2429.000 0.211
2430.000 0.208
2431.000 0.207
2432.000 0.205
2433.000 0.200
2434.000 0.191
2435.000 0.194
2436.000 0.190
2437.000 0.192
2438.000 0.189
2439.000 0.188
2440.000 0.183
2441.000 0.185
2442.000 0.182
2443.000 0.179
2444.000 0.175
2445.000 0.173
2446.000 0.172
2447.000 0.169
2448.000 0.170
2449.000 0.167
2450.000 0.169
2451.000 0.166
2452.000 0.164
2453.000 0.161
2454.000 0.159
2455.000 0.158
2456.000 0.158
2457.000 0.157
2458.000 0.154
2459.000 0.153
2460.000 0.146
2461.000 0.151
2462.000 0.149
2463.000 0.148
2464.000 0.146
2465.000 0.141
2466.000 0.140
2467.000 0.142
2468.000 0.138
2469.000 0.137
2470.000 0.138
2471.000 0.137
2472.000 0.136
2473.000 0.134
2474.000 0.131
2475.000 0.133
2476.000 0.133
2477.000 0.131
2478.000 0.128
2479.000 0.128
2480.000 0.131
2481.000 0.129
2482.000 0.127
2483.000 0.128
2484.000 0.127
2485.000 0.125
2486.000 0.122
2487.000 0.126
2488.000 0.126
2489.000 0.131
2490.000 0.130
2491.000 0.128
2492.000 0.130
2493.000 0.129
2494.000 0.127
2495.000 0.128
2496.000 0.125
2497.000 0.124
2498.000 0.124
2499.000 0.125
2500.000 0.122
2501.000 0.125
2502.000 0.125
2503.000 0.124
2504.000 0.124
2505.000 0.125
2506.000 0.124
2507.000 0.125
2508.000 0.125
2509.000 0.125
2510.000 0.122
2511.000 0.125
2512.000 0.121
2513.000 0.121
2514.000 0.120
2515.000 0.122
2516.000 0.121
2517.000 0.117
2518.000 0.122
2519.000 0.121
2520.000 0.123
2521.000 0.119
2522.000 0.120
2523.000 0.117
2524.000 0.118
2525.000 0.119
2526.000 0.116
2527.000 0.117
2528.000 0.120
2529.000 0.122
2530.000 0.119
2531.000 0.118
2532.000 0.118
2533.000 0.120
2534.000 0.120
2535.000 0.119
2536.000 0.122
2537.000 0.118
2538.000 0.120
2539.000 0.118
2540.000 0.122
2541.000 0.119
2542.000 0.120
2543.000 0.120
2544.000 0.117
2545.000 0.118
2546.000 0.120
2547.000 0.123
2548.000 0.123
2549.000 0.118
2550.000 0.122
2551.000 0.120
2552.000 0.121
2553.000 0.121
2554.000 0.120
2555.000 0.126
2556.000 0.120
2557.000 0.122
2558.000 0.124
2559.000 0.124
2560.000 0.122
2561.000 0.123
2562.000 0.125
2563.000 0.122
2564.000 0.124
2565.000 0.127
2566.000 0.128
2567.000 0.124
2568.000 0.126
2569.000 0.126
2570.000 0.121
2571.000 0.126
2572.000 0.126
2573.000 0.122
2574.000 0.127
2575.000 0.126
2576.000 0.128
2577.000 0.126
2578.000 0.128
2579.000 0.132
2580.000 0.129
2581.000 0.127
2582.000 0.130
2583.000 0.129
2584.000 0.130
2585.000 0.126
2586.000 0.127
2587.000 0.128
2588.000 0.132
2589.000 0.130
2590.000 0.132
2591.000 0.129
2592.000 0.134
2593.000 0.130
2594.000 0.134
2595.000 0.134
2596.000 0.129
2597.000 0.135
2598.000 0.129
2599.000 0.126
2600.000 0.126
