1801.000 1.889
1802.000 1.925
1803.000 1.939
1804.000 1.942
1805.000 1.948
1806.000 1.956
1807.000 1.958
1808.000 2.008
1809.000 1.989
1810.000 1.998
1811.000 2.007
1812.000 2.015
1813.000 2.025
1814.000 2.039
1815.000 2.048
1816.000 2.058
1817.000 2.066
1818.000 2.073
1819.000 2.084
1820.000 2.095
1821.000 2.102
1822.000 2.115
1823.000 2.119
1824.000 2.126
1825.000 2.143
1826.000 2.141
1827.000 2.149
1828.000 2.161
1829.000 2.167
1830.000 2.184
1831.000 2.184
1832.000 2.200
1833.000 2.206
1834.000 2.218
1835.000 2.219
1836.000 2.231
1837.000 2.238
1838.000 2.249
1839.000 2.259
1840.000 2.265
1841.000 2.278
1842.000 2.283
1843.000 2.287
1844.000 2.300
1845.000 2.301
1846.000 2.316
1847.000 2.321
1848.000 2.329
1849.000 2.330
1850.000 2.343
1851.000 2.350
1852.000 2.355
1853.000 2.363
1854.000 2.373
1855.000 2.379
1856.000 2.395
1857.000 2.397
1858.000 2.409
1859.000 2.415
1860.000 2.423
1861.000 2.429
1862.000 2.438
1863.000 2.447
1864.000 2.458
1865.000 2.464
1866.000 2.470
1867.000 2.479
1868.000 2.486
1869.000 2.492
1870.000 2.498
1871.000 2.503
1872.000 2.511
1873.000 2.521
1874.000 2.520
1875.000 2.532
1876.000 2.539
1877.000 2.540
1878.000 2.546
1879.000 2.553
1880.000 2.565
1881.000 2.572
1882.000 2.572
1883.000 2.584
1884.000 2.585
1885.000 2.590
1886.000 2.604
1887.000 2.606
1888.000 2.614
1889.000 2.622
1890.000 2.630
1891.000 2.635
1892.000 2.643
1893.000 2.646
1894.000 2.655
1895.000 2.664
1896.000 2.671
1897.000 2.676
1898.000 2.679
1899.000 2.687
1900.000 2.685
1901.000 2.688
1902.000 2.695
1903.000 2.690
1904.000 2.708
1905.000 2.713
1906.000 2.716
1907.000 2.724
1908.000 2.728
1909.000 2.732
1910.000 2.737
1911.000 2.741
1912.000 2.744
1913.000 2.753
1914.000 2.751
1915.000 2.759
1916.000 2.767
1917.000 2.764
1918.000 2.773
1919.000 2.779
1920.000 2.785
1921.000 2.793
1922.000 2.796
1923.000 2.802
1924.000 2.809
1925.000 2.815
1926.000 2.812
1927.000 2.822
1928.000 2.824
1929.000 2.835
1930.000 2.838
1931.000 2.851
1932.000 2.849
1933.000 2.854
1934.000 2.865
1935.000 2.870
1936.000 2.880
1937.000 2.886
1938.000 2.890
1939.000 2.895
1940.000 2.896
1941.000 2.906
1942.000 2.910
1943.000 2.923
1944.000 2.923
1945.000 2.931
1946.000 2.932
1947.000 2.948
1948.000 2.946
1949.000 2.956
1950.000 2.967
1951.000 2.971
1952.000 2.974
1953.000 2.981
1954.000 2.989
1955.000 3.000
1956.000 2.996
1957.000 3.009
1958.000 3.019
1959.000 3.021
1960.000 3.056
1961.000 3.039
1962.000 3.051
1963.000 3.046
1964.000 3.064
1965.000 3.068
1966.000 3.072
1967.000 3.079
1968.000 3.088
1969.000 3.092
1970.000 3.100
1971.000 3.109
1972.000 3.124
1973.000 3.143
1974.000 3.138
1975.000 3.144
1976.000 3.168
1977.000 3.161
1978.000 3.185
1979.000 3.186
1980.000 3.189
1981.000 3.199
1982.000 3.210
1983.000 3.220
1984.000 3.238
1985.000 3.249
1986.000 3.261
1987.000 3.274
1988.000 3.286
1989.000 3.299
1990.000 3.332
1991.000 3.329
1992.000 3.353
1993.000 3.352
1994.000 3.373
1995.000 3.381
1996.000 3.396
1997.000 3.421
1998.000 3.438
1999.000 3.441
2000.000 3.459
2001.000 3.469
2002.000 3.497
2003.000 3.505
2004.000 3.539
2005.000 3.548
2006.000 3.556
2007.000 3.581
2008.000 3.607
2009.000 3.627
2010.000 3.643
2011.000 3.675
2012.000 3.685
2013.000 3.709
2014.000 3.757
2015.000 3.774
2016.000 3.797
2017.000 3.823
2018.000 3.829
2019.000 3.856
2020.000 3.883
2021.000 3.916
2022.000 3.952
2023.000 3.966
2024.000 4.016
2025.000 4.041
2026.000 4.089
2027.000 4.101
2028.000 4.150
2029.000 4.179
2030.000 4.217
2031.000 4.243
2032.000 4.283
2033.000 4.319
2034.000 4.355
2035.000 4.421
2036.000 4.462
2037.000 4.525
2038.000 4.581
2039.000 4.573
2040.000 4.663
2041.000 4.700
2042.000 4.760
2043.000 4.821
2044.000 4.871
2045.000 4.955
2046.000 5.022
2047.000 5.075
2048.000 5.172
2049.000 5.238
2050.000 5.309
2051.000 5.389
2052.000 5.477
2053.000 5.559
2054.000 5.611
2055.000 5.700
2056.000 5.808
2057.000 5.922
2058.000 6.013
2059.000 6.146
2060.000 6.268
2061.000 6.413
2062.000 6.498
2063.000 6.645
2064.000 6.826
2065.000 6.983
2066.000 7.066
2067.000 7.265
2068.000 7.444
2069.000 7.684
2070.000 7.889
2071.000 8.091
2072.000 8.354
2073.000 8.615
2074.000 8.910
2075.000 9.224
2076.000 9.496
2077.000 9.936
2078.000 10.311
2079.000 10.444
2080.000 10.986
2081.000 11.402
2082.000 11.899
2083.000 12.574
2084.000 13.137
2085.000 13.893
2086.000 14.645
2087.000 15.265
2088.000 16.368
2089.000 17.287
2090.000 18.249
2091.000 18.947
2092.000 20.009
2093.000 20.979
2094.000 22.073
2095.000 22.927
2096.000 23.664
2097.000 24.087
2098.000 24.112
2099.000 23.977
2100.000 23.026
2101.000 22.566
2102.000 21.237
2103.000 19.993
2104.000 18.563
2105.000 17.171
2106.000 16.092
2107.000 14.736
2108.000 13.786
2109.000 12.775
2110.000 11.925
2111.000 11.278
2112.000 10.470
2113.000 9.931
2114.000 9.268
2115.000 9.015
2116.000 8.578
2117.000 8.026
2118.000 7.633
2119.000 7.319
2120.000 6.917
2121.000 6.625
2122.000 6.273
2123.000 6.123
2124.000 5.776
2125.000 5.500
2126.000 5.278
2127.000 5.194
2128.000 4.963
2129.000 4.773
2130.000 4.595
2131.000 4.437
2132.000 4.292
2133.000 4.101
2134.000 3.977
2135.000 3.861
2136.000 3.709
2137.000 3.621
2138.000 3.474
2139.000 3.367
2140.000 3.324
2141.000 3.206
2142.000 3.109
2143.000 3.028
2144.000 2.925
2145.000 2.863
2146.000 2.780
2147.000 2.686
2148.000 2.622
2149.000 2.520
2150.000 2.473
2151.000 2.452
2152.000 2.367
2153.000 2.310
2154.000 2.247
2155.000 2.188
2156.000 2.142
2157.000 2.072
2158.000 2.034
2159.000 1.975
2160.000 1.924
2161.000 1.887
2162.000 1.836
2163.000 1.807
2164.000 1.776
2165.000 1.728
2166.000 1.686
2167.000 1.649
2168.000 1.612
2169.000 1.579
2170.000 1.541
2171.000 1.504
2172.000 1.473
2173.000 1.436
2174.000 1.420
2175.000 1.368
2176.000 1.356
2177.000 1.333
2178.000 1.296
2179.000 1.265
2180.000 1.242
2181.000 1.205
2182.000 1.186
2183.000 1.157
2184.000 1.129
2185.000 1.113
2186.000 1.085
2187.000 1.058
2188.000 1.055
2189.000 1.024
2190.000 1.004
2191.000 0.988
2192.000 0.959
2193.000 0.945
2194.000 0.920
2195.000 0.903
2196.000 0.888
2197.000 0.862
2198.000 0.848
2199.000 0.827
2200.000 0.820
2201.000 0.799
2202.000 0.782
2203.000 0.771
2204.000 0.750
2205.000 0.735
2206.000 0.722
2207.000 0.702
2208.000 0.683
2209.000 0.677
2210.000 0.659
2211.000 0.643
2212.000 0.636
2213.000 0.620
2214.000 0.609
2215.000 0.593
2216.000 0.580
2217.000 0.570
2218.000 0.552
2219.000 0.543
2220.000 0.535
2221.000 0.521
2222.000 0.508
2223.000 0.492
2224.000 0.483
2225.000 0.479
2226.000 0.466
2227.000 0.455
2228.000 0.445
2229.000 0.435
2230.000 0.422
2231.000 0.411
2232.000 0.400
2233.000 0.389
2234.000 0.380
2235.000 0.376
2236.000 0.367
2237.000 0.356
2238.000 0.349
2239.000 0.337
2240.000 0.336
2241.000 0.329
2242.000 0.328
2243.000 0.318
2244.000 0.320
2245.000 0.320
2246.000 0.326
2247.000 0.318
2248.000 0.321
2249.000 0.325
2250.000 0.334
2251.000 0.344
2252.000 0.355
2253.000 0.376
2254.000 0.392
2255.000 0.422
2256.000 0.459
2257.000 0.476
2258.000 0.540
2259.000 0.581
2260.000 0.638
2261.000 0.672
2262.000 0.738
2263.000 0.814
2264.000 0.907
2265.000 0.994
2266.000 1.111
2267.000 1.224
2268.000 1.325
2269.000 1.386
2270.000 1.507
2271.000 1.528
2272.000 1.526
2273.000 1.505
2274.000 1.439
2275.000 1.345
2276.000 1.271
2277.000 1.171
2278.000 1.102
2279.000 1.033
2280.000 0.970
2281.000 0.927
2282.000 0.873
2283.000 0.827
2284.000 0.789
2285.000 0.758
2286.000 0.742
2287.000 0.711
2288.000 0.685
2289.000 0.665
2290.000 0.641
2291.000 0.620
2292.000 0.602
2293.000 0.593
2294.000 0.573
2295.000 0.556
2296.000 0.539
2297.000 0.534
2298.000 0.517
2299.000 0.507
2300.000 0.497
2301.000 0.484
2302.000 0.479
2303.000 0.469
2304.000 0.460
2305.000 0.461
2306.000 0.474
2307.000 0.441
2308.000 0.430
2309.000 0.424
2310.000 0.419
2311.000 0.409
2312.000 0.405
2313.000 0.397
2314.000 0.397
2315.000 0.387
2316.000 0.383
2317.000 0.373
2318.000 0.370
2319.000 0.370
2320.000 0.367
2321.000 0.360
2322.000 0.357
2323.000 0.357
2324.000 0.350
2325.000 0.348
2326.000 0.341
2327.000 0.342
2328.000 0.339
2329.000 0.335
2330.000 0.331
2331.000 0.329
2332.000 0.328
2333.000 0.331
2334.000 0.326
2335.000 0.325
2336.000 0.317
2337.000 0.317
2338.000 0.318
2339.000 0.311
2340.000 0.312
2341.000 0.314
2342.000 0.308
2343.000 0.310
2344.000 0.307
2345.000 0.302
2346.000 0.308
2347.000 0.304
2348.000 0.303
2349.000 0.299
2350.000 0.299
2351.000 0.298
2352.000 0.300
2353.000 0.298
2354.000 0.299
2355.000 0.295
2356.000 0.292
2357.000 0.296
2358.000 0.294
2359.000 0.296
2360.000 0.293
2361.000 0.291
2362.000 0.288
2363.000 0.287
2364.000 0.290
2365.000 0.290
2366.000 0.287
2367.000 0.287
2368.000 0.287
2369.000 0.283
2370.000 0.284
2371.000 0.284
2372.000 0.284
2373.000 0.282
2374.000 0.282
2375.000 0.287
2376.000 0.286
2377.000 0.284
2378.000 0.281
2379.000 0.287
2380.000 0.282
2381.000 0.284
2382.000 0.280
2383.000 0.283
2384.000 0.285
2385.000 0.283
2386.000 0.282
2387.000 0.285
2388.000 0.282
2389.000 0.286
2390.000 0.282
2391.000 0.285
2392.000 0.281
2393.000 0.284
2394.000 0.286
2395.000 0.281
2396.000 0.283
2397.000 0.280
2398.000 0.283
2399.000 0.282
2400.000 0.284
2401.000 0.284
2402.000 0.283
2403.000 0.286
2404.000 0.285
2405.000 0.285
2406.000 0.282
2407.000 0.284
2408.000 0.285
2409.000 0.283
2410.000 0.286
2411.000 0.285
2412.000 0.287
2413.000 0.285
2414.000 0.288
2415.000 0.286
2416.000 0.287
2417.000 0.289
2418.000 0.289
2419.000 0.289
2420.000 0.290
2421.000 0.289
2422.000 0.287
2423.000 0.285
2424.000 0.286
2425.000 0.285
2426.000 0.286
2427.000 0.288
2428.000 0.286
2429.000 0.290
2430.000 0.285
2431.000 0.289
2432.000 0.289
2433.000 0.289
2434.000 0.291
2435.000 0.292
2436.000 0.291
2437.000 0.295
2438.000 0.290
2439.000 0.292
2440.000 0.291
2441.000 0.290
2442.000 0.290
2443.000 0.294
2444.000 0.290
2445.000 0.291
2446.000 0.294
2447.000 0.296
2448.000 0.295
2449.000 0.292
2450.000 0.293
2451.000 0.297
2452.000 0.295
2453.000 0.294
2454.000 0.295
2455.000 0.295
2456.000 0.297
2457.000 0.296
2458.000 0.293
2459.000 0.297
2460.000 0.294
2461.000 0.297
2462.000 0.299
2463.000 0.299
2464.000 0.295
2465.000 0.299
2466.000 0.299
2467.000 0.300
2468.000 0.298
2469.000 0.301
2470.000 0.296
2471.000 0.297
2472.000 0.294
2473.000 0.296
2474.000 0.302
2475.000 0.297
2476.000 0.297
2477.000 0.300
2478.000 0.297
2479.000 0.300
2480.000 0.299
2481.000 0.300
2482.000 0.301
2483.000 0.299
2484.000 0.299
2485.000 0.301
2486.000 0.302
2487.000 0.299
2488.000 0.301
2489.000 0.300
2490.000 0.307
2491.000 0.305
2492.000 0.301
2493.000 0.301
2494.000 0.304
2495.000 0.305
2496.000 0.302
2497.000 0.303
2498.000 0.302
2499.000 0.302
2500.000 0.306
2501.000 0.306
2502.000 0.302
2503.000 0.306
2504.000 0.300
2505.000 0.304
2506.000 0.301
2507.000 0.305
2508.000 0.307
2509.000 0.301
2510.000 0.306
2511.000 0.306
2512.000 0.304
2513.000 0.305
2514.000 0.302
2515.000 0.307
2516.000 0.301
2517.000 0.299
2518.000 0.305
2519.000 0.304
2520.000 0.305
2521.000 0.305
2522.000 0.307
2523.000 0.308
2524.000 0.304
2525.000 0.304
2526.000 0.307
2527.000 0.307
2528.000 0.306
2529.000 0.303
2530.000 0.303
2531.000 0.300
2532.000 0.303
2533.000 0.305
2534.000 0.304
2535.000 0.306
2536.000 0.305
2537.000 0.306
2538.000 0.305
2539.000 0.303
2540.000 0.306
2541.000 0.302
2542.000 0.306
2543.000 0.306
2544.000 0.308
2545.000 0.302
2546.000 0.305
2547.000 0.303
2548.000 0.307
2549.000 0.306
2550.000 0.308
2551.000 0.303
2552.000 0.305
2553.000 0.304
2554.000 0.305
2555.000 0.303
2556.000 0.306
2557.000 0.304
2558.000 0.303
2559.000 0.303
2560.000 0.305
2561.000 0.302
2562.000 0.305
2563.000 0.303
2564.000 0.299
2565.000 0.302
2566.000 0.302
2567.000 0.302
2568.000 0.302
2569.000 0.304
2570.000 0.307
2571.000 0.301
2572.000 0.302
2573.000 0.302
2574.000 0.302
2575.000 0.299
2576.000 0.301
2577.000 0.300
2578.000 0.302
2579.000 0.297
2580.000 0.299
2581.000 0.303
2582.000 0.306
2583.000 0.301
2584.000 0.304
2585.000 0.299
2586.000 0.303
2587.000 0.299
2588.000 0.296
2589.000 0.302
2590.000 0.300
2591.000 0.300
2592.000 0.296
2593.000 0.297
2594.000 0.300
2595.000 0.302
2596.000 0.297
2597.000 0.300
2598.000 0.298
2599.000 0.299
2600.000 0.297
