1801.000 0.017
1802.000 1.727
1803.000 1.740
1804.000 1.750
1805.000 1.748
1806.000 1.768
1807.000 1.769
1808.000 1.779
1809.000 1.785
1810.000 1.791
1811.000 1.802
1812.000 1.811
1813.000 1.816
1814.000 1.828
1815.000 1.841
1816.000 1.852
1817.000 1.857
1818.000 1.871
1819.000 1.866
1820.000 1.867
1821.000 1.882
1822.000 1.887
1823.000 1.901
1824.000 1.910
1825.000 1.915
1826.000 1.926
1827.000 1.929
1828.000 1.940
1829.000 1.942
1830.000 1.950
1831.000 1.960
1832.000 1.968
1833.000 1.980
1834.000 1.978
1835.000 1.993
1836.000 2.007
1837.000 2.008
1838.000 2.015
1839.000 2.028
1840.000 2.037
1841.000 2.034
1842.000 2.054
1843.000 2.061
1844.000 2.069
1845.000 2.067
1846.000 2.077
1847.000 2.085
1848.000 2.091
1849.000 2.097
1850.000 2.100
1851.000 2.104
1852.000 2.116
1853.000 2.158
1854.000 2.101
1855.000 2.142
1856.000 2.148
1857.000 2.161
1858.000 2.155
1859.000 2.204
1860.000 2.200
1861.000 2.181
1862.000 2.190
1863.000 2.199
1864.000 2.200
1865.000 2.203
1866.000 2.212
1867.000 2.218
1868.000 2.225
1869.000 2.228
1870.000 2.235
1871.000 2.245
1872.000 2.252
1873.000 2.252
1874.000 2.258
1875.000 2.264
1876.000 2.269
1877.000 2.268
1878.000 2.284
1879.000 2.294
1880.000 2.301
1881.000 2.307
1882.000 2.311
1883.000 2.317
1884.000 2.324
1885.000 2.332
1886.000 2.332
1887.000 2.337
1888.000 2.345
1889.000 2.351
1890.000 2.358
1891.000 2.347
1892.000 2.366
1893.000 2.374
1894.000 2.385
1895.000 2.376
1896.000 2.384
1897.000 2.387
1898.000 2.393
1899.000 2.394
1900.000 2.399
1901.000 2.406
1902.000 2.412
1903.000 2.409
1904.000 2.432
1905.000 2.436
1906.000 2.441
1907.000 2.449
1908.000 2.448
1909.000 2.449
1910.000 2.452
1911.000 2.457
1912.000 2.459
1913.000 2.483
1914.000 2.476
1915.000 2.481
1916.000 2.471
1917.000 2.483
1918.000 2.487
1919.000 2.491
1920.000 2.497
1921.000 2.506
1922.000 2.500
1923.000 2.506
1924.000 2.518
1925.000 2.517
1926.000 2.528
1927.000 2.535
1928.000 2.540
1929.000 2.539
1930.000 2.552
1931.000 2.558
1932.000 2.558
1933.000 2.570
1934.000 2.573
1935.000 2.576
1936.000 2.583
1937.000 2.588
1938.000 2.590
1939.000 2.596
1940.000 2.603
1941.000 2.610
1942.000 2.609
1943.000 2.619
1944.000 2.625
1945.000 2.632
1946.000 2.632
1947.000 2.642
1948.000 2.645
1949.000 2.660
1950.000 2.661
1951.000 2.660
1952.000 2.666
1953.000 2.668
1954.000 2.677
1955.000 2.690
1956.000 2.699
1957.000 2.715
1958.000 2.704
1959.000 2.723
1960.000 2.730
1961.000 2.734
1962.000 2.741
1963.000 2.755
1964.000 2.750
1965.000 2.759
1966.000 2.775
1967.000 2.780
1968.000 2.790
1969.000 2.798
1970.000 2.807
1971.000 2.814
1972.000 2.826
1973.000 2.819
1974.000 2.828
1975.000 2.846
1976.000 2.846
1977.000 2.856
1978.000 2.863
1979.000 2.887
1980.000 2.882
1981.000 2.897
1982.000 2.916
1983.000 2.913
1984.000 2.926
1985.000 2.946
1986.000 2.951
1987.000 2.972
1988.000 2.981
1989.000 3.008
1990.000 3.018
1991.000 3.023
1992.000 3.050
1993.000 3.044
1994.000 3.076
1995.000 3.075
1996.000 3.076
1997.000 3.104
1998.000 3.120
1999.000 3.137
2000.000 3.149
2001.000 3.160
2002.000 3.184
2003.000 3.207
2004.000 3.237
2005.000 3.248
2006.000 3.253
2007.000 3.284
2008.000 3.307
2009.000 3.307
2010.000 3.350
2011.000 3.351
2012.000 3.378
2013.000 3.401
2014.000 3.438
2015.000 3.465
2016.000 3.458
2017.000 3.493
2018.000 3.534
2019.000 3.556
2020.000 3.577
2021.000 3.597
2022.000 3.618
2023.000 3.641
2024.000 3.689
2025.000 3.741
2026.000 3.755
2027.000 3.793
2028.000 3.831
2029.000 3.852
2030.000 3.892
2031.000 3.943
2032.000 3.966
2033.000 4.025
2034.000 4.083
2035.000 4.081
2036.000 4.123
2037.000 4.183
2038.000 4.232
2039.000 4.285
2040.000 4.344
2041.000 4.400
2042.000 4.470
2043.000 4.497
2044.000 4.566
2045.000 4.606
2046.000 4.659
2047.000 4.741
2048.000 4.814
2049.000 4.871
2050.000 4.965
2051.000 5.042
2052.000 5.144
2053.000 5.218
2054.000 5.280
2055.000 5.399
2056.000 5.492
2057.000 5.533
2058.000 5.654
2059.000 5.871
2060.000 5.901
2061.000 6.018
2062.000 6.163
2063.000 6.302
2064.000 6.460
2065.000 6.586
2066.000 6.785
2067.000 6.957
2068.000 7.084
2069.000 7.287
2070.000 7.438
2071.000 7.654
2072.000 7.929
2073.000 8.143
2074.000 8.444
2075.000 8.694
2076.000 9.090
2077.000 9.424
2078.000 9.738
2079.000 10.222
2080.000 10.438
2081.000 10.819
2082.000 11.417
2083.000 11.977
2084.000 12.532
2085.000 13.241
2086.000 13.846
2087.000 14.773
2088.000 15.605
2089.000 16.479
2090.000 17.588
2091.000 18.576
2092.000 19.785
2093.000 20.393
2094.000 21.450
2095.000 22.582
2096.000 23.578
2097.000 24.235
2098.000 24.725
2099.000 24.776
2100.000 24.403
2101.000 23.631
2102.000 22.574
2103.000 21.173
2104.000 19.751
2105.000 19.202
2106.000 17.657
2107.000 16.332
2108.000 15.201
2109.000 14.088
2110.000 13.314
2111.000 12.338
2112.000 11.631
2113.000 10.857
2114.000 10.246
2115.000 9.737
2116.000 9.439
2117.000 8.922
2118.000 8.565
2119.000 8.091
2120.000 7.716
2121.000 7.447
2122.000 7.049
2123.000 6.774
2124.000 6.463
2125.000 6.194
2126.000 5.944
2127.000 5.765
2128.000 5.589
2129.000 5.474
2130.000 5.261
2131.000 5.105
2132.000 4.907
2133.000 4.756
2134.000 4.620
2135.000 4.486
2136.000 4.364
2137.000 4.207
2138.000 4.093
2139.000 3.995
2140.000 3.865
2141.000 3.825
2142.000 3.749
2143.000 3.638
2144.000 3.560
2145.000 3.460
2146.000 3.372
2147.000 3.307
2148.000 3.244
2149.000 3.155
2150.000 3.084
2151.000 3.015
2152.000 2.965
2153.000 2.886
2154.000 2.853
2155.000 2.814
2156.000 2.744
2157.000 2.705
2158.000 2.645
2159.000 2.594
2160.000 2.559
2161.000 2.508
2162.000 2.462
2163.000 2.419
2164.000 2.378
2165.000 2.352
2166.000 2.318
2167.000 2.278
2168.000 2.252
2169.000 2.207
2170.000 2.175
2171.000 2.147
2172.000 2.116
2173.000 2.085
2174.000 2.053
2175.000 2.033
2176.000 2.006
2177.000 1.977
2178.000 1.960
2179.000 1.943
2180.000 1.916
2181.000 1.896
2182.000 1.874
2183.000 1.847
2184.000 1.834
2185.000 1.810
2186.000 1.799
2187.000 1.776
2188.000 1.757
2189.000 1.747
2190.000 1.739
2191.000 1.723
2192.000 1.711
2193.000 1.688
2194.000 1.679
2195.000 1.656
2196.000 1.653
2197.000 1.647
2198.000 1.627
2199.000 1.614
2200.000 1.604
2201.000 1.598
2202.000 1.587
2203.000 1.584
2204.000 1.568
2205.000 1.570
2206.000 1.564
2207.000 1.555
2208.000 1.552
2209.000 1.541
2210.000 1.544
2211.000 1.539
2212.000 1.536
2213.000 1.534
2214.000 1.535
2215.000 1.530
2216.000 1.532
2217.000 1.534
2218.000 1.533
2219.000 1.539
2220.000 1.542
2221.000 1.541
2222.000 1.555
2223.000 1.555
2224.000 1.555
2225.000 1.568
2226.000 1.569
2227.000 1.579
2228.000 1.587
2229.000 1.602
2230.000 1.620
2231.000 1.628
2232.000 1.643
2233.000 1.662
2234.000 1.680
2235.000 1.699
2236.000 1.718
2237.000 1.755
2238.000 1.783
2239.000 1.791
2240.000 1.824
2241.000 1.854
2242.000 1.878
2243.000 1.923
2244.000 1.964
2245.000 2.013
2246.000 2.073
2247.000 2.126
2248.000 2.194
2249.000 2.268
2250.000 2.325
2251.000 2.391
2252.000 2.479
2253.000 2.563
2254.000 2.696
2255.000 2.809
2256.000 2.968
2257.000 3.126
2258.000 3.264
2259.000 3.514
2260.000 3.678
2261.000 3.938
2262.000 4.084
2263.000 4.361
2264.000 4.619
2265.000 4.965
2266.000 5.227
2267.000 5.515
2268.000 5.733
2269.000 5.828
2270.000 5.799
2271.000 5.655
2272.000 5.361
2273.000 4.976
2274.000 4.612
2275.000 4.369
2276.000 3.958
2277.000 3.652
2278.000 3.300
2279.000 3.059
2280.000 2.781
2281.000 2.576
2282.000 2.424
2283.000 2.233
2284.000 2.128
2285.000 1.959
2286.000 1.843
2287.000 1.825
2288.000 1.706
2289.000 1.621
2290.000 1.547
2291.000 1.479
2292.000 1.418
2293.000 1.349
2294.000 1.293
2295.000 1.253
2296.000 1.201
2297.000 1.167
2298.000 1.114
2299.000 1.085
2300.000 1.072
2301.000 1.031
2302.000 1.006
2303.000 0.983
2304.000 0.954
2305.000 0.932
2306.000 0.911
2307.000 0.883
2308.000 0.871
2309.000 0.849
2310.000 0.826
2311.000 0.826
2312.000 0.806
2313.000 0.790
2314.000 0.777
2315.000 0.767
2316.000 0.754
2317.000 0.741
2318.000 0.723
2319.000 0.720
2320.000 0.709
2321.000 0.702
2322.000 0.692
2323.000 0.683
2324.000 0.686
2325.000 0.665
2326.000 0.657
2327.000 0.656
2328.000 0.647
2329.000 0.637
2330.000 0.633
2331.000 0.630
2332.000 0.625
2333.000 0.614
2334.000 0.616
2335.000 0.610
2336.000 0.608
2337.000 0.603
2338.000 0.597
2339.000 0.591
2340.000 0.592
2341.000 0.582
2342.000 0.580
2343.000 0.581
2344.000 0.571
2345.000 0.572
2346.000 0.568
2347.000 0.565
2348.000 0.566
2349.000 0.558
2350.000 0.559
2351.000 0.557
2352.000 0.556
2353.000 0.551
2354.000 0.546
2355.000 0.543
2356.000 0.543
2357.000 0.540
2358.000 0.540
2359.000 0.535
2360.000 0.537
2361.000 0.534
2362.000 0.540
2363.000 0.532
2364.000 0.534
2365.000 0.526
2366.000 0.526
2367.000 0.525
2368.000 0.528
2369.000 0.522
2370.000 0.518
2371.000 0.514
2372.000 0.518
2373.000 0.519
2374.000 0.515
2375.000 0.514
2376.000 0.510
2377.000 0.510
2378.000 0.511
2379.000 0.511
2380.000 0.508
2381.000 0.508
2382.000 0.507
2383.000 0.509
2384.000 0.505
2385.000 0.506
2386.000 0.506
2387.000 0.501
2388.000 0.502
2389.000 0.502
2390.000 0.500
2391.000 0.505
2392.000 0.499
2393.000 0.500
2394.000 0.502
2395.000 0.500
2396.000 0.497
2397.000 0.497
2398.000 0.495
2399.000 0.494
2400.000 0.495
2401.000 0.495
2402.000 0.491
2403.000 0.490
2404.000 0.496
2405.000 0.496
2406.000 0.494
2407.000 0.492
2408.000 0.492
2409.000 0.494
2410.000 0.493
2411.000 0.489
2412.000 0.492
2413.000 0.491
2414.000 0.488
2415.000 0.486
2416.000 0.489
2417.000 0.484
2418.000 0.489
2419.000 0.485
2420.000 0.486
2421.000 0.485
2422.000 0.484
2423.000 0.485
2424.000 0.487
2425.000 0.487
2426.000 0.488
2427.000 0.486
2428.000 0.488
2429.000 0.483
2430.000 0.486
2431.000 0.484
2432.000 0.485
2433.000 0.482
2434.000 0.482
2435.000 0.483
2436.000 0.483
2437.000 0.483
2438.000 0.481
2439.000 0.483
2440.000 0.485
2441.000 0.485
2442.000 0.485
2443.000 0.483
2444.000 0.481
2445.000 0.481
2446.000 0.479
2447.000 0.483
2448.000 0.481
2449.000 0.482
2450.000 0.480
2451.000 0.479
2452.000 0.481
2453.000 0.482
2454.000 0.479
2455.000 0.483
2456.000 0.480
2457.000 0.478
2458.000 0.481
2459.000 0.481
2460.000 0.476
2461.000 0.480
2462.000 0.480
2463.000 0.479
2464.000 0.479
2465.000 0.480
2466.000 0.476
2467.000 0.479
2468.000 0.480
2469.000 0.479
2470.000 0.481
2471.000 0.481
2472.000 0.481
2473.000 0.481
2474.000 0.480
2475.000 0.477
2476.000 0.479
2477.000 0.479
2478.000 0.476
2479.000 0.479
2480.000 0.478
2481.000 0.478
2482.000 0.481
2483.000 0.480
2484.000 0.479
2485.000 0.481
2486.000 0.483
2487.000 0.475
2488.000 0.475
2489.000 0.476
2490.000 0.479
2491.000 0.476
2492.000 0.479
2493.000 0.478
2494.000 0.478
2495.000 0.476
2496.000 0.475
2497.000 0.476
2498.000 0.482
2499.000 0.480
2500.000 0.480
2501.000 0.479
2502.000 0.480
2503.000 0.478
2504.000 0.480
2505.000 0.477
2506.000 0.475
2507.000 0.477
2508.000 0.476
2509.000 0.474
2510.000 0.479
2511.000 0.481
2512.000 0.481
2513.000 0.479
2514.000 0.478
2515.000 0.476
2516.000 0.478
2517.000 0.475
2518.000 0.477
2519.000 0.476
2520.000 0.475
2521.000 0.480
2522.000 0.480
2523.000 0.476
2524.000 0.479
2525.000 0.481
2526.000 0.480
2527.000 0.480
2528.000 0.477
2529.000 0.480
2530.000 0.480
2531.000 0.477
2532.000 0.479
2533.000 0.476
2534.000 0.479
2535.000 0.480
2536.000 0.473
2537.000 0.481
2538.000 0.477
2539.000 0.479
2540.000 0.478
2541.000 0.479
2542.000 0.477
2543.000 0.482
2544.000 0.481
2545.000 0.477
2546.000 0.477
2547.000 0.479
2548.000 0.479
2549.000 0.476
2550.000 0.476
2551.000 0.479
2552.000 0.476
2553.000 0.479
2554.000 0.478
2555.000 0.476
2556.000 0.478
2557.000 0.482
2558.000 0.481
2559.000 0.481
2560.000 0.480
2561.000 0.479
2562.000 0.478
2563.000 0.478
2564.000 0.474
2565.000 0.476
2566.000 0.477
2567.000 0.481
2568.000 0.482
2569.000 0.479
2570.000 0.479
2571.000 0.478
2572.000 0.483
2573.000 0.479
2574.000 0.480
2575.000 0.483
2576.000 0.478
2577.000 0.483
2578.000 0.478
2579.000 0.480
2580.000 0.477
2581.000 0.480
2582.000 0.477
2583.000 0.477
2584.000 0.476
2585.000 0.478
2586.000 0.481
2587.000 0.479
2588.000 0.479
2589.000 0.484
2590.000 0.479
2591.000 0.478
2592.000 0.481
2593.000 0.478
2594.000 0.481
2595.000 0.480
2596.000 0.480
2597.000 0.479
2598.000 0.479
2599.000 0.479
2600.000 0.482
