1801.000 2.222
1802.000 2.229
1803.000 2.234
1804.000 2.245
1805.000 2.261
1806.000 2.269
1807.000 2.277
1808.000 2.291
1809.000 2.303
1810.000 2.312
1811.000 2.319
1812.000 2.332
1813.000 2.345
1814.000 2.357
1815.000 2.369
1816.000 2.379
1817.000 2.386
1818.000 2.399
1819.000 2.406
1820.000 2.421
1821.000 2.430
1822.000 2.440
1823.000 2.450
1824.000 2.459
1825.000 2.469
1826.000 2.486
1827.000 2.497
1828.000 2.500
1829.000 2.511
1830.000 2.526
1831.000 2.530
1832.000 2.545
1833.000 2.552
1834.000 2.564
1835.000 2.569
1836.000 2.590
1837.000 2.598
1838.000 2.613
1839.000 2.621
1840.000 2.630
1841.000 2.643
1842.000 2.652
1843.000 2.662
1844.000 2.676
1845.000 2.680
1846.000 2.687
1847.000 2.701
1848.000 2.711
1849.000 2.724
1850.000 2.730
1851.000 2.739
1852.000 2.750
1853.000 2.752
1854.000 2.763
1855.000 2.772
1856.000 2.786
1857.000 2.800
1858.000 2.804
1859.000 2.816
1860.000 2.823
1861.000 2.837
1862.000 2.849
1863.000 2.852
1864.000 2.862
1865.000 2.864
1866.000 2.878
1867.000 2.883
1868.000 2.889
1869.000 2.892
1870.000 2.904
1871.000 2.911
1872.000 2.921
1873.000 2.936
1874.000 2.941
1875.000 2.956
1876.000 2.957
1877.000 2.967
1878.000 2.979
1879.000 2.986
1880.000 2.991
1881.000 3.003
1882.000 3.006
1883.000 3.018
1884.000 3.022
1885.000 3.024
1886.000 3.030
1887.000 3.034
1888.000 3.048
1889.000 3.053
1890.000 3.060
1891.000 3.067
1892.000 3.073
1893.000 3.085
1894.000 3.090
1895.000 3.106
1896.000 3.105
1897.000 3.116
1898.000 3.116
1899.000 3.128
1900.000 3.131
1901.000 3.133
1902.000 3.142
1903.000 3.145
1904.000 3.159
1905.000 3.166
1906.000 3.175
1907.000 3.183
1908.000 3.185
1909.000 3.192
1910.000 3.195
1911.000 3.190
1912.000 3.202
1913.000 3.206
1914.000 3.204
1915.000 3.208
1916.000 3.216
1917.000 3.215
1918.000 3.229
1919.000 3.233
1920.000 3.241
1921.000 3.239
1922.000 3.250
1923.000 3.264
1924.000 3.267
1925.000 3.268
1926.000 3.275
1927.000 3.281
1928.000 3.287
1929.000 3.297
1930.000 3.299
1931.000 3.306
1932.000 3.320
1933.000 3.332
1934.000 3.335
1935.000 3.338
1936.000 3.350
1937.000 3.350
1938.000 3.357
1939.000 3.365
1940.000 3.366
1941.000 3.378
1942.000 3.384
1943.000 3.386
1944.000 3.395
1945.000 3.404
1946.000 3.432
1947.000 3.384
1948.000 3.404
1949.000 3.422
1950.000 3.423
1951.000 3.449
1952.000 3.458
1953.000 3.460
1954.000 3.467
1955.000 3.480
1956.000 3.482
1957.000 3.484
1958.000 3.497
1959.000 3.504
1960.000 3.502
1961.000 3.524
1962.000 3.520
1963.000 3.533
1964.000 3.539
1965.000 3.565
1966.000 3.534
1967.000 3.564
1968.000 3.570
1969.000 3.585
1970.000 3.592
1971.000 3.599
1972.000 3.593
1973.000 3.605
1974.000 3.618
1975.000 3.632
1976.000 3.627
1977.000 3.649
1978.000 3.647
1979.000 3.677
1980.000 3.678
1981.000 3.687
1982.000 3.710
1983.000 3.729
1984.000 3.746
1985.000 3.752
1986.000 3.755
1987.000 3.761
1988.000 3.784
1989.000 3.803
1990.000 3.812
1991.000 3.819
1992.000 3.854
1993.000 3.846
1994.000 3.884
1995.000 3.881
1996.000 3.895
1997.000 3.924
1998.000 3.937
1999.000 3.940
2000.000 3.953
2001.000 3.969
2002.000 3.995
2003.000 4.019
2004.000 4.042
2005.000 4.058
2006.000 4.067
2007.000 4.100
2008.000 4.129
2009.000 4.131
2010.000 4.164
2011.000 4.168
2012.000 4.213
2013.000 4.224
2014.000 4.261
2015.000 4.274
2016.000 4.318
2017.000 4.354
2018.000 4.357
2019.000 4.377
2020.000 4.415
2021.000 4.453
2022.000 4.447
2023.000 4.502
2024.000 4.533
2025.000 4.558
2026.000 4.599
2027.000 4.634
2028.000 4.671
2029.000 4.711
2030.000 4.752
2031.000 4.824
2032.000 4.851
2033.000 4.884
2034.000 4.924
2035.000 4.955
2036.000 5.021
2037.000 5.138
2038.000 5.068
2039.000 5.155
2040.000 5.202
2041.000 5.262
2042.000 5.327
2043.000 5.389
2044.000 5.450
2045.000 5.513
2046.000 5.582
2047.000 5.629
2048.000 5.701
2049.000 5.751
2050.000 5.855
2051.000 5.923
2052.000 6.014
2053.000 6.118
2054.000 6.193
2055.000 6.308
2056.000 6.403
2057.000 6.524
2058.000 6.645
2059.000 6.745
2060.000 6.827
2061.000 6.962
2062.000 7.082
2063.000 7.249
2064.000 7.399
2065.000 7.577
2066.000 7.751
2067.000 7.914
2068.000 8.153
2069.000 8.330
2070.000 8.616
2071.000 8.721
2072.000 8.949
2073.000 9.241
2074.000 9.537
2075.000 9.803
2076.000 10.180
2077.000 10.566
2078.000 10.982
2079.000 11.416
2080.000 11.775
2081.000 12.410
2082.000 12.956
2083.000 13.168
2084.000 13.907
2085.000 14.576
2086.000 15.231
2087.000 16.158
2088.000 16.921
2089.000 17.958
2090.000 19.002
2091.000 19.771
2092.000 20.970
2093.000 22.006
2094.000 22.733
2095.000 23.522
2096.000 23.810
2097.000 23.992
2098.000 23.847
2099.000 23.450
2100.000 22.445
2101.000 21.436
2102.000 19.788
2103.000 18.451
2104.000 17.248
2105.000 15.790
2106.000 14.585
2107.000 13.523
2108.000 12.925
2109.000 12.023
2110.000 11.228
2111.000 10.427
2112.000 9.844
2113.000 9.110
2114.000 8.594
2115.000 8.041
2116.000 7.561
2117.000 7.231
2118.000 6.784
2119.000 6.556
2120.000 6.245
2121.000 5.872
2122.000 5.562
2123.000 5.277
2124.000 5.028
2125.000 4.829
2126.000 4.559
2127.000 4.340
2128.000 4.161
2129.000 3.962
2130.000 3.810
2131.000 3.632
2132.000 3.550
2133.000 3.426
2134.000 3.265
2135.000 3.124
2136.000 3.003
2137.000 2.866
2138.000 2.752
2139.000 2.626
2140.000 2.537
2141.000 2.433
2142.000 2.333
2143.000 2.254
2144.000 2.146
2145.000 2.101
2146.000 2.029
2147.000 1.938
2148.000 1.859
2149.000 1.798
2150.000 1.699
2151.000 1.656
2152.000 1.558
2153.000 1.491
2154.000 1.445
2155.000 1.369
2156.000 1.317
2157.000 1.284
2158.000 1.227
2159.000 1.180
2160.000 1.114
2161.000 1.060
2162.000 1.019
2163.000 0.958
2164.000 0.916
2165.000 0.867
2166.000 0.829
2167.000 0.789
2168.000 0.760
2169.000 0.716
2170.000 0.685
2171.000 0.635
2172.000 0.603
2173.000 0.560
2174.000 0.526
2175.000 0.494
2176.000 0.460
2177.000 0.422
2178.000 0.396
2179.000 0.343
2180.000 0.341
2181.000 0.329
2182.000 0.304
2183.000 0.290
2184.000 0.272
2185.000 0.262
2186.000 0.247
2187.000 0.248
2188.000 0.250
2189.000 0.255
2190.000 0.260
2191.000 0.286
2192.000 0.302
2193.000 0.314
2194.000 0.319
2195.000 0.356
2196.000 0.377
2197.000 0.401
2198.000 0.443
2199.000 0.468
2200.000 0.489
2201.000 0.515
2202.000 0.556
2203.000 0.576
2204.000 0.608
2205.000 0.644
2206.000 0.661
2207.000 0.676
2208.000 0.723
2209.000 0.756
2210.000 0.797
2211.000 0.828
2212.000 0.861
2213.000 0.903
2214.000 0.934
2215.000 0.973
2216.000 1.017
2217.000 1.033
2218.000 1.077
2219.000 1.122
2220.000 1.153
2221.000 1.202
2222.000 1.252
2223.000 1.295
2224.000 1.343
2225.000 1.384
2226.000 1.444
2227.000 1.493
2228.000 1.552
2229.000 1.580
2230.000 1.638
2231.000 1.737
2232.000 1.802
2233.000 1.822
2234.000 1.906
2235.000 1.974
2236.000 2.041
2237.000 2.131
2238.000 2.200
2239.000 2.306
2240.000 2.399
2241.000 2.483
2242.000 2.608
2243.000 2.694
2244.000 2.841
2245.000 2.975
2246.000 3.020
2247.000 3.192
2248.000 3.342
2249.000 3.482
2250.000 3.692
2251.000 3.857
2252.000 4.112
2253.000 4.348
2254.000 4.554
2255.000 4.895
2256.000 5.190
2257.000 5.551
2258.000 5.754
2259.000 6.136
2260.000 6.545
2261.000 7.082
2262.000 7.535
2263.000 8.175
2264.000 8.774
2265.000 9.329
2266.000 10.038
2267.000 10.534
2268.000 11.001
2269.000 11.177
2270.000 11.344
2271.000 11.290
2272.000 10.974
2273.000 10.526
2274.000 9.809
2275.000 9.180
2276.000 8.425
2277.000 7.777
2278.000 7.266
2279.000 6.667
2280.000 6.279
2281.000 5.786
2282.000 5.609
2283.000 5.325
2284.000 4.940
2285.000 4.668
2286.000 4.459
2287.000 4.201
2288.000 4.031
2289.000 3.795
2290.000 3.621
2291.000 3.480
2292.000 3.310
2293.000 3.209
2294.000 3.132
2295.000 2.986
2296.000 2.901
2297.000 2.762
2298.000 2.661
2299.000 2.590
2300.000 2.488
2301.000 2.425
2302.000 2.334
2303.000 2.261
2304.000 2.201
2305.000 2.124
2306.000 2.080
2307.000 2.041
2308.000 1.974
2309.000 1.930
2310.000 1.868
2311.000 1.819
2312.000 1.782
2313.000 1.725
2314.000 1.692
2315.000 1.638
2316.000 1.595
2317.000 1.560
2318.000 1.543
2319.000 1.505
2320.000 1.475
2321.000 1.430
2322.000 1.405
2323.000 1.371
2324.000 1.338
2325.000 1.312
2326.000 1.281
2327.000 1.260
2328.000 1.231
2329.000 1.203
2330.000 1.185
2331.000 1.172
2332.000 1.143
2333.000 1.129
2334.000 1.106
2335.000 1.081
2336.000 1.058
2337.000 1.039
2338.000 1.025
2339.000 0.998
2340.000 0.983
2341.000 0.964
2342.000 0.954
2343.000 0.943
2344.000 0.928
2345.000 0.906
2346.000 0.893
2347.000 0.874
2348.000 0.865
2349.000 0.852
2350.000 0.836
2351.000 0.819
2352.000 0.803
2353.000 0.793
2354.000 0.780
2355.000 0.761
2356.000 0.756
2357.000 0.746
2358.000 0.735
2359.000 0.720
2360.000 0.710
2361.000 0.697
2362.000 0.682
2363.000 0.671
2364.000 0.663
2365.000 0.653
2366.000 0.638
2367.000 0.636
2368.000 0.621
2369.000 0.613
2370.000 0.605
2371.000 0.596
2372.000 0.588
2373.000 0.578
2374.000 0.574
2375.000 0.563
2376.000 0.553
2377.000 0.550
2378.000 0.541
2379.000 0.535
2380.000 0.531
2381.000 0.520
2382.000 0.510
2383.000 0.507
2384.000 0.492
2385.000 0.486
2386.000 0.479
2387.000 0.469
2388.000 0.468
2389.000 0.459
2390.000 0.452
2391.000 0.448
2392.000 0.441
2393.000 0.433
2394.000 0.428
2395.000 0.420
2396.000 0.416
2397.000 0.408
2398.000 0.401
2399.000 0.398
2400.000 0.391
2401.000 0.387
2402.000 0.380
2403.000 0.372
2404.000 0.370
2405.000 0.366
2406.000 0.359
2407.000 0.354
2408.000 0.351
2409.000 0.343
2410.000 0.339
2411.000 0.332
2412.000 0.328
2413.000 0.320
2414.000 0.315
2415.000 0.314
2416.000 0.307
2417.000 0.305
2418.000 0.298
2419.000 0.294
2420.000 0.290
2421.000 0.289
2422.000 0.287
2423.000 0.275
2424.000 0.273
2425.000 0.271
2426.000 0.265
2427.000 0.266
2428.000 0.266
2429.000 0.257
2430.000 0.249
2431.000 0.244
2432.000 0.245
2433.000 0.244
2434.000 0.236
2435.000 0.231
2436.000 0.227
2437.000 0.221
2438.000 0.219
2439.000 0.217
2440.000 0.213
2441.000 0.213
2442.000 0.209
2443.000 0.207
2444.000 0.202
2445.000 0.198
2446.000 0.193
2447.000 0.192
2448.000 0.189
2449.000 0.187
2450.000 0.187
2451.000 0.178
2452.000 0.179
2453.000 0.176
2454.000 0.175
2455.000 0.174
2456.000 0.169
2457.000 0.162
2458.000 0.158
2459.000 0.153
2460.000 0.152
2461.000 0.152
2462.000 0.145
2463.000 0.142
2464.000 0.147
2465.000 0.145
2466.000 0.134
2467.000 0.129
2468.000 0.126
2469.000 0.119
2470.000 0.128
2471.000 0.116
2472.000 0.119
2473.000 0.122
2474.000 0.116
2475.000 0.114
2476.000 0.112
2477.000 0.111
2478.000 0.108
2479.000 0.104
2480.000 0.102
2481.000 0.101
2482.000 0.095
2483.000 0.095
2484.000 0.089
2485.000 0.085
2486.000 0.089
2487.000 0.080
2488.000 0.084
2489.000 0.081
2490.000 0.082
2491.000 0.076
2492.000 0.077
2493.000 0.071
2494.000 0.072
2495.000 0.071
2496.000 0.063
2497.000 0.067
2498.000 0.064
2499.000 0.060
2500.000 0.060
2501.000 0.057
2502.000 0.060
2503.000 0.059
2504.000 0.053
2505.000 0.051
2506.000 0.051
2507.000 0.057
2508.000 0.050
2509.000 0.051
2510.000 0.044
2511.000 0.042
2512.000 0.049
2513.000 0.052
2514.000 0.045
2515.000 0.040
2516.000 0.044
2517.000 0.039
2518.000 0.038
2519.000 0.040
2520.000 0.038
2521.000 0.038
2522.000 0.039
2523.000 0.034
2524.000 0.037
2525.000 0.037
2526.000 0.035
2527.000 0.035
2528.000 0.034
2529.000 0.031
2530.000 0.038
2531.000 0.038
2532.000 0.038
2533.000 0.036
2534.000 0.038
2535.000 0.037
2536.000 0.037
2537.000 0.038
2538.000 0.041
2539.000 0.038
2540.000 0.043
2541.000 0.046
2542.000 0.038
2543.000 0.040
2544.000 0.049
2545.000 0.046
2546.000 0.042
2547.000 0.050
2548.000 0.051
2549.000 0.046
2550.000 0.053
2551.000 0.056
2552.000 0.055
2553.000 0.047
2554.000 0.051
2555.000 0.051
2556.000 0.069
2557.000 0.056
2558.000 0.058
2559.000 0.064
2560.000 0.063
2561.000 0.066
2562.000 0.066
2563.000 0.065
2564.000 0.069
2565.000 0.066
2566.000 0.071
2567.000 0.072
2568.000 0.075
2569.000 0.071
2570.000 0.073
2571.000 0.074
2572.000 0.075
2573.000 0.077
2574.000 0.073
2575.000 0.079
2576.000 0.075
2577.000 0.085
2578.000 0.086
2579.000 0.084
2580.000 0.089
2581.000 0.089
2582.000 0.090
2583.000 0.091
2584.000 0.090
2585.000 0.086
2586.000 0.090
2587.000 0.090
2588.000 0.094
2589.000 0.098
2590.000 0.096
2591.000 0.102
2592.000 0.101
2593.000 0.116
2594.000 0.103
2595.000 0.102
2596.000 0.106
2597.000 0.109
2598.000 0.106
2599.000 0.109
2600.000 0.111
