1801.000 2.056
1802.000 2.106
1803.000 2.116
1804.000 2.124
1805.000 2.134
1806.000 2.151
1807.000 2.158
1808.000 2.169
1809.000 2.180
1810.000 2.192
1811.000 2.197
1812.000 2.211
1813.000 2.224
1814.000 2.234
1815.000 2.244
1816.000 2.251
1817.000 2.269
1818.000 2.275
1819.000 2.286
1820.000 2.298
1821.000 2.311
1822.000 2.315
1823.000 2.324
1824.000 2.335
1825.000 2.341
1826.000 2.355
1827.000 2.369
1828.000 2.375
1829.000 2.386
1830.000 2.398
1831.000 2.404
1832.000 2.410
1833.000 2.424
1834.000 2.430
1835.000 2.435
1836.000 2.445
1837.000 2.459
1838.000 2.471
1839.000 2.484
1840.000 2.498
1841.000 2.508
1842.000 2.522
1843.000 2.530
1844.000 2.544
1845.000 2.550
1846.000 2.566
1847.000 2.569
1848.000 2.579
1849.000 2.580
1850.000 2.587
1851.000 2.596
1852.000 2.605
1853.000 2.618
1854.000 2.626
1855.000 2.636
1856.000 2.647
1857.000 2.653
1858.000 2.664
1859.000 2.671
1860.000 2.676
1861.000 2.687
1862.000 2.694
1863.000 2.701
1864.000 2.712
1865.000 2.717
1866.000 2.723
1867.000 2.733
1868.000 2.740
1869.000 2.749
1870.000 2.758
1871.000 2.761
1872.000 2.768
1873.000 2.773
1874.000 2.786
1875.000 2.798
1876.000 2.808
1877.000 2.819
1878.000 2.823
1879.000 2.826
1880.000 2.841
1881.000 2.844
1882.000 2.854
1883.000 2.861
1884.000 2.866
1885.000 2.869
1886.000 2.877
1887.000 2.885
1888.000 2.897
1889.000 2.896
1890.000 2.923
1891.000 2.932
1892.000 2.950
1893.000 2.959
1894.000 2.949
1895.000 2.942
1896.000 2.946
1897.000 2.953
1898.000 2.973
1899.000 2.978
1900.000 2.986
1901.000 2.989
1902.000 2.991
1903.000 3.001
1904.000 3.011
1905.000 3.015
1906.000 3.026
1907.000 3.027
1908.000 3.031
1909.000 3.036
1910.000 3.043
1911.000 3.046
1912.000 3.046
1913.000 3.046
1914.000 3.061
1915.000 3.064
1916.000 3.069
1917.000 3.074
1918.000 3.085
1919.000 3.080
1920.000 3.086
1921.000 3.093
1922.000 3.098
1923.000 3.102
1924.000 3.109
1925.000 3.123
1926.000 3.132
1927.000 3.129
1928.000 3.143
1929.000 3.136
1930.000 3.158
1931.000 3.161
1932.000 3.157
1933.000 3.170
1934.000 3.178
1935.000 3.182
1936.000 3.191
1937.000 3.196
1938.000 3.208
1939.000 3.213
1940.000 3.225
1941.000 3.218
1942.000 3.218
1943.000 3.235
1944.000 3.232
1945.000 3.231
1946.000 3.251
1947.000 3.264
1948.000 3.263
1949.000 3.275
1950.000 3.285
1951.000 3.288
1952.000 3.289
1953.000 3.295
1954.000 3.311
1955.000 3.323
1956.000 3.331
1957.000 3.331
1958.000 3.347
1959.000 3.344
1960.000 3.346
1961.000 3.359
1962.000 3.364
1963.000 3.372
1964.000 3.384
1965.000 3.383
1966.000 3.388
1967.000 3.395
1968.000 3.398
1969.000 3.413
1970.000 3.417
1971.000 3.424
1972.000 3.438
1973.000 3.451
1974.000 3.464
1975.000 3.455
1976.000 3.478
1977.000 3.473
1978.000 3.502
1979.000 3.493
1980.000 3.521
1981.000 3.519
1982.000 3.532
1983.000 3.558
1984.000 3.575
1985.000 3.593
1986.000 3.607
1987.000 3.609
1988.000 3.620
1989.000 3.632
1990.000 3.664
1991.000 3.657
1992.000 3.680
1993.000 3.684
1994.000 3.711
1995.000 3.716
1996.000 3.728
1997.000 3.754
1998.000 3.770
1999.000 3.785
2000.000 3.790
2001.000 3.814
2002.000 3.837
2003.000 3.864
2004.000 3.889
2005.000 3.896
2006.000 3.903
2007.000 3.928
2008.000 3.958
2009.000 3.969
2010.000 4.002
2011.000 4.025
2012.000 4.033
2013.000 4.068
2014.000 4.100
2015.000 4.124
2016.000 4.150
2017.000 4.148
2018.000 4.184
2019.000 4.208
2020.000 4.242
2021.000 4.276
2022.000 4.310
2023.000 4.334
2024.000 4.371
2025.000 4.399
2026.000 4.445
2027.000 4.467
2028.000 4.514
2029.000 4.534
2030.000 4.580
2031.000 4.615
2032.000 4.644
2033.000 4.691
2034.000 4.739
2035.000 4.794
2036.000 4.848
2037.000 4.890
2038.000 4.939
2039.000 5.009
2040.000 5.062
2041.000 5.129
2042.000 5.159
2043.000 5.198
2044.000 5.273
2045.000 5.336
2046.000 5.409
2047.000 5.479
2048.000 5.547
2049.000 5.636
2050.000 5.699
2051.000 5.797
2052.000 5.894
2053.000 5.961
2054.000 6.019
2055.000 6.122
2056.000 6.207
2057.000 6.338
2058.000 6.439
2059.000 6.580
2060.000 6.711
2061.000 6.821
2062.000 6.981
2063.000 7.102
2064.000 7.295
2065.000 7.375
2066.000 7.537
2067.000 7.749
2068.000 7.940
2069.000 8.125
2070.000 8.375
2071.000 8.611
2072.000 8.854
2073.000 9.133
2074.000 9.368
2075.000 9.748
2076.000 10.101
2077.000 10.425
2078.000 10.673
2079.000 11.094
2080.000 11.482
2081.000 12.059
2082.000 12.554
2083.000 13.212
2084.000 13.849
2085.000 14.436
2086.000 15.324
2087.000 16.083
2088.000 17.009
2089.000 18.004
2090.000 18.465
2091.000 19.449
2092.000 20.573
2093.000 21.476
2094.000 22.490
2095.000 23.310
2096.000 23.789
2097.000 24.058
2098.000 23.965
2099.000 23.398
2100.000 22.467
2101.000 21.455
2102.000 19.970
2103.000 19.298
2104.000 18.091
2105.000 16.556
2106.000 15.480
2107.000 14.187
2108.000 13.127
2109.000 12.301
2110.000 11.387
2111.000 10.771
2112.000 9.953
2113.000 9.351
2114.000 9.170
2115.000 8.522
2116.000 8.046
2117.000 7.658
2118.000 7.182
2119.000 6.874
2120.000 6.455
2121.000 6.146
2122.000 5.888
2123.000 5.564
2124.000 5.344
2125.000 5.048
2126.000 4.948
2127.000 4.783
2128.000 4.537
2129.000 4.342
2130.000 4.190
2131.000 3.999
2132.000 3.866
2133.000 3.688
2134.000 3.544
2135.000 3.436
2136.000 3.275
2137.000 3.151
2138.000 2.987
2139.000 2.988
2140.000 2.876
2141.000 2.761
2142.000 2.657
2143.000 2.585
2144.000 2.482
2145.000 2.395
2146.000 2.321
2147.000 2.227
2148.000 2.165
2149.000 2.079
2150.000 2.007
2151.000 1.978
2152.000 1.898
2153.000 1.834
2154.000 1.778
2155.000 1.712
2156.000 1.665
2157.000 1.594
2158.000 1.534
2159.000 1.492
2160.000 1.427
2161.000 1.392
2162.000 1.331
2163.000 1.307
2164.000 1.275
2165.000 1.217
2166.000 1.176
2167.000 1.138
2168.000 1.087
2169.000 1.055
2170.000 1.011
2171.000 0.970
2172.000 0.939
2173.000 0.894
2174.000 0.865
2175.000 0.846
2176.000 0.806
2177.000 0.774
2178.000 0.739
2179.000 0.705
2180.000 0.681
2181.000 0.647
2182.000 0.616
2183.000 0.588
2184.000 0.557
2185.000 0.537
2186.000 0.506
2187.000 0.475
2188.000 0.465
2189.000 0.439
2190.000 0.423
2191.000 0.400
2192.000 0.377
2193.000 0.360
2194.000 0.337
2195.000 0.323
2196.000 0.312
2197.000 0.299
2198.000 0.282
2199.000 0.285
2200.000 0.278
2201.000 0.275
2202.000 0.277
2203.000 0.277
2204.000 0.284
2205.000 0.300
2206.000 0.300
2207.000 0.322
2208.000 0.338
2209.000 0.351
2210.000 0.373
2211.000 0.382
2212.000 0.399
2213.000 0.430
2214.000 0.445
2215.000 0.473
2216.000 0.499
2217.000 0.519
2218.000 0.552
2219.000 0.581
2220.000 0.612
2221.000 0.643
2222.000 0.670
2223.000 0.711
2224.000 0.722
2225.000 0.754
2226.000 0.795
2227.000 0.831
2228.000 0.867
2229.000 0.912
2230.000 0.945
2231.000 0.994
2232.000 1.038
2233.000 1.079
2234.000 1.139
2235.000 1.174
2236.000 1.200
2237.000 1.266
2238.000 1.317
2239.000 1.390
2240.000 1.448
2241.000 1.503
2242.000 1.588
2243.000 1.648
2244.000 1.751
2245.000 1.833
2246.000 1.912
2247.000 2.030
2248.000 2.134
2249.000 2.174
2250.000 2.314
2251.000 2.446
2252.000 2.575
2253.000 2.749
2254.000 2.880
2255.000 3.107
2256.000 3.308
2257.000 3.515
2258.000 3.801
2259.000 4.028
2260.000 4.190
2261.000 4.543
2262.000 4.848
2263.000 5.262
2264.000 5.676
2265.000 6.027
2266.000 6.508
2267.000 6.881
2268.000 7.212
2269.000 7.480
2270.000 7.590
2271.000 7.553
2272.000 7.468
2273.000 7.225
2274.000 6.798
2275.000 6.332
2276.000 5.908
2277.000 5.417
2278.000 5.085
2279.000 4.647
2280.000 4.348
2281.000 4.050
2282.000 3.789
2283.000 3.599
2284.000 3.342
2285.000 3.251
2286.000 3.112
2287.000 2.915
2288.000 2.775
2289.000 2.651
2290.000 2.524
2291.000 2.436
2292.000 2.311
2293.000 2.219
2294.000 2.129
2295.000 2.047
2296.000 1.981
2297.000 1.933
2298.000 1.869
2299.000 1.812
2300.000 1.741
2301.000 1.682
2302.000 1.633
2303.000 1.581
2304.000 1.544
2305.000 1.491
2306.000 1.439
2307.000 1.409
2308.000 1.380
2309.000 1.342
2310.000 1.303
2311.000 1.272
2312.000 1.239
2313.000 1.205
2314.000 1.174
2315.000 1.149
2316.000 1.118
2317.000 1.099
2318.000 1.068
2319.000 1.044
2320.000 1.021
2321.000 1.012
2322.000 0.980
2323.000 0.965
2324.000 0.936
2325.000 0.923
2326.000 0.901
2327.000 0.878
2328.000 0.865
2329.000 0.846
2330.000 0.831
2331.000 0.811
2332.000 0.798
2333.000 0.785
2334.000 0.772
2335.000 0.754
2336.000 0.744
2337.000 0.727
2338.000 0.718
2339.000 0.701
2340.000 0.691
2341.000 0.682
2342.000 0.664
2343.000 0.651
2344.000 0.643
2345.000 0.634
2346.000 0.626
2347.000 0.616
2348.000 0.604
2349.000 0.595
2350.000 0.582
2351.000 0.574
2352.000 0.567
2353.000 0.555
2354.000 0.545
2355.000 0.535
2356.000 0.525
2357.000 0.524
2358.000 0.510
2359.000 0.506
2360.000 0.501
2361.000 0.492
2362.000 0.483
2363.000 0.471
2364.000 0.465
2365.000 0.460
2366.000 0.450
2367.000 0.447
2368.000 0.436
2369.000 0.430
2370.000 0.422
2371.000 0.420
2372.000 0.414
2373.000 0.413
2374.000 0.397
2375.000 0.397
2376.000 0.391
2377.000 0.403
2378.000 0.376
2379.000 0.375
2380.000 0.374
2381.000 0.364
2382.000 0.361
2383.000 0.360
2384.000 0.354
2385.000 0.347
2386.000 0.338
2387.000 0.335
2388.000 0.331
2389.000 0.326
2390.000 0.325
2391.000 0.319
2392.000 0.313
2393.000 0.310
2394.000 0.304
2395.000 0.303
2396.000 0.303
2397.000 0.296
2398.000 0.292
2399.000 0.285
2400.000 0.287
2401.000 0.278
2402.000 0.276
2403.000 0.276
2404.000 0.268
2405.000 0.268
2406.000 0.264
2407.000 0.261
2408.000 0.258
2409.000 0.253
2410.000 0.248
2411.000 0.247
2412.000 0.246
2413.000 0.243
2414.000 0.242
2415.000 0.237
2416.000 0.234
2417.000 0.229
2418.000 0.234
2419.000 0.225
2420.000 0.223
2421.000 0.223
2422.000 0.219
2423.000 0.218
2424.000 0.215
2425.000 0.211
2426.000 0.209
2427.000 0.207
2428.000 0.205
2429.000 0.203
2430.000 0.203
2431.000 0.199
2432.000 0.201
2433.000 0.192
2434.000 0.196
2435.000 0.190
2436.000 0.191
2437.000 0.186
2438.000 0.191
2439.000 0.186
2440.000 0.184
2441.000 0.182
2442.000 0.180
2443.000 0.181
2444.000 0.179
2445.000 0.177
2446.000 0.180
2447.000 0.178
2448.000 0.173
2449.000 0.172
2450.000 0.173
2451.000 0.169
2452.000 0.168
2453.000 0.169
2454.000 0.170
2455.000 0.165
2456.000 0.163
2457.000 0.163
2458.000 0.161
2459.000 0.163
2460.000 0.163
2461.000 0.160
2462.000 0.159
2463.000 0.159
2464.000 0.156
2465.000 0.153
2466.000 0.153
2467.000 0.153
2468.000 0.151
2469.000 0.151
2470.000 0.150
2471.000 0.152
2472.000 0.147
2473.000 0.148
2474.000 0.150
2475.000 0.147
2476.000 0.147
2477.000 0.149
2478.000 0.146
2479.000 0.145
2480.000 0.145
2481.000 0.147
2482.000 0.145
2483.000 0.142
2484.000 0.144
2485.000 0.143
2486.000 0.138
2487.000 0.138
2488.000 0.137
2489.000 0.142
2490.000 0.138
2491.000 0.139
2492.000 0.138
2493.000 0.137
2494.000 0.135
2495.000 0.135
2496.000 0.135
2497.000 0.132
2498.000 0.132
2499.000 0.135
2500.000 0.135
2501.000 0.132
2502.000 0.136
2503.000 0.135
2504.000 0.134
2505.000 0.134
2506.000 0.139
2507.000 0.136
2508.000 0.137
2509.000 0.137
2510.000 0.133
2511.000 0.132
2512.000 0.133
2513.000 0.135
2514.000 0.133
2515.000 0.134
2516.000 0.133
2517.000 0.135
2518.000 0.139
2519.000 0.134
2520.000 0.131
2521.000 0.133
2522.000 0.135
2523.000 0.135
2524.000 0.135
2525.000 0.135
2526.000 0.134
2527.000 0.132
2528.000 0.131
2529.000 0.134
2530.000 0.133
2531.000 0.138
2532.000 0.132
2533.000 0.133
2534.000 0.132
2535.000 0.136
2536.000 0.135
2537.000 0.137
2538.000 0.134
2539.000 0.131
2540.000 0.131
2541.000 0.133
2542.000 0.133
2543.000 0.135
2544.000 0.133
2545.000 0.136
2546.000 0.137
2547.000 0.138
2548.000 0.139
2549.000 0.140
2550.000 0.140
2551.000 0.140
2552.000 0.137
2553.000 0.140
2554.000 0.141
2555.000 0.141
2556.000 0.139
2557.000 0.139
2558.000 0.138
2559.000 0.136
2560.000 0.137
2561.000 0.137
2562.000 0.139
2563.000 0.133
2564.000 0.142
2565.000 0.141
2566.000 0.138
2567.000 0.141
2568.000 0.139
2569.000 0.136
2570.000 0.138
2571.000 0.136
2572.000 0.145
2573.000 0.140
2574.000 0.136
2575.000 0.137
2576.000 0.137
2577.000 0.137
2578.000 0.138
2579.000 0.142
2580.000 0.137
2581.000 0.141
2582.000 0.138
2583.000 0.146
2584.000 0.140
2585.000 0.140
2586.000 0.139
2587.000 0.139
2588.000 0.138
2589.000 0.143
2590.000 0.143
2591.000 0.144
2592.000 0.139
2593.000 0.141
2594.000 0.144
2595.000 0.140
2596.000 0.144
2597.000 0.141
2598.000 0.145
2599.000 0.142
2600.000 0.141
