1801.000 1.229
1802.000 1.471
1803.000 1.473
1804.000 1.494
1805.000 1.506
1806.000 1.504
1807.000 1.515
1808.000 1.520
1809.000 1.528
1810.000 1.534
1811.000 1.547
1812.000 1.547
1813.000 1.556
1814.000 1.561
1815.000 1.571
1816.000 1.575
1817.000 1.580
1818.000 1.586
1819.000 1.595
1820.000 1.600
1821.000 1.602
1822.000 1.614
1823.000 1.620
1824.000 1.626
1825.000 1.633
1826.000 1.645
1827.000 1.650
1828.000 1.652
1829.000 1.661
1830.000 1.669
1831.000 1.676
1832.000 1.675
1833.000 1.682
1834.000 1.689
1835.000 1.696
1836.000 1.704
1837.000 1.711
1838.000 1.713
1839.000 1.727
1840.000 1.728
1841.000 1.737
1842.000 1.743
1843.000 1.756
1844.000 1.762
1845.000 1.763
1846.000 1.769
1847.000 1.769
1848.000 1.772
1849.000 1.791
1850.000 1.792
1851.000 1.800
1852.000 1.807
1853.000 1.808
1854.000 1.815
1855.000 1.822
1856.000 1.826
1857.000 1.830
1858.000 1.836
1859.000 1.842
1860.000 1.848
1861.000 1.863
1862.000 1.865
1863.000 1.864
1864.000 1.877
1865.000 1.877
1866.000 1.882
1867.000 1.889
1868.000 1.889
1869.000 1.894
1870.000 1.908
1871.000 1.907
1872.000 1.915
1873.000 1.917
1874.000 1.923
1875.000 1.929
1876.000 1.942
1877.000 1.946
1878.000 1.947
1879.000 1.954
1880.000 1.956
1881.000 1.958
1882.000 1.963
1883.000 1.971
1884.000 1.972
1885.000 1.982
1886.000 1.982
1887.000 1.990
1888.000 1.993
1889.000 2.003
1890.000 2.009
1891.000 2.014
1892.000 2.012
1893.000 2.017
1894.000 2.024
1895.000 2.028
1896.000 2.034
1897.000 2.038
1898.000 2.047
1899.000 2.046
1900.000 2.057
1901.000 2.061
1902.000 2.063
1903.000 2.074
1904.000 2.077
1905.000 2.079
1906.000 2.085
1907.000 2.086
1908.000 2.093
1909.000 2.096
1910.000 2.102
1911.000 2.108
1912.000 2.111
1913.000 2.114
1914.000 2.120
1915.000 2.124
1916.000 2.127
1917.000 2.139
1918.000 2.133
1919.000 2.139
1920.000 2.153
1921.000 2.152
1922.000 2.154
1923.000 2.160
1924.000 2.162
1925.000 2.170
1926.000 2.179
1927.000 2.181
1928.000 2.185
1929.000 2.195
1930.000 2.191
1931.000 2.204
1932.000 2.207
1933.000 2.208
1934.000 2.216
1935.000 2.222
1936.000 2.227
1937.000 2.238
1938.000 2.235
1939.000 2.234
1940.000 2.244
1941.000 2.250
1942.000 2.252
1943.000 2.263
1944.000 2.263
1945.000 2.274
1946.000 2.272
1947.000 2.283
1948.000 2.288
1949.000 2.286
1950.000 2.303
1951.000 2.310
1952.000 2.316
1953.000 2.327
1954.000 2.317
1955.000 2.329
1956.000 2.334
1957.000 2.353
1958.000 2.353
1959.000 2.356
1960.000 2.370
1961.000 2.371
1962.000 2.386
1963.000 2.386
1964.000 2.395
1965.000 2.411
1966.000 2.410
1967.000 2.414
1968.000 2.415
1969.000 2.426
1970.000 2.434
1971.000 2.444
1972.000 2.454
1973.000 2.469
1974.000 2.473
1975.000 2.478
1976.000 2.502
1977.000 2.495
1978.000 2.506
1979.000 2.511
1980.000 2.538
1981.000 2.524
1982.000 2.545
1983.000 2.558
1984.000 2.578
1985.000 2.589
1986.000 2.600
1987.000 2.612
1988.000 2.624
1989.000 2.648
1990.000 2.643
1991.000 2.661
1992.000 2.677
1993.000 2.685
1994.000 2.707
1995.000 2.717
1996.000 2.724
1997.000 2.745
1998.000 2.765
1999.000 2.776
2000.000 2.786
2001.000 2.807
2002.000 2.833
2003.000 2.829
2004.000 2.865
2005.000 2.884
2006.000 2.898
2007.000 2.917
2008.000 2.930
2009.000 2.958
2010.000 2.992
2011.000 3.002
2012.000 3.018
2013.000 3.047
2014.000 3.114
2015.000 3.075
2016.000 3.108
2017.000 3.135
2018.000 3.192
2019.000 3.180
2020.000 3.152
2021.000 3.253
2022.000 3.288
2023.000 3.291
2024.000 3.335
2025.000 3.348
2026.000 3.382
2027.000 3.420
2028.000 3.455
2029.000 3.494
2030.000 3.535
2031.000 3.574
2032.000 3.592
2033.000 3.648
2034.000 3.683
2035.000 3.749
2036.000 3.790
2037.000 3.833
2038.000 3.879
2039.000 3.905
2040.000 3.962
2041.000 4.015
2042.000 4.079
2043.000 4.132
2044.000 4.188
2045.000 4.268
2046.000 4.319
2047.000 4.396
2048.000 4.464
2049.000 4.540
2050.000 4.610
2051.000 4.663
2052.000 4.741
2053.000 4.808
2054.000 4.917
2055.000 5.012
2056.000 5.117
2057.000 5.206
2058.000 5.295
2059.000 5.462
2060.000 5.563
2061.000 5.690
2062.000 5.835
2063.000 5.954
2064.000 6.058
2065.000 6.252
2066.000 6.352
2067.000 6.564
2068.000 6.767
2069.000 6.965
2070.000 7.193
2071.000 7.375
2072.000 7.653
2073.000 7.923
2074.000 8.171
2075.000 8.366
2076.000 8.678
2077.000 8.977
2078.000 9.403
2079.000 9.756
2080.000 10.283
2081.000 10.763
2082.000 11.166
2083.000 11.834
2084.000 12.418
2085.000 13.196
2086.000 13.938
2087.000 14.617
2088.000 15.190
2089.000 16.177
2090.000 17.014
2091.000 18.285
2092.000 19.459
2093.000 20.503
2094.000 21.853
2095.000 22.899
2096.000 23.950
2097.000 24.744
2098.000 25.132
2099.000 25.199
2100.000 25.013
2101.000 24.471
2102.000 23.393
2103.000 22.196
2104.000 20.822
2105.000 19.323
2106.000 18.171
2107.000 16.739
2108.000 15.711
2109.000 14.582
2110.000 13.666
2111.000 12.983
2112.000 12.082
2113.000 11.733
2114.000 11.170
2115.000 10.504
2116.000 10.017
2117.000 9.432
2118.000 9.012
2119.000 8.657
2120.000 8.236
2121.000 7.921
2122.000 7.557
2123.000 7.284
2124.000 7.186
2125.000 6.877
2126.000 6.646
2127.000 6.435
2128.000 6.202
2129.000 6.026
2130.000 5.801
2131.000 5.652
2132.000 5.514
2133.000 5.329
2134.000 5.191
2135.000 5.042
2136.000 4.980
2137.000 4.856
2138.000 4.743
2139.000 4.631
2140.000 4.541
2141.000 4.414
2142.000 4.334
2143.000 4.235
2144.000 4.148
2145.000 4.076
2146.000 3.988
2147.000 3.909
2148.000 3.848
2149.000 3.803
2150.000 3.745
2151.000 3.683
2152.000 3.603
2153.000 3.555
2154.000 3.486
2155.000 3.437
2156.000 3.397
2157.000 3.341
2158.000 3.301
2159.000 3.252
2160.000 3.216
2161.000 3.192
2162.000 3.147
2163.000 3.111
2164.000 3.046
2165.000 3.033
2166.000 3.014
2167.000 2.962
2168.000 2.927
2169.000 2.901
2170.000 2.872
2171.000 2.837
2172.000 2.836
2173.000 2.801
2174.000 2.779
2175.000 2.756
2176.000 2.733
2177.000 2.719
2178.000 2.694
2179.000 2.679
2180.000 2.667
2181.000 2.630
2182.000 2.627
2183.000 2.608
2184.000 2.604
2185.000 2.591
2186.000 2.581
2187.000 2.567
2188.000 2.556
2189.000 2.546
2190.000 2.543
2191.000 2.530
2192.000 2.524
2193.000 2.521
2194.000 2.511
2195.000 2.511
2196.000 2.507
2197.000 2.501
2198.000 2.498
2199.000 2.494
2200.000 2.494
2201.000 2.492
2202.000 2.492
2203.000 2.499
2204.000 2.496
2205.000 2.508
2206.000 2.513
2207.000 2.523
2208.000 2.528
2209.000 2.527
2210.000 2.547
2211.000 2.544
2212.000 2.548
2213.000 2.577
2214.000 2.577
2215.000 2.609
2216.000 2.612
2217.000 2.638
2218.000 2.656
2219.000 2.675
2220.000 2.703
2221.000 2.712
2222.000 2.734
2223.000 2.763
2224.000 2.796
2225.000 2.817
2226.000 2.854
2227.000 2.879
2228.000 2.918
2229.000 2.964
2230.000 3.010
2231.000 3.056
2232.000 3.096
2233.000 3.126
2234.000 3.188
2235.000 3.229
2236.000 3.296
2237.000 3.385
2238.000 3.428
2239.000 3.520
2240.000 3.583
2241.000 3.694
2242.000 3.784
2243.000 3.871
2244.000 3.994
2245.000 4.094
2246.000 4.161
2247.000 4.317
2248.000 4.444
2249.000 4.628
2250.000 4.800
2251.000 4.948
2252.000 5.183
2253.000 5.421
2254.000 5.651
2255.000 5.942
2256.000 6.194
2257.000 6.613
2258.000 6.938
2259.000 7.135
2260.000 7.616
2261.000 8.069
2262.000 8.553
2263.000 9.225
2264.000 9.789
2265.000 10.500
2266.000 11.272
2267.000 11.839
2268.000 12.510
2269.000 12.965
2270.000 13.104
2271.000 13.237
2272.000 13.088
2273.000 12.647
2274.000 11.884
2275.000 11.173
2276.000 10.164
2277.000 9.402
2278.000 8.595
2279.000 7.870
2280.000 7.353
2281.000 6.717
2282.000 6.459
2283.000 6.119
2284.000 5.631
2285.000 5.304
2286.000 4.966
2287.000 4.689
2288.000 4.482
2289.000 4.220
2290.000 4.008
2291.000 3.812
2292.000 3.639
2293.000 3.486
2294.000 3.341
2295.000 3.262
2296.000 3.141
2297.000 2.991
2298.000 2.889
2299.000 2.778
2300.000 2.688
2301.000 2.611
2302.000 2.514
2303.000 2.434
2304.000 2.368
2305.000 2.294
2306.000 2.239
2307.000 2.204
2308.000 2.135
2309.000 2.082
2310.000 2.026
2311.000 1.973
2312.000 1.929
2313.000 1.872
2314.000 1.837
2315.000 1.790
2316.000 1.752
2317.000 1.723
2318.000 1.695
2319.000 1.665
2320.000 1.626
2321.000 1.602
2322.000 1.573
2323.000 1.536
2324.000 1.504
2325.000 1.480
2326.000 1.461
2327.000 1.436
2328.000 1.407
2329.000 1.388
2330.000 1.367
2331.000 1.358
2332.000 1.339
2333.000 1.334
2334.000 1.308
2335.000 1.287
2336.000 1.267
2337.000 1.248
2338.000 1.231
2339.000 1.214
2340.000 1.203
2341.000 1.187
2342.000 1.170
2343.000 1.167
2344.000 1.148
2345.000 1.136
2346.000 1.129
2347.000 1.112
2348.000 1.098
2349.000 1.094
2350.000 1.076
2351.000 1.067
2352.000 1.056
2353.000 1.048
2354.000 1.035
2355.000 1.025
2356.000 1.024
2357.000 1.009
2358.000 1.001
2359.000 0.994
2360.000 0.988
2361.000 0.978
2362.000 0.972
2363.000 0.955
2364.000 0.953
2365.000 0.945
2366.000 0.942
2367.000 0.939
2368.000 0.931
2369.000 0.927
2370.000 0.922
2371.000 0.912
2372.000 0.912
2373.000 0.904
2374.000 0.895
2375.000 0.891
2376.000 0.886
2377.000 0.880
2378.000 0.877
2379.000 0.874
2380.000 0.868
2381.000 0.863
2382.000 0.858
2383.000 0.855
2384.000 0.850
2385.000 0.847
2386.000 0.843
2387.000 0.839
2388.000 0.833
2389.000 0.831
2390.000 0.824
2391.000 0.821
2392.000 0.820
2393.000 0.819
2394.000 0.816
2395.000 0.814
2396.000 0.806
2397.000 0.806
2398.000 0.802
2399.000 0.799
2400.000 0.792
2401.000 0.788
2402.000 0.786
2403.000 0.785
2404.000 0.782
2405.000 0.780
2406.000 0.777
2407.000 0.774
2408.000 0.770
2409.000 0.771
2410.000 0.768
2411.000 0.764
2412.000 0.761
2413.000 0.759
2414.000 0.758
2415.000 0.751
2416.000 0.753
2417.000 0.753
2418.000 0.749
2419.000 0.746
2420.000 0.746
2421.000 0.742
2422.000 0.743
2423.000 0.740
2424.000 0.736
2425.000 0.736
2426.000 0.739
2427.000 0.735
2428.000 0.733
2429.000 0.735
2430.000 0.730
2431.000 0.725
2432.000 0.728
2433.000 0.724
2434.000 0.725
2435.000 0.721
2436.000 0.723
2437.000 0.720
2438.000 0.717
2439.000 0.718
2440.000 0.718
2441.000 0.716
2442.000 0.717
2443.000 0.711
2444.000 0.712
2445.000 0.712
2446.000 0.706
2447.000 0.707
2448.000 0.706
2449.000 0.708
2450.000 0.703
2451.000 0.706
2452.000 0.704
2453.000 0.700
2454.000 0.700
2455.000 0.702
2456.000 0.700
2457.000 0.698
2458.000 0.698
2459.000 0.693
2460.000 0.696
2461.000 0.694
2462.000 0.690
2463.000 0.689
2464.000 0.693
2465.000 0.689
2466.000 0.692
2467.000 0.688
2468.000 0.692
2469.000 0.693
2470.000 0.689
2471.000 0.690
2472.000 0.688
2473.000 0.686
2474.000 0.688
2475.000 0.688
2476.000 0.686
2477.000 0.686
2478.000 0.683
2479.000 0.680
2480.000 0.681
2481.000 0.681
2482.000 0.685
2483.000 0.683
2484.000 0.682
2485.000 0.680
2486.000 0.676
2487.000 0.677
2488.000 0.678
2489.000 0.677
2490.000 0.679
2491.000 0.674
2492.000 0.678
2493.000 0.673
2494.000 0.677
2495.000 0.676
2496.000 0.674
2497.000 0.675
2498.000 0.674
2499.000 0.671
2500.000 0.677
2501.000 0.671
2502.000 0.674
2503.000 0.673
2504.000 0.671
2505.000 0.673
2506.000 0.670
2507.000 0.672
2508.000 0.674
2509.000 0.670
2510.000 0.667
2511.000 0.669
2512.000 0.669
2513.000 0.674
2514.000 0.668
2515.000 0.671
2516.000 0.668
2517.000 0.672
2518.000 0.669
2519.000 0.672
2520.000 0.669
2521.000 0.669
2522.000 0.669
2523.000 0.666
2524.000 0.669
2525.000 0.667
2526.000 0.666
2527.000 0.667
2528.000 0.667
2529.000 0.672
2530.000 0.665
2531.000 0.668
2532.000 0.668
2533.000 0.669
2534.000 0.667
2535.000 0.671
2536.000 0.670
2537.000 0.669
2538.000 0.667
2539.000 0.671
2540.000 0.667
2541.000 0.670
2542.000 0.668
2543.000 0.668
2544.000 0.673
2545.000 0.668
2546.000 0.667
2547.000 0.667
2548.000 0.670
2549.000 0.667
2550.000 0.663
2551.000 0.671
2552.000 0.667
2553.000 0.670
2554.000 0.664
2555.000 0.667
2556.000 0.669
2557.000 0.669
2558.000 0.671
2559.000 0.670
2560.000 0.672
2561.000 0.670
2562.000 0.669
2563.000 0.671
2564.000 0.668
2565.000 0.672
2566.000 0.667
2567.000 0.672
2568.000 0.674
2569.000 0.670
2570.000 0.672
2571.000 0.673
2572.000 0.671
2573.000 0.674
2574.000 0.673
2575.000 0.676
2576.000 0.675
2577.000 0.675
2578.000 0.674
2579.000 0.674
2580.000 0.675
2581.000 0.672
2582.000 0.672
2583.000 0.676
2584.000 0.675
2585.000 0.679
2586.000 0.676
2587.000 0.674
2588.000 0.681
2589.000 0.677
2590.000 0.675
2591.000 0.680
2592.000 0.677
2593.000 0.676
2594.000 0.679
2595.000 0.681
2596.000 0.678
2597.000 0.679
2598.000 0.677
2599.000 0.677
2600.000 0.681
