1801.000 1.977
1802.000 1.998
1803.000 2.007
1804.000 2.018
1805.000 2.021
1806.000 2.034
1807.000 2.039
1808.000 2.055
1809.000 2.065
1810.000 2.077
1811.000 2.094
1812.000 2.113
1813.000 2.105
1814.000 2.116
1815.000 2.130
1816.000 2.137
1817.000 2.153
1818.000 2.154
1819.000 2.159
1820.000 2.177
1821.000 2.179
1822.000 2.193
1823.000 2.202
1824.000 2.208
1825.000 2.218
1826.000 2.234
1827.000 2.237
1828.000 2.247
1829.000 2.262
1830.000 2.268
1831.000 2.275
1832.000 2.286
1833.000 2.289
1834.000 2.302
1835.000 2.314
1836.000 2.319
1837.000 2.331
1838.000 2.336
1839.000 2.350
1840.000 2.364
1841.000 2.373
1842.000 2.381
1843.000 2.390
1844.000 2.394
1845.000 2.402
1846.000 2.420
1847.000 2.421
1848.000 2.434
1849.000 2.446
1850.000 2.444
1851.000 2.458
1852.000 2.465
1853.000 2.469
1854.000 2.489
1855.000 2.484
1856.000 2.501
1857.000 2.511
1858.000 2.514
1859.000 2.513
1860.000 2.535
1861.000 2.540
1862.000 2.546
1863.000 2.557
1864.000 2.564
1865.000 2.570
1866.000 2.585
1867.000 2.587
1868.000 2.592
1869.000 2.598
1870.000 2.604
1871.000 2.613
1872.000 2.625
1873.000 2.633
1874.000 2.634
1875.000 2.645
1876.000 2.647
1877.000 2.657
1878.000 2.671
1879.000 2.672
1880.000 2.677
1881.000 2.683
1882.000 2.695
1883.000 2.704
1884.000 2.702
1885.000 2.708
1886.000 2.711
1887.000 2.720
1888.000 2.724
1889.000 2.735
1890.000 2.744
1891.000 2.752
1892.000 2.755
1893.000 2.761
1894.000 2.773
1895.000 2.774
1896.000 2.777
1897.000 2.788
1898.000 2.777
1899.000 2.813
1900.000 2.795
1901.000 2.806
1902.000 2.810
1903.000 2.819
1904.000 2.825
1905.000 2.831
1906.000 2.839
1907.000 2.851
1908.000 2.848
1909.000 2.857
1910.000 2.857
1911.000 2.864
1912.000 2.867
1913.000 2.872
1914.000 2.873
1915.000 2.879
1916.000 2.876
1917.000 2.890
1918.000 2.893
1919.000 2.897
1920.000 2.905
1921.000 2.915
1922.000 2.916
1923.000 2.920
1924.000 2.926
1925.000 2.933
1926.000 2.926
1927.000 2.942
1928.000 2.960
1929.000 2.958
1930.000 2.969
1931.000 2.973
1932.000 2.980
1933.000 2.988
1934.000 2.994
1935.000 3.002
1936.000 3.003
1937.000 3.008
1938.000 3.012
1939.000 3.022
1940.000 3.027
1941.000 3.023
1942.000 3.033
1943.000 3.033
1944.000 3.046
1945.000 3.056
1946.000 3.058
1947.000 3.075
1948.000 3.066
1949.000 3.087
1950.000 3.091
1951.000 3.091
1952.000 3.096
1953.000 3.103
1954.000 3.102
1955.000 3.105
1956.000 3.116
1957.000 3.136
1958.000 3.149
1959.000 3.142
1960.000 3.160
1961.000 3.164
1962.000 3.176
1963.000 3.182
1964.000 3.198
1965.000 3.209
1966.000 3.205
1967.000 3.208
1968.000 3.210
1969.000 3.230
1970.000 3.231
1971.000 3.235
1972.000 3.246
1973.000 3.269
1974.000 3.282
1975.000 3.267
1976.000 3.295
1977.000 3.295
1978.000 3.300
1979.000 3.314
1980.000 3.326
1981.000 3.335
1982.000 3.349
1983.000 3.357
1984.000 3.382
1985.000 3.395
1986.000 3.417
1987.000 3.408
1988.000 3.415
1989.000 3.438
1990.000 3.447
1991.000 3.460
1992.000 3.482
1993.000 3.485
1994.000 3.518
1995.000 3.522
1996.000 3.524
1997.000 3.555
1998.000 3.574
1999.000 3.577
2000.000 3.596
2001.000 3.611
2002.000 3.619
2003.000 3.648
2004.000 3.670
2005.000 3.690
2006.000 3.701
2007.000 3.734
2008.000 3.763
2009.000 3.777
2010.000 3.804
2011.000 3.822
2012.000 3.830
2013.000 3.901
2014.000 3.870
2015.000 3.884
2016.000 3.926
2017.000 3.955
2018.000 3.982
2019.000 4.008
2020.000 4.031
2021.000 4.070
2022.000 4.101
2023.000 4.128
2024.000 4.180
2025.000 4.180
2026.000 4.220
2027.000 4.268
2028.000 4.286
2029.000 4.336
2030.000 4.375
2031.000 4.408
2032.000 4.451
2033.000 4.488
2034.000 4.538
2035.000 4.588
2036.000 4.629
2037.000 4.685
2038.000 4.707
2039.000 4.746
2040.000 4.828
2041.000 4.878
2042.000 4.938
2043.000 5.000
2044.000 5.042
2045.000 5.127
2046.000 5.201
2047.000 5.254
2048.000 5.336
2049.000 5.414
2050.000 5.441
2051.000 5.559
2052.000 5.603
2053.000 5.710
2054.000 5.813
2055.000 5.910
2056.000 5.988
2057.000 6.115
2058.000 6.226
2059.000 6.342
2060.000 6.448
2061.000 6.614
2062.000 6.730
2063.000 6.788
2064.000 6.962
2065.000 7.131
2066.000 7.304
2067.000 7.503
2068.000 7.667
2069.000 7.907
2070.000 8.134
2071.000 8.328
2072.000 8.625
2073.000 8.842
2074.000 8.984
2075.000 9.338
2076.000 9.595
2077.000 10.026
2078.000 10.412
2079.000 10.774
2080.000 11.292
2081.000 11.750
2082.000 12.349
2083.000 12.942
2084.000 13.456
2085.000 14.290
2086.000 14.641
2087.000 15.301
2088.000 16.316
2089.000 17.250
2090.000 18.105
2091.000 19.285
2092.000 20.246
2093.000 21.393
2094.000 22.447
2095.000 23.221
2096.000 23.972
2097.000 24.357
2098.000 24.333
2099.000 24.159
2100.000 23.577
2101.000 22.642
2102.000 21.335
2103.000 20.143
2104.000 18.566
2105.000 17.237
2106.000 16.017
2107.000 14.756
2108.000 13.858
2109.000 12.748
2110.000 11.907
2111.000 11.700
2112.000 10.773
2113.000 10.124
2114.000 9.538
2115.000 8.941
2116.000 8.589
2117.000 7.937
2118.000 7.578
2119.000 7.158
2120.000 6.825
2121.000 6.541
2122.000 6.346
2123.000 6.061
2124.000 5.799
2125.000 5.513
2126.000 5.330
2127.000 5.067
2128.000 4.863
2129.000 4.692
2130.000 4.499
2131.000 4.365
2132.000 4.172
2133.000 4.017
2134.000 3.905
2135.000 3.805
2136.000 3.674
2137.000 3.556
2138.000 3.412
2139.000 3.315
2140.000 3.179
2141.000 3.091
2142.000 3.014
2143.000 2.893
2144.000 2.813
2145.000 2.725
2146.000 2.642
2147.000 2.601
2148.000 2.521
2149.000 2.453
2150.000 2.379
2151.000 2.308
2152.000 2.236
2153.000 2.173
2154.000 2.111
2155.000 2.060
2156.000 1.997
2157.000 1.934
2158.000 1.887
2159.000 1.807
2160.000 1.818
2161.000 1.764
2162.000 1.719
2163.000 1.674
2164.000 1.617
2165.000 1.576
2166.000 1.534
2167.000 1.504
2168.000 1.452
2169.000 1.420
2170.000 1.374
2171.000 1.333
2172.000 1.328
2173.000 1.282
2174.000 1.256
2175.000 1.218
2176.000 1.189
2177.000 1.154
2178.000 1.121
2179.000 1.091
2180.000 1.062
2181.000 1.028
2182.000 1.010
2183.000 0.982
2184.000 0.956
2185.000 0.947
2186.000 0.911
2187.000 0.889
2188.000 0.861
2189.000 0.838
2190.000 0.819
2191.000 0.782
2192.000 0.769
2193.000 0.745
2194.000 0.727
2195.000 0.707
2196.000 0.691
2197.000 0.666
2198.000 0.648
2199.000 0.629
2200.000 0.606
2201.000 0.590
2202.000 0.571
2203.000 0.550
2204.000 0.535
2205.000 0.511
2206.000 0.489
2207.000 0.484
2208.000 0.466
2209.000 0.450
2210.000 0.439
2211.000 0.424
2212.000 0.402
2213.000 0.397
2214.000 0.385
2215.000 0.365
2216.000 0.356
2217.000 0.350
2218.000 0.339
2219.000 0.325
2220.000 0.323
2221.000 0.315
2222.000 0.313
2223.000 0.305
2224.000 0.304
2225.000 0.303
2226.000 0.306
2227.000 0.302
2228.000 0.309
2229.000 0.318
2230.000 0.326
2231.000 0.338
2232.000 0.343
2233.000 0.356
2234.000 0.375
2235.000 0.389
2236.000 0.413
2237.000 0.433
2238.000 0.450
2239.000 0.478
2240.000 0.499
2241.000 0.536
2242.000 0.559
2243.000 0.588
2244.000 0.641
2245.000 0.663
2246.000 0.693
2247.000 0.742
2248.000 0.785
2249.000 0.853
2250.000 0.903
2251.000 0.949
2252.000 1.034
2253.000 1.098
2254.000 1.190
2255.000 1.275
2256.000 1.350
2257.000 1.438
2258.000 1.545
2259.000 1.635
2260.000 1.804
2261.000 1.954
2262.000 2.101
2263.000 2.304
2264.000 2.487
2265.000 2.713
2266.000 2.927
2267.000 3.113
2268.000 3.225
2269.000 3.395
2270.000 3.498
2271.000 3.559
2272.000 3.524
2273.000 3.438
2274.000 3.240
2275.000 3.049
2276.000 2.809
2277.000 2.618
2278.000 2.422
2279.000 2.240
2280.000 2.126
2281.000 2.035
2282.000 1.915
2283.000 1.813
2284.000 1.693
2285.000 1.611
2286.000 1.518
2287.000 1.443
2288.000 1.392
2289.000 1.321
2290.000 1.265
2291.000 1.212
2292.000 1.167
2293.000 1.144
2294.000 1.100
2295.000 1.077
2296.000 1.025
2297.000 0.992
2298.000 0.962
2299.000 0.937
2300.000 0.898
2301.000 0.871
2302.000 0.841
2303.000 0.813
2304.000 0.790
2305.000 0.776
2306.000 0.749
2307.000 0.735
2308.000 0.727
2309.000 0.711
2310.000 0.693
2311.000 0.676
2312.000 0.663
2313.000 0.637
2314.000 0.630
2315.000 0.613
2316.000 0.602
2317.000 0.600
2318.000 0.583
2319.000 0.569
2320.000 0.561
2321.000 0.545
2322.000 0.542
2323.000 0.527
2324.000 0.516
2325.000 0.507
2326.000 0.499
2327.000 0.490
2328.000 0.478
2329.000 0.474
2330.000 0.469
2331.000 0.464
2332.000 0.450
2333.000 0.446
2334.000 0.441
2335.000 0.434
2336.000 0.427
2337.000 0.418
2338.000 0.414
2339.000 0.408
2340.000 0.402
2341.000 0.398
2342.000 0.392
2343.000 0.386
2344.000 0.379
2345.000 0.375
2346.000 0.376
2347.000 0.366
2348.000 0.362
2349.000 0.355
2350.000 0.353
2351.000 0.350
2352.000 0.348
2353.000 0.342
2354.000 0.338
2355.000 0.337
2356.000 0.337
2357.000 0.333
2358.000 0.324
2359.000 0.328
2360.000 0.318
2361.000 0.323
2362.000 0.318
2363.000 0.310
2364.000 0.306
2365.000 0.302
2366.000 0.304
2367.000 0.299
2368.000 0.289
2369.000 0.296
2370.000 0.296
2371.000 0.291
2372.000 0.291
2373.000 0.285
2374.000 0.281
2375.000 0.280
2376.000 0.280
2377.000 0.281
2378.000 0.279
2379.000 0.280
2380.000 0.275
2381.000 0.272
2382.000 0.271
2383.000 0.270
2384.000 0.269
2385.000 0.267
2386.000 0.268
2387.000 0.262
2388.000 0.262
2389.000 0.262
2390.000 0.262
2391.000 0.260
2392.000 0.257
2393.000 0.257
2394.000 0.257
2395.000 0.259
2396.000 0.253
2397.000 0.253
2398.000 0.254
2399.000 0.254
2400.000 0.253
2401.000 0.249
2402.000 0.253
2403.000 0.251
2404.000 0.248
2405.000 0.250
2406.000 0.246
2407.000 0.247
2408.000 0.242
2409.000 0.246
2410.000 0.245
2411.000 0.245
2412.000 0.246
2413.000 0.244
2414.000 0.243
2415.000 0.246
2416.000 0.245
2417.000 0.240
2418.000 0.242
2419.000 0.243
2420.000 0.242
2421.000 0.240
2422.000 0.239
2423.000 0.241
2424.000 0.239
2425.000 0.240
2426.000 0.238
2427.000 0.236
2428.000 0.239
2429.000 0.238
2430.000 0.241
2431.000 0.240
2432.000 0.237
2433.000 0.239
2434.000 0.238
2435.000 0.236
2436.000 0.240
2437.000 0.236
2438.000 0.237
2439.000 0.236
2440.000 0.235
2441.000 0.240
2442.000 0.240
2443.000 0.241
2444.000 0.239
2445.000 0.241
2446.000 0.238
2447.000 0.240
2448.000 0.235
2449.000 0.239
2450.000 0.235
2451.000 0.240
2452.000 0.237
2453.000 0.237
2454.000 0.240
2455.000 0.243
2456.000 0.238
2457.000 0.240
2458.000 0.238
2459.000 0.241
2460.000 0.238
2461.000 0.245
2462.000 0.238
2463.000 0.243
2464.000 0.237
2465.000 0.242
2466.000 0.240
2467.000 0.240
2468.000 0.239
2469.000 0.240
2470.000 0.239
2471.000 0.240
2472.000 0.237
2473.000 0.242
2474.000 0.242
2475.000 0.240
2476.000 0.238
2477.000 0.240
2478.000 0.241
2479.000 0.240
2480.000 0.238
2481.000 0.240
2482.000 0.235
2483.000 0.242
2484.000 0.243
2485.000 0.240
2486.000 0.241
2487.000 0.240
2488.000 0.238
2489.000 0.244
2490.000 0.244
2491.000 0.243
2492.000 0.242
2493.000 0.243
2494.000 0.246
2495.000 0.239
2496.000 0.239
2497.000 0.244
2498.000 0.242
2499.000 0.241
2500.000 0.244
2501.000 0.246
2502.000 0.244
2503.000 0.246
2504.000 0.241
2505.000 0.244
2506.000 0.243
2507.000 0.245
2508.000 0.243
2509.000 0.242
2510.000 0.242
2511.000 0.243
2512.000 0.242
2513.000 0.245
2514.000 0.243
2515.000 0.247
2516.000 0.242
2517.000 0.243
2518.000 0.246
2519.000 0.249
2520.000 0.244
2521.000 0.246
2522.000 0.248
2523.000 0.241
2524.000 0.245
2525.000 0.243
2526.000 0.247
2527.000 0.246
2528.000 0.242
2529.000 0.244
2530.000 0.247
2531.000 0.244
2532.000 0.242
2533.000 0.243
2534.000 0.244
2535.000 0.244
2536.000 0.247
2537.000 0.246
2538.000 0.247
2539.000 0.245
2540.000 0.246
2541.000 0.245
2542.000 0.241
2543.000 0.241
2544.000 0.244
2545.000 0.245
2546.000 0.247
2547.000 0.244
2548.000 0.248
2549.000 0.248
2550.000 0.246
2551.000 0.243
2552.000 0.242
2553.000 0.244
2554.000 0.244
2555.000 0.248
2556.000 0.244
2557.000 0.244
2558.000 0.243
2559.000 0.246
2560.000 0.246
2561.000 0.249
2562.000 0.243
2563.000 0.241
2564.000 0.243
2565.000 0.242
2566.000 0.247
2567.000 0.242
2568.000 0.238
2569.000 0.242
2570.000 0.244
2571.000 0.243
2572.000 0.242
2573.000 0.240
2574.000 0.239
2575.000 0.246
2576.000 0.239
2577.000 0.241
2578.000 0.243
2579.000 0.241
2580.000 0.241
2581.000 0.240
2582.000 0.239
2583.000 0.239
2584.000 0.244
2585.000 0.245
2586.000 0.244
2587.000 0.243
2588.000 0.242
2589.000 0.242
2590.000 0.239
2591.000 0.241
2592.000 0.240
2593.000 0.242
2594.000 0.242
2595.000 0.245
2596.000 0.241
2597.000 0.241
2598.000 0.237
2599.000 0.239
2600.000 0.242
