1801.000 1.690
1802.000 1.903
1803.000 1.916
1804.000 1.919
1805.000 1.928
1806.000 1.938
1807.000 1.945
1808.000 1.951
1809.000 1.959
1810.000 1.971
1811.000 1.988
1812.000 1.981
1813.000 2.000
1814.000 2.010
1815.000 2.023
1816.000 2.038
1817.000 2.044
1818.000 2.048
1819.000 2.056
1820.000 2.070
1821.000 2.077
1822.000 2.085
1823.000 2.092
1824.000 2.105
1825.000 2.113
1826.000 2.123
1827.000 2.134
1828.000 2.146
1829.000 2.156
1830.000 2.165
1831.000 2.168
1832.000 2.174
1833.000 2.184
1834.000 2.192
1835.000 2.199
1836.000 2.203
1837.000 2.212
1838.000 2.220
1839.000 2.228
1840.000 2.237
1841.000 2.252
1842.000 2.261
1843.000 2.265
1844.000 2.274
1845.000 2.280
1846.000 2.293
1847.000 2.294
1848.000 2.308
1849.000 2.313
1850.000 2.323
1851.000 2.326
1852.000 2.339
1853.000 2.344
1854.000 2.355
1855.000 2.359
1856.000 2.369
1857.000 2.373
1858.000 2.383
1859.000 2.391
1860.000 2.404
1861.000 2.409
1862.000 2.421
1863.000 2.424
1864.000 2.436
1865.000 2.443
1866.000 2.446
1867.000 2.456
1868.000 2.462
1869.000 2.464
1870.000 2.473
1871.000 2.478
1872.000 2.483
1873.000 2.494
1874.000 2.500
1875.000 2.507
1876.000 2.513
1877.000 2.521
1878.000 2.529
1879.000 2.535
1880.000 2.540
1881.000 2.543
1882.000 2.548
1883.000 2.554
1884.000 2.563
1885.000 2.567
1886.000 2.576
1887.000 2.576
1888.000 2.588
1889.000 2.596
1890.000 2.600
1891.000 2.607
1892.000 2.612
1893.000 2.614
1894.000 2.656
1895.000 2.623
1896.000 2.640
1897.000 2.646
1898.000 2.647
1899.000 2.656
1900.000 2.662
1901.000 2.668
1902.000 2.673
1903.000 2.671
1904.000 2.688
1905.000 2.687
1906.000 2.693
1907.000 2.699
1908.000 2.706
1909.000 2.714
1910.000 2.714
1911.000 2.713
1912.000 2.722
1913.000 2.729
1914.000 2.726
1915.000 2.732
1916.000 2.740
1917.000 2.741
1918.000 2.746
1919.000 2.742
1920.000 2.754
1921.000 2.758
1922.000 2.765
1923.000 2.769
1924.000 2.779
1925.000 2.793
1926.000 2.793
1927.000 2.795
1928.000 2.806
1929.000 2.808
1930.000 2.802
1931.000 2.820
1932.000 2.827
1933.000 2.832
1934.000 2.840
1935.000 2.846
1936.000 2.857
1937.000 2.859
1938.000 2.864
1939.000 2.872
1940.000 2.871
1941.000 2.874
1942.000 2.882
1943.000 2.890
1944.000 2.894
1945.000 2.901
1946.000 2.905
1947.000 2.924
1948.000 2.926
1949.000 2.924
1950.000 2.933
1951.000 2.931
1952.000 2.948
1953.000 2.953
1954.000 2.948
1955.000 2.957
1956.000 2.972
1957.000 2.988
1958.000 2.990
1959.000 2.993
1960.000 3.010
1961.000 3.004
1962.000 3.032
1963.000 3.023
1964.000 3.040
1965.000 3.048
1966.000 3.059
1967.000 3.057
1968.000 3.056
1969.000 3.068
1970.000 3.077
1971.000 3.076
1972.000 3.094
1973.000 3.110
1974.000 3.113
1975.000 3.112
1976.000 3.145
1977.000 3.133
1978.000 3.143
1979.000 3.150
1980.000 3.170
1981.000 3.176
1982.000 3.183
1983.000 3.196
1984.000 3.217
1985.000 3.233
1986.000 3.247
1987.000 3.249
1988.000 3.259
1989.000 3.284
1990.000 3.279
1991.000 3.298
1992.000 3.320
1993.000 3.326
1994.000 3.350
1995.000 3.359
1996.000 3.365
1997.000 3.391
1998.000 3.410
1999.000 3.423
2000.000 3.443
2001.000 3.458
2002.000 3.473
2003.000 3.490
2004.000 3.500
2005.000 3.519
2006.000 3.540
2007.000 3.564
2008.000 3.594
2009.000 3.601
2010.000 3.630
2011.000 3.663
2012.000 3.658
2013.000 3.703
2014.000 3.734
2015.000 3.733
2016.000 3.771
2017.000 3.785
2018.000 3.810
2019.000 3.834
2020.000 3.859
2021.000 3.893
2022.000 3.939
2023.000 3.946
2024.000 3.999
2025.000 4.015
2026.000 4.042
2027.000 4.070
2028.000 4.110
2029.000 4.146
2030.000 4.204
2031.000 4.201
2032.000 4.261
2033.000 4.311
2034.000 4.353
2035.000 4.413
2036.000 4.451
2037.000 4.516
2038.000 4.551
2039.000 4.573
2040.000 4.659
2041.000 4.696
2042.000 4.749
2043.000 4.805
2044.000 4.870
2045.000 4.918
2046.000 5.025
2047.000 5.076
2048.000 5.158
2049.000 5.218
2050.000 5.306
2051.000 5.355
2052.000 5.434
2053.000 5.527
2054.000 5.619
2055.000 5.716
2056.000 5.807
2057.000 5.935
2058.000 6.027
2059.000 6.153
2060.000 6.260
2061.000 6.403
2062.000 6.555
2063.000 6.663
2064.000 6.750
2065.000 6.908
2066.000 7.083
2067.000 7.286
2068.000 7.430
2069.000 7.690
2070.000 7.909
2071.000 8.107
2072.000 8.391
2073.000 8.611
2074.000 8.953
2075.000 9.083
2076.000 9.396
2077.000 9.759
2078.000 10.138
2079.000 10.483
2080.000 11.004
2081.000 11.484
2082.000 11.971
2083.000 12.595
2084.000 13.128
2085.000 14.177
2086.000 14.712
2087.000 14.986
2088.000 15.914
2089.000 16.859
2090.000 17.724
2091.000 18.928
2092.000 19.930
2093.000 21.067
2094.000 22.178
2095.000 23.018
2096.000 23.849
2097.000 24.328
2098.000 24.428
2099.000 24.152
2100.000 23.878
2101.000 23.111
2102.000 21.827
2103.000 20.670
2104.000 19.129
2105.000 17.702
2106.000 16.531
2107.000 15.209
2108.000 14.307
2109.000 13.156
2110.000 12.307
2111.000 11.595
2112.000 11.119
2113.000 10.476
2114.000 9.932
2115.000 9.276
2116.000 8.855
2117.000 8.291
2118.000 7.876
2119.000 7.527
2120.000 7.126
2121.000 6.865
2122.000 6.490
2123.000 6.347
2124.000 6.124
2125.000 5.814
2126.000 5.572
2127.000 5.368
2128.000 5.146
2129.000 4.975
2130.000 4.704
2131.000 4.609
2132.000 4.465
2133.000 4.298
2134.000 4.140
2135.000 3.997
2136.000 3.934
2137.000 3.810
2138.000 3.688
2139.000 3.571
2140.000 3.481
2141.000 3.355
2142.000 3.259
2143.000 3.164
2144.000 3.084
2145.000 3.005
2146.000 2.915
2147.000 2.834
2148.000 2.768
2149.000 2.721
2150.000 2.648
2151.000 2.591
2152.000 2.519
2153.000 2.463
2154.000 2.386
2155.000 2.331
2156.000 2.282
2157.000 2.219
2158.000 2.174
2159.000 2.113
2160.000 2.062
2161.000 2.048
2162.000 1.997
2163.000 1.951
2164.000 1.916
2165.000 1.866
2166.000 1.823
2167.000 1.785
2168.000 1.748
2169.000 1.714
2170.000 1.669
2171.000 1.639
2172.000 1.628
2173.000 1.601
2174.000 1.549
2175.000 1.514
2176.000 1.497
2177.000 1.465
2178.000 1.435
2179.000 1.407
2180.000 1.384
2181.000 1.356
2182.000 1.327
2183.000 1.302
2184.000 1.271
2185.000 1.268
2186.000 1.234
2187.000 1.218
2188.000 1.195
2189.000 1.173
2190.000 1.156
2191.000 1.130
2192.000 1.105
2193.000 1.096
2194.000 1.070
2195.000 1.053
2196.000 1.034
2197.000 1.023
2198.000 1.006
2199.000 0.988
2200.000 0.969
2201.000 0.959
2202.000 0.938
2203.000 0.923
2204.000 0.902
2205.000 0.886
2206.000 0.878
2207.000 0.856
2208.000 0.844
2209.000 0.835
2210.000 0.826
2211.000 0.814
2212.000 0.806
2213.000 0.792
2214.000 0.776
2215.000 0.758
2216.000 0.748
2217.000 0.781
2218.000 0.724
2219.000 0.718
2220.000 0.707
2221.000 0.703
2222.000 0.694
2223.000 0.677
2224.000 0.667
2225.000 0.658
2226.000 0.645
2227.000 0.631
2228.000 0.625
2229.000 0.618
2230.000 0.608
2231.000 0.596
2232.000 0.590
2233.000 0.594
2234.000 0.572
2235.000 0.566
2236.000 0.580
2237.000 0.569
2238.000 0.547
2239.000 0.532
2240.000 0.521
2241.000 0.514
2242.000 0.513
2243.000 0.507
2244.000 0.492
2245.000 0.481
2246.000 0.480
2247.000 0.469
2248.000 0.466
2249.000 0.463
2250.000 0.446
2251.000 0.438
2252.000 0.431
2253.000 0.421
2254.000 0.424
2255.000 0.404
2256.000 0.395
2257.000 0.377
2258.000 0.381
2259.000 0.363
2260.000 0.359
2261.000 0.345
2262.000 0.335
2263.000 0.315
2264.000 0.302
2265.000 0.291
2266.000 0.280
2267.000 0.284
2268.000 0.291
2269.000 0.307
2270.000 0.331
2271.000 0.373
2272.000 0.401
2273.000 0.415
2274.000 0.437
2275.000 0.438
2276.000 0.437
2277.000 0.429
2278.000 0.427
2279.000 0.422
2280.000 0.412
2281.000 0.418
2282.000 0.411
2283.000 0.404
2284.000 0.402
2285.000 0.398
2286.000 0.391
2287.000 0.384
2288.000 0.382
2289.000 0.378
2290.000 0.376
2291.000 0.373
2292.000 0.368
2293.000 0.369
2294.000 0.368
2295.000 0.364
2296.000 0.362
2297.000 0.379
2298.000 0.349
2299.000 0.355
2300.000 0.345
2301.000 0.346
2302.000 0.349
2303.000 0.341
2304.000 0.346
2305.000 0.325
2306.000 0.390
2307.000 0.366
2308.000 0.342
2309.000 0.336
2310.000 0.333
2311.000 0.331
2312.000 0.334
2313.000 0.326
2314.000 0.331
2315.000 0.326
2316.000 0.321
2317.000 0.337
2318.000 0.313
2319.000 0.317
2320.000 0.328
2321.000 0.321
2322.000 0.315
2323.000 0.321
2324.000 0.316
2325.000 0.318
2326.000 0.315
2327.000 0.310
2328.000 0.309
2329.000 0.309
2330.000 0.311
2331.000 0.314
2332.000 0.311
2333.000 0.306
2334.000 0.311
2335.000 0.311
2336.000 0.309
2337.000 0.303
2338.000 0.309
2339.000 0.305
2340.000 0.312
2341.000 0.306
2342.000 0.304
2343.000 0.309
2344.000 0.308
2345.000 0.308
2346.000 0.302
2347.000 0.309
2348.000 0.304
2349.000 0.307
2350.000 0.309
2351.000 0.305
2352.000 0.304
2353.000 0.304
2354.000 0.306
2355.000 0.302
2356.000 0.308
2357.000 0.306
2358.000 0.304
2359.000 0.307
2360.000 0.304
2361.000 0.309
2362.000 0.302
2363.000 0.304
2364.000 0.304
2365.000 0.306
2366.000 0.302
2367.000 0.304
2368.000 0.304
2369.000 0.301
2370.000 0.301
2371.000 0.305
2372.000 0.302
2373.000 0.301
2374.000 0.303
2375.000 0.301
2376.000 0.303
2377.000 0.302
2378.000 0.302
2379.000 0.303
2380.000 0.303
2381.000 0.306
2382.000 0.305
2383.000 0.308
2384.000 0.307
2385.000 0.306
2386.000 0.308
2387.000 0.305
2388.000 0.310
2389.000 0.303
2390.000 0.308
2391.000 0.301
2392.000 0.306
2393.000 0.307
2394.000 0.308
2395.000 0.307
2396.000 0.309
2397.000 0.310
2398.000 0.308
2399.000 0.309
2400.000 0.310
2401.000 0.310
2402.000 0.303
2403.000 0.310
2404.000 0.310
2405.000 0.310
2406.000 0.307
2407.000 0.312
2408.000 0.314
2409.000 0.309
2410.000 0.314
2411.000 0.312
2412.000 0.314
2413.000 0.317
2414.000 0.319
2415.000 0.318
2416.000 0.317
2417.000 0.313
2418.000 0.310
2419.000 0.315
2420.000 0.313
2421.000 0.314
2422.000 0.312
2423.000 0.315
2424.000 0.314
2425.000 0.312
2426.000 0.318
2427.000 0.319
2428.000 0.320
2429.000 0.320
2430.000 0.319
2431.000 0.318
2432.000 0.317
2433.000 0.317
2434.000 0.317
2435.000 0.318
2436.000 0.319
2437.000 0.318
2438.000 0.318
2439.000 0.315
2440.000 0.317
2441.000 0.319
2442.000 0.318
2443.000 0.315
2444.000 0.316
2445.000 0.316
2446.000 0.322
2447.000 0.325
2448.000 0.315
2449.000 0.318
2450.000 0.321
2451.000 0.321
2452.000 0.324
2453.000 0.322
2454.000 0.318
2455.000 0.323
2456.000 0.322
2457.000 0.320
2458.000 0.323
2459.000 0.330
2460.000 0.327
2461.000 0.326
2462.000 0.325
2463.000 0.322
2464.000 0.324
2465.000 0.322
2466.000 0.325
2467.000 0.324
2468.000 0.324
2469.000 0.324
2470.000 0.325
2471.000 0.324
2472.000 0.324
2473.000 0.323
2474.000 0.320
2475.000 0.326
2476.000 0.327
2477.000 0.328
2478.000 0.326
2479.000 0.323
2480.000 0.326
2481.000 0.327
2482.000 0.327
2483.000 0.328
2484.000 0.329
2485.000 0.327
2486.000 0.329
2487.000 0.328
2488.000 0.324
2489.000 0.329
2490.000 0.327
2491.000 0.330
2492.000 0.327
2493.000 0.330
2494.000 0.324
2495.000 0.330
2496.000 0.328
2497.000 0.327
2498.000 0.329
2499.000 0.332
2500.000 0.330
2501.000 0.330
2502.000 0.330
2503.000 0.331
2504.000 0.332
2505.000 0.327
2506.000 0.331
2507.000 0.333
2508.000 0.327
2509.000 0.330
2510.000 0.329
2511.000 0.325
2512.000 0.329
2513.000 0.328
2514.000 0.330
2515.000 0.330
2516.000 0.332
2517.000 0.332
2518.000 0.330
2519.000 0.330
2520.000 0.330
2521.000 0.330
2522.000 0.334
2523.000 0.326
2524.000 0.331
2525.000 0.329
2526.000 0.333
2527.000 0.331
2528.000 0.328
2529.000 0.326
2530.000 0.338
2531.000 0.332
2532.000 0.330
2533.000 0.331
2534.000 0.334
2535.000 0.332
2536.000 0.331
2537.000 0.329
2538.000 0.333
2539.000 0.329
2540.000 0.330
2541.000 0.331
2542.000 0.331
2543.000 0.328
2544.000 0.329
2545.000 0.328
2546.000 0.329
2547.000 0.334
2548.000 0.331
2549.000 0.331
2550.000 0.334
2551.000 0.329
2552.000 0.331
2553.000 0.328
2554.000 0.333
2555.000 0.327
2556.000 0.331
2557.000 0.328
2558.000 0.329
2559.000 0.328
2560.000 0.330
2561.000 0.331
2562.000 0.332
2563.000 0.332
2564.000 0.331
2565.000 0.330
2566.000 0.333
2567.000 0.327
2568.000 0.326
2569.000 0.327
2570.000 0.328
2571.000 0.328
2572.000 0.331
2573.000 0.324
2574.000 0.332
2575.000 0.330
2576.000 0.332
2577.000 0.329
2578.000 0.330
2579.000 0.334
2580.000 0.332
2581.000 0.330
2582.000 0.329
2583.000 0.324
2584.000 0.326
2585.000 0.322
2586.000 0.328
2587.000 0.325
2588.000 0.325
2589.000 0.324
2590.000 0.324
2591.000 0.324
2592.000 0.325
2593.000 0.328
2594.000 0.327
2595.000 0.326
2596.000 0.327
2597.000 0.325
2598.000 0.323
2599.000 0.324
2600.000 0.322
