4361
4679 
4669 
4723 
4790 
4274 
4438 
4676 
4484 
4398 
4402 
4837 
4693 
4526 
4811 
4331 
4436 
4661 
4506 
4424 
4319 
4444 
4650 
4701 
4310 
4769 
4464 
4506 
4409 
4509 
4428 
4494 
4336 
4449 
4712 
4749 
4450 
4667 
4578 
4730 
4551 
4442 
4338 
4373 
4402 
4833 
4537 
4319 
4606
4591 
4709 
4671 
4617 
4606 
4659 
4574
4772 
4355 
4636 
4532 
4577 
4447 
4640 
4478 
4359 
4722 
4709 
4624 
4644 
4624 
4708 
4506 
4495 
4609 
4308 
4761 
4671 
4589 
4461 
4477 
4804 
4691 
4468 
4799 
4863 
4422 
4419 
4426 
4463 
4421 
4277 
4186 
4261 
4249 
4537 
4601 
4397 
4626 
4297 
4628
