#R'= 332 Ohm, 2R'= 662 Ohm, R= 1kOhm, C= 420e-9 F 
# f in Hz, 2*U_Br in V

20 1.68
50 1.62 
100 1.32 
150 952e-3
200 664e-3 
250 404e-3 
300 248e-3 
400 60.8e-3 
500 304e-3 
600 492e-3 
700 636e-3 
800 800e-3 
900 896e-3 
1e3 960e-3 
1.1e3 1.01
1.2e3 1.04
1.3e3 1.09
1.4e3 1.13 
1.5e3 1.20 
1.6e3 1.19 
1.7e3 1.19 
1.8e3 1.22 
1.9e3 1.23 
2.0e3 1.28 
2.5e3 1.31 
3.0e3 1.37 
4.0e3 1.42 
5.0e3 1.41 
6.0e3 1.46 
7.0e3 1.41 
10.0e3 1.38 
11.0e3 1.35
12.0e3 1.37 
13.0e3 1.34 
14.0e3 1.27 
15.0e3 1.31 
16.0e3 1.28 
17.0e3 1.31 
18.0e3 1.35 
19.0e3 1.35 
20.0e3 1.35 
21.0e3 1.35 
22.0e3 1.35 
30.0e3 1.35
