# t in min, T1 in degree celsius, pa in bar, T2 in degree celsius, Pb in bar, Leistung in Watt 

0 22.4 4.4 22.1 4.0 0 
1 23.2 1.6 22.1 6.3 165
2 24.2 1.8 22.0 6.5 180
3 25.6 2.0 20.9 7.0 185
4 27.3 2.1 19.3 7.45 195 
5 29.0 2.2 17.3 7.8 200
6 30.9 2.2 15.7 8.3 203
7 32.7 2.2 14.1 8.6 205
8 34.5 2.3 12.3 9.0 205
9 36.2 2.3 10.7 9.5 208
10 37.8 2.3 9.1 9.9 208
11 39.4 2.3 7.6 10.2 210 
12 41.0 2.3 6.2 10.5 210 
13 42.5 2.3 4.9 10.9 212 
14 44.0 2.3 3.8 11.2 212 
15 45.4 2.3 2.9 11.5 212 
16 46.7 2.3 2.5 11.9 212 
17 48.0 2.3 1.6 12.3 210 
18 49.3 2.2 1.2 12.5 210 
19 50.4 2.3 0.7 12.9 210 

