# l in mm
2.089999999999999858e+01 3.9  
2.109999999999999787e+01 4.3 
2.129999999999999716e+01 4.7 
2.149999999999999645e+01 5.2 
2.169999999999999574e+01 5.8 
2.189999999999999503e+01 6.4 
2.209999999999999432e+01 6.9 
2.229999999999999361e+01 7.5 
2.249999999999999289e+01 8.2 
2.269999999999999218e+01 8.9 
2.289999999999999147e+01 10 
2.309999999999999076e+01 10 
2.329999999999999005e+01 11 
2.349999999999998934e+01 12 
2.369999999999998863e+01 12 
2.389999999999998792e+01 13 
2.409999999999998721e+01 14 
2.429999999999998650e+01 14 
2.449999999999998579e+01 15 
2.469999999999998508e+01 16 
2.489999999999998437e+01 16 
2.509999999999998366e+01 16 
2.529999999999998295e+01 17 
2.549999999999998224e+01 17 
