# Filter, micrometer, probe 1, probe 2, probe3

1.06e-6    90  40   66 18   83 40   72 09   83 0   73 23
1.29e-6    85  13   69 20   80 25   71 29   80 45   73 15
1.45e-6    84  50   72 0   81 0   72 30   81 0   74 11
1.72e-6    80  15   71 19   79 0   69 23   78 12   72 12
1.96e-6    72  29   66 38   78 10   62 13   71 47   65 18
2.156e-6   71  0   65 10   72 14   60 25   70 42   64 0
2.34e-6    46  24   43 5   51 12   37 19   47 30   40 25
2.51e-6    23  30   29 0   29 8   22 18   34 00   21 10
2.65e-6    63  10   56 34   70 1   56 0   65 27   57 18
