# l in mm
1.000000000000000000e+01 2.7 
1.025000000000000000e+01 2.5 
1.050000000000000000e+01 2.8 
1.075000000000000000e+01 3.3 
1.100000000000000000e+01 3.4 
1.125000000000000000e+01 2.8 
1.150000000000000000e+01 2.8 
1.175000000000000000e+01 3.4 
1.200000000000000000e+01 4.1 
1.225000000000000000e+01 3.5 
1.250000000000000000e+01 2.8 
1.275000000000000000e+01 3.2 
1.300000000000000000e+01 4.5 
1.325000000000000000e+01 4.7 
1.350000000000000000e+01 3.4 
1.375000000000000000e+01 2.8 
1.400000000000000000e+01 3.9 
1.425000000000000000e+01 5.2 
1.450000000000000000e+01 4.5 
1.475000000000000000e+01 3.2 
1.500000000000000000e+01 3.2 
1.525000000000000000e+01 4.5 
1.550000000000000000e+01 4.7 
1.575000000000000000e+01 3.6 
1.600000000000000000e+01 3.0 
1.625000000000000000e+01 3.7 
1.650000000000000000e+01 4.2 
1.675000000000000000e+01 3.5  
1.700000000000000000e+01 2.9 
1.725000000000000000e+01 3.2 
1.750000000000000000e+01 4.0 
1.775000000000000000e+01 3.9 
1.800000000000000000e+01 3.2 
1.825000000000000000e+01 3.2 
1.850000000000000000e+01 4.0 
1.875000000000000000e+01 4.9 
1.900000000000000000e+01 5.3 
1.925000000000000000e+01 4.8 
1.950000000000000000e+01 4.7 
1.975000000000000000e+01 5.8 
2.000000000000000000e+01 7.7 
2.025000000000000000e+01 9.2 
2.050000000000000000e+01 8.2 
2.075000000000000000e+01 7.2 
2.100000000000000000e+01 8.6 
2.125000000000000000e+01 12 
2.150000000000000000e+01 14 
2.175000000000000000e+01 12 
2.200000000000000000e+01 10 
2.225000000000000000e+01 12 
2.250000000000000000e+01 17 
2.275000000000000000e+01 18 
2.300000000000000000e+01 15 
2.325000000000000000e+01 12 
2.350000000000000000e+01 15 
2.375000000000000000e+01 19 
2.400000000000000000e+01 20 
2.425000000000000000e+01 15 
2.450000000000000000e+01 13 
2.475000000000000000e+01 16 
2.500000000000000000e+01 19 
2.525000000000000000e+01 17 
2.550000000000000000e+01 13 
2.575000000000000000e+01 12 
2.600000000000000000e+01 14 
2.625000000000000000e+01 16 
2.650000000000000000e+01 13 
2.675000000000000000e+01 10 
2.700000000000000000e+01 10 
2.725000000000000000e+01 12 
2.750000000000000000e+01 11 
2.775000000000000000e+01 8.4 
2.800000000000000000e+01 7.1 
2.825000000000000000e+01 9.0 
2.850000000000000000e+01 9.8 
2.875000000000000000e+01 7.8 
2.900000000000000000e+01 5.8 
2.925000000000000000e+01 6.5 
2.950000000000000000e+01 8.2 
2.975000000000000000e+01 7.7 
3.000000000000000000e+01 5.9 
3.025000000000000000e+01 5.7 
3.050000000000000000e+01 7.2 
3.075000000000000000e+01 7.6 
3.100000000000000000e+01 6.3 
3.125000000000000000e+01 5.7 
3.150000000000000000e+01 6.8 
3.175000000000000000e+01 7.5 
3.200000000000000000e+01 6.5 
3.225000000000000000e+01 5.4  
3.250000000000000000e+01 6.0 
3.275000000000000000e+01 7.0 
3.300000000000000000e+01 6.5 
3.325000000000000000e+01 4.9 
3.350000000000000000e+01 4.6 
3.375000000000000000e+01 5.4 
3.400000000000000000e+01 5.6 
3.425000000000000000e+01 4.6 
3.450000000000000000e+01 3.6 
3.475000000000000000e+01 3.6 
3.500000000000000000e+01 3.9 
3.525000000000000000e+01 3.6 
3.550000000000000000e+01 3.1  
3.575000000000000000e+01 2.9 
3.600000000000000000e+01 2.7 
3.625000000000000000e+01 2.6 
3.650000000000000000e+01 2.5 
3.675000000000000000e+01 2.6 
3.700000000000000000e+01 2.6 
3.725000000000000000e+01 2.5 
3.750000000000000000e+01 2.3 
3.775000000000000000e+01 2.3 
3.800000000000000000e+01 2.5 
3.825000000000000000e+01 2.7 
3.850000000000000000e+01 2.7 
3.875000000000000000e+01 2.5 
3.900000000000000000e+01 2.3 
3.925000000000000000e+01 2.6 
3.950000000000000000e+01 2.9 
3.975000000000000000e+01 2.9 
4.000000000000000000e+01 2.6
