# l in mm
1.000000000000000000e+01 2.8 
1.050000000000000000e+01 3.0 
1.100000000000000000e+01 3.2 
1.150000000000000000e+01 3.4 
1.200000000000000000e+01 3.6 
1.250000000000000000e+01 3.7 
1.300000000000000000e+01 3.8 
1.350000000000000000e+01 3.7 
1.400000000000000000e+01 3.6 
1.450000000000000000e+01 3.4 
1.500000000000000000e+01 3.3 
1.550000000000000000e+01 3.2 
1.600000000000000000e+01 3.1 
1.650000000000000000e+01 3.0 
1.700000000000000000e+01 3.2 
1.750000000000000000e+01 3.4 
1.800000000000000000e+01 3.8 
1.850000000000000000e+01 4.4 
1.900000000000000000e+01 5.0 
1.950000000000000000e+01 5.8 
2.000000000000000000e+01 6.6 
2.050000000000000000e+01 7.4 
2.100000000000000000e+01 8.0 
2.150000000000000000e+01 8.7 
2.200000000000000000e+01 9.2 
2.250000000000000000e+01 9.5 
#2.300000000000000000e+01 9.5 
2.350000000000000000e+01 9.4 
2.400000000000000000e+01 9.2 
2.450000000000000000e+01 8.7 
2.500000000000000000e+01 8.0 
2.550000000000000000e+01 7.4 
2.600000000000000000e+01 6.8 
2.650000000000000000e+01 6.0 
2.700000000000000000e+01 5.4 
2.750000000000000000e+01 4.7 
2.800000000000000000e+01 4.2 
2.850000000000000000e+01 3.7 
2.900000000000000000e+01 3.3 
2.950000000000000000e+01 3.0 
3.000000000000000000e+01 2.7 
3.050000000000000000e+01 2.6 
3.100000000000000000e+01 2.5 
3.150000000000000000e+01 2.4 
3.200000000000000000e+01 2.4 
3.250000000000000000e+01 2.4 
3.300000000000000000e+01 2.5 
3.350000000000000000e+01 2.5 
3.400000000000000000e+01 2.6 
3.450000000000000000e+01 2.7 
3.500000000000000000e+01 2.8 
3.550000000000000000e+01 2.8 
3.600000000000000000e+01 2.9 
3.650000000000000000e+01 2.9 
3.700000000000000000e+01 3.0 
3.750000000000000000e+01 3.0 
3.800000000000000000e+01 3.0 
3.850000000000000000e+01 2.9 
3.900000000000000000e+01 2.8 
3.950000000000000000e+01 2.8 
4.000000000000000000e+01 2.8 
