# l in mm, I in nA
1.000000000000000000e+01 2.4 
1.050000000000000000e+01 2.4 
1.100000000000000000e+01 2.4 
1.150000000000000000e+01 2.3 
1.200000000000000000e+01 2.2 
1.250000000000000000e+01 2.1 
1.300000000000000000e+01 2.1 
1.350000000000000000e+01 2.1 
1.400000000000000000e+01 2.2 
1.450000000000000000e+01 2.2 
1.500000000000000000e+01 2.2 
1.550000000000000000e+01 2.1 
1.600000000000000000e+01 2.2 
1.650000000000000000e+01 2.3 
1.700000000000000000e+01 2.4 
1.750000000000000000e+01 2.6 
1.800000000000000000e+01 2.7 
1.850000000000000000e+01 2.7 
1.900000000000000000e+01 2.6 
1.950000000000000000e+01 2.6 
2.000000000000000000e+01 2.8 
2.050000000000000000e+01 3.4 
2.100000000000000000e+01 4.4 
2.150000000000000000e+01 6.0 
2.200000000000000000e+01 7.6 
2.250000000000000000e+01 9.6 
2.300000000000000000e+01 12
2.350000000000000000e+01 14 
2.400000000000000000e+01 15 
2.450000000000000000e+01 17 
2.500000000000000000e+01 18 
#2.550000000000000000e+01 19 
2.600000000000000000e+01 18 
2.650000000000000000e+01 17 
2.700000000000000000e+01 14 
2.750000000000000000e+01 12 
2.800000000000000000e+01 9 
2.850000000000000000e+01 7.3 
2.900000000000000000e+01 6.5 
2.950000000000000000e+01 6.6 
3.000000000000000000e+01 7.0 
3.050000000000000000e+01 7.6 
3.100000000000000000e+01 7.8 
3.150000000000000000e+01 7.3 
3.200000000000000000e+01 6.2 
3.250000000000000000e+01 4.9 
3.300000000000000000e+01 3.9 
3.350000000000000000e+01 3.2 
3.400000000000000000e+01 3.1 
3.450000000000000000e+01 3.4 
3.500000000000000000e+01 3.7 
3.550000000000000000e+01 3.9 
3.600000000000000000e+01 3.8 
3.650000000000000000e+01 3.4 
3.700000000000000000e+01 2.9 
3.750000000000000000e+01 2.4 
3.800000000000000000e+01 2.2 
3.850000000000000000e+01 2.2 
3.900000000000000000e+01 2.3 
3.950000000000000000e+01 2.6 
4.000000000000000000e+01 2.8
