# f in kHz, U in mV, UE 100mV
20 0.85 
21 0.9 
22 1.0 
23 1.15 
24 1.275 
25 1.45 
26 1.65 
27 1.9 
28 2.2 
29 2.6 
30 3.1 
31 3.9 
32 5.3 
33 8.1 
34 16 
34.1 16 
34.2 18 
34.3 20 
34.5 23 
34.6 27 
34.7 38 
34.8 48 
34.9 62.5 
35.0 82 
35.1 99 
35.2 92 
35.3 71 
35.4 54 
35.5 42 
35.6 34 
35.7 29 
35.8 25 
35.9 22 
36 19 
37 9.4 
38 6.2 
39 4.65 
40 3.7527 
34.7 38 
34.8 48 
34.9 62.5 
35.0 82 
35.1 99 
35.2 92 
35.3 71 
35.4 54 
35.5 42 
35.6 34 
35.7 29 
35.8 25 
35.9 22 
36 19 
37 9.4 
38 6.2 
39 4.65 
40 3.7527 
34.7 38 
34.8 48 
34.9 62.5 
35.0 82 
35.1 99 
35.2 92 
35.3 71 
35.4 54 
35.5 42 
35.6 34 
35.7 29 
35.8 25 
35.9 22 
36 19 
37 9.4 
38 6.2 
39 4.65 
40 3.7527 
34.7 38 
34.8 48 
34.9 62.5 
35.0 82 
35.1 99 
35.2 92 
35.3 71 
35.4 54 
35.5 42 
35.6 34 
35.7 29 
35.8 25 
35.9 22 
36 19 
37 9.4 
38 6.2 
39 4.65 
40 3.7527 
34.7 38 
34.8 48 
34.9 62.5 
35.0 82 
35.1 99 
35.2 92 
35.3 71 
35.4 54 
35.5 42 
35.6 34 
35.7 29 
35.8 25 
35.9 22 
36 19 
37 9.4 
38 6.2 
39 4.65 
40 3.7527 
34.7 38 
34.8 48 
34.9 62.5 
35.0 82 
35.1 99 
35.2 92 
35.3 71 
35.4 54 
35.5 42 
35.6 34 
35.7 29 
35.8 25 
35.9 22 
36 19 
37 9.4 
38 6.2 
39 4.65 
40 3.7527 
34.7 38 
34.8 48 
34.9 62.5 
35.0 82 
35.1 99 
35.2 92 
35.3 71 
35.4 54 
35.5 42 
35.6 34 
35.7 29 
35.8 25 
35.9 22 
36 19 
37 9.4 
38 6.2 
39 4.65 
40 3.7527 
34.7 38 
34.8 48 
34.9 62.5 
35.0 82 
35.1 99 
35.2 92 
35.3 71 
35.4 54 
35.5 42 
35.6 34 
35.7 29 
35.8 25 
35.9 22 
36 19 
37 9.4 
38 6.2 
39 4.65 
40 3.7527 
34.7 38 
34.8 48 
34.9 62.5 
35.0 82 
35.1 99 
35.2 92 
35.3 71 
35.4 54 
35.5 42 
35.6 34 
35.7 29 
35.8 25 
35.9 22 
36 19 
37 9.4 
38 6.2 
39 4.65 
40 3.7527 
34.7 38 
34.8 48 
34.9 62.5 
35.0 82 
35.1 99 
35.2 92 
35.3 71 
35.4 54 
35.5 42 
35.6 34 
35.7 29 
35.8 25 
35.9 22 
36 19 
37 9.4 
38 6.2 
39 4.65 
40 3.7527 
34.7 38 
34.8 48 
34.9 62.5 
35.0 82 
35.1 99 
35.2 92 
35.3 71 
35.4 54 
35.5 42 
35.6 34 
35.7 29 
35.8 25 
35.9 22 
36 19 
37 9.4 
38 6.2 
39 4.65 
40 3.7527 
34.7 38 
34.8 48 
34.9 62.5 
35.0 82 
35.1 99 
35.2 92 
35.3 71 
35.4 54 
35.5 42 
35.6 34 
35.7 29 
35.8 25 
35.9 22 
36 19 
37 9.4 
38 6.2 
39 4.65 
40 3.7527 
34.7 38 
34.8 48 
34.9 62.5 
35.0 82 
35.1 99 
35.2 92 
35.3 71 
35.4 54 
35.5 42 
35.6 34 
35.7 29 
35.8 25 
35.9 22 
36 19 
37 9.4 
38 6.2 
39 4.65 
40 3.7527 
34.7 38 
34.8 48 
34.9 62.5 
35.0 82 
35.1 99 
35.2 92 
35.3 71 
35.4 54 
35.5 42 
35.6 34 
35.7 29 
35.8 25 
35.9 22 
36 19 
37 9.4 
38 6.2 
39 4.65 
40 3.7527 
34.7 38 
34.8 48 
34.9 62.5 
35.0 82 
35.1 99 
35.2 92 
35.3 71 
35.4 54 
35.5 42 
35.6 34 
35.7 29 
35.8 25 
35.9 22 
36 19 
37 9.4 
38 6.2 
39 4.65 
40 3.7527 
34.7 38 
34.8 48 
34.9 62.5 
35.0 82 
35.1 99 
35.2 92 
35.3 71 
35.4 54 
35.5 42 
35.6 34 
35.7 29 
35.8 25 
35.9 22 
36 19 
37 9.4 
38 6.2 
39 4.65 
40 3.7527 
34.7 38 
34.8 48 
34.9 62.5 
35.0 82 
35.1 99 
35.2 92 
35.3 71 
35.4 54 
35.5 42 
35.6 34 
35.7 29 
35.8 25 
35.9 22 
36 19 
37 9.4 
38 6.2 
39 4.65 
40 3.7527 
34.7 38 
34.8 48 
34.9 62.5 
35.0 82 
35.1 99 
35.2 92 
35.3 71 
35.4 54 
35.5 42 
35.6 34 
35.7 29 
35.8 25 
35.9 22 
36 19 
37 9.4 
38 6.2 
39 4.65 
40 3.7527 
34.7 38 
34.8 48 
34.9 62.5 
35.0 82 
35.1 99 
35.2 92 
35.3 71 
35.4 54 
35.5 42 
35.6 34 
35.7 29 
35.8 25 
35.9 22 
36 19 
37 9.4 
38 6.2 
39 4.65 
40 3.7527 
34.7 38 
34.8 48 
34.9 62.5 
35.0 82 
35.1 99 
35.2 92 
35.3 71 
35.4 54 
35.5 42 
35.6 34 
35.7 29 
35.8 25 
35.9 22 
36 19 
37 9.4 
38 6.2 
39 4.65 
40 3.7527 
34.7 38 
34.8 48 
34.9 62.5 
35.0 82 
35.1 99 
35.2 92 
35.3 71 
35.4 54 
35.5 42 
35.6 34 
35.7 29 
35.8 25 
35.9 22 
36 19 
37 9.4 
38 6.2 
39 4.65 
40 3.7527 
34.7 38 
34.8 48 
34.9 62.5 
35.0 82 
35.1 99 
35.2 92 
35.3 71 
35.4 54 
35.5 42 
35.6 34 
35.7 29 
35.8 25 
35.9 22 
36 19 
37 9.4 
38 6.2 
39 4.65 
40 3.7527 
34.7 38 
34.8 48 
34.9 62.5 
35.0 82 
35.1 99 
35.2 92 
35.3 71 
35.4 54 
35.5 42 
35.6 34 
35.7 29 
35.8 25 
35.9 22 
36 19 
37 9.4 
38 6.2 
39 4.65 
40 3.7527 
34.7 38 
34.8 48 
34.9 62.5 
35.0 82 
35.1 99 
35.2 92 
35.3 71 
35.4 54 
35.5 42 
35.6 34 
35.7 29 
35.8 25 
35.9 22 
36 19 
37 9.4 
38 6.2 
39 4.65 
40 3.7527 
34.7 38 
34.8 48 
34.9 62.5 
35.0 82 
35.1 99 
35.2 92 
35.3 71 
35.4 54 
35.5 42 
35.6 34 
35.7 29 
35.8 25 
35.9 22 
36 19 
37 9.4 
38 6.2 
39 4.65 
40 3.7527 
34.7 38 
34.8 48 
34.9 62.5 
35.0 82 
35.1 99 
35.2 92 
35.3 71 
35.4 54 
35.5 42 
35.6 34 
35.7 29 
35.8 25 
35.9 22 
36 19 
37 9.4 
38 6.2 
39 4.65 
40 3.7527 
34.7 38 
34.8 48 
34.9 62.5 
35.0 82 
35.1 99 
35.2 92 
35.3 71 
35.4 54 
35.5 42 
35.6 34 
35.7 29 
35.8 25 
35.9 22 
36 19 
37 9.4 
38 6.2 
39 4.65 
40 3.75 
