# D in m, x in m
7.999999999999996589e-05 4.517999999999999772e-04
1.400000000000000148e-04 1.238333333333333690e-03
2.999999999999999195e-04 3.106133333333333663e-03
5.100000000000000366e-04 5.751533333333332804e-03
7.600000000000000418e-04 9.120533333333333270e-03
1.080000000000000014e-03 1.315913333333333483e-02
1.459999999999999926e-03 1.781333333333333727e-02
2.259999999999999856e-03 2.875253333333333342e-02
2.710000000000000169e-03 3.492953333333333188e-02
3.239999999999999825e-03 4.150613333333333377e-02
3.820000000000000045e-03 4.842833333333333712e-02
4.259999999999999898e-03 5.564213333333334344e-02
4.770000000000000802e-03 6.309353333333332647e-02
5.329999999999999669e-03 7.072853333333332937e-02
6.009999999999999717e-03 7.849313333333333975e-02
6.229999999999999427e-03 8.371486666666666521e-02
